orden,nombre region,codigo region,nombre provincia,codigo provincia,nombre comuna,codigo comuna,edad,total poblacion efectivamente censada,hombres,mujeres,total area urbana,hombres area urbana,mujeres area urbana,total area rural,hombres area rural,mujeres area rural
0,país,país,país,país,país,país,total país,17574003,8601989,8972014,15424263,7466848,7957415,2149740,1135141,1014599
1,país,país,país,país,país,país,0,214682,109390,105292,191763,97904,93859,22919,11486,11433
2,país,país,país,país,país,país,1,236356,120289,116067,210190,106888,103302,26166,13401,12765
3,país,país,país,país,país,país,2,240792,122792,118000,213845,108953,104892,26947,13839,13108
4,país,país,país,país,país,país,3,235383,120121,115262,209027,106594,102433,26356,13527,12829
5,país,país,país,país,país,país,4,238933,121467,117466,211559,107391,104168,27374,14076,13298
6,país,país,país,país,país,país,5,238867,122107,116760,211508,107998,103510,27359,14109,13250
7,país,país,país,país,país,país,6,247819,126472,121347,219155,111889,107266,28664,14583,14081
8,país,país,país,país,país,país,7,246261,125842,120419,217237,110865,106372,29024,14977,14047
9,país,país,país,país,país,país,8,241525,123364,118161,212758,108689,104069,28767,14675,14092
10,país,país,país,país,país,país,9,235717,120336,115381,207503,105901,101602,28214,14435,13779
11,país,país,país,país,país,país,10,230340,117403,112937,202199,102864,99335,28141,14539,13602
12,país,país,país,país,país,país,11,228005,116804,111201,199982,102255,97727,28023,14549,13474
13,país,país,país,país,país,país,12,225539,115197,110342,197771,100849,96922,27768,14348,13420
14,país,país,país,país,país,país,13,227584,116191,111393,199297,101436,97861,28287,14755,13532
15,país,país,país,país,país,país,14,235947,120260,115687,207760,105584,102176,28187,14676,13511
16,país,país,país,país,país,país,15,239492,122404,117088,211028,107530,103498,28464,14874,13590
17,país,país,país,país,país,país,16,247940,126792,121148,218957,111588,107369,28983,15204,13779
18,país,país,país,país,país,país,17,247973,126938,121035,219378,111523,107855,28595,15415,13180
19,país,país,país,país,país,país,18,252631,128932,123699,226071,114413,111658,26560,14519,12041
20,país,país,país,país,país,país,19,256661,130998,125663,231416,117451,113965,25245,13547,11698
21,país,país,país,país,país,país,20,266595,135405,131190,240960,121870,119090,25635,13535,12100
22,país,país,país,país,país,país,21,269613,136655,132958,244061,123201,120860,25552,13454,12098
23,país,país,país,país,país,país,22,280114,141525,138589,253177,127444,125733,26937,14081,12856
24,país,país,país,país,país,país,23,281880,142527,139353,254974,128395,126579,26906,14132,12774
25,país,país,país,país,país,país,24,289620,146594,143026,261540,131919,129621,28080,14675,13405
26,país,país,país,país,país,país,25,293441,147696,145745,264707,132702,132005,28734,14994,13740
27,país,país,país,país,país,país,26,301401,151971,149430,271972,136472,135500,29429,15499,13930
28,país,país,país,país,país,país,27,304756,153841,150915,275111,138239,136872,29645,15602,14043
29,país,país,país,país,país,país,28,293416,147599,145817,264882,132527,132355,28534,15072,13462
30,país,país,país,país,país,país,29,281136,141158,139978,253241,126440,126801,27895,14718,13177
31,país,país,país,país,país,país,30,272500,136807,135693,245182,122355,122827,27318,14452,12866
32,país,país,país,país,país,país,31,261597,130241,131356,234672,116093,118579,26925,14148,12777
33,país,país,país,país,país,país,32,253829,126883,126946,227452,112952,114500,26377,13931,12446
34,país,país,país,país,país,país,33,247922,123559,124363,221632,109632,112000,26290,13927,12363
35,país,país,país,país,país,país,34,257789,127869,129920,230186,113370,116816,27603,14499,13104
36,país,país,país,país,país,país,35,264459,130841,133618,235575,115460,120115,28884,15381,13503
37,país,país,país,país,país,país,36,245750,121700,124050,218450,107306,111144,27300,14394,12906
38,país,país,país,país,país,país,37,241415,119075,122340,213562,104177,109385,27853,14898,12955
39,país,país,país,país,país,país,38,230440,113110,117330,203101,98649,104452,27339,14461,12878
40,país,país,país,país,país,país,39,225713,110882,114831,197768,95947,101821,27945,14935,13010
41,país,país,país,país,país,país,40,228977,112362,116615,200705,97145,103560,28272,15217,13055
42,país,país,país,país,país,país,41,235610,115482,120128,205746,99444,106302,29864,16038,13826
43,país,país,país,país,país,país,42,242736,118576,124160,211591,101902,109689,31145,16674,14471
44,país,país,país,país,país,país,43,247354,121374,125980,215285,103960,111325,32069,17414,14655
45,país,país,país,país,país,país,44,243826,118880,124946,211477,101402,110075,32349,17478,14871
46,país,país,país,país,país,país,45,239139,116190,122949,207232,99051,108181,31907,17139,14768
47,país,país,país,país,país,país,46,231436,112420,119016,199972,95631,104341,31464,16789,14675
48,país,país,país,país,país,país,47,225484,109315,116169,193886,92319,101567,31598,16996,14602
49,país,país,país,país,país,país,48,229509,110844,118665,197415,93634,103781,32094,17210,14884
50,país,país,país,país,país,país,49,235195,113714,121481,201722,95649,106073,33473,18065,15408
51,país,país,país,país,país,país,50,236498,114143,122355,203050,96106,106944,33448,18037,15411
52,país,país,país,país,país,país,51,236665,114178,122487,203355,96045,107310,33310,18133,15177
53,país,país,país,país,país,país,52,239549,115044,124505,205936,96861,109075,33613,18183,15430
54,país,país,país,país,país,país,53,234169,112286,121883,201601,94564,107037,32568,17722,14846
55,país,país,país,país,país,país,54,238073,114201,123872,205105,96106,108999,32968,18095,14873
56,país,país,país,país,país,país,55,225106,107543,117563,193945,90616,103329,31161,16927,14234
57,país,país,país,país,país,país,56,218604,104214,114390,188267,87538,100729,30337,16676,13661
58,país,país,país,país,país,país,57,207028,98460,108568,177952,82739,95213,29076,15721,13355
59,país,país,país,país,país,país,58,201390,95766,105624,173349,80451,92898,28041,15315,12726
60,país,país,país,país,país,país,59,195651,93423,102228,168465,78659,89806,27186,14764,12422
61,país,país,país,país,país,país,60,190156,90565,99591,163244,75812,87432,26912,14753,12159
62,país,país,país,país,país,país,61,176362,83298,93064,151179,69676,81503,25183,13622,11561
63,país,país,país,país,país,país,62,165579,78101,87478,141629,65146,76483,23950,12955,10995
64,país,país,país,país,país,país,63,162475,76312,86163,139015,63736,75279,23460,12576,10884
65,país,país,país,país,país,país,64,152343,71286,81057,130031,59457,70574,22312,11829,10483
66,país,país,país,país,país,país,65,142813,66949,75864,121845,55782,66063,20968,11167,9801
67,país,país,país,país,país,país,66,134518,62630,71888,114511,51964,62547,20007,10666,9341
68,país,país,país,país,país,país,67,130756,60688,70068,111043,50204,60839,19713,10484,9229
69,país,país,país,país,país,país,68,124332,57424,66908,105723,47459,58264,18609,9965,8644
70,país,país,país,país,país,país,69,120583,55568,65015,102530,45846,56684,18053,9722,8331
71,país,país,país,país,país,país,70,115445,52721,62724,97927,43262,54665,17518,9459,8059
72,país,país,país,país,país,país,71,109220,49543,59677,92451,40610,51841,16769,8933,7836
73,país,país,país,país,país,país,72,103538,46966,56572,87625,38572,49053,15913,8394,7519
74,país,país,país,país,país,país,73,95746,42855,52891,81097,35140,45957,14649,7715,6934
75,país,país,país,país,país,país,74,91960,40824,51136,77769,33281,44488,14191,7543,6648
76,país,país,país,país,país,país,75,85360,37434,47926,72085,30543,41542,13275,6891,6384
77,país,país,país,país,país,país,76,80041,34526,45515,67600,28101,39499,12441,6425,6016
78,país,país,país,país,país,país,77,74004,31387,42617,62518,25542,36976,11486,5845,5641
79,país,país,país,país,país,país,78,64602,27321,37281,54534,22218,32316,10068,5103,4965
80,país,país,país,país,país,país,79,59582,24858,34724,50185,20172,30013,9397,4686,4711
81,país,país,país,país,país,país,80,56377,23225,33152,47779,18909,28870,8598,4316,4282
82,país,país,país,país,país,país,81,51839,20772,31067,44063,16909,27154,7776,3863,3913
83,país,país,país,país,país,país,82,47536,18803,28733,40285,15209,25076,7251,3594,3657
84,país,país,país,país,país,país,83,42798,16650,26148,36421,13550,22871,6377,3100,3277
85,país,país,país,país,país,país,84,40896,15546,25350,35048,12732,22316,5848,2814,3034
86,país,país,país,país,país,país,85,36919,13840,23079,31914,11496,20418,5005,2344,2661
87,país,país,país,país,país,país,86,35937,12813,23124,30865,10494,20371,5072,2319,2753
88,país,país,país,país,país,país,87,30886,10715,20171,26522,8785,17737,4364,1930,2434
89,país,país,país,país,país,país,88,25514,8594,16920,21925,6970,14955,3589,1624,1965
90,país,país,país,país,país,país,89,22545,7507,15038,19409,6163,13246,3136,1344,1792
91,país,país,país,país,país,país,90,17396,5644,11752,15088,4675,10413,2308,969,1339
92,país,país,país,país,país,país,91,13561,4153,9408,11703,3378,8325,1858,775,1083
93,país,país,país,país,país,país,92,11842,3566,8276,10228,2942,7286,1614,624,990
94,país,país,país,país,país,país,93,8787,2612,6175,7614,2163,5451,1173,449,724
95,país,país,país,país,país,país,94,7297,2054,5243,6328,1675,4653,969,379,590
96,país,país,país,país,país,país,95,5223,1463,3760,4520,1179,3341,703,284,419
97,país,país,país,país,país,país,96,4270,1100,3170,3679,893,2786,591,207,384
98,país,país,país,país,país,país,97,2835,744,2091,2456,600,1856,379,144,235
99,país,país,país,país,país,país,98,1999,506,1493,1715,409,1306,284,97,187
100,país,país,país,país,país,país,99,1529,375,1154,1337,303,1034,192,72,120
101,país,país,país,país,país,país,100 o más,4770,1599,3171,4158,1354,2804,612,245,367
102,arica y parinacota,15,arica,151,arica,15101,total comuna,221364,109389,111975,205079,99711,105368,16285,9678,6607
103,arica y parinacota,15,arica,151,arica,15101,0,2802,1416,1386,2557,1292,1265,245,124,121
104,arica y parinacota,15,arica,151,arica,15101,1,3084,1562,1522,2841,1428,1413,243,134,109
105,arica y parinacota,15,arica,151,arica,15101,2,3339,1743,1596,3086,1600,1486,253,143,110
106,arica y parinacota,15,arica,151,arica,15101,3,3347,1720,1627,3104,1596,1508,243,124,119
107,arica y parinacota,15,arica,151,arica,15101,4,3321,1682,1639,3080,1566,1514,241,116,125
108,arica y parinacota,15,arica,151,arica,15101,5,3450,1765,1685,3195,1628,1567,255,137,118
109,arica y parinacota,15,arica,151,arica,15101,6,3581,1858,1723,3313,1729,1584,268,129,139
110,arica y parinacota,15,arica,151,arica,15101,7,3474,1780,1694,3196,1634,1562,278,146,132
111,arica y parinacota,15,arica,151,arica,15101,8,3298,1676,1622,3039,1553,1486,259,123,136
112,arica y parinacota,15,arica,151,arica,15101,9,3241,1618,1623,2988,1489,1499,253,129,124
113,arica y parinacota,15,arica,151,arica,15101,10,3148,1582,1566,2950,1479,1471,198,103,95
114,arica y parinacota,15,arica,151,arica,15101,11,3165,1637,1528,2964,1537,1427,201,100,101
115,arica y parinacota,15,arica,151,arica,15101,12,3118,1605,1513,2930,1496,1434,188,109,79
116,arica y parinacota,15,arica,151,arica,15101,13,3080,1528,1552,2884,1420,1464,196,108,88
117,arica y parinacota,15,arica,151,arica,15101,14,3215,1604,1611,3021,1496,1525,194,108,86
118,arica y parinacota,15,arica,151,arica,15101,15,3115,1625,1490,2930,1534,1396,185,91,94
119,arica y parinacota,15,arica,151,arica,15101,16,3304,1717,1587,3154,1655,1499,150,62,88
120,arica y parinacota,15,arica,151,arica,15101,17,3429,1750,1679,3167,1567,1600,262,183,79
121,arica y parinacota,15,arica,151,arica,15101,18,3646,2011,1635,3146,1613,1533,500,398,102
122,arica y parinacota,15,arica,151,arica,15101,19,3682,2065,1617,3286,1765,1521,396,300,96
123,arica y parinacota,15,arica,151,arica,15101,20,3649,1925,1724,3316,1696,1620,333,229,104
124,arica y parinacota,15,arica,151,arica,15101,21,3647,1870,1777,3303,1653,1650,344,217,127
125,arica y parinacota,15,arica,151,arica,15101,22,3612,1874,1738,3272,1653,1619,340,221,119
126,arica y parinacota,15,arica,151,arica,15101,23,3579,1866,1713,3230,1648,1582,349,218,131
127,arica y parinacota,15,arica,151,arica,15101,24,3556,1856,1700,3195,1623,1572,361,233,128
128,arica y parinacota,15,arica,151,arica,15101,25,3726,1943,1783,3397,1748,1649,329,195,134
129,arica y parinacota,15,arica,151,arica,15101,26,3631,1898,1733,3330,1703,1627,301,195,106
130,arica y parinacota,15,arica,151,arica,15101,27,3660,1902,1758,3325,1683,1642,335,219,116
131,arica y parinacota,15,arica,151,arica,15101,28,3606,1847,1759,3262,1639,1623,344,208,136
132,arica y parinacota,15,arica,151,arica,15101,29,3551,1787,1764,3212,1593,1619,339,194,145
133,arica y parinacota,15,arica,151,arica,15101,30,3457,1709,1748,3125,1509,1616,332,200,132
134,arica y parinacota,15,arica,151,arica,15101,31,3323,1665,1658,3009,1482,1527,314,183,131
135,arica y parinacota,15,arica,151,arica,15101,32,3338,1677,1661,3026,1496,1530,312,181,131
136,arica y parinacota,15,arica,151,arica,15101,33,3085,1538,1547,2806,1377,1429,279,161,118
137,arica y parinacota,15,arica,151,arica,15101,34,3295,1603,1692,2967,1402,1565,328,201,127
138,arica y parinacota,15,arica,151,arica,15101,35,3255,1590,1665,3005,1445,1560,250,145,105
139,arica y parinacota,15,arica,151,arica,15101,36,3056,1486,1570,2804,1338,1466,252,148,104
140,arica y parinacota,15,arica,151,arica,15101,37,3009,1429,1580,2735,1269,1466,274,160,114
141,arica y parinacota,15,arica,151,arica,15101,38,2914,1461,1453,2656,1303,1353,258,158,100
142,arica y parinacota,15,arica,151,arica,15101,39,2816,1377,1439,2575,1240,1335,241,137,104
143,arica y parinacota,15,arica,151,arica,15101,40,2876,1391,1485,2619,1239,1380,257,152,105
144,arica y parinacota,15,arica,151,arica,15101,41,2748,1306,1442,2544,1181,1363,204,125,79
145,arica y parinacota,15,arica,151,arica,15101,42,2959,1443,1516,2719,1291,1428,240,152,88
146,arica y parinacota,15,arica,151,arica,15101,43,3079,1507,1572,2859,1371,1488,220,136,84
147,arica y parinacota,15,arica,151,arica,15101,44,3088,1496,1592,2893,1380,1513,195,116,79
148,arica y parinacota,15,arica,151,arica,15101,45,2944,1383,1561,2745,1257,1488,199,126,73
149,arica y parinacota,15,arica,151,arica,15101,46,3006,1413,1593,2762,1268,1494,244,145,99
150,arica y parinacota,15,arica,151,arica,15101,47,2724,1296,1428,2541,1190,1351,183,106,77
151,arica y parinacota,15,arica,151,arica,15101,48,2599,1275,1324,2420,1159,1261,179,116,63
152,arica y parinacota,15,arica,151,arica,15101,49,2547,1229,1318,2371,1119,1252,176,110,66
153,arica y parinacota,15,arica,151,arica,15101,50,2638,1269,1369,2484,1180,1304,154,89,65
154,arica y parinacota,15,arica,151,arica,15101,51,2569,1213,1356,2409,1113,1296,160,100,60
155,arica y parinacota,15,arica,151,arica,15101,52,2651,1231,1420,2482,1128,1354,169,103,66
156,arica y parinacota,15,arica,151,arica,15101,53,2624,1221,1403,2474,1136,1338,150,85,65
157,arica y parinacota,15,arica,151,arica,15101,54,2841,1267,1574,2676,1176,1500,165,91,74
158,arica y parinacota,15,arica,151,arica,15101,55,2465,1152,1313,2333,1083,1250,132,69,63
159,arica y parinacota,15,arica,151,arica,15101,56,2369,1057,1312,2257,986,1271,112,71,41
160,arica y parinacota,15,arica,151,arica,15101,57,2297,1093,1204,2158,1012,1146,139,81,58
161,arica y parinacota,15,arica,151,arica,15101,58,2246,1050,1196,2126,974,1152,120,76,44
162,arica y parinacota,15,arica,151,arica,15101,59,2280,1129,1151,2152,1052,1100,128,77,51
163,arica y parinacota,15,arica,151,arica,15101,60,2190,1064,1126,2103,1013,1090,87,51,36
164,arica y parinacota,15,arica,151,arica,15101,61,2127,1045,1082,2025,984,1041,102,61,41
165,arica y parinacota,15,arica,151,arica,15101,62,2021,1062,959,1929,1010,919,92,52,40
166,arica y parinacota,15,arica,151,arica,15101,63,1977,980,997,1896,927,969,81,53,28
167,arica y parinacota,15,arica,151,arica,15101,64,1858,884,974,1768,830,938,90,54,36
168,arica y parinacota,15,arica,151,arica,15101,65,1725,835,890,1643,785,858,82,50,32
169,arica y parinacota,15,arica,151,arica,15101,66,1702,793,909,1629,750,879,73,43,30
170,arica y parinacota,15,arica,151,arica,15101,67,1595,719,876,1520,682,838,75,37,38
171,arica y parinacota,15,arica,151,arica,15101,68,1551,716,835,1462,663,799,89,53,36
172,arica y parinacota,15,arica,151,arica,15101,69,1507,707,800,1409,655,754,98,52,46
173,arica y parinacota,15,arica,151,arica,15101,70,1439,678,761,1374,633,741,65,45,20
174,arica y parinacota,15,arica,151,arica,15101,71,1402,669,733,1346,638,708,56,31,25
175,arica y parinacota,15,arica,151,arica,15101,72,1272,588,684,1206,548,658,66,40,26
176,arica y parinacota,15,arica,151,arica,15101,73,1247,569,678,1189,537,652,58,32,26
177,arica y parinacota,15,arica,151,arica,15101,74,1175,529,646,1123,500,623,52,29,23
178,arica y parinacota,15,arica,151,arica,15101,75,962,450,512,926,428,498,36,22,14
179,arica y parinacota,15,arica,151,arica,15101,76,946,425,521,902,399,503,44,26,18
180,arica y parinacota,15,arica,151,arica,15101,77,871,400,471,827,374,453,44,26,18
181,arica y parinacota,15,arica,151,arica,15101,78,795,349,446,757,328,429,38,21,17
182,arica y parinacota,15,arica,151,arica,15101,79,686,280,406,654,260,394,32,20,12
183,arica y parinacota,15,arica,151,arica,15101,80,692,286,406,676,279,397,16,7,9
184,arica y parinacota,15,arica,151,arica,15101,81,585,242,343,555,227,328,30,15,15
185,arica y parinacota,15,arica,151,arica,15101,82,537,225,312,520,214,306,17,11,6
186,arica y parinacota,15,arica,151,arica,15101,83,475,188,287,453,180,273,22,8,14
187,arica y parinacota,15,arica,151,arica,15101,84,448,167,281,426,158,268,22,9,13
188,arica y parinacota,15,arica,151,arica,15101,85,376,154,222,361,149,212,15,5,10
189,arica y parinacota,15,arica,151,arica,15101,86,404,153,251,397,148,249,7,5,2
190,arica y parinacota,15,arica,151,arica,15101,87,344,130,214,335,124,211,9,6,3
191,arica y parinacota,15,arica,151,arica,15101,88,257,88,169,248,83,165,9,5,4
192,arica y parinacota,15,arica,151,arica,15101,89,237,94,143,224,87,137,13,7,6
193,arica y parinacota,15,arica,151,arica,15101,90,193,57,136,188,54,134,5,3,2
194,arica y parinacota,15,arica,151,arica,15101,91,138,55,83,136,54,82,2,1,1
195,arica y parinacota,15,arica,151,arica,15101,92,119,44,75,118,44,74,1,0,1
196,arica y parinacota,15,arica,151,arica,15101,93,92,29,63,91,29,62,1,0,1
197,arica y parinacota,15,arica,151,arica,15101,94,62,23,39,61,23,38,1,0,1
198,arica y parinacota,15,arica,151,arica,15101,95,51,10,41,49,10,39,2,0,2
199,arica y parinacota,15,arica,151,arica,15101,96,52,14,38,51,13,38,1,1,0
200,arica y parinacota,15,arica,151,arica,15101,97,23,5,18,22,4,18,1,1,0
201,arica y parinacota,15,arica,151,arica,15101,98,17,2,15,16,2,14,1,0,1
202,arica y parinacota,15,arica,151,arica,15101,99,10,3,7,10,3,7,0,0,0
203,arica y parinacota,15,arica,151,arica,15101,100 o más,50,10,40,49,10,39,1,0,1
204,arica y parinacota,15,arica,151,camarones,15102,total comuna,1255,726,529,0,0,0,1255,726,529
205,arica y parinacota,15,arica,151,camarones,15102,0,11,2,9,0,0,0,11,2,9
206,arica y parinacota,15,arica,151,camarones,15102,1,11,8,3,0,0,0,11,8,3
207,arica y parinacota,15,arica,151,camarones,15102,2,16,8,8,0,0,0,16,8,8
208,arica y parinacota,15,arica,151,camarones,15102,3,12,9,3,0,0,0,12,9,3
209,arica y parinacota,15,arica,151,camarones,15102,4,11,5,6,0,0,0,11,5,6
210,arica y parinacota,15,arica,151,camarones,15102,5,12,5,7,0,0,0,12,5,7
211,arica y parinacota,15,arica,151,camarones,15102,6,14,9,5,0,0,0,14,9,5
212,arica y parinacota,15,arica,151,camarones,15102,7,15,8,7,0,0,0,15,8,7
213,arica y parinacota,15,arica,151,camarones,15102,8,13,8,5,0,0,0,13,8,5
214,arica y parinacota,15,arica,151,camarones,15102,9,14,8,6,0,0,0,14,8,6
215,arica y parinacota,15,arica,151,camarones,15102,10,12,7,5,0,0,0,12,7,5
216,arica y parinacota,15,arica,151,camarones,15102,11,17,9,8,0,0,0,17,9,8
217,arica y parinacota,15,arica,151,camarones,15102,12,8,6,2,0,0,0,8,6,2
218,arica y parinacota,15,arica,151,camarones,15102,13,14,5,9,0,0,0,14,5,9
219,arica y parinacota,15,arica,151,camarones,15102,14,14,7,7,0,0,0,14,7,7
220,arica y parinacota,15,arica,151,camarones,15102,15,10,6,4,0,0,0,10,6,4
221,arica y parinacota,15,arica,151,camarones,15102,16,9,5,4,0,0,0,9,5,4
222,arica y parinacota,15,arica,151,camarones,15102,17,12,8,4,0,0,0,12,8,4
223,arica y parinacota,15,arica,151,camarones,15102,18,8,4,4,0,0,0,8,4,4
224,arica y parinacota,15,arica,151,camarones,15102,19,10,6,4,0,0,0,10,6,4
225,arica y parinacota,15,arica,151,camarones,15102,20,7,4,3,0,0,0,7,4,3
226,arica y parinacota,15,arica,151,camarones,15102,21,19,15,4,0,0,0,19,15,4
227,arica y parinacota,15,arica,151,camarones,15102,22,12,7,5,0,0,0,12,7,5
228,arica y parinacota,15,arica,151,camarones,15102,23,20,13,7,0,0,0,20,13,7
229,arica y parinacota,15,arica,151,camarones,15102,24,14,7,7,0,0,0,14,7,7
230,arica y parinacota,15,arica,151,camarones,15102,25,22,10,12,0,0,0,22,10,12
231,arica y parinacota,15,arica,151,camarones,15102,26,18,10,8,0,0,0,18,10,8
232,arica y parinacota,15,arica,151,camarones,15102,27,18,12,6,0,0,0,18,12,6
233,arica y parinacota,15,arica,151,camarones,15102,28,23,17,6,0,0,0,23,17,6
234,arica y parinacota,15,arica,151,camarones,15102,29,23,16,7,0,0,0,23,16,7
235,arica y parinacota,15,arica,151,camarones,15102,30,21,12,9,0,0,0,21,12,9
236,arica y parinacota,15,arica,151,camarones,15102,31,16,10,6,0,0,0,16,10,6
237,arica y parinacota,15,arica,151,camarones,15102,32,21,11,10,0,0,0,21,11,10
238,arica y parinacota,15,arica,151,camarones,15102,33,17,11,6,0,0,0,17,11,6
239,arica y parinacota,15,arica,151,camarones,15102,34,18,8,10,0,0,0,18,8,10
240,arica y parinacota,15,arica,151,camarones,15102,35,14,10,4,0,0,0,14,10,4
241,arica y parinacota,15,arica,151,camarones,15102,36,23,14,9,0,0,0,23,14,9
242,arica y parinacota,15,arica,151,camarones,15102,37,15,7,8,0,0,0,15,7,8
243,arica y parinacota,15,arica,151,camarones,15102,38,15,9,6,0,0,0,15,9,6
244,arica y parinacota,15,arica,151,camarones,15102,39,17,11,6,0,0,0,17,11,6
245,arica y parinacota,15,arica,151,camarones,15102,40,16,12,4,0,0,0,16,12,4
246,arica y parinacota,15,arica,151,camarones,15102,41,18,13,5,0,0,0,18,13,5
247,arica y parinacota,15,arica,151,camarones,15102,42,22,12,10,0,0,0,22,12,10
248,arica y parinacota,15,arica,151,camarones,15102,43,19,13,6,0,0,0,19,13,6
249,arica y parinacota,15,arica,151,camarones,15102,44,14,9,5,0,0,0,14,9,5
250,arica y parinacota,15,arica,151,camarones,15102,45,28,18,10,0,0,0,28,18,10
251,arica y parinacota,15,arica,151,camarones,15102,46,14,5,9,0,0,0,14,5,9
252,arica y parinacota,15,arica,151,camarones,15102,47,19,11,8,0,0,0,19,11,8
253,arica y parinacota,15,arica,151,camarones,15102,48,9,8,1,0,0,0,9,8,1
254,arica y parinacota,15,arica,151,camarones,15102,49,12,6,6,0,0,0,12,6,6
255,arica y parinacota,15,arica,151,camarones,15102,50,20,9,11,0,0,0,20,9,11
256,arica y parinacota,15,arica,151,camarones,15102,51,24,14,10,0,0,0,24,14,10
257,arica y parinacota,15,arica,151,camarones,15102,52,20,13,7,0,0,0,20,13,7
258,arica y parinacota,15,arica,151,camarones,15102,53,14,8,6,0,0,0,14,8,6
259,arica y parinacota,15,arica,151,camarones,15102,54,18,12,6,0,0,0,18,12,6
260,arica y parinacota,15,arica,151,camarones,15102,55,22,13,9,0,0,0,22,13,9
261,arica y parinacota,15,arica,151,camarones,15102,56,20,12,8,0,0,0,20,12,8
262,arica y parinacota,15,arica,151,camarones,15102,57,16,8,8,0,0,0,16,8,8
263,arica y parinacota,15,arica,151,camarones,15102,58,25,14,11,0,0,0,25,14,11
264,arica y parinacota,15,arica,151,camarones,15102,59,15,10,5,0,0,0,15,10,5
265,arica y parinacota,15,arica,151,camarones,15102,60,21,17,4,0,0,0,21,17,4
266,arica y parinacota,15,arica,151,camarones,15102,61,17,8,9,0,0,0,17,8,9
267,arica y parinacota,15,arica,151,camarones,15102,62,20,12,8,0,0,0,20,12,8
268,arica y parinacota,15,arica,151,camarones,15102,63,22,12,10,0,0,0,22,12,10
269,arica y parinacota,15,arica,151,camarones,15102,64,8,5,3,0,0,0,8,5,3
270,arica y parinacota,15,arica,151,camarones,15102,65,19,8,11,0,0,0,19,8,11
271,arica y parinacota,15,arica,151,camarones,15102,66,16,10,6,0,0,0,16,10,6
272,arica y parinacota,15,arica,151,camarones,15102,67,14,5,9,0,0,0,14,5,9
273,arica y parinacota,15,arica,151,camarones,15102,68,12,6,6,0,0,0,12,6,6
274,arica y parinacota,15,arica,151,camarones,15102,69,20,10,10,0,0,0,20,10,10
275,arica y parinacota,15,arica,151,camarones,15102,70,18,7,11,0,0,0,18,7,11
276,arica y parinacota,15,arica,151,camarones,15102,71,9,5,4,0,0,0,9,5,4
277,arica y parinacota,15,arica,151,camarones,15102,72,11,4,7,0,0,0,11,4,7
278,arica y parinacota,15,arica,151,camarones,15102,73,10,7,3,0,0,0,10,7,3
279,arica y parinacota,15,arica,151,camarones,15102,74,7,5,2,0,0,0,7,5,2
280,arica y parinacota,15,arica,151,camarones,15102,75,8,5,3,0,0,0,8,5,3
281,arica y parinacota,15,arica,151,camarones,15102,76,8,7,1,0,0,0,8,7,1
282,arica y parinacota,15,arica,151,camarones,15102,77,5,3,2,0,0,0,5,3,2
283,arica y parinacota,15,arica,151,camarones,15102,78,4,2,2,0,0,0,4,2,2
284,arica y parinacota,15,arica,151,camarones,15102,79,6,3,3,0,0,0,6,3,3
285,arica y parinacota,15,arica,151,camarones,15102,80,5,3,2,0,0,0,5,3,2
286,arica y parinacota,15,arica,151,camarones,15102,81,3,2,1,0,0,0,3,2,1
287,arica y parinacota,15,arica,151,camarones,15102,82,2,1,1,0,0,0,2,1,1
288,arica y parinacota,15,arica,151,camarones,15102,83,8,4,4,0,0,0,8,4,4
289,arica y parinacota,15,arica,151,camarones,15102,84,0,0,0,0,0,0,0,0,0
290,arica y parinacota,15,arica,151,camarones,15102,85,2,1,1,0,0,0,2,1,1
291,arica y parinacota,15,arica,151,camarones,15102,86,2,0,2,0,0,0,2,0,2
292,arica y parinacota,15,arica,151,camarones,15102,87,2,0,2,0,0,0,2,0,2
293,arica y parinacota,15,arica,151,camarones,15102,88,6,4,2,0,0,0,6,4,2
294,arica y parinacota,15,arica,151,camarones,15102,89,0,0,0,0,0,0,0,0,0
295,arica y parinacota,15,arica,151,camarones,15102,90,2,0,2,0,0,0,2,0,2
296,arica y parinacota,15,arica,151,camarones,15102,91,4,2,2,0,0,0,4,2,2
297,arica y parinacota,15,arica,151,camarones,15102,92,0,0,0,0,0,0,0,0,0
298,arica y parinacota,15,arica,151,camarones,15102,93,0,0,0,0,0,0,0,0,0
299,arica y parinacota,15,arica,151,camarones,15102,94,0,0,0,0,0,0,0,0,0
300,arica y parinacota,15,arica,151,camarones,15102,95,0,0,0,0,0,0,0,0,0
301,arica y parinacota,15,arica,151,camarones,15102,96,0,0,0,0,0,0,0,0,0
302,arica y parinacota,15,arica,151,camarones,15102,97,1,0,1,0,0,0,1,0,1
303,arica y parinacota,15,arica,151,camarones,15102,98,0,0,0,0,0,0,0,0,0
304,arica y parinacota,15,arica,151,camarones,15102,99,1,0,1,0,0,0,1,0,1
305,arica y parinacota,15,arica,151,camarones,15102,100 o más,1,1,0,0,0,0,1,1,0
306,arica y parinacota,15,parinacota,152,putre,15201,total comuna,2765,2054,711,2152,1693,459,613,361,252
307,arica y parinacota,15,parinacota,152,putre,15201,0,3,2,1,1,0,1,2,2,0
308,arica y parinacota,15,parinacota,152,putre,15201,1,26,12,14,25,12,13,1,0,1
309,arica y parinacota,15,parinacota,152,putre,15201,2,15,6,9,12,4,8,3,2,1
310,arica y parinacota,15,parinacota,152,putre,15201,3,21,13,8,17,9,8,4,4,0
311,arica y parinacota,15,parinacota,152,putre,15201,4,15,9,6,13,7,6,2,2,0
312,arica y parinacota,15,parinacota,152,putre,15201,5,13,7,6,6,4,2,7,3,4
313,arica y parinacota,15,parinacota,152,putre,15201,6,13,6,7,10,5,5,3,1,2
314,arica y parinacota,15,parinacota,152,putre,15201,7,24,11,13,18,10,8,6,1,5
315,arica y parinacota,15,parinacota,152,putre,15201,8,20,9,11,15,6,9,5,3,2
316,arica y parinacota,15,parinacota,152,putre,15201,9,18,11,7,14,8,6,4,3,1
317,arica y parinacota,15,parinacota,152,putre,15201,10,16,8,8,12,5,7,4,3,1
318,arica y parinacota,15,parinacota,152,putre,15201,11,24,15,9,14,8,6,10,7,3
319,arica y parinacota,15,parinacota,152,putre,15201,12,10,3,7,8,3,5,2,0,2
320,arica y parinacota,15,parinacota,152,putre,15201,13,21,13,8,16,11,5,5,2,3
321,arica y parinacota,15,parinacota,152,putre,15201,14,11,6,5,7,5,2,4,1,3
322,arica y parinacota,15,parinacota,152,putre,15201,15,14,9,5,9,6,3,5,3,2
323,arica y parinacota,15,parinacota,152,putre,15201,16,9,5,4,8,5,3,1,0,1
324,arica y parinacota,15,parinacota,152,putre,15201,17,77,75,2,76,74,2,1,1,0
325,arica y parinacota,15,parinacota,152,putre,15201,18,257,250,7,255,249,6,2,1,1
326,arica y parinacota,15,parinacota,152,putre,15201,19,135,126,9,132,125,7,3,1,2
327,arica y parinacota,15,parinacota,152,putre,15201,20,78,71,7,74,68,6,4,3,1
328,arica y parinacota,15,parinacota,152,putre,15201,21,44,36,8,42,34,8,2,2,0
329,arica y parinacota,15,parinacota,152,putre,15201,22,63,44,19,57,42,15,6,2,4
330,arica y parinacota,15,parinacota,152,putre,15201,23,49,46,3,46,43,3,3,3,0
331,arica y parinacota,15,parinacota,152,putre,15201,24,61,46,15,54,42,12,7,4,3
332,arica y parinacota,15,parinacota,152,putre,15201,25,39,28,11,36,26,10,3,2,1
333,arica y parinacota,15,parinacota,152,putre,15201,26,59,45,14,54,42,12,5,3,2
334,arica y parinacota,15,parinacota,152,putre,15201,27,49,36,13,41,29,12,8,7,1
335,arica y parinacota,15,parinacota,152,putre,15201,28,57,47,10,43,36,7,14,11,3
336,arica y parinacota,15,parinacota,152,putre,15201,29,46,35,11,38,28,10,8,7,1
337,arica y parinacota,15,parinacota,152,putre,15201,30,55,45,10,45,39,6,10,6,4
338,arica y parinacota,15,parinacota,152,putre,15201,31,58,46,12,43,34,9,15,12,3
339,arica y parinacota,15,parinacota,152,putre,15201,32,40,26,14,34,24,10,6,2,4
340,arica y parinacota,15,parinacota,152,putre,15201,33,45,33,12,39,28,11,6,5,1
341,arica y parinacota,15,parinacota,152,putre,15201,34,56,39,17,44,33,11,12,6,6
342,arica y parinacota,15,parinacota,152,putre,15201,35,55,47,8,48,43,5,7,4,3
343,arica y parinacota,15,parinacota,152,putre,15201,36,55,44,11,45,39,6,10,5,5
344,arica y parinacota,15,parinacota,152,putre,15201,37,50,38,12,41,32,9,9,6,3
345,arica y parinacota,15,parinacota,152,putre,15201,38,36,28,8,27,21,6,9,7,2
346,arica y parinacota,15,parinacota,152,putre,15201,39,47,32,15,39,31,8,8,1,7
347,arica y parinacota,15,parinacota,152,putre,15201,40,42,35,7,37,33,4,5,2,3
348,arica y parinacota,15,parinacota,152,putre,15201,41,44,32,12,33,24,9,11,8,3
349,arica y parinacota,15,parinacota,152,putre,15201,42,44,33,11,32,26,6,12,7,5
350,arica y parinacota,15,parinacota,152,putre,15201,43,61,41,20,45,32,13,16,9,7
351,arica y parinacota,15,parinacota,152,putre,15201,44,30,23,7,21,17,4,9,6,3
352,arica y parinacota,15,parinacota,152,putre,15201,45,26,18,8,21,16,5,5,2,3
353,arica y parinacota,15,parinacota,152,putre,15201,46,34,24,10,24,18,6,10,6,4
354,arica y parinacota,15,parinacota,152,putre,15201,47,44,32,12,28,20,8,16,12,4
355,arica y parinacota,15,parinacota,152,putre,15201,48,32,26,6,25,21,4,7,5,2
356,arica y parinacota,15,parinacota,152,putre,15201,49,35,26,9,24,17,7,11,9,2
357,arica y parinacota,15,parinacota,152,putre,15201,50,30,20,10,22,14,8,8,6,2
358,arica y parinacota,15,parinacota,152,putre,15201,51,28,16,12,19,12,7,9,4,5
359,arica y parinacota,15,parinacota,152,putre,15201,52,25,20,5,16,14,2,9,6,3
360,arica y parinacota,15,parinacota,152,putre,15201,53,29,22,7,25,19,6,4,3,1
361,arica y parinacota,15,parinacota,152,putre,15201,54,21,17,4,12,9,3,9,8,1
362,arica y parinacota,15,parinacota,152,putre,15201,55,22,13,9,13,8,5,9,5,4
363,arica y parinacota,15,parinacota,152,putre,15201,56,29,22,7,17,14,3,12,8,4
364,arica y parinacota,15,parinacota,152,putre,15201,57,28,25,3,19,19,0,9,6,3
365,arica y parinacota,15,parinacota,152,putre,15201,58,30,18,12,19,11,8,11,7,4
366,arica y parinacota,15,parinacota,152,putre,15201,59,21,13,8,10,7,3,11,6,5
367,arica y parinacota,15,parinacota,152,putre,15201,60,13,8,5,8,5,3,5,3,2
368,arica y parinacota,15,parinacota,152,putre,15201,61,21,12,9,10,7,3,11,5,6
369,arica y parinacota,15,parinacota,152,putre,15201,62,25,16,9,12,6,6,13,10,3
370,arica y parinacota,15,parinacota,152,putre,15201,63,17,10,7,8,7,1,9,3,6
371,arica y parinacota,15,parinacota,152,putre,15201,64,15,8,7,7,4,3,8,4,4
372,arica y parinacota,15,parinacota,152,putre,15201,65,18,9,9,7,5,2,11,4,7
373,arica y parinacota,15,parinacota,152,putre,15201,66,9,7,2,3,2,1,6,5,1
374,arica y parinacota,15,parinacota,152,putre,15201,67,10,5,5,4,2,2,6,3,3
375,arica y parinacota,15,parinacota,152,putre,15201,68,15,9,6,7,4,3,8,5,3
376,arica y parinacota,15,parinacota,152,putre,15201,69,12,5,7,3,1,2,9,4,5
377,arica y parinacota,15,parinacota,152,putre,15201,70,17,10,7,5,3,2,12,7,5
378,arica y parinacota,15,parinacota,152,putre,15201,71,12,5,7,8,3,5,4,2,2
379,arica y parinacota,15,parinacota,152,putre,15201,72,9,7,2,1,1,0,8,6,2
380,arica y parinacota,15,parinacota,152,putre,15201,73,10,3,7,2,1,1,8,2,6
381,arica y parinacota,15,parinacota,152,putre,15201,74,9,4,5,5,2,3,4,2,2
382,arica y parinacota,15,parinacota,152,putre,15201,75,14,4,10,5,1,4,9,3,6
383,arica y parinacota,15,parinacota,152,putre,15201,76,9,4,5,3,1,2,6,3,3
384,arica y parinacota,15,parinacota,152,putre,15201,77,14,7,7,9,5,4,5,2,3
385,arica y parinacota,15,parinacota,152,putre,15201,78,10,5,5,3,1,2,7,4,3
386,arica y parinacota,15,parinacota,152,putre,15201,79,7,6,1,3,2,1,4,4,0
387,arica y parinacota,15,parinacota,152,putre,15201,80,8,2,6,1,0,1,7,2,5
388,arica y parinacota,15,parinacota,152,putre,15201,81,8,7,1,1,0,1,7,7,0
389,arica y parinacota,15,parinacota,152,putre,15201,82,4,1,3,2,1,1,2,0,2
390,arica y parinacota,15,parinacota,152,putre,15201,83,4,0,4,1,0,1,3,0,3
391,arica y parinacota,15,parinacota,152,putre,15201,84,8,5,3,5,4,1,3,1,2
392,arica y parinacota,15,parinacota,152,putre,15201,85,11,4,7,3,1,2,8,3,5
393,arica y parinacota,15,parinacota,152,putre,15201,86,3,2,1,2,2,0,1,0,1
394,arica y parinacota,15,parinacota,152,putre,15201,87,1,0,1,0,0,0,1,0,1
395,arica y parinacota,15,parinacota,152,putre,15201,88,2,1,1,0,0,0,2,1,1
396,arica y parinacota,15,parinacota,152,putre,15201,89,4,2,2,1,0,1,3,2,1
397,arica y parinacota,15,parinacota,152,putre,15201,90,3,1,2,1,0,1,2,1,1
398,arica y parinacota,15,parinacota,152,putre,15201,91,0,0,0,0,0,0,0,0,0
399,arica y parinacota,15,parinacota,152,putre,15201,92,0,0,0,0,0,0,0,0,0
400,arica y parinacota,15,parinacota,152,putre,15201,93,1,0,1,0,0,0,1,0,1
401,arica y parinacota,15,parinacota,152,putre,15201,94,0,0,0,0,0,0,0,0,0
402,arica y parinacota,15,parinacota,152,putre,15201,95,0,0,0,0,0,0,0,0,0
403,arica y parinacota,15,parinacota,152,putre,15201,96,1,1,0,1,1,0,0,0,0
404,arica y parinacota,15,parinacota,152,putre,15201,97,0,0,0,0,0,0,0,0,0
405,arica y parinacota,15,parinacota,152,putre,15201,98,1,0,1,0,0,0,1,0,1
406,arica y parinacota,15,parinacota,152,putre,15201,99,0,0,0,0,0,0,0,0,0
407,arica y parinacota,15,parinacota,152,putre,15201,100 o más,1,0,1,1,0,1,0,0,0
408,arica y parinacota,15,parinacota,152,general lagos,15202,total comuna,684,412,272,0,0,0,684,412,272
409,arica y parinacota,15,parinacota,152,general lagos,15202,0,8,3,5,0,0,0,8,3,5
410,arica y parinacota,15,parinacota,152,general lagos,15202,1,11,4,7,0,0,0,11,4,7
411,arica y parinacota,15,parinacota,152,general lagos,15202,2,6,2,4,0,0,0,6,2,4
412,arica y parinacota,15,parinacota,152,general lagos,15202,3,12,5,7,0,0,0,12,5,7
413,arica y parinacota,15,parinacota,152,general lagos,15202,4,4,2,2,0,0,0,4,2,2
414,arica y parinacota,15,parinacota,152,general lagos,15202,5,5,1,4,0,0,0,5,1,4
415,arica y parinacota,15,parinacota,152,general lagos,15202,6,12,7,5,0,0,0,12,7,5
416,arica y parinacota,15,parinacota,152,general lagos,15202,7,5,2,3,0,0,0,5,2,3
417,arica y parinacota,15,parinacota,152,general lagos,15202,8,8,5,3,0,0,0,8,5,3
418,arica y parinacota,15,parinacota,152,general lagos,15202,9,4,3,1,0,0,0,4,3,1
419,arica y parinacota,15,parinacota,152,general lagos,15202,10,4,2,2,0,0,0,4,2,2
420,arica y parinacota,15,parinacota,152,general lagos,15202,11,6,2,4,0,0,0,6,2,4
421,arica y parinacota,15,parinacota,152,general lagos,15202,12,4,4,0,0,0,0,4,4,0
422,arica y parinacota,15,parinacota,152,general lagos,15202,13,11,5,6,0,0,0,11,5,6
423,arica y parinacota,15,parinacota,152,general lagos,15202,14,3,2,1,0,0,0,3,2,1
424,arica y parinacota,15,parinacota,152,general lagos,15202,15,9,4,5,0,0,0,9,4,5
425,arica y parinacota,15,parinacota,152,general lagos,15202,16,6,3,3,0,0,0,6,3,3
426,arica y parinacota,15,parinacota,152,general lagos,15202,17,3,1,2,0,0,0,3,1,2
427,arica y parinacota,15,parinacota,152,general lagos,15202,18,7,4,3,0,0,0,7,4,3
428,arica y parinacota,15,parinacota,152,general lagos,15202,19,16,15,1,0,0,0,16,15,1
429,arica y parinacota,15,parinacota,152,general lagos,15202,20,12,10,2,0,0,0,12,10,2
430,arica y parinacota,15,parinacota,152,general lagos,15202,21,7,7,0,0,0,0,7,7,0
431,arica y parinacota,15,parinacota,152,general lagos,15202,22,15,12,3,0,0,0,15,12,3
432,arica y parinacota,15,parinacota,152,general lagos,15202,23,11,11,0,0,0,0,11,11,0
433,arica y parinacota,15,parinacota,152,general lagos,15202,24,13,8,5,0,0,0,13,8,5
434,arica y parinacota,15,parinacota,152,general lagos,15202,25,11,9,2,0,0,0,11,9,2
435,arica y parinacota,15,parinacota,152,general lagos,15202,26,12,8,4,0,0,0,12,8,4
436,arica y parinacota,15,parinacota,152,general lagos,15202,27,11,9,2,0,0,0,11,9,2
437,arica y parinacota,15,parinacota,152,general lagos,15202,28,16,13,3,0,0,0,16,13,3
438,arica y parinacota,15,parinacota,152,general lagos,15202,29,10,9,1,0,0,0,10,9,1
439,arica y parinacota,15,parinacota,152,general lagos,15202,30,8,5,3,0,0,0,8,5,3
440,arica y parinacota,15,parinacota,152,general lagos,15202,31,13,8,5,0,0,0,13,8,5
441,arica y parinacota,15,parinacota,152,general lagos,15202,32,7,6,1,0,0,0,7,6,1
442,arica y parinacota,15,parinacota,152,general lagos,15202,33,10,8,2,0,0,0,10,8,2
443,arica y parinacota,15,parinacota,152,general lagos,15202,34,12,9,3,0,0,0,12,9,3
444,arica y parinacota,15,parinacota,152,general lagos,15202,35,11,8,3,0,0,0,11,8,3
445,arica y parinacota,15,parinacota,152,general lagos,15202,36,12,7,5,0,0,0,12,7,5
446,arica y parinacota,15,parinacota,152,general lagos,15202,37,11,6,5,0,0,0,11,6,5
447,arica y parinacota,15,parinacota,152,general lagos,15202,38,8,4,4,0,0,0,8,4,4
448,arica y parinacota,15,parinacota,152,general lagos,15202,39,13,8,5,0,0,0,13,8,5
449,arica y parinacota,15,parinacota,152,general lagos,15202,40,7,1,6,0,0,0,7,1,6
450,arica y parinacota,15,parinacota,152,general lagos,15202,41,10,6,4,0,0,0,10,6,4
451,arica y parinacota,15,parinacota,152,general lagos,15202,42,9,4,5,0,0,0,9,4,5
452,arica y parinacota,15,parinacota,152,general lagos,15202,43,12,5,7,0,0,0,12,5,7
453,arica y parinacota,15,parinacota,152,general lagos,15202,44,11,8,3,0,0,0,11,8,3
454,arica y parinacota,15,parinacota,152,general lagos,15202,45,7,4,3,0,0,0,7,4,3
455,arica y parinacota,15,parinacota,152,general lagos,15202,46,11,6,5,0,0,0,11,6,5
456,arica y parinacota,15,parinacota,152,general lagos,15202,47,8,5,3,0,0,0,8,5,3
457,arica y parinacota,15,parinacota,152,general lagos,15202,48,10,9,1,0,0,0,10,9,1
458,arica y parinacota,15,parinacota,152,general lagos,15202,49,3,3,0,0,0,0,3,3,0
459,arica y parinacota,15,parinacota,152,general lagos,15202,50,7,3,4,0,0,0,7,3,4
460,arica y parinacota,15,parinacota,152,general lagos,15202,51,5,0,5,0,0,0,5,0,5
461,arica y parinacota,15,parinacota,152,general lagos,15202,52,4,2,2,0,0,0,4,2,2
462,arica y parinacota,15,parinacota,152,general lagos,15202,53,13,6,7,0,0,0,13,6,7
463,arica y parinacota,15,parinacota,152,general lagos,15202,54,12,6,6,0,0,0,12,6,6
464,arica y parinacota,15,parinacota,152,general lagos,15202,55,7,5,2,0,0,0,7,5,2
465,arica y parinacota,15,parinacota,152,general lagos,15202,56,10,5,5,0,0,0,10,5,5
466,arica y parinacota,15,parinacota,152,general lagos,15202,57,7,4,3,0,0,0,7,4,3
467,arica y parinacota,15,parinacota,152,general lagos,15202,58,12,6,6,0,0,0,12,6,6
468,arica y parinacota,15,parinacota,152,general lagos,15202,59,9,4,5,0,0,0,9,4,5
469,arica y parinacota,15,parinacota,152,general lagos,15202,60,10,4,6,0,0,0,10,4,6
470,arica y parinacota,15,parinacota,152,general lagos,15202,61,8,5,3,0,0,0,8,5,3
471,arica y parinacota,15,parinacota,152,general lagos,15202,62,6,4,2,0,0,0,6,4,2
472,arica y parinacota,15,parinacota,152,general lagos,15202,63,8,6,2,0,0,0,8,6,2
473,arica y parinacota,15,parinacota,152,general lagos,15202,64,12,6,6,0,0,0,12,6,6
474,arica y parinacota,15,parinacota,152,general lagos,15202,65,9,4,5,0,0,0,9,4,5
475,arica y parinacota,15,parinacota,152,general lagos,15202,66,9,4,5,0,0,0,9,4,5
476,arica y parinacota,15,parinacota,152,general lagos,15202,67,3,2,1,0,0,0,3,2,1
477,arica y parinacota,15,parinacota,152,general lagos,15202,68,7,4,3,0,0,0,7,4,3
478,arica y parinacota,15,parinacota,152,general lagos,15202,69,6,5,1,0,0,0,6,5,1
479,arica y parinacota,15,parinacota,152,general lagos,15202,70,8,3,5,0,0,0,8,3,5
480,arica y parinacota,15,parinacota,152,general lagos,15202,71,5,3,2,0,0,0,5,3,2
481,arica y parinacota,15,parinacota,152,general lagos,15202,72,6,5,1,0,0,0,6,5,1
482,arica y parinacota,15,parinacota,152,general lagos,15202,73,6,1,5,0,0,0,6,1,5
483,arica y parinacota,15,parinacota,152,general lagos,15202,74,8,4,4,0,0,0,8,4,4
484,arica y parinacota,15,parinacota,152,general lagos,15202,75,6,6,0,0,0,0,6,6,0
485,arica y parinacota,15,parinacota,152,general lagos,15202,76,2,1,1,0,0,0,2,1,1
486,arica y parinacota,15,parinacota,152,general lagos,15202,77,2,2,0,0,0,0,2,2,0
487,arica y parinacota,15,parinacota,152,general lagos,15202,78,2,1,1,0,0,0,2,1,1
488,arica y parinacota,15,parinacota,152,general lagos,15202,79,3,1,2,0,0,0,3,1,2
489,arica y parinacota,15,parinacota,152,general lagos,15202,80,4,2,2,0,0,0,4,2,2
490,arica y parinacota,15,parinacota,152,general lagos,15202,81,0,0,0,0,0,0,0,0,0
491,arica y parinacota,15,parinacota,152,general lagos,15202,82,2,1,1,0,0,0,2,1,1
492,arica y parinacota,15,parinacota,152,general lagos,15202,83,1,0,1,0,0,0,1,0,1
493,arica y parinacota,15,parinacota,152,general lagos,15202,84,3,1,2,0,0,0,3,1,2
494,arica y parinacota,15,parinacota,152,general lagos,15202,85,2,1,1,0,0,0,2,1,1
495,arica y parinacota,15,parinacota,152,general lagos,15202,86,3,1,2,0,0,0,3,1,2
496,arica y parinacota,15,parinacota,152,general lagos,15202,87,0,0,0,0,0,0,0,0,0
497,arica y parinacota,15,parinacota,152,general lagos,15202,88,1,1,0,0,0,0,1,1,0
498,arica y parinacota,15,parinacota,152,general lagos,15202,89,0,0,0,0,0,0,0,0,0
499,arica y parinacota,15,parinacota,152,general lagos,15202,90,0,0,0,0,0,0,0,0,0
500,arica y parinacota,15,parinacota,152,general lagos,15202,91,0,0,0,0,0,0,0,0,0
501,arica y parinacota,15,parinacota,152,general lagos,15202,92,0,0,0,0,0,0,0,0,0
502,arica y parinacota,15,parinacota,152,general lagos,15202,93,1,1,0,0,0,0,1,1,0
503,arica y parinacota,15,parinacota,152,general lagos,15202,94,0,0,0,0,0,0,0,0,0
504,arica y parinacota,15,parinacota,152,general lagos,15202,95,0,0,0,0,0,0,0,0,0
505,arica y parinacota,15,parinacota,152,general lagos,15202,96,0,0,0,0,0,0,0,0,0
506,arica y parinacota,15,parinacota,152,general lagos,15202,97,0,0,0,0,0,0,0,0,0
507,arica y parinacota,15,parinacota,152,general lagos,15202,98,0,0,0,0,0,0,0,0,0
508,arica y parinacota,15,parinacota,152,general lagos,15202,99,0,0,0,0,0,0,0,0,0
509,arica y parinacota,15,parinacota,152,general lagos,15202,100 o más,0,0,0,0,0,0,0,0,0
510,tarapacá,1,iquique,11,iquique,1101,total comuna,191468,94897,96571,189065,93480,95585,2403,1417,986
511,tarapacá,1,iquique,11,iquique,1101,0,2614,1315,1299,2590,1301,1289,24,14,10
512,tarapacá,1,iquique,11,iquique,1101,1,2796,1470,1326,2766,1452,1314,30,18,12
513,tarapacá,1,iquique,11,iquique,1101,2,2817,1482,1335,2776,1460,1316,41,22,19
514,tarapacá,1,iquique,11,iquique,1101,3,2748,1416,1332,2713,1400,1313,35,16,19
515,tarapacá,1,iquique,11,iquique,1101,4,2896,1503,1393,2856,1480,1376,40,23,17
516,tarapacá,1,iquique,11,iquique,1101,5,2823,1465,1358,2793,1451,1342,30,14,16
517,tarapacá,1,iquique,11,iquique,1101,6,2984,1469,1515,2948,1451,1497,36,18,18
518,tarapacá,1,iquique,11,iquique,1101,7,2850,1447,1403,2823,1434,1389,27,13,14
519,tarapacá,1,iquique,11,iquique,1101,8,2759,1443,1316,2726,1427,1299,33,16,17
520,tarapacá,1,iquique,11,iquique,1101,9,2721,1376,1345,2699,1369,1330,22,7,15
521,tarapacá,1,iquique,11,iquique,1101,10,2652,1401,1251,2623,1384,1239,29,17,12
522,tarapacá,1,iquique,11,iquique,1101,11,2497,1292,1205,2472,1281,1191,25,11,14
523,tarapacá,1,iquique,11,iquique,1101,12,2453,1244,1209,2425,1227,1198,28,17,11
524,tarapacá,1,iquique,11,iquique,1101,13,2520,1283,1237,2500,1270,1230,20,13,7
525,tarapacá,1,iquique,11,iquique,1101,14,2458,1190,1268,2435,1180,1255,23,10,13
526,tarapacá,1,iquique,11,iquique,1101,15,2490,1245,1245,2469,1234,1235,21,11,10
527,tarapacá,1,iquique,11,iquique,1101,16,2652,1405,1247,2616,1386,1230,36,19,17
528,tarapacá,1,iquique,11,iquique,1101,17,2568,1353,1215,2541,1338,1203,27,15,12
529,tarapacá,1,iquique,11,iquique,1101,18,2484,1315,1169,2438,1291,1147,46,24,22
530,tarapacá,1,iquique,11,iquique,1101,19,2604,1279,1325,2561,1253,1308,43,26,17
531,tarapacá,1,iquique,11,iquique,1101,20,2715,1365,1350,2670,1337,1333,45,28,17
532,tarapacá,1,iquique,11,iquique,1101,21,2859,1447,1412,2826,1426,1400,33,21,12
533,tarapacá,1,iquique,11,iquique,1101,22,2958,1486,1472,2910,1452,1458,48,34,14
534,tarapacá,1,iquique,11,iquique,1101,23,3164,1586,1578,3118,1557,1561,46,29,17
535,tarapacá,1,iquique,11,iquique,1101,24,3322,1690,1632,3279,1663,1616,43,27,16
536,tarapacá,1,iquique,11,iquique,1101,25,3389,1696,1693,3350,1672,1678,39,24,15
537,tarapacá,1,iquique,11,iquique,1101,26,3521,1765,1756,3480,1744,1736,41,21,20
538,tarapacá,1,iquique,11,iquique,1101,27,3723,1913,1810,3679,1885,1794,44,28,16
539,tarapacá,1,iquique,11,iquique,1101,28,3480,1795,1685,3438,1772,1666,42,23,19
540,tarapacá,1,iquique,11,iquique,1101,29,3528,1727,1801,3491,1710,1781,37,17,20
541,tarapacá,1,iquique,11,iquique,1101,30,3525,1732,1793,3490,1713,1777,35,19,16
542,tarapacá,1,iquique,11,iquique,1101,31,3188,1601,1587,3151,1577,1574,37,24,13
543,tarapacá,1,iquique,11,iquique,1101,32,3289,1656,1633,3250,1636,1614,39,20,19
544,tarapacá,1,iquique,11,iquique,1101,33,3103,1560,1543,3070,1544,1526,33,16,17
545,tarapacá,1,iquique,11,iquique,1101,34,3312,1631,1681,3290,1618,1672,22,13,9
546,tarapacá,1,iquique,11,iquique,1101,35,3314,1593,1721,3284,1573,1711,30,20,10
547,tarapacá,1,iquique,11,iquique,1101,36,3156,1566,1590,3111,1538,1573,45,28,17
548,tarapacá,1,iquique,11,iquique,1101,37,2978,1478,1500,2953,1463,1490,25,15,10
549,tarapacá,1,iquique,11,iquique,1101,38,2757,1378,1379,2724,1359,1365,33,19,14
550,tarapacá,1,iquique,11,iquique,1101,39,2832,1378,1454,2809,1365,1444,23,13,10
551,tarapacá,1,iquique,11,iquique,1101,40,2816,1413,1403,2787,1397,1390,29,16,13
552,tarapacá,1,iquique,11,iquique,1101,41,2662,1327,1335,2631,1305,1326,31,22,9
553,tarapacá,1,iquique,11,iquique,1101,42,2627,1309,1318,2600,1287,1313,27,22,5
554,tarapacá,1,iquique,11,iquique,1101,43,2574,1249,1325,2535,1223,1312,39,26,13
555,tarapacá,1,iquique,11,iquique,1101,44,2624,1288,1336,2597,1270,1327,27,18,9
556,tarapacá,1,iquique,11,iquique,1101,45,2468,1175,1293,2438,1161,1277,30,14,16
557,tarapacá,1,iquique,11,iquique,1101,46,2460,1204,1256,2426,1188,1238,34,16,18
558,tarapacá,1,iquique,11,iquique,1101,47,2272,1124,1148,2246,1112,1134,26,12,14
559,tarapacá,1,iquique,11,iquique,1101,48,2206,1094,1112,2180,1078,1102,26,16,10
560,tarapacá,1,iquique,11,iquique,1101,49,2209,1099,1110,2170,1075,1095,39,24,15
561,tarapacá,1,iquique,11,iquique,1101,50,2215,1076,1139,2171,1052,1119,44,24,20
562,tarapacá,1,iquique,11,iquique,1101,51,2210,1066,1144,2171,1039,1132,39,27,12
563,tarapacá,1,iquique,11,iquique,1101,52,2325,1176,1149,2286,1157,1129,39,19,20
564,tarapacá,1,iquique,11,iquique,1101,53,2311,1089,1222,2261,1057,1204,50,32,18
565,tarapacá,1,iquique,11,iquique,1101,54,2417,1184,1233,2383,1159,1224,34,25,9
566,tarapacá,1,iquique,11,iquique,1101,55,2144,1006,1138,2105,982,1123,39,24,15
567,tarapacá,1,iquique,11,iquique,1101,56,2203,1036,1167,2177,1022,1155,26,14,12
568,tarapacá,1,iquique,11,iquique,1101,57,2127,1022,1105,2085,1000,1085,42,22,20
569,tarapacá,1,iquique,11,iquique,1101,58,2066,1028,1038,2031,1004,1027,35,24,11
570,tarapacá,1,iquique,11,iquique,1101,59,2000,960,1040,1965,939,1026,35,21,14
571,tarapacá,1,iquique,11,iquique,1101,60,2072,1021,1051,2052,1009,1043,20,12,8
572,tarapacá,1,iquique,11,iquique,1101,61,1959,958,1001,1930,936,994,29,22,7
573,tarapacá,1,iquique,11,iquique,1101,62,1885,957,928,1849,932,917,36,25,11
574,tarapacá,1,iquique,11,iquique,1101,63,1788,897,891,1764,878,886,24,19,5
575,tarapacá,1,iquique,11,iquique,1101,64,1599,780,819,1572,760,812,27,20,7
576,tarapacá,1,iquique,11,iquique,1101,65,1426,688,738,1397,674,723,29,14,15
577,tarapacá,1,iquique,11,iquique,1101,66,1405,694,711,1387,682,705,18,12,6
578,tarapacá,1,iquique,11,iquique,1101,67,1312,608,704,1286,590,696,26,18,8
579,tarapacá,1,iquique,11,iquique,1101,68,1161,542,619,1144,532,612,17,10,7
580,tarapacá,1,iquique,11,iquique,1101,69,1158,557,601,1146,551,595,12,6,6
581,tarapacá,1,iquique,11,iquique,1101,70,1072,554,518,1059,546,513,13,8,5
582,tarapacá,1,iquique,11,iquique,1101,71,933,426,507,921,418,503,12,8,4
583,tarapacá,1,iquique,11,iquique,1101,72,882,446,436,870,436,434,12,10,2
584,tarapacá,1,iquique,11,iquique,1101,73,868,412,456,858,404,454,10,8,2
585,tarapacá,1,iquique,11,iquique,1101,74,796,370,426,782,360,422,14,10,4
586,tarapacá,1,iquique,11,iquique,1101,75,648,285,363,637,280,357,11,5,6
587,tarapacá,1,iquique,11,iquique,1101,76,658,287,371,646,280,366,12,7,5
588,tarapacá,1,iquique,11,iquique,1101,77,589,247,342,584,243,341,5,4,1
589,tarapacá,1,iquique,11,iquique,1101,78,509,211,298,502,207,295,7,4,3
590,tarapacá,1,iquique,11,iquique,1101,79,480,206,274,476,203,273,4,3,1
591,tarapacá,1,iquique,11,iquique,1101,80,462,190,272,457,187,270,5,3,2
592,tarapacá,1,iquique,11,iquique,1101,81,423,165,258,421,164,257,2,1,1
593,tarapacá,1,iquique,11,iquique,1101,82,378,148,230,372,144,228,6,4,2
594,tarapacá,1,iquique,11,iquique,1101,83,339,127,212,338,126,212,1,1,0
595,tarapacá,1,iquique,11,iquique,1101,84,297,114,183,296,113,183,1,1,0
596,tarapacá,1,iquique,11,iquique,1101,85,288,103,185,288,103,185,0,0,0
597,tarapacá,1,iquique,11,iquique,1101,86,289,109,180,288,109,179,1,0,1
598,tarapacá,1,iquique,11,iquique,1101,87,270,96,174,270,96,174,0,0,0
599,tarapacá,1,iquique,11,iquique,1101,88,204,72,132,204,72,132,0,0,0
600,tarapacá,1,iquique,11,iquique,1101,89,191,59,132,191,59,132,0,0,0
601,tarapacá,1,iquique,11,iquique,1101,90,153,46,107,153,46,107,0,0,0
602,tarapacá,1,iquique,11,iquique,1101,91,128,34,94,127,33,94,1,1,0
603,tarapacá,1,iquique,11,iquique,1101,92,130,39,91,129,39,90,1,0,1
604,tarapacá,1,iquique,11,iquique,1101,93,72,24,48,72,24,48,0,0,0
605,tarapacá,1,iquique,11,iquique,1101,94,55,18,37,55,18,37,0,0,0
606,tarapacá,1,iquique,11,iquique,1101,95,31,5,26,31,5,26,0,0,0
607,tarapacá,1,iquique,11,iquique,1101,96,36,8,28,36,8,28,0,0,0
608,tarapacá,1,iquique,11,iquique,1101,97,29,10,19,29,10,19,0,0,0
609,tarapacá,1,iquique,11,iquique,1101,98,15,5,10,15,5,10,0,0,0
610,tarapacá,1,iquique,11,iquique,1101,99,13,3,10,13,3,10,0,0,0
611,tarapacá,1,iquique,11,iquique,1101,100 o más,30,15,15,30,15,15,0,0,0
612,tarapacá,1,iquique,11,alto hospicio,1107,total comuna,108375,54206,54169,105884,52028,53856,2491,2178,313
613,tarapacá,1,iquique,11,alto hospicio,1107,0,1981,1026,955,1980,1026,954,1,0,1
614,tarapacá,1,iquique,11,alto hospicio,1107,1,2091,1057,1034,2091,1057,1034,0,0,0
615,tarapacá,1,iquique,11,alto hospicio,1107,2,2126,1083,1043,2125,1082,1043,1,1,0
616,tarapacá,1,iquique,11,alto hospicio,1107,3,2143,1084,1059,2143,1084,1059,0,0,0
617,tarapacá,1,iquique,11,alto hospicio,1107,4,2158,1115,1043,2158,1115,1043,0,0,0
618,tarapacá,1,iquique,11,alto hospicio,1107,5,2164,1096,1068,2163,1096,1067,1,0,1
619,tarapacá,1,iquique,11,alto hospicio,1107,6,2129,1095,1034,2126,1095,1031,3,0,3
620,tarapacá,1,iquique,11,alto hospicio,1107,7,2193,1150,1043,2192,1150,1042,1,0,1
621,tarapacá,1,iquique,11,alto hospicio,1107,8,2129,1114,1015,2126,1111,1015,3,3,0
622,tarapacá,1,iquique,11,alto hospicio,1107,9,2022,1037,985,2021,1036,985,1,1,0
623,tarapacá,1,iquique,11,alto hospicio,1107,10,1917,1011,906,1915,1011,904,2,0,2
624,tarapacá,1,iquique,11,alto hospicio,1107,11,1936,949,987,1932,947,985,4,2,2
625,tarapacá,1,iquique,11,alto hospicio,1107,12,1940,1003,937,1940,1003,937,0,0,0
626,tarapacá,1,iquique,11,alto hospicio,1107,13,1856,939,917,1854,938,916,2,1,1
627,tarapacá,1,iquique,11,alto hospicio,1107,14,1900,960,940,1898,958,940,2,2,0
628,tarapacá,1,iquique,11,alto hospicio,1107,15,2014,1045,969,2013,1045,968,1,0,1
629,tarapacá,1,iquique,11,alto hospicio,1107,16,1961,1017,944,1961,1017,944,0,0,0
630,tarapacá,1,iquique,11,alto hospicio,1107,17,1962,977,985,1960,976,984,2,1,1
631,tarapacá,1,iquique,11,alto hospicio,1107,18,1766,846,920,1741,827,914,25,19,6
632,tarapacá,1,iquique,11,alto hospicio,1107,19,1900,951,949,1840,903,937,60,48,12
633,tarapacá,1,iquique,11,alto hospicio,1107,20,1926,972,954,1845,903,942,81,69,12
634,tarapacá,1,iquique,11,alto hospicio,1107,21,2005,1035,970,1909,951,958,96,84,12
635,tarapacá,1,iquique,11,alto hospicio,1107,22,1937,970,967,1827,872,955,110,98,12
636,tarapacá,1,iquique,11,alto hospicio,1107,23,2020,1020,1000,1925,938,987,95,82,13
637,tarapacá,1,iquique,11,alto hospicio,1107,24,2019,1053,966,1903,953,950,116,100,16
638,tarapacá,1,iquique,11,alto hospicio,1107,25,1995,994,1001,1876,892,984,119,102,17
639,tarapacá,1,iquique,11,alto hospicio,1107,26,2100,1047,1053,1972,936,1036,128,111,17
640,tarapacá,1,iquique,11,alto hospicio,1107,27,2025,1039,986,1922,944,978,103,95,8
641,tarapacá,1,iquique,11,alto hospicio,1107,28,1960,958,1002,1864,874,990,96,84,12
642,tarapacá,1,iquique,11,alto hospicio,1107,29,1924,967,957,1843,897,946,81,70,11
643,tarapacá,1,iquique,11,alto hospicio,1107,30,1841,933,908,1747,848,899,94,85,9
644,tarapacá,1,iquique,11,alto hospicio,1107,31,1722,876,846,1644,802,842,78,74,4
645,tarapacá,1,iquique,11,alto hospicio,1107,32,1748,855,893,1663,781,882,85,74,11
646,tarapacá,1,iquique,11,alto hospicio,1107,33,1585,796,789,1507,724,783,78,72,6
647,tarapacá,1,iquique,11,alto hospicio,1107,34,1708,824,884,1624,747,877,84,77,7
648,tarapacá,1,iquique,11,alto hospicio,1107,35,1742,855,887,1647,768,879,95,87,8
649,tarapacá,1,iquique,11,alto hospicio,1107,36,1642,799,843,1562,727,835,80,72,8
650,tarapacá,1,iquique,11,alto hospicio,1107,37,1532,736,796,1453,665,788,79,71,8
651,tarapacá,1,iquique,11,alto hospicio,1107,38,1505,746,759,1431,683,748,74,63,11
652,tarapacá,1,iquique,11,alto hospicio,1107,39,1374,665,709,1323,617,706,51,48,3
653,tarapacá,1,iquique,11,alto hospicio,1107,40,1419,691,728,1382,658,724,37,33,4
654,tarapacá,1,iquique,11,alto hospicio,1107,41,1354,661,693,1302,612,690,52,49,3
655,tarapacá,1,iquique,11,alto hospicio,1107,42,1372,649,723,1336,618,718,36,31,5
656,tarapacá,1,iquique,11,alto hospicio,1107,43,1432,696,736,1392,657,735,40,39,1
657,tarapacá,1,iquique,11,alto hospicio,1107,44,1399,672,727,1362,639,723,37,33,4
658,tarapacá,1,iquique,11,alto hospicio,1107,45,1368,640,728,1340,617,723,28,23,5
659,tarapacá,1,iquique,11,alto hospicio,1107,46,1321,630,691,1290,604,686,31,26,5
660,tarapacá,1,iquique,11,alto hospicio,1107,47,1251,583,668,1229,562,667,22,21,1
661,tarapacá,1,iquique,11,alto hospicio,1107,48,1263,626,637,1228,598,630,35,28,7
662,tarapacá,1,iquique,11,alto hospicio,1107,49,1250,608,642,1229,589,640,21,19,2
663,tarapacá,1,iquique,11,alto hospicio,1107,50,1246,628,618,1228,613,615,18,15,3
664,tarapacá,1,iquique,11,alto hospicio,1107,51,1268,657,611,1239,632,607,29,25,4
665,tarapacá,1,iquique,11,alto hospicio,1107,52,1194,593,601,1175,579,596,19,14,5
666,tarapacá,1,iquique,11,alto hospicio,1107,53,1164,581,583,1145,567,578,19,14,5
667,tarapacá,1,iquique,11,alto hospicio,1107,54,1147,556,591,1122,532,590,25,24,1
668,tarapacá,1,iquique,11,alto hospicio,1107,55,1051,511,540,1035,499,536,16,12,4
669,tarapacá,1,iquique,11,alto hospicio,1107,56,996,499,497,986,492,494,10,7,3
670,tarapacá,1,iquique,11,alto hospicio,1107,57,852,425,427,840,415,425,12,10,2
671,tarapacá,1,iquique,11,alto hospicio,1107,58,818,409,409,806,399,407,12,10,2
672,tarapacá,1,iquique,11,alto hospicio,1107,59,776,409,367,771,406,365,5,3,2
673,tarapacá,1,iquique,11,alto hospicio,1107,60,755,400,355,748,393,355,7,7,0
674,tarapacá,1,iquique,11,alto hospicio,1107,61,728,367,361,725,365,360,3,2,1
675,tarapacá,1,iquique,11,alto hospicio,1107,62,609,314,295,604,310,294,5,4,1
676,tarapacá,1,iquique,11,alto hospicio,1107,63,572,301,271,567,296,271,5,5,0
677,tarapacá,1,iquique,11,alto hospicio,1107,64,556,273,283,547,266,281,9,7,2
678,tarapacá,1,iquique,11,alto hospicio,1107,65,465,232,233,461,229,232,4,3,1
679,tarapacá,1,iquique,11,alto hospicio,1107,66,449,222,227,443,217,226,6,5,1
680,tarapacá,1,iquique,11,alto hospicio,1107,67,382,195,187,381,194,187,1,1,0
681,tarapacá,1,iquique,11,alto hospicio,1107,68,369,184,185,368,184,184,1,0,1
682,tarapacá,1,iquique,11,alto hospicio,1107,69,338,170,168,336,168,168,2,2,0
683,tarapacá,1,iquique,11,alto hospicio,1107,70,314,154,160,311,152,159,3,2,1
684,tarapacá,1,iquique,11,alto hospicio,1107,71,277,109,168,276,108,168,1,1,0
685,tarapacá,1,iquique,11,alto hospicio,1107,72,260,116,144,258,114,144,2,2,0
686,tarapacá,1,iquique,11,alto hospicio,1107,73,239,115,124,238,114,124,1,1,0
687,tarapacá,1,iquique,11,alto hospicio,1107,74,184,95,89,183,94,89,1,1,0
688,tarapacá,1,iquique,11,alto hospicio,1107,75,161,69,92,161,69,92,0,0,0
689,tarapacá,1,iquique,11,alto hospicio,1107,76,158,63,95,156,62,94,2,1,1
690,tarapacá,1,iquique,11,alto hospicio,1107,77,126,58,68,126,58,68,0,0,0
691,tarapacá,1,iquique,11,alto hospicio,1107,78,122,50,72,120,48,72,2,2,0
692,tarapacá,1,iquique,11,alto hospicio,1107,79,86,37,49,86,37,49,0,0,0
693,tarapacá,1,iquique,11,alto hospicio,1107,80,88,41,47,88,41,47,0,0,0
694,tarapacá,1,iquique,11,alto hospicio,1107,81,73,33,40,73,33,40,0,0,0
695,tarapacá,1,iquique,11,alto hospicio,1107,82,86,27,59,86,27,59,0,0,0
696,tarapacá,1,iquique,11,alto hospicio,1107,83,72,29,43,72,29,43,0,0,0
697,tarapacá,1,iquique,11,alto hospicio,1107,84,54,15,39,54,15,39,0,0,0
698,tarapacá,1,iquique,11,alto hospicio,1107,85,58,23,35,58,23,35,0,0,0
699,tarapacá,1,iquique,11,alto hospicio,1107,86,46,21,25,46,21,25,0,0,0
700,tarapacá,1,iquique,11,alto hospicio,1107,87,43,10,33,43,10,33,0,0,0
701,tarapacá,1,iquique,11,alto hospicio,1107,88,38,14,24,38,14,24,0,0,0
702,tarapacá,1,iquique,11,alto hospicio,1107,89,22,8,14,22,8,14,0,0,0
703,tarapacá,1,iquique,11,alto hospicio,1107,90,17,6,11,17,6,11,0,0,0
704,tarapacá,1,iquique,11,alto hospicio,1107,91,16,6,10,16,6,10,0,0,0
705,tarapacá,1,iquique,11,alto hospicio,1107,92,9,4,5,9,4,5,0,0,0
706,tarapacá,1,iquique,11,alto hospicio,1107,93,12,4,8,12,4,8,0,0,0
707,tarapacá,1,iquique,11,alto hospicio,1107,94,16,5,11,16,5,11,0,0,0
708,tarapacá,1,iquique,11,alto hospicio,1107,95,9,3,6,9,3,6,0,0,0
709,tarapacá,1,iquique,11,alto hospicio,1107,96,4,1,3,4,1,3,0,0,0
710,tarapacá,1,iquique,11,alto hospicio,1107,97,3,1,2,3,1,2,0,0,0
711,tarapacá,1,iquique,11,alto hospicio,1107,98,3,2,1,3,2,1,0,0,0
712,tarapacá,1,iquique,11,alto hospicio,1107,99,2,1,1,2,1,1,0,0,0
713,tarapacá,1,iquique,11,alto hospicio,1107,100 o más,15,9,6,15,9,6,0,0,0
714,tarapacá,1,del tamarugal,14,pozo almonte,1401,total comuna,15711,8987,6724,10095,5339,4756,5616,3648,1968
715,tarapacá,1,del tamarugal,14,pozo almonte,1401,0,230,103,127,173,77,96,57,26,31
716,tarapacá,1,del tamarugal,14,pozo almonte,1401,1,261,133,128,210,107,103,51,26,25
717,tarapacá,1,del tamarugal,14,pozo almonte,1401,2,268,132,136,195,93,102,73,39,34
718,tarapacá,1,del tamarugal,14,pozo almonte,1401,3,235,121,114,178,91,87,57,30,27
719,tarapacá,1,del tamarugal,14,pozo almonte,1401,4,259,128,131,184,95,89,75,33,42
720,tarapacá,1,del tamarugal,14,pozo almonte,1401,5,258,117,141,201,88,113,57,29,28
721,tarapacá,1,del tamarugal,14,pozo almonte,1401,6,241,119,122,175,85,90,66,34,32
722,tarapacá,1,del tamarugal,14,pozo almonte,1401,7,264,128,136,194,99,95,70,29,41
723,tarapacá,1,del tamarugal,14,pozo almonte,1401,8,264,147,117,201,114,87,63,33,30
724,tarapacá,1,del tamarugal,14,pozo almonte,1401,9,258,130,128,200,101,99,58,29,29
725,tarapacá,1,del tamarugal,14,pozo almonte,1401,10,216,98,118,159,72,87,57,26,31
726,tarapacá,1,del tamarugal,14,pozo almonte,1401,11,238,132,106,199,112,87,39,20,19
727,tarapacá,1,del tamarugal,14,pozo almonte,1401,12,222,103,119,171,83,88,51,20,31
728,tarapacá,1,del tamarugal,14,pozo almonte,1401,13,212,110,102,175,88,87,37,22,15
729,tarapacá,1,del tamarugal,14,pozo almonte,1401,14,193,83,110,151,62,89,42,21,21
730,tarapacá,1,del tamarugal,14,pozo almonte,1401,15,207,106,101,157,78,79,50,28,22
731,tarapacá,1,del tamarugal,14,pozo almonte,1401,16,174,79,95,142,66,76,32,13,19
732,tarapacá,1,del tamarugal,14,pozo almonte,1401,17,301,178,123,229,129,100,72,49,23
733,tarapacá,1,del tamarugal,14,pozo almonte,1401,18,413,282,131,310,205,105,103,77,26
734,tarapacá,1,del tamarugal,14,pozo almonte,1401,19,296,203,93,226,159,67,70,44,26
735,tarapacá,1,del tamarugal,14,pozo almonte,1401,20,288,177,111,228,144,84,60,33,27
736,tarapacá,1,del tamarugal,14,pozo almonte,1401,21,279,181,98,226,145,81,53,36,17
737,tarapacá,1,del tamarugal,14,pozo almonte,1401,22,228,139,89,175,103,72,53,36,17
738,tarapacá,1,del tamarugal,14,pozo almonte,1401,23,228,147,81,165,103,62,63,44,19
739,tarapacá,1,del tamarugal,14,pozo almonte,1401,24,207,120,87,146,83,63,61,37,24
740,tarapacá,1,del tamarugal,14,pozo almonte,1401,25,273,155,118,189,96,93,84,59,25
741,tarapacá,1,del tamarugal,14,pozo almonte,1401,26,268,167,101,196,117,79,72,50,22
742,tarapacá,1,del tamarugal,14,pozo almonte,1401,27,250,136,114,173,83,90,77,53,24
743,tarapacá,1,del tamarugal,14,pozo almonte,1401,28,290,171,119,189,99,90,101,72,29
744,tarapacá,1,del tamarugal,14,pozo almonte,1401,29,287,171,116,182,99,83,105,72,33
745,tarapacá,1,del tamarugal,14,pozo almonte,1401,30,299,157,142,189,83,106,110,74,36
746,tarapacá,1,del tamarugal,14,pozo almonte,1401,31,280,162,118,169,88,81,111,74,37
747,tarapacá,1,del tamarugal,14,pozo almonte,1401,32,274,164,110,169,86,83,105,78,27
748,tarapacá,1,del tamarugal,14,pozo almonte,1401,33,274,174,100,148,78,70,126,96,30
749,tarapacá,1,del tamarugal,14,pozo almonte,1401,34,277,162,115,151,79,72,126,83,43
750,tarapacá,1,del tamarugal,14,pozo almonte,1401,35,302,183,119,160,87,73,142,96,46
751,tarapacá,1,del tamarugal,14,pozo almonte,1401,36,286,178,108,154,79,75,132,99,33
752,tarapacá,1,del tamarugal,14,pozo almonte,1401,37,227,138,89,121,56,65,106,82,24
753,tarapacá,1,del tamarugal,14,pozo almonte,1401,38,215,128,87,117,63,54,98,65,33
754,tarapacá,1,del tamarugal,14,pozo almonte,1401,39,216,122,94,131,66,65,85,56,29
755,tarapacá,1,del tamarugal,14,pozo almonte,1401,40,213,133,80,112,58,54,101,75,26
756,tarapacá,1,del tamarugal,14,pozo almonte,1401,41,241,133,108,136,58,78,105,75,30
757,tarapacá,1,del tamarugal,14,pozo almonte,1401,42,218,135,83,121,60,61,97,75,22
758,tarapacá,1,del tamarugal,14,pozo almonte,1401,43,247,154,93,142,77,65,105,77,28
759,tarapacá,1,del tamarugal,14,pozo almonte,1401,44,225,150,75,131,73,58,94,77,17
760,tarapacá,1,del tamarugal,14,pozo almonte,1401,45,197,122,75,98,47,51,99,75,24
761,tarapacá,1,del tamarugal,14,pozo almonte,1401,46,191,108,83,117,58,59,74,50,24
762,tarapacá,1,del tamarugal,14,pozo almonte,1401,47,170,101,69,91,42,49,79,59,20
763,tarapacá,1,del tamarugal,14,pozo almonte,1401,48,179,115,64,103,62,41,76,53,23
764,tarapacá,1,del tamarugal,14,pozo almonte,1401,49,153,98,55,83,43,40,70,55,15
765,tarapacá,1,del tamarugal,14,pozo almonte,1401,50,165,102,63,100,53,47,65,49,16
766,tarapacá,1,del tamarugal,14,pozo almonte,1401,51,180,118,62,108,60,48,72,58,14
767,tarapacá,1,del tamarugal,14,pozo almonte,1401,52,165,95,70,90,40,50,75,55,20
768,tarapacá,1,del tamarugal,14,pozo almonte,1401,53,160,102,58,100,57,43,60,45,15
769,tarapacá,1,del tamarugal,14,pozo almonte,1401,54,180,119,61,86,55,31,94,64,30
770,tarapacá,1,del tamarugal,14,pozo almonte,1401,55,167,105,62,84,45,39,83,60,23
771,tarapacá,1,del tamarugal,14,pozo almonte,1401,56,171,97,74,78,40,38,93,57,36
772,tarapacá,1,del tamarugal,14,pozo almonte,1401,57,158,91,67,67,31,36,91,60,31
773,tarapacá,1,del tamarugal,14,pozo almonte,1401,58,150,88,62,89,42,47,61,46,15
774,tarapacá,1,del tamarugal,14,pozo almonte,1401,59,143,81,62,81,43,38,62,38,24
775,tarapacá,1,del tamarugal,14,pozo almonte,1401,60,139,83,56,68,35,33,71,48,23
776,tarapacá,1,del tamarugal,14,pozo almonte,1401,61,139,77,62,68,32,36,71,45,26
777,tarapacá,1,del tamarugal,14,pozo almonte,1401,62,143,77,66,82,35,47,61,42,19
778,tarapacá,1,del tamarugal,14,pozo almonte,1401,63,120,74,46,64,36,28,56,38,18
779,tarapacá,1,del tamarugal,14,pozo almonte,1401,64,109,55,54,63,33,30,46,22,24
780,tarapacá,1,del tamarugal,14,pozo almonte,1401,65,90,52,38,40,23,17,50,29,21
781,tarapacá,1,del tamarugal,14,pozo almonte,1401,66,79,37,42,38,17,21,41,20,21
782,tarapacá,1,del tamarugal,14,pozo almonte,1401,67,77,49,28,40,24,16,37,25,12
783,tarapacá,1,del tamarugal,14,pozo almonte,1401,68,69,39,30,33,17,16,36,22,14
784,tarapacá,1,del tamarugal,14,pozo almonte,1401,69,66,43,23,29,19,10,37,24,13
785,tarapacá,1,del tamarugal,14,pozo almonte,1401,70,75,46,29,30,18,12,45,28,17
786,tarapacá,1,del tamarugal,14,pozo almonte,1401,71,73,40,33,37,22,15,36,18,18
787,tarapacá,1,del tamarugal,14,pozo almonte,1401,72,60,30,30,24,11,13,36,19,17
788,tarapacá,1,del tamarugal,14,pozo almonte,1401,73,69,47,22,36,24,12,33,23,10
789,tarapacá,1,del tamarugal,14,pozo almonte,1401,74,46,27,19,19,9,10,27,18,9
790,tarapacá,1,del tamarugal,14,pozo almonte,1401,75,58,34,24,28,17,11,30,17,13
791,tarapacá,1,del tamarugal,14,pozo almonte,1401,76,40,19,21,23,10,13,17,9,8
792,tarapacá,1,del tamarugal,14,pozo almonte,1401,77,46,18,28,18,9,9,28,9,19
793,tarapacá,1,del tamarugal,14,pozo almonte,1401,78,31,17,14,16,9,7,15,8,7
794,tarapacá,1,del tamarugal,14,pozo almonte,1401,79,24,11,13,18,6,12,6,5,1
795,tarapacá,1,del tamarugal,14,pozo almonte,1401,80,27,11,16,10,4,6,17,7,10
796,tarapacá,1,del tamarugal,14,pozo almonte,1401,81,32,15,17,18,9,9,14,6,8
797,tarapacá,1,del tamarugal,14,pozo almonte,1401,82,30,12,18,9,4,5,21,8,13
798,tarapacá,1,del tamarugal,14,pozo almonte,1401,83,30,18,12,14,9,5,16,9,7
799,tarapacá,1,del tamarugal,14,pozo almonte,1401,84,20,9,11,9,4,5,11,5,6
800,tarapacá,1,del tamarugal,14,pozo almonte,1401,85,20,11,9,10,6,4,10,5,5
801,tarapacá,1,del tamarugal,14,pozo almonte,1401,86,13,5,8,7,4,3,6,1,5
802,tarapacá,1,del tamarugal,14,pozo almonte,1401,87,14,7,7,5,2,3,9,5,4
803,tarapacá,1,del tamarugal,14,pozo almonte,1401,88,7,2,5,1,0,1,6,2,4
804,tarapacá,1,del tamarugal,14,pozo almonte,1401,89,4,1,3,2,1,1,2,0,2
805,tarapacá,1,del tamarugal,14,pozo almonte,1401,90,3,0,3,1,0,1,2,0,2
806,tarapacá,1,del tamarugal,14,pozo almonte,1401,91,8,2,6,5,2,3,3,0,3
807,tarapacá,1,del tamarugal,14,pozo almonte,1401,92,6,3,3,3,2,1,3,1,2
808,tarapacá,1,del tamarugal,14,pozo almonte,1401,93,3,1,2,0,0,0,3,1,2
809,tarapacá,1,del tamarugal,14,pozo almonte,1401,94,3,2,1,0,0,0,3,2,1
810,tarapacá,1,del tamarugal,14,pozo almonte,1401,95,2,1,1,1,1,0,1,0,1
811,tarapacá,1,del tamarugal,14,pozo almonte,1401,96,2,0,2,1,0,1,1,0,1
812,tarapacá,1,del tamarugal,14,pozo almonte,1401,97,1,0,1,0,0,0,1,0,1
813,tarapacá,1,del tamarugal,14,pozo almonte,1401,98,0,0,0,0,0,0,0,0,0
814,tarapacá,1,del tamarugal,14,pozo almonte,1401,99,0,0,0,0,0,0,0,0,0
815,tarapacá,1,del tamarugal,14,pozo almonte,1401,100 o más,2,1,1,0,0,0,2,1,1
816,tarapacá,1,del tamarugal,14,camiña,1402,total comuna,1250,657,593,0,0,0,1250,657,593
817,tarapacá,1,del tamarugal,14,camiña,1402,0,17,9,8,0,0,0,17,9,8
818,tarapacá,1,del tamarugal,14,camiña,1402,1,14,9,5,0,0,0,14,9,5
819,tarapacá,1,del tamarugal,14,camiña,1402,2,13,6,7,0,0,0,13,6,7
820,tarapacá,1,del tamarugal,14,camiña,1402,3,25,10,15,0,0,0,25,10,15
821,tarapacá,1,del tamarugal,14,camiña,1402,4,22,16,6,0,0,0,22,16,6
822,tarapacá,1,del tamarugal,14,camiña,1402,5,13,4,9,0,0,0,13,4,9
823,tarapacá,1,del tamarugal,14,camiña,1402,6,24,10,14,0,0,0,24,10,14
824,tarapacá,1,del tamarugal,14,camiña,1402,7,20,10,10,0,0,0,20,10,10
825,tarapacá,1,del tamarugal,14,camiña,1402,8,23,9,14,0,0,0,23,9,14
826,tarapacá,1,del tamarugal,14,camiña,1402,9,21,10,11,0,0,0,21,10,11
827,tarapacá,1,del tamarugal,14,camiña,1402,10,16,8,8,0,0,0,16,8,8
828,tarapacá,1,del tamarugal,14,camiña,1402,11,18,8,10,0,0,0,18,8,10
829,tarapacá,1,del tamarugal,14,camiña,1402,12,19,8,11,0,0,0,19,8,11
830,tarapacá,1,del tamarugal,14,camiña,1402,13,12,6,6,0,0,0,12,6,6
831,tarapacá,1,del tamarugal,14,camiña,1402,14,18,10,8,0,0,0,18,10,8
832,tarapacá,1,del tamarugal,14,camiña,1402,15,15,10,5,0,0,0,15,10,5
833,tarapacá,1,del tamarugal,14,camiña,1402,16,14,8,6,0,0,0,14,8,6
834,tarapacá,1,del tamarugal,14,camiña,1402,17,26,11,15,0,0,0,26,11,15
835,tarapacá,1,del tamarugal,14,camiña,1402,18,20,9,11,0,0,0,20,9,11
836,tarapacá,1,del tamarugal,14,camiña,1402,19,16,8,8,0,0,0,16,8,8
837,tarapacá,1,del tamarugal,14,camiña,1402,20,13,9,4,0,0,0,13,9,4
838,tarapacá,1,del tamarugal,14,camiña,1402,21,21,9,12,0,0,0,21,9,12
839,tarapacá,1,del tamarugal,14,camiña,1402,22,19,10,9,0,0,0,19,10,9
840,tarapacá,1,del tamarugal,14,camiña,1402,23,19,11,8,0,0,0,19,11,8
841,tarapacá,1,del tamarugal,14,camiña,1402,24,10,3,7,0,0,0,10,3,7
842,tarapacá,1,del tamarugal,14,camiña,1402,25,17,10,7,0,0,0,17,10,7
843,tarapacá,1,del tamarugal,14,camiña,1402,26,20,11,9,0,0,0,20,11,9
844,tarapacá,1,del tamarugal,14,camiña,1402,27,14,8,6,0,0,0,14,8,6
845,tarapacá,1,del tamarugal,14,camiña,1402,28,15,5,10,0,0,0,15,5,10
846,tarapacá,1,del tamarugal,14,camiña,1402,29,19,10,9,0,0,0,19,10,9
847,tarapacá,1,del tamarugal,14,camiña,1402,30,18,12,6,0,0,0,18,12,6
848,tarapacá,1,del tamarugal,14,camiña,1402,31,23,10,13,0,0,0,23,10,13
849,tarapacá,1,del tamarugal,14,camiña,1402,32,7,5,2,0,0,0,7,5,2
850,tarapacá,1,del tamarugal,14,camiña,1402,33,13,9,4,0,0,0,13,9,4
851,tarapacá,1,del tamarugal,14,camiña,1402,34,10,5,5,0,0,0,10,5,5
852,tarapacá,1,del tamarugal,14,camiña,1402,35,16,4,12,0,0,0,16,4,12
853,tarapacá,1,del tamarugal,14,camiña,1402,36,16,8,8,0,0,0,16,8,8
854,tarapacá,1,del tamarugal,14,camiña,1402,37,12,7,5,0,0,0,12,7,5
855,tarapacá,1,del tamarugal,14,camiña,1402,38,11,4,7,0,0,0,11,4,7
856,tarapacá,1,del tamarugal,14,camiña,1402,39,8,2,6,0,0,0,8,2,6
857,tarapacá,1,del tamarugal,14,camiña,1402,40,21,13,8,0,0,0,21,13,8
858,tarapacá,1,del tamarugal,14,camiña,1402,41,15,9,6,0,0,0,15,9,6
859,tarapacá,1,del tamarugal,14,camiña,1402,42,14,10,4,0,0,0,14,10,4
860,tarapacá,1,del tamarugal,14,camiña,1402,43,20,11,9,0,0,0,20,11,9
861,tarapacá,1,del tamarugal,14,camiña,1402,44,20,12,8,0,0,0,20,12,8
862,tarapacá,1,del tamarugal,14,camiña,1402,45,18,8,10,0,0,0,18,8,10
863,tarapacá,1,del tamarugal,14,camiña,1402,46,26,10,16,0,0,0,26,10,16
864,tarapacá,1,del tamarugal,14,camiña,1402,47,13,11,2,0,0,0,13,11,2
865,tarapacá,1,del tamarugal,14,camiña,1402,48,6,4,2,0,0,0,6,4,2
866,tarapacá,1,del tamarugal,14,camiña,1402,49,20,11,9,0,0,0,20,11,9
867,tarapacá,1,del tamarugal,14,camiña,1402,50,19,9,10,0,0,0,19,9,10
868,tarapacá,1,del tamarugal,14,camiña,1402,51,18,11,7,0,0,0,18,11,7
869,tarapacá,1,del tamarugal,14,camiña,1402,52,14,7,7,0,0,0,14,7,7
870,tarapacá,1,del tamarugal,14,camiña,1402,53,15,8,7,0,0,0,15,8,7
871,tarapacá,1,del tamarugal,14,camiña,1402,54,16,10,6,0,0,0,16,10,6
872,tarapacá,1,del tamarugal,14,camiña,1402,55,17,9,8,0,0,0,17,9,8
873,tarapacá,1,del tamarugal,14,camiña,1402,56,18,13,5,0,0,0,18,13,5
874,tarapacá,1,del tamarugal,14,camiña,1402,57,6,1,5,0,0,0,6,1,5
875,tarapacá,1,del tamarugal,14,camiña,1402,58,16,7,9,0,0,0,16,7,9
876,tarapacá,1,del tamarugal,14,camiña,1402,59,14,10,4,0,0,0,14,10,4
877,tarapacá,1,del tamarugal,14,camiña,1402,60,17,11,6,0,0,0,17,11,6
878,tarapacá,1,del tamarugal,14,camiña,1402,61,9,6,3,0,0,0,9,6,3
879,tarapacá,1,del tamarugal,14,camiña,1402,62,15,6,9,0,0,0,15,6,9
880,tarapacá,1,del tamarugal,14,camiña,1402,63,10,7,3,0,0,0,10,7,3
881,tarapacá,1,del tamarugal,14,camiña,1402,64,10,4,6,0,0,0,10,4,6
882,tarapacá,1,del tamarugal,14,camiña,1402,65,11,8,3,0,0,0,11,8,3
883,tarapacá,1,del tamarugal,14,camiña,1402,66,15,7,8,0,0,0,15,7,8
884,tarapacá,1,del tamarugal,14,camiña,1402,67,8,5,3,0,0,0,8,5,3
885,tarapacá,1,del tamarugal,14,camiña,1402,68,10,5,5,0,0,0,10,5,5
886,tarapacá,1,del tamarugal,14,camiña,1402,69,8,2,6,0,0,0,8,2,6
887,tarapacá,1,del tamarugal,14,camiña,1402,70,14,8,6,0,0,0,14,8,6
888,tarapacá,1,del tamarugal,14,camiña,1402,71,7,4,3,0,0,0,7,4,3
889,tarapacá,1,del tamarugal,14,camiña,1402,72,5,3,2,0,0,0,5,3,2
890,tarapacá,1,del tamarugal,14,camiña,1402,73,17,11,6,0,0,0,17,11,6
891,tarapacá,1,del tamarugal,14,camiña,1402,74,7,2,5,0,0,0,7,2,5
892,tarapacá,1,del tamarugal,14,camiña,1402,75,6,1,5,0,0,0,6,1,5
893,tarapacá,1,del tamarugal,14,camiña,1402,76,8,4,4,0,0,0,8,4,4
894,tarapacá,1,del tamarugal,14,camiña,1402,77,11,7,4,0,0,0,11,7,4
895,tarapacá,1,del tamarugal,14,camiña,1402,78,11,6,5,0,0,0,11,6,5
896,tarapacá,1,del tamarugal,14,camiña,1402,79,6,3,3,0,0,0,6,3,3
897,tarapacá,1,del tamarugal,14,camiña,1402,80,6,1,5,0,0,0,6,1,5
898,tarapacá,1,del tamarugal,14,camiña,1402,81,7,6,1,0,0,0,7,6,1
899,tarapacá,1,del tamarugal,14,camiña,1402,82,6,3,3,0,0,0,6,3,3
900,tarapacá,1,del tamarugal,14,camiña,1402,83,4,3,1,0,0,0,4,3,1
901,tarapacá,1,del tamarugal,14,camiña,1402,84,5,3,2,0,0,0,5,3,2
902,tarapacá,1,del tamarugal,14,camiña,1402,85,2,1,1,0,0,0,2,1,1
903,tarapacá,1,del tamarugal,14,camiña,1402,86,5,5,0,0,0,0,5,5,0
904,tarapacá,1,del tamarugal,14,camiña,1402,87,4,3,1,0,0,0,4,3,1
905,tarapacá,1,del tamarugal,14,camiña,1402,88,1,1,0,0,0,0,1,1,0
906,tarapacá,1,del tamarugal,14,camiña,1402,89,1,0,1,0,0,0,1,0,1
907,tarapacá,1,del tamarugal,14,camiña,1402,90,1,0,1,0,0,0,1,0,1
908,tarapacá,1,del tamarugal,14,camiña,1402,91,1,0,1,0,0,0,1,0,1
909,tarapacá,1,del tamarugal,14,camiña,1402,92,3,2,1,0,0,0,3,2,1
910,tarapacá,1,del tamarugal,14,camiña,1402,93,1,1,0,0,0,0,1,1,0
911,tarapacá,1,del tamarugal,14,camiña,1402,94,1,0,1,0,0,0,1,0,1
912,tarapacá,1,del tamarugal,14,camiña,1402,95,0,0,0,0,0,0,0,0,0
913,tarapacá,1,del tamarugal,14,camiña,1402,96,2,2,0,0,0,0,2,2,0
914,tarapacá,1,del tamarugal,14,camiña,1402,97,0,0,0,0,0,0,0,0,0
915,tarapacá,1,del tamarugal,14,camiña,1402,98,0,0,0,0,0,0,0,0,0
916,tarapacá,1,del tamarugal,14,camiña,1402,99,1,0,1,0,0,0,1,0,1
917,tarapacá,1,del tamarugal,14,camiña,1402,100 o más,1,1,0,0,0,0,1,1,0
918,tarapacá,1,del tamarugal,14,colchane,1403,total comuna,1728,995,733,0,0,0,1728,995,733
919,tarapacá,1,del tamarugal,14,colchane,1403,0,17,8,9,0,0,0,17,8,9
920,tarapacá,1,del tamarugal,14,colchane,1403,1,17,10,7,0,0,0,17,10,7
921,tarapacá,1,del tamarugal,14,colchane,1403,2,18,7,11,0,0,0,18,7,11
922,tarapacá,1,del tamarugal,14,colchane,1403,3,15,11,4,0,0,0,15,11,4
923,tarapacá,1,del tamarugal,14,colchane,1403,4,16,5,11,0,0,0,16,5,11
924,tarapacá,1,del tamarugal,14,colchane,1403,5,17,10,7,0,0,0,17,10,7
925,tarapacá,1,del tamarugal,14,colchane,1403,6,16,6,10,0,0,0,16,6,10
926,tarapacá,1,del tamarugal,14,colchane,1403,7,11,7,4,0,0,0,11,7,4
927,tarapacá,1,del tamarugal,14,colchane,1403,8,14,8,6,0,0,0,14,8,6
928,tarapacá,1,del tamarugal,14,colchane,1403,9,22,12,10,0,0,0,22,12,10
929,tarapacá,1,del tamarugal,14,colchane,1403,10,16,4,12,0,0,0,16,4,12
930,tarapacá,1,del tamarugal,14,colchane,1403,11,17,12,5,0,0,0,17,12,5
931,tarapacá,1,del tamarugal,14,colchane,1403,12,20,9,11,0,0,0,20,9,11
932,tarapacá,1,del tamarugal,14,colchane,1403,13,16,4,12,0,0,0,16,4,12
933,tarapacá,1,del tamarugal,14,colchane,1403,14,20,13,7,0,0,0,20,13,7
934,tarapacá,1,del tamarugal,14,colchane,1403,15,15,9,6,0,0,0,15,9,6
935,tarapacá,1,del tamarugal,14,colchane,1403,16,20,11,9,0,0,0,20,11,9
936,tarapacá,1,del tamarugal,14,colchane,1403,17,29,22,7,0,0,0,29,22,7
937,tarapacá,1,del tamarugal,14,colchane,1403,18,26,14,12,0,0,0,26,14,12
938,tarapacá,1,del tamarugal,14,colchane,1403,19,22,15,7,0,0,0,22,15,7
939,tarapacá,1,del tamarugal,14,colchane,1403,20,30,22,8,0,0,0,30,22,8
940,tarapacá,1,del tamarugal,14,colchane,1403,21,31,21,10,0,0,0,31,21,10
941,tarapacá,1,del tamarugal,14,colchane,1403,22,32,20,12,0,0,0,32,20,12
942,tarapacá,1,del tamarugal,14,colchane,1403,23,28,16,12,0,0,0,28,16,12
943,tarapacá,1,del tamarugal,14,colchane,1403,24,38,19,19,0,0,0,38,19,19
944,tarapacá,1,del tamarugal,14,colchane,1403,25,45,23,22,0,0,0,45,23,22
945,tarapacá,1,del tamarugal,14,colchane,1403,26,46,33,13,0,0,0,46,33,13
946,tarapacá,1,del tamarugal,14,colchane,1403,27,35,27,8,0,0,0,35,27,8
947,tarapacá,1,del tamarugal,14,colchane,1403,28,35,21,14,0,0,0,35,21,14
948,tarapacá,1,del tamarugal,14,colchane,1403,29,32,18,14,0,0,0,32,18,14
949,tarapacá,1,del tamarugal,14,colchane,1403,30,27,19,8,0,0,0,27,19,8
950,tarapacá,1,del tamarugal,14,colchane,1403,31,28,16,12,0,0,0,28,16,12
951,tarapacá,1,del tamarugal,14,colchane,1403,32,36,24,12,0,0,0,36,24,12
952,tarapacá,1,del tamarugal,14,colchane,1403,33,31,23,8,0,0,0,31,23,8
953,tarapacá,1,del tamarugal,14,colchane,1403,34,25,16,9,0,0,0,25,16,9
954,tarapacá,1,del tamarugal,14,colchane,1403,35,31,17,14,0,0,0,31,17,14
955,tarapacá,1,del tamarugal,14,colchane,1403,36,37,21,16,0,0,0,37,21,16
956,tarapacá,1,del tamarugal,14,colchane,1403,37,29,17,12,0,0,0,29,17,12
957,tarapacá,1,del tamarugal,14,colchane,1403,38,20,13,7,0,0,0,20,13,7
958,tarapacá,1,del tamarugal,14,colchane,1403,39,26,15,11,0,0,0,26,15,11
959,tarapacá,1,del tamarugal,14,colchane,1403,40,22,13,9,0,0,0,22,13,9
960,tarapacá,1,del tamarugal,14,colchane,1403,41,21,13,8,0,0,0,21,13,8
961,tarapacá,1,del tamarugal,14,colchane,1403,42,24,15,9,0,0,0,24,15,9
962,tarapacá,1,del tamarugal,14,colchane,1403,43,28,16,12,0,0,0,28,16,12
963,tarapacá,1,del tamarugal,14,colchane,1403,44,26,20,6,0,0,0,26,20,6
964,tarapacá,1,del tamarugal,14,colchane,1403,45,18,14,4,0,0,0,18,14,4
965,tarapacá,1,del tamarugal,14,colchane,1403,46,23,10,13,0,0,0,23,10,13
966,tarapacá,1,del tamarugal,14,colchane,1403,47,23,14,9,0,0,0,23,14,9
967,tarapacá,1,del tamarugal,14,colchane,1403,48,21,13,8,0,0,0,21,13,8
968,tarapacá,1,del tamarugal,14,colchane,1403,49,21,7,14,0,0,0,21,7,14
969,tarapacá,1,del tamarugal,14,colchane,1403,50,24,9,15,0,0,0,24,9,15
970,tarapacá,1,del tamarugal,14,colchane,1403,51,22,9,13,0,0,0,22,9,13
971,tarapacá,1,del tamarugal,14,colchane,1403,52,19,9,10,0,0,0,19,9,10
972,tarapacá,1,del tamarugal,14,colchane,1403,53,24,11,13,0,0,0,24,11,13
973,tarapacá,1,del tamarugal,14,colchane,1403,54,15,10,5,0,0,0,15,10,5
974,tarapacá,1,del tamarugal,14,colchane,1403,55,15,8,7,0,0,0,15,8,7
975,tarapacá,1,del tamarugal,14,colchane,1403,56,25,11,14,0,0,0,25,11,14
976,tarapacá,1,del tamarugal,14,colchane,1403,57,20,13,7,0,0,0,20,13,7
977,tarapacá,1,del tamarugal,14,colchane,1403,58,15,8,7,0,0,0,15,8,7
978,tarapacá,1,del tamarugal,14,colchane,1403,59,13,3,10,0,0,0,13,3,10
979,tarapacá,1,del tamarugal,14,colchane,1403,60,24,16,8,0,0,0,24,16,8
980,tarapacá,1,del tamarugal,14,colchane,1403,61,14,11,3,0,0,0,14,11,3
981,tarapacá,1,del tamarugal,14,colchane,1403,62,16,11,5,0,0,0,16,11,5
982,tarapacá,1,del tamarugal,14,colchane,1403,63,29,11,18,0,0,0,29,11,18
983,tarapacá,1,del tamarugal,14,colchane,1403,64,11,10,1,0,0,0,11,10,1
984,tarapacá,1,del tamarugal,14,colchane,1403,65,11,6,5,0,0,0,11,6,5
985,tarapacá,1,del tamarugal,14,colchane,1403,66,23,11,12,0,0,0,23,11,12
986,tarapacá,1,del tamarugal,14,colchane,1403,67,16,8,8,0,0,0,16,8,8
987,tarapacá,1,del tamarugal,14,colchane,1403,68,13,5,8,0,0,0,13,5,8
988,tarapacá,1,del tamarugal,14,colchane,1403,69,14,9,5,0,0,0,14,9,5
989,tarapacá,1,del tamarugal,14,colchane,1403,70,14,6,8,0,0,0,14,6,8
990,tarapacá,1,del tamarugal,14,colchane,1403,71,11,7,4,0,0,0,11,7,4
991,tarapacá,1,del tamarugal,14,colchane,1403,72,14,8,6,0,0,0,14,8,6
992,tarapacá,1,del tamarugal,14,colchane,1403,73,9,5,4,0,0,0,9,5,4
993,tarapacá,1,del tamarugal,14,colchane,1403,74,7,3,4,0,0,0,7,3,4
994,tarapacá,1,del tamarugal,14,colchane,1403,75,14,10,4,0,0,0,14,10,4
995,tarapacá,1,del tamarugal,14,colchane,1403,76,11,6,5,0,0,0,11,6,5
996,tarapacá,1,del tamarugal,14,colchane,1403,77,6,3,3,0,0,0,6,3,3
997,tarapacá,1,del tamarugal,14,colchane,1403,78,7,4,3,0,0,0,7,4,3
998,tarapacá,1,del tamarugal,14,colchane,1403,79,4,4,0,0,0,0,4,4,0
999,tarapacá,1,del tamarugal,14,colchane,1403,80,2,0,2,0,0,0,2,0,2
1000,tarapacá,1,del tamarugal,14,colchane,1403,81,9,6,3,0,0,0,9,6,3
1001,tarapacá,1,del tamarugal,14,colchane,1403,82,3,2,1,0,0,0,3,2,1
1002,tarapacá,1,del tamarugal,14,colchane,1403,83,3,1,2,0,0,0,3,1,2
1003,tarapacá,1,del tamarugal,14,colchane,1403,84,2,0,2,0,0,0,2,0,2
1004,tarapacá,1,del tamarugal,14,colchane,1403,85,1,0,1,0,0,0,1,0,1
1005,tarapacá,1,del tamarugal,14,colchane,1403,86,4,3,1,0,0,0,4,3,1
1006,tarapacá,1,del tamarugal,14,colchane,1403,87,1,0,1,0,0,0,1,0,1
1007,tarapacá,1,del tamarugal,14,colchane,1403,88,2,2,0,0,0,0,2,2,0
1008,tarapacá,1,del tamarugal,14,colchane,1403,89,1,0,1,0,0,0,1,0,1
1009,tarapacá,1,del tamarugal,14,colchane,1403,90,2,2,0,0,0,0,2,2,0
1010,tarapacá,1,del tamarugal,14,colchane,1403,91,1,0,1,0,0,0,1,0,1
1011,tarapacá,1,del tamarugal,14,colchane,1403,92,1,0,1,0,0,0,1,0,1
1012,tarapacá,1,del tamarugal,14,colchane,1403,93,0,0,0,0,0,0,0,0,0
1013,tarapacá,1,del tamarugal,14,colchane,1403,94,1,0,1,0,0,0,1,0,1
1014,tarapacá,1,del tamarugal,14,colchane,1403,95,0,0,0,0,0,0,0,0,0
1015,tarapacá,1,del tamarugal,14,colchane,1403,96,0,0,0,0,0,0,0,0,0
1016,tarapacá,1,del tamarugal,14,colchane,1403,97,1,1,0,0,0,0,1,1,0
1017,tarapacá,1,del tamarugal,14,colchane,1403,98,1,0,1,0,0,0,1,0,1
1018,tarapacá,1,del tamarugal,14,colchane,1403,99,0,0,0,0,0,0,0,0,0
1019,tarapacá,1,del tamarugal,14,colchane,1403,100 o más,0,0,0,0,0,0,0,0,0
1020,tarapacá,1,del tamarugal,14,huara,1404,total comuna,2730,1501,1229,1109,600,509,1621,901,720
1021,tarapacá,1,del tamarugal,14,huara,1404,0,42,14,28,19,7,12,23,7,16
1022,tarapacá,1,del tamarugal,14,huara,1404,1,49,26,23,19,10,9,30,16,14
1023,tarapacá,1,del tamarugal,14,huara,1404,2,26,10,16,6,2,4,20,8,12
1024,tarapacá,1,del tamarugal,14,huara,1404,3,47,24,23,20,13,7,27,11,16
1025,tarapacá,1,del tamarugal,14,huara,1404,4,36,24,12,16,10,6,20,14,6
1026,tarapacá,1,del tamarugal,14,huara,1404,5,42,16,26,17,8,9,25,8,17
1027,tarapacá,1,del tamarugal,14,huara,1404,6,42,23,19,21,16,5,21,7,14
1028,tarapacá,1,del tamarugal,14,huara,1404,7,53,33,20,23,15,8,30,18,12
1029,tarapacá,1,del tamarugal,14,huara,1404,8,42,27,15,23,15,8,19,12,7
1030,tarapacá,1,del tamarugal,14,huara,1404,9,46,31,15,20,13,7,26,18,8
1031,tarapacá,1,del tamarugal,14,huara,1404,10,42,17,25,14,5,9,28,12,16
1032,tarapacá,1,del tamarugal,14,huara,1404,11,37,18,19,14,7,7,23,11,12
1033,tarapacá,1,del tamarugal,14,huara,1404,12,53,29,24,27,13,14,26,16,10
1034,tarapacá,1,del tamarugal,14,huara,1404,13,31,17,14,17,10,7,14,7,7
1035,tarapacá,1,del tamarugal,14,huara,1404,14,33,15,18,13,8,5,20,7,13
1036,tarapacá,1,del tamarugal,14,huara,1404,15,31,17,14,19,11,8,12,6,6
1037,tarapacá,1,del tamarugal,14,huara,1404,16,27,18,9,13,6,7,14,12,2
1038,tarapacá,1,del tamarugal,14,huara,1404,17,25,12,13,17,8,9,8,4,4
1039,tarapacá,1,del tamarugal,14,huara,1404,18,27,10,17,16,3,13,11,7,4
1040,tarapacá,1,del tamarugal,14,huara,1404,19,37,19,18,11,5,6,26,14,12
1041,tarapacá,1,del tamarugal,14,huara,1404,20,31,20,11,13,10,3,18,10,8
1042,tarapacá,1,del tamarugal,14,huara,1404,21,40,21,19,24,10,14,16,11,5
1043,tarapacá,1,del tamarugal,14,huara,1404,22,42,17,25,20,9,11,22,8,14
1044,tarapacá,1,del tamarugal,14,huara,1404,23,30,20,10,7,4,3,23,16,7
1045,tarapacá,1,del tamarugal,14,huara,1404,24,33,20,13,17,9,8,16,11,5
1046,tarapacá,1,del tamarugal,14,huara,1404,25,43,22,21,18,7,11,25,15,10
1047,tarapacá,1,del tamarugal,14,huara,1404,26,47,26,21,24,14,10,23,12,11
1048,tarapacá,1,del tamarugal,14,huara,1404,27,43,25,18,20,11,9,23,14,9
1049,tarapacá,1,del tamarugal,14,huara,1404,28,38,18,20,18,9,9,20,9,11
1050,tarapacá,1,del tamarugal,14,huara,1404,29,43,22,21,19,9,10,24,13,11
1051,tarapacá,1,del tamarugal,14,huara,1404,30,36,20,16,19,12,7,17,8,9
1052,tarapacá,1,del tamarugal,14,huara,1404,31,55,31,24,29,15,14,26,16,10
1053,tarapacá,1,del tamarugal,14,huara,1404,32,34,18,16,14,6,8,20,12,8
1054,tarapacá,1,del tamarugal,14,huara,1404,33,37,22,15,11,7,4,26,15,11
1055,tarapacá,1,del tamarugal,14,huara,1404,34,32,16,16,11,3,8,21,13,8
1056,tarapacá,1,del tamarugal,14,huara,1404,35,44,23,21,23,11,12,21,12,9
1057,tarapacá,1,del tamarugal,14,huara,1404,36,38,23,15,15,8,7,23,15,8
1058,tarapacá,1,del tamarugal,14,huara,1404,37,34,23,11,11,9,2,23,14,9
1059,tarapacá,1,del tamarugal,14,huara,1404,38,30,20,10,8,5,3,22,15,7
1060,tarapacá,1,del tamarugal,14,huara,1404,39,28,14,14,14,5,9,14,9,5
1061,tarapacá,1,del tamarugal,14,huara,1404,40,26,17,9,10,6,4,16,11,5
1062,tarapacá,1,del tamarugal,14,huara,1404,41,29,15,14,12,7,5,17,8,9
1063,tarapacá,1,del tamarugal,14,huara,1404,42,33,18,15,14,7,7,19,11,8
1064,tarapacá,1,del tamarugal,14,huara,1404,43,30,17,13,18,11,7,12,6,6
1065,tarapacá,1,del tamarugal,14,huara,1404,44,31,18,13,16,8,8,15,10,5
1066,tarapacá,1,del tamarugal,14,huara,1404,45,33,16,17,17,4,13,16,12,4
1067,tarapacá,1,del tamarugal,14,huara,1404,46,40,26,14,21,13,8,19,13,6
1068,tarapacá,1,del tamarugal,14,huara,1404,47,39,24,15,13,9,4,26,15,11
1069,tarapacá,1,del tamarugal,14,huara,1404,48,33,21,12,11,8,3,22,13,9
1070,tarapacá,1,del tamarugal,14,huara,1404,49,31,21,10,15,10,5,16,11,5
1071,tarapacá,1,del tamarugal,14,huara,1404,50,36,19,17,14,6,8,22,13,9
1072,tarapacá,1,del tamarugal,14,huara,1404,51,28,15,13,10,5,5,18,10,8
1073,tarapacá,1,del tamarugal,14,huara,1404,52,44,25,19,22,13,9,22,12,10
1074,tarapacá,1,del tamarugal,14,huara,1404,53,39,18,21,11,4,7,28,14,14
1075,tarapacá,1,del tamarugal,14,huara,1404,54,37,23,14,17,10,7,20,13,7
1076,tarapacá,1,del tamarugal,14,huara,1404,55,38,24,14,13,12,1,25,12,13
1077,tarapacá,1,del tamarugal,14,huara,1404,56,24,15,9,9,7,2,15,8,7
1078,tarapacá,1,del tamarugal,14,huara,1404,57,30,20,10,12,9,3,18,11,7
1079,tarapacá,1,del tamarugal,14,huara,1404,58,24,17,7,8,6,2,16,11,5
1080,tarapacá,1,del tamarugal,14,huara,1404,59,39,24,15,10,5,5,29,19,10
1081,tarapacá,1,del tamarugal,14,huara,1404,60,35,16,19,12,6,6,23,10,13
1082,tarapacá,1,del tamarugal,14,huara,1404,61,28,14,14,11,6,5,17,8,9
1083,tarapacá,1,del tamarugal,14,huara,1404,62,26,12,14,8,3,5,18,9,9
1084,tarapacá,1,del tamarugal,14,huara,1404,63,37,21,16,15,8,7,22,13,9
1085,tarapacá,1,del tamarugal,14,huara,1404,64,27,11,16,7,2,5,20,9,11
1086,tarapacá,1,del tamarugal,14,huara,1404,65,32,17,15,4,2,2,28,15,13
1087,tarapacá,1,del tamarugal,14,huara,1404,66,31,17,14,8,4,4,23,13,10
1088,tarapacá,1,del tamarugal,14,huara,1404,67,20,16,4,1,1,0,19,15,4
1089,tarapacá,1,del tamarugal,14,huara,1404,68,31,15,16,12,6,6,19,9,10
1090,tarapacá,1,del tamarugal,14,huara,1404,69,22,12,10,11,5,6,11,7,4
1091,tarapacá,1,del tamarugal,14,huara,1404,70,18,9,9,4,3,1,14,6,8
1092,tarapacá,1,del tamarugal,14,huara,1404,71,23,11,12,8,5,3,15,6,9
1093,tarapacá,1,del tamarugal,14,huara,1404,72,23,12,11,5,3,2,18,9,9
1094,tarapacá,1,del tamarugal,14,huara,1404,73,13,10,3,5,5,0,8,5,3
1095,tarapacá,1,del tamarugal,14,huara,1404,74,23,10,13,2,1,1,21,9,12
1096,tarapacá,1,del tamarugal,14,huara,1404,75,15,12,3,3,1,2,12,11,1
1097,tarapacá,1,del tamarugal,14,huara,1404,76,12,6,6,2,2,0,10,4,6
1098,tarapacá,1,del tamarugal,14,huara,1404,77,17,12,5,8,6,2,9,6,3
1099,tarapacá,1,del tamarugal,14,huara,1404,78,16,7,9,3,2,1,13,5,8
1100,tarapacá,1,del tamarugal,14,huara,1404,79,10,7,3,0,0,0,10,7,3
1101,tarapacá,1,del tamarugal,14,huara,1404,80,5,1,4,1,0,1,4,1,3
1102,tarapacá,1,del tamarugal,14,huara,1404,81,6,3,3,4,2,2,2,1,1
1103,tarapacá,1,del tamarugal,14,huara,1404,82,13,7,6,3,1,2,10,6,4
1104,tarapacá,1,del tamarugal,14,huara,1404,83,8,6,2,0,0,0,8,6,2
1105,tarapacá,1,del tamarugal,14,huara,1404,84,4,3,1,1,1,0,3,2,1
1106,tarapacá,1,del tamarugal,14,huara,1404,85,8,4,4,5,2,3,3,2,1
1107,tarapacá,1,del tamarugal,14,huara,1404,86,5,3,2,2,1,1,3,2,1
1108,tarapacá,1,del tamarugal,14,huara,1404,87,8,4,4,3,1,2,5,3,2
1109,tarapacá,1,del tamarugal,14,huara,1404,88,3,0,3,2,0,2,1,0,1
1110,tarapacá,1,del tamarugal,14,huara,1404,89,4,1,3,2,0,2,2,1,1
1111,tarapacá,1,del tamarugal,14,huara,1404,90,4,1,3,1,1,0,3,0,3
1112,tarapacá,1,del tamarugal,14,huara,1404,91,2,1,1,1,1,0,1,0,1
1113,tarapacá,1,del tamarugal,14,huara,1404,92,4,2,2,1,0,1,3,2,1
1114,tarapacá,1,del tamarugal,14,huara,1404,93,1,1,0,0,0,0,1,1,0
1115,tarapacá,1,del tamarugal,14,huara,1404,94,1,1,0,0,0,0,1,1,0
1116,tarapacá,1,del tamarugal,14,huara,1404,95,2,1,1,1,1,0,1,0,1
1117,tarapacá,1,del tamarugal,14,huara,1404,96,2,0,2,0,0,0,2,0,2
1118,tarapacá,1,del tamarugal,14,huara,1404,97,0,0,0,0,0,0,0,0,0
1119,tarapacá,1,del tamarugal,14,huara,1404,98,0,0,0,0,0,0,0,0,0
1120,tarapacá,1,del tamarugal,14,huara,1404,99,0,0,0,0,0,0,0,0,0
1121,tarapacá,1,del tamarugal,14,huara,1404,100 o más,1,1,0,0,0,0,1,1,0
1122,tarapacá,1,del tamarugal,14,pica,1405,total comuna,9296,6550,2746,3912,1924,1988,5384,4626,758
1123,tarapacá,1,del tamarugal,14,pica,1405,0,71,41,30,52,28,24,19,13,6
1124,tarapacá,1,del tamarugal,14,pica,1405,1,79,40,39,68,34,34,11,6,5
1125,tarapacá,1,del tamarugal,14,pica,1405,2,84,46,38,66,35,31,18,11,7
1126,tarapacá,1,del tamarugal,14,pica,1405,3,83,33,50,65,24,41,18,9,9
1127,tarapacá,1,del tamarugal,14,pica,1405,4,78,36,42,65,31,34,13,5,8
1128,tarapacá,1,del tamarugal,14,pica,1405,5,88,49,39,71,43,28,17,6,11
1129,tarapacá,1,del tamarugal,14,pica,1405,6,86,48,38,74,42,32,12,6,6
1130,tarapacá,1,del tamarugal,14,pica,1405,7,81,41,40,67,34,33,14,7,7
1131,tarapacá,1,del tamarugal,14,pica,1405,8,69,31,38,59,26,33,10,5,5
1132,tarapacá,1,del tamarugal,14,pica,1405,9,90,54,36,78,47,31,12,7,5
1133,tarapacá,1,del tamarugal,14,pica,1405,10,68,29,39,59,26,33,9,3,6
1134,tarapacá,1,del tamarugal,14,pica,1405,11,80,41,39,66,36,30,14,5,9
1135,tarapacá,1,del tamarugal,14,pica,1405,12,69,42,27,54,35,19,15,7,8
1136,tarapacá,1,del tamarugal,14,pica,1405,13,65,36,29,50,30,20,15,6,9
1137,tarapacá,1,del tamarugal,14,pica,1405,14,72,35,37,59,28,31,13,7,6
1138,tarapacá,1,del tamarugal,14,pica,1405,15,65,37,28,53,31,22,12,6,6
1139,tarapacá,1,del tamarugal,14,pica,1405,16,71,31,40,58,22,36,13,9,4
1140,tarapacá,1,del tamarugal,14,pica,1405,17,74,40,34,61,35,26,13,5,8
1141,tarapacá,1,del tamarugal,14,pica,1405,18,59,33,26,31,11,20,28,22,6
1142,tarapacá,1,del tamarugal,14,pica,1405,19,64,37,27,37,21,16,27,16,11
1143,tarapacá,1,del tamarugal,14,pica,1405,20,63,37,26,35,17,18,28,20,8
1144,tarapacá,1,del tamarugal,14,pica,1405,21,79,51,28,50,28,22,29,23,6
1145,tarapacá,1,del tamarugal,14,pica,1405,22,101,60,41,61,28,33,40,32,8
1146,tarapacá,1,del tamarugal,14,pica,1405,23,86,57,29,45,21,24,41,36,5
1147,tarapacá,1,del tamarugal,14,pica,1405,24,137,86,51,56,20,36,81,66,15
1148,tarapacá,1,del tamarugal,14,pica,1405,25,158,99,59,63,21,42,95,78,17
1149,tarapacá,1,del tamarugal,14,pica,1405,26,178,123,55,55,22,33,123,101,22
1150,tarapacá,1,del tamarugal,14,pica,1405,27,244,173,71,79,36,43,165,137,28
1151,tarapacá,1,del tamarugal,14,pica,1405,28,218,159,59,62,27,35,156,132,24
1152,tarapacá,1,del tamarugal,14,pica,1405,29,227,186,41,56,25,31,171,161,10
1153,tarapacá,1,del tamarugal,14,pica,1405,30,210,164,46,54,30,24,156,134,22
1154,tarapacá,1,del tamarugal,14,pica,1405,31,239,182,57,70,34,36,169,148,21
1155,tarapacá,1,del tamarugal,14,pica,1405,32,217,177,40,51,31,20,166,146,20
1156,tarapacá,1,del tamarugal,14,pica,1405,33,239,188,51,67,34,33,172,154,18
1157,tarapacá,1,del tamarugal,14,pica,1405,34,225,191,34,49,26,23,176,165,11
1158,tarapacá,1,del tamarugal,14,pica,1405,35,237,195,42,53,24,29,184,171,13
1159,tarapacá,1,del tamarugal,14,pica,1405,36,234,191,43,53,23,30,181,168,13
1160,tarapacá,1,del tamarugal,14,pica,1405,37,203,162,41,52,26,26,151,136,15
1161,tarapacá,1,del tamarugal,14,pica,1405,38,211,177,34,44,24,20,167,153,14
1162,tarapacá,1,del tamarugal,14,pica,1405,39,220,182,38,42,21,21,178,161,17
1163,tarapacá,1,del tamarugal,14,pica,1405,40,200,166,34,53,32,21,147,134,13
1164,tarapacá,1,del tamarugal,14,pica,1405,41,195,160,35,35,15,20,160,145,15
1165,tarapacá,1,del tamarugal,14,pica,1405,42,191,156,35,55,26,29,136,130,6
1166,tarapacá,1,del tamarugal,14,pica,1405,43,224,185,39,49,22,27,175,163,12
1167,tarapacá,1,del tamarugal,14,pica,1405,44,193,160,33,42,18,24,151,142,9
1168,tarapacá,1,del tamarugal,14,pica,1405,45,207,174,33,37,15,22,170,159,11
1169,tarapacá,1,del tamarugal,14,pica,1405,46,208,160,48,51,17,34,157,143,14
1170,tarapacá,1,del tamarugal,14,pica,1405,47,181,142,39,40,18,22,141,124,17
1171,tarapacá,1,del tamarugal,14,pica,1405,48,168,131,37,58,33,25,110,98,12
1172,tarapacá,1,del tamarugal,14,pica,1405,49,149,121,28,37,24,13,112,97,15
1173,tarapacá,1,del tamarugal,14,pica,1405,50,154,123,31,41,20,21,113,103,10
1174,tarapacá,1,del tamarugal,14,pica,1405,51,144,123,21,42,27,15,102,96,6
1175,tarapacá,1,del tamarugal,14,pica,1405,52,116,91,25,37,23,14,79,68,11
1176,tarapacá,1,del tamarugal,14,pica,1405,53,118,92,26,34,16,18,84,76,8
1177,tarapacá,1,del tamarugal,14,pica,1405,54,119,88,31,45,26,19,74,62,12
1178,tarapacá,1,del tamarugal,14,pica,1405,55,102,76,26,41,22,19,61,54,7
1179,tarapacá,1,del tamarugal,14,pica,1405,56,109,71,38,46,20,26,63,51,12
1180,tarapacá,1,del tamarugal,14,pica,1405,57,95,67,28,38,18,20,57,49,8
1181,tarapacá,1,del tamarugal,14,pica,1405,58,85,54,31,39,21,18,46,33,13
1182,tarapacá,1,del tamarugal,14,pica,1405,59,84,56,28,41,16,25,43,40,3
1183,tarapacá,1,del tamarugal,14,pica,1405,60,81,50,31,38,16,22,43,34,9
1184,tarapacá,1,del tamarugal,14,pica,1405,61,58,36,22,40,19,21,18,17,1
1185,tarapacá,1,del tamarugal,14,pica,1405,62,67,44,23,45,27,18,22,17,5
1186,tarapacá,1,del tamarugal,14,pica,1405,63,62,41,21,46,27,19,16,14,2
1187,tarapacá,1,del tamarugal,14,pica,1405,64,61,37,24,43,23,20,18,14,4
1188,tarapacá,1,del tamarugal,14,pica,1405,65,55,29,26,41,18,23,14,11,3
1189,tarapacá,1,del tamarugal,14,pica,1405,66,64,33,31,51,24,27,13,9,4
1190,tarapacá,1,del tamarugal,14,pica,1405,67,44,22,22,35,19,16,9,3,6
1191,tarapacá,1,del tamarugal,14,pica,1405,68,44,21,23,33,16,17,11,5,6
1192,tarapacá,1,del tamarugal,14,pica,1405,69,30,10,20,23,6,17,7,4,3
1193,tarapacá,1,del tamarugal,14,pica,1405,70,38,21,17,32,18,14,6,3,3
1194,tarapacá,1,del tamarugal,14,pica,1405,71,40,20,20,25,11,14,15,9,6
1195,tarapacá,1,del tamarugal,14,pica,1405,72,34,16,18,30,14,16,4,2,2
1196,tarapacá,1,del tamarugal,14,pica,1405,73,37,20,17,25,14,11,12,6,6
1197,tarapacá,1,del tamarugal,14,pica,1405,74,25,14,11,19,11,8,6,3,3
1198,tarapacá,1,del tamarugal,14,pica,1405,75,28,12,16,22,10,12,6,2,4
1199,tarapacá,1,del tamarugal,14,pica,1405,76,33,14,19,26,11,15,7,3,4
1200,tarapacá,1,del tamarugal,14,pica,1405,77,33,17,16,25,12,13,8,5,3
1201,tarapacá,1,del tamarugal,14,pica,1405,78,18,7,11,13,6,7,5,1,4
1202,tarapacá,1,del tamarugal,14,pica,1405,79,20,8,12,16,6,10,4,2,2
1203,tarapacá,1,del tamarugal,14,pica,1405,80,19,4,15,17,4,13,2,0,2
1204,tarapacá,1,del tamarugal,14,pica,1405,81,21,6,15,18,4,14,3,2,1
1205,tarapacá,1,del tamarugal,14,pica,1405,82,14,9,5,10,6,4,4,3,1
1206,tarapacá,1,del tamarugal,14,pica,1405,83,11,5,6,9,4,5,2,1,1
1207,tarapacá,1,del tamarugal,14,pica,1405,84,8,3,5,8,3,5,0,0,0
1208,tarapacá,1,del tamarugal,14,pica,1405,85,13,6,7,11,5,6,2,1,1
1209,tarapacá,1,del tamarugal,14,pica,1405,86,8,3,5,7,3,4,1,0,1
1210,tarapacá,1,del tamarugal,14,pica,1405,87,6,2,4,5,2,3,1,0,1
1211,tarapacá,1,del tamarugal,14,pica,1405,88,11,5,6,8,4,4,3,1,2
1212,tarapacá,1,del tamarugal,14,pica,1405,89,16,5,11,14,3,11,2,2,0
1213,tarapacá,1,del tamarugal,14,pica,1405,90,5,3,2,4,2,2,1,1,0
1214,tarapacá,1,del tamarugal,14,pica,1405,91,5,3,2,5,3,2,0,0,0
1215,tarapacá,1,del tamarugal,14,pica,1405,92,7,4,3,6,4,2,1,0,1
1216,tarapacá,1,del tamarugal,14,pica,1405,93,1,1,0,1,1,0,0,0,0
1217,tarapacá,1,del tamarugal,14,pica,1405,94,3,0,3,2,0,2,1,0,1
1218,tarapacá,1,del tamarugal,14,pica,1405,95,3,2,1,2,1,1,1,1,0
1219,tarapacá,1,del tamarugal,14,pica,1405,96,2,0,2,2,0,2,0,0,0
1220,tarapacá,1,del tamarugal,14,pica,1405,97,1,0,1,0,0,0,1,0,1
1221,tarapacá,1,del tamarugal,14,pica,1405,98,1,0,1,1,0,1,0,0,0
1222,tarapacá,1,del tamarugal,14,pica,1405,99,2,1,1,2,1,1,0,0,0
1223,tarapacá,1,del tamarugal,14,pica,1405,100 o más,3,0,3,1,0,1,2,0,2
1224,antofagasta,2,antofagasta,21,antofagasta,2101,total comuna,361873,181846,180027,354104,174940,179164,7769,6906,863
1225,antofagasta,2,antofagasta,21,antofagasta,2101,0,4741,2423,2318,4729,2418,2311,12,5,7
1226,antofagasta,2,antofagasta,21,antofagasta,2101,1,5082,2573,2509,5064,2563,2501,18,10,8
1227,antofagasta,2,antofagasta,21,antofagasta,2101,2,5154,2627,2527,5139,2624,2515,15,3,12
1228,antofagasta,2,antofagasta,21,antofagasta,2101,3,5090,2565,2525,5076,2558,2518,14,7,7
1229,antofagasta,2,antofagasta,21,antofagasta,2101,4,5170,2627,2543,5159,2621,2538,11,6,5
1230,antofagasta,2,antofagasta,21,antofagasta,2101,5,5147,2604,2543,5135,2597,2538,12,7,5
1231,antofagasta,2,antofagasta,21,antofagasta,2101,6,5466,2804,2662,5451,2794,2657,15,10,5
1232,antofagasta,2,antofagasta,21,antofagasta,2101,7,5481,2804,2677,5465,2795,2670,16,9,7
1233,antofagasta,2,antofagasta,21,antofagasta,2101,8,5261,2648,2613,5253,2644,2609,8,4,4
1234,antofagasta,2,antofagasta,21,antofagasta,2101,9,5249,2721,2528,5235,2714,2521,14,7,7
1235,antofagasta,2,antofagasta,21,antofagasta,2101,10,5107,2620,2487,5096,2614,2482,11,6,5
1236,antofagasta,2,antofagasta,21,antofagasta,2101,11,4871,2529,2342,4860,2526,2334,11,3,8
1237,antofagasta,2,antofagasta,21,antofagasta,2101,12,4756,2372,2384,4744,2366,2378,12,6,6
1238,antofagasta,2,antofagasta,21,antofagasta,2101,13,4760,2439,2321,4752,2434,2318,8,5,3
1239,antofagasta,2,antofagasta,21,antofagasta,2101,14,4925,2502,2423,4913,2496,2417,12,6,6
1240,antofagasta,2,antofagasta,21,antofagasta,2101,15,5063,2635,2428,5052,2631,2421,11,4,7
1241,antofagasta,2,antofagasta,21,antofagasta,2101,16,5121,2609,2512,5110,2601,2509,11,8,3
1242,antofagasta,2,antofagasta,21,antofagasta,2101,17,5360,2800,2560,5345,2792,2553,15,8,7
1243,antofagasta,2,antofagasta,21,antofagasta,2101,18,5741,2943,2798,5701,2918,2783,40,25,15
1244,antofagasta,2,antofagasta,21,antofagasta,2101,19,5945,3159,2786,5887,3116,2771,58,43,15
1245,antofagasta,2,antofagasta,21,antofagasta,2101,20,6484,3392,3092,6409,3325,3084,75,67,8
1246,antofagasta,2,antofagasta,21,antofagasta,2101,21,6488,3272,3216,6387,3176,3211,101,96,5
1247,antofagasta,2,antofagasta,21,antofagasta,2101,22,6644,3415,3229,6515,3299,3216,129,116,13
1248,antofagasta,2,antofagasta,21,antofagasta,2101,23,6639,3406,3233,6506,3289,3217,133,117,16
1249,antofagasta,2,antofagasta,21,antofagasta,2101,24,6828,3530,3298,6673,3387,3286,155,143,12
1250,antofagasta,2,antofagasta,21,antofagasta,2101,25,6749,3461,3288,6590,3325,3265,159,136,23
1251,antofagasta,2,antofagasta,21,antofagasta,2101,26,6933,3630,3303,6751,3470,3281,182,160,22
1252,antofagasta,2,antofagasta,21,antofagasta,2101,27,7159,3694,3465,6923,3486,3437,236,208,28
1253,antofagasta,2,antofagasta,21,antofagasta,2101,28,6763,3561,3202,6530,3366,3164,233,195,38
1254,antofagasta,2,antofagasta,21,antofagasta,2101,29,6528,3419,3109,6279,3200,3079,249,219,30
1255,antofagasta,2,antofagasta,21,antofagasta,2101,30,6432,3301,3131,6192,3094,3098,240,207,33
1256,antofagasta,2,antofagasta,21,antofagasta,2101,31,6002,3117,2885,5767,2900,2867,235,217,18
1257,antofagasta,2,antofagasta,21,antofagasta,2101,32,5971,3142,2829,5721,2914,2807,250,228,22
1258,antofagasta,2,antofagasta,21,antofagasta,2101,33,5515,2920,2595,5266,2687,2579,249,233,16
1259,antofagasta,2,antofagasta,21,antofagasta,2101,34,5712,2872,2840,5460,2643,2817,252,229,23
1260,antofagasta,2,antofagasta,21,antofagasta,2101,35,5989,3076,2913,5744,2846,2898,245,230,15
1261,antofagasta,2,antofagasta,21,antofagasta,2101,36,5690,2853,2837,5478,2659,2819,212,194,18
1262,antofagasta,2,antofagasta,21,antofagasta,2101,37,5532,2799,2733,5317,2598,2719,215,201,14
1263,antofagasta,2,antofagasta,21,antofagasta,2101,38,5245,2670,2575,5010,2453,2557,235,217,18
1264,antofagasta,2,antofagasta,21,antofagasta,2101,39,5187,2633,2554,4972,2438,2534,215,195,20
1265,antofagasta,2,antofagasta,21,antofagasta,2101,40,5299,2671,2628,5079,2477,2602,220,194,26
1266,antofagasta,2,antofagasta,21,antofagasta,2101,41,5225,2688,2537,4997,2479,2518,228,209,19
1267,antofagasta,2,antofagasta,21,antofagasta,2101,42,5361,2697,2664,5159,2515,2644,202,182,20
1268,antofagasta,2,antofagasta,21,antofagasta,2101,43,5467,2811,2656,5217,2585,2632,250,226,24
1269,antofagasta,2,antofagasta,21,antofagasta,2101,44,5475,2751,2724,5245,2538,2707,230,213,17
1270,antofagasta,2,antofagasta,21,antofagasta,2101,45,5127,2606,2521,4908,2409,2499,219,197,22
1271,antofagasta,2,antofagasta,21,antofagasta,2101,46,4928,2570,2358,4713,2373,2340,215,197,18
1272,antofagasta,2,antofagasta,21,antofagasta,2101,47,4623,2310,2313,4461,2160,2301,162,150,12
1273,antofagasta,2,antofagasta,21,antofagasta,2101,48,4384,2223,2161,4231,2089,2142,153,134,19
1274,antofagasta,2,antofagasta,21,antofagasta,2101,49,4314,2153,2161,4149,2000,2149,165,153,12
1275,antofagasta,2,antofagasta,21,antofagasta,2101,50,4153,2131,2022,4018,2008,2010,135,123,12
1276,antofagasta,2,antofagasta,21,antofagasta,2101,51,4304,2194,2110,4147,2047,2100,157,147,10
1277,antofagasta,2,antofagasta,21,antofagasta,2101,52,4293,2125,2168,4155,1998,2157,138,127,11
1278,antofagasta,2,antofagasta,21,antofagasta,2101,53,4267,2153,2114,4121,2022,2099,146,131,15
1279,antofagasta,2,antofagasta,21,antofagasta,2101,54,4361,2142,2219,4233,2026,2207,128,116,12
1280,antofagasta,2,antofagasta,21,antofagasta,2101,55,4089,2009,2080,3980,1904,2076,109,105,4
1281,antofagasta,2,antofagasta,21,antofagasta,2101,56,3993,1959,2034,3900,1878,2022,93,81,12
1282,antofagasta,2,antofagasta,21,antofagasta,2101,57,3680,1791,1889,3602,1722,1880,78,69,9
1283,antofagasta,2,antofagasta,21,antofagasta,2101,58,3578,1749,1829,3504,1686,1818,74,63,11
1284,antofagasta,2,antofagasta,21,antofagasta,2101,59,3583,1803,1780,3522,1749,1773,61,54,7
1285,antofagasta,2,antofagasta,21,antofagasta,2101,60,3351,1625,1726,3292,1575,1717,59,50,9
1286,antofagasta,2,antofagasta,21,antofagasta,2101,61,3173,1609,1564,3138,1576,1562,35,33,2
1287,antofagasta,2,antofagasta,21,antofagasta,2101,62,2933,1440,1493,2897,1408,1489,36,32,4
1288,antofagasta,2,antofagasta,21,antofagasta,2101,63,2796,1361,1435,2765,1333,1432,31,28,3
1289,antofagasta,2,antofagasta,21,antofagasta,2101,64,2601,1200,1401,2584,1184,1400,17,16,1
1290,antofagasta,2,antofagasta,21,antofagasta,2101,65,2303,1109,1194,2288,1097,1191,15,12,3
1291,antofagasta,2,antofagasta,21,antofagasta,2101,66,2178,1000,1178,2168,992,1176,10,8,2
1292,antofagasta,2,antofagasta,21,antofagasta,2101,67,2105,983,1122,2093,973,1120,12,10,2
1293,antofagasta,2,antofagasta,21,antofagasta,2101,68,1817,859,958,1806,849,957,11,10,1
1294,antofagasta,2,antofagasta,21,antofagasta,2101,69,1821,817,1004,1814,810,1004,7,7,0
1295,antofagasta,2,antofagasta,21,antofagasta,2101,70,1641,746,895,1636,742,894,5,4,1
1296,antofagasta,2,antofagasta,21,antofagasta,2101,71,1561,712,849,1555,707,848,6,5,1
1297,antofagasta,2,antofagasta,21,antofagasta,2101,72,1400,614,786,1394,609,785,6,5,1
1298,antofagasta,2,antofagasta,21,antofagasta,2101,73,1400,569,831,1396,565,831,4,4,0
1299,antofagasta,2,antofagasta,21,antofagasta,2101,74,1289,551,738,1286,549,737,3,2,1
1300,antofagasta,2,antofagasta,21,antofagasta,2101,75,1201,504,697,1197,501,696,4,3,1
1301,antofagasta,2,antofagasta,21,antofagasta,2101,76,1062,428,634,1061,427,634,1,1,0
1302,antofagasta,2,antofagasta,21,antofagasta,2101,77,991,387,604,986,383,603,5,4,1
1303,antofagasta,2,antofagasta,21,antofagasta,2101,78,875,335,540,873,335,538,2,0,2
1304,antofagasta,2,antofagasta,21,antofagasta,2101,79,839,312,527,839,312,527,0,0,0
1305,antofagasta,2,antofagasta,21,antofagasta,2101,80,751,285,466,747,281,466,4,4,0
1306,antofagasta,2,antofagasta,21,antofagasta,2101,81,727,266,461,723,263,460,4,3,1
1307,antofagasta,2,antofagasta,21,antofagasta,2101,82,598,231,367,597,230,367,1,1,0
1308,antofagasta,2,antofagasta,21,antofagasta,2101,83,519,183,336,518,183,335,1,0,1
1309,antofagasta,2,antofagasta,21,antofagasta,2101,84,514,166,348,514,166,348,0,0,0
1310,antofagasta,2,antofagasta,21,antofagasta,2101,85,503,177,326,502,176,326,1,1,0
1311,antofagasta,2,antofagasta,21,antofagasta,2101,86,489,150,339,488,149,339,1,1,0
1312,antofagasta,2,antofagasta,21,antofagasta,2101,87,387,102,285,387,102,285,0,0,0
1313,antofagasta,2,antofagasta,21,antofagasta,2101,88,308,91,217,308,91,217,0,0,0
1314,antofagasta,2,antofagasta,21,antofagasta,2101,89,288,73,215,287,72,215,1,1,0
1315,antofagasta,2,antofagasta,21,antofagasta,2101,90,227,64,163,227,64,163,0,0,0
1316,antofagasta,2,antofagasta,21,antofagasta,2101,91,162,50,112,162,50,112,0,0,0
1317,antofagasta,2,antofagasta,21,antofagasta,2101,92,146,39,107,146,39,107,0,0,0
1318,antofagasta,2,antofagasta,21,antofagasta,2101,93,96,18,78,96,18,78,0,0,0
1319,antofagasta,2,antofagasta,21,antofagasta,2101,94,84,25,59,84,25,59,0,0,0
1320,antofagasta,2,antofagasta,21,antofagasta,2101,95,48,7,41,48,7,41,0,0,0
1321,antofagasta,2,antofagasta,21,antofagasta,2101,96,55,6,49,55,6,49,0,0,0
1322,antofagasta,2,antofagasta,21,antofagasta,2101,97,37,10,27,37,10,27,0,0,0
1323,antofagasta,2,antofagasta,21,antofagasta,2101,98,17,2,15,17,2,15,0,0,0
1324,antofagasta,2,antofagasta,21,antofagasta,2101,99,18,5,13,18,5,13,0,0,0
1325,antofagasta,2,antofagasta,21,antofagasta,2101,100 o más,78,32,46,78,32,46,0,0,0
1326,antofagasta,2,antofagasta,21,mejillones,2102,total comuna,13467,8035,5432,12954,7704,5250,513,331,182
1327,antofagasta,2,antofagasta,21,mejillones,2102,0,164,65,99,159,64,95,5,1,4
1328,antofagasta,2,antofagasta,21,mejillones,2102,1,205,107,98,198,104,94,7,3,4
1329,antofagasta,2,antofagasta,21,mejillones,2102,2,186,97,89,182,94,88,4,3,1
1330,antofagasta,2,antofagasta,21,mejillones,2102,3,173,101,72,164,97,67,9,4,5
1331,antofagasta,2,antofagasta,21,mejillones,2102,4,177,92,85,170,87,83,7,5,2
1332,antofagasta,2,antofagasta,21,mejillones,2102,5,195,103,92,189,99,90,6,4,2
1333,antofagasta,2,antofagasta,21,mejillones,2102,6,175,90,85,170,88,82,5,2,3
1334,antofagasta,2,antofagasta,21,mejillones,2102,7,205,109,96,201,109,92,4,0,4
1335,antofagasta,2,antofagasta,21,mejillones,2102,8,168,87,81,164,86,78,4,1,3
1336,antofagasta,2,antofagasta,21,mejillones,2102,9,155,81,74,149,79,70,6,2,4
1337,antofagasta,2,antofagasta,21,mejillones,2102,10,150,64,86,143,61,82,7,3,4
1338,antofagasta,2,antofagasta,21,mejillones,2102,11,159,89,70,154,87,67,5,2,3
1339,antofagasta,2,antofagasta,21,mejillones,2102,12,166,91,75,162,88,74,4,3,1
1340,antofagasta,2,antofagasta,21,mejillones,2102,13,174,90,84,167,86,81,7,4,3
1341,antofagasta,2,antofagasta,21,mejillones,2102,14,186,89,97,184,87,97,2,2,0
1342,antofagasta,2,antofagasta,21,mejillones,2102,15,140,76,64,138,75,63,2,1,1
1343,antofagasta,2,antofagasta,21,mejillones,2102,16,137,68,69,134,68,66,3,0,3
1344,antofagasta,2,antofagasta,21,mejillones,2102,17,172,91,81,168,90,78,4,1,3
1345,antofagasta,2,antofagasta,21,mejillones,2102,18,157,76,81,151,73,78,6,3,3
1346,antofagasta,2,antofagasta,21,mejillones,2102,19,187,86,101,185,84,101,2,2,0
1347,antofagasta,2,antofagasta,21,mejillones,2102,20,196,111,85,194,109,85,2,2,0
1348,antofagasta,2,antofagasta,21,mejillones,2102,21,199,123,76,192,121,71,7,2,5
1349,antofagasta,2,antofagasta,21,mejillones,2102,22,202,108,94,188,97,91,14,11,3
1350,antofagasta,2,antofagasta,21,mejillones,2102,23,228,119,109,216,111,105,12,8,4
1351,antofagasta,2,antofagasta,21,mejillones,2102,24,272,152,120,265,147,118,7,5,2
1352,antofagasta,2,antofagasta,21,mejillones,2102,25,277,174,103,267,169,98,10,5,5
1353,antofagasta,2,antofagasta,21,mejillones,2102,26,293,178,115,285,174,111,8,4,4
1354,antofagasta,2,antofagasta,21,mejillones,2102,27,312,191,121,299,180,119,13,11,2
1355,antofagasta,2,antofagasta,21,mejillones,2102,28,291,176,115,286,172,114,5,4,1
1356,antofagasta,2,antofagasta,21,mejillones,2102,29,259,165,94,251,160,91,8,5,3
1357,antofagasta,2,antofagasta,21,mejillones,2102,30,265,171,94,255,166,89,10,5,5
1358,antofagasta,2,antofagasta,21,mejillones,2102,31,248,147,101,241,142,99,7,5,2
1359,antofagasta,2,antofagasta,21,mejillones,2102,32,236,147,89,222,136,86,14,11,3
1360,antofagasta,2,antofagasta,21,mejillones,2102,33,228,151,77,223,147,76,5,4,1
1361,antofagasta,2,antofagasta,21,mejillones,2102,34,247,165,82,233,153,80,14,12,2
1362,antofagasta,2,antofagasta,21,mejillones,2102,35,228,155,73,216,146,70,12,9,3
1363,antofagasta,2,antofagasta,21,mejillones,2102,36,249,149,100,243,144,99,6,5,1
1364,antofagasta,2,antofagasta,21,mejillones,2102,37,226,136,90,216,128,88,10,8,2
1365,antofagasta,2,antofagasta,21,mejillones,2102,38,206,127,79,201,123,78,5,4,1
1366,antofagasta,2,antofagasta,21,mejillones,2102,39,210,138,72,204,134,70,6,4,2
1367,antofagasta,2,antofagasta,21,mejillones,2102,40,201,131,70,196,128,68,5,3,2
1368,antofagasta,2,antofagasta,21,mejillones,2102,41,209,145,64,204,142,62,5,3,2
1369,antofagasta,2,antofagasta,21,mejillones,2102,42,208,141,67,200,136,64,8,5,3
1370,antofagasta,2,antofagasta,21,mejillones,2102,43,231,149,82,219,140,79,12,9,3
1371,antofagasta,2,antofagasta,21,mejillones,2102,44,226,155,71,219,148,71,7,7,0
1372,antofagasta,2,antofagasta,21,mejillones,2102,45,196,137,59,187,132,55,9,5,4
1373,antofagasta,2,antofagasta,21,mejillones,2102,46,221,155,66,209,146,63,12,9,3
1374,antofagasta,2,antofagasta,21,mejillones,2102,47,210,144,66,202,139,63,8,5,3
1375,antofagasta,2,antofagasta,21,mejillones,2102,48,201,135,66,194,130,64,7,5,2
1376,antofagasta,2,antofagasta,21,mejillones,2102,49,193,130,63,188,126,62,5,4,1
1377,antofagasta,2,antofagasta,21,mejillones,2102,50,195,137,58,183,131,52,12,6,6
1378,antofagasta,2,antofagasta,21,mejillones,2102,51,206,142,64,196,134,62,10,8,2
1379,antofagasta,2,antofagasta,21,mejillones,2102,52,212,138,74,202,133,69,10,5,5
1380,antofagasta,2,antofagasta,21,mejillones,2102,53,207,138,69,198,134,64,9,4,5
1381,antofagasta,2,antofagasta,21,mejillones,2102,54,190,117,73,179,109,70,11,8,3
1382,antofagasta,2,antofagasta,21,mejillones,2102,55,178,117,61,172,115,57,6,2,4
1383,antofagasta,2,antofagasta,21,mejillones,2102,56,157,98,59,152,96,56,5,2,3
1384,antofagasta,2,antofagasta,21,mejillones,2102,57,163,108,55,160,105,55,3,3,0
1385,antofagasta,2,antofagasta,21,mejillones,2102,58,146,89,57,140,85,55,6,4,2
1386,antofagasta,2,antofagasta,21,mejillones,2102,59,123,79,44,115,73,42,8,6,2
1387,antofagasta,2,antofagasta,21,mejillones,2102,60,140,79,61,130,73,57,10,6,4
1388,antofagasta,2,antofagasta,21,mejillones,2102,61,125,78,47,115,71,44,10,7,3
1389,antofagasta,2,antofagasta,21,mejillones,2102,62,101,68,33,96,66,30,5,2,3
1390,antofagasta,2,antofagasta,21,mejillones,2102,63,87,52,35,80,46,34,7,6,1
1391,antofagasta,2,antofagasta,21,mejillones,2102,64,80,48,32,77,46,31,3,2,1
1392,antofagasta,2,antofagasta,21,mejillones,2102,65,72,45,27,66,41,25,6,4,2
1393,antofagasta,2,antofagasta,21,mejillones,2102,66,59,35,24,56,33,23,3,2,1
1394,antofagasta,2,antofagasta,21,mejillones,2102,67,71,41,30,66,37,29,5,4,1
1395,antofagasta,2,antofagasta,21,mejillones,2102,68,56,33,23,54,32,22,2,1,1
1396,antofagasta,2,antofagasta,21,mejillones,2102,69,57,29,28,53,26,27,4,3,1
1397,antofagasta,2,antofagasta,21,mejillones,2102,70,51,24,27,47,21,26,4,3,1
1398,antofagasta,2,antofagasta,21,mejillones,2102,71,43,25,18,41,23,18,2,2,0
1399,antofagasta,2,antofagasta,21,mejillones,2102,72,37,14,23,34,13,21,3,1,2
1400,antofagasta,2,antofagasta,21,mejillones,2102,73,31,17,14,27,13,14,4,4,0
1401,antofagasta,2,antofagasta,21,mejillones,2102,74,32,17,15,30,15,15,2,2,0
1402,antofagasta,2,antofagasta,21,mejillones,2102,75,38,15,23,36,13,23,2,2,0
1403,antofagasta,2,antofagasta,21,mejillones,2102,76,29,15,14,29,15,14,0,0,0
1404,antofagasta,2,antofagasta,21,mejillones,2102,77,29,13,16,29,13,16,0,0,0
1405,antofagasta,2,antofagasta,21,mejillones,2102,78,27,14,13,25,13,12,2,1,1
1406,antofagasta,2,antofagasta,21,mejillones,2102,79,17,7,10,14,4,10,3,3,0
1407,antofagasta,2,antofagasta,21,mejillones,2102,80,15,6,9,15,6,9,0,0,0
1408,antofagasta,2,antofagasta,21,mejillones,2102,81,15,4,11,15,4,11,0,0,0
1409,antofagasta,2,antofagasta,21,mejillones,2102,82,12,6,6,11,6,5,1,0,1
1410,antofagasta,2,antofagasta,21,mejillones,2102,83,8,5,3,7,4,3,1,1,0
1411,antofagasta,2,antofagasta,21,mejillones,2102,84,6,3,3,6,3,3,0,0,0
1412,antofagasta,2,antofagasta,21,mejillones,2102,85,13,6,7,13,6,7,0,0,0
1413,antofagasta,2,antofagasta,21,mejillones,2102,86,6,3,3,5,2,3,1,1,0
1414,antofagasta,2,antofagasta,21,mejillones,2102,87,8,4,4,7,3,4,1,1,0
1415,antofagasta,2,antofagasta,21,mejillones,2102,88,3,0,3,3,0,3,0,0,0
1416,antofagasta,2,antofagasta,21,mejillones,2102,89,2,1,1,2,1,1,0,0,0
1417,antofagasta,2,antofagasta,21,mejillones,2102,90,6,3,3,6,3,3,0,0,0
1418,antofagasta,2,antofagasta,21,mejillones,2102,91,4,1,3,4,1,3,0,0,0
1419,antofagasta,2,antofagasta,21,mejillones,2102,92,5,2,3,5,2,3,0,0,0
1420,antofagasta,2,antofagasta,21,mejillones,2102,93,1,1,0,1,1,0,0,0,0
1421,antofagasta,2,antofagasta,21,mejillones,2102,94,1,0,1,1,0,1,0,0,0
1422,antofagasta,2,antofagasta,21,mejillones,2102,95,1,0,1,1,0,1,0,0,0
1423,antofagasta,2,antofagasta,21,mejillones,2102,96,1,0,1,1,0,1,0,0,0
1424,antofagasta,2,antofagasta,21,mejillones,2102,97,0,0,0,0,0,0,0,0,0
1425,antofagasta,2,antofagasta,21,mejillones,2102,98,1,1,0,1,1,0,0,0,0
1426,antofagasta,2,antofagasta,21,mejillones,2102,99,0,0,0,0,0,0,0,0,0
1427,antofagasta,2,antofagasta,21,mejillones,2102,100 o más,1,0,1,1,0,1,0,0,0
1428,antofagasta,2,antofagasta,21,sierra gorda,2103,total comuna,10186,8662,1524,0,0,0,10186,8662,1524
1429,antofagasta,2,antofagasta,21,sierra gorda,2103,0,16,7,9,0,0,0,16,7,9
1430,antofagasta,2,antofagasta,21,sierra gorda,2103,1,21,12,9,0,0,0,21,12,9
1431,antofagasta,2,antofagasta,21,sierra gorda,2103,2,19,8,11,0,0,0,19,8,11
1432,antofagasta,2,antofagasta,21,sierra gorda,2103,3,20,11,9,0,0,0,20,11,9
1433,antofagasta,2,antofagasta,21,sierra gorda,2103,4,31,17,14,0,0,0,31,17,14
1434,antofagasta,2,antofagasta,21,sierra gorda,2103,5,25,11,14,0,0,0,25,11,14
1435,antofagasta,2,antofagasta,21,sierra gorda,2103,6,20,13,7,0,0,0,20,13,7
1436,antofagasta,2,antofagasta,21,sierra gorda,2103,7,23,15,8,0,0,0,23,15,8
1437,antofagasta,2,antofagasta,21,sierra gorda,2103,8,25,13,12,0,0,0,25,13,12
1438,antofagasta,2,antofagasta,21,sierra gorda,2103,9,31,16,15,0,0,0,31,16,15
1439,antofagasta,2,antofagasta,21,sierra gorda,2103,10,22,13,9,0,0,0,22,13,9
1440,antofagasta,2,antofagasta,21,sierra gorda,2103,11,19,7,12,0,0,0,19,7,12
1441,antofagasta,2,antofagasta,21,sierra gorda,2103,12,15,8,7,0,0,0,15,8,7
1442,antofagasta,2,antofagasta,21,sierra gorda,2103,13,19,12,7,0,0,0,19,12,7
1443,antofagasta,2,antofagasta,21,sierra gorda,2103,14,14,11,3,0,0,0,14,11,3
1444,antofagasta,2,antofagasta,21,sierra gorda,2103,15,21,9,12,0,0,0,21,9,12
1445,antofagasta,2,antofagasta,21,sierra gorda,2103,16,11,5,6,0,0,0,11,5,6
1446,antofagasta,2,antofagasta,21,sierra gorda,2103,17,20,10,10,0,0,0,20,10,10
1447,antofagasta,2,antofagasta,21,sierra gorda,2103,18,19,12,7,0,0,0,19,12,7
1448,antofagasta,2,antofagasta,21,sierra gorda,2103,19,39,26,13,0,0,0,39,26,13
1449,antofagasta,2,antofagasta,21,sierra gorda,2103,20,64,48,16,0,0,0,64,48,16
1450,antofagasta,2,antofagasta,21,sierra gorda,2103,21,71,49,22,0,0,0,71,49,22
1451,antofagasta,2,antofagasta,21,sierra gorda,2103,22,129,96,33,0,0,0,129,96,33
1452,antofagasta,2,antofagasta,21,sierra gorda,2103,23,127,104,23,0,0,0,127,104,23
1453,antofagasta,2,antofagasta,21,sierra gorda,2103,24,191,150,41,0,0,0,191,150,41
1454,antofagasta,2,antofagasta,21,sierra gorda,2103,25,227,186,41,0,0,0,227,186,41
1455,antofagasta,2,antofagasta,21,sierra gorda,2103,26,268,222,46,0,0,0,268,222,46
1456,antofagasta,2,antofagasta,21,sierra gorda,2103,27,300,235,65,0,0,0,300,235,65
1457,antofagasta,2,antofagasta,21,sierra gorda,2103,28,315,267,48,0,0,0,315,267,48
1458,antofagasta,2,antofagasta,21,sierra gorda,2103,29,310,251,59,0,0,0,310,251,59
1459,antofagasta,2,antofagasta,21,sierra gorda,2103,30,327,278,49,0,0,0,327,278,49
1460,antofagasta,2,antofagasta,21,sierra gorda,2103,31,316,269,47,0,0,0,316,269,47
1461,antofagasta,2,antofagasta,21,sierra gorda,2103,32,330,281,49,0,0,0,330,281,49
1462,antofagasta,2,antofagasta,21,sierra gorda,2103,33,324,285,39,0,0,0,324,285,39
1463,antofagasta,2,antofagasta,21,sierra gorda,2103,34,338,294,44,0,0,0,338,294,44
1464,antofagasta,2,antofagasta,21,sierra gorda,2103,35,350,318,32,0,0,0,350,318,32
1465,antofagasta,2,antofagasta,21,sierra gorda,2103,36,304,272,32,0,0,0,304,272,32
1466,antofagasta,2,antofagasta,21,sierra gorda,2103,37,287,251,36,0,0,0,287,251,36
1467,antofagasta,2,antofagasta,21,sierra gorda,2103,38,327,281,46,0,0,0,327,281,46
1468,antofagasta,2,antofagasta,21,sierra gorda,2103,39,323,283,40,0,0,0,323,283,40
1469,antofagasta,2,antofagasta,21,sierra gorda,2103,40,307,269,38,0,0,0,307,269,38
1470,antofagasta,2,antofagasta,21,sierra gorda,2103,41,310,266,44,0,0,0,310,266,44
1471,antofagasta,2,antofagasta,21,sierra gorda,2103,42,339,308,31,0,0,0,339,308,31
1472,antofagasta,2,antofagasta,21,sierra gorda,2103,43,299,269,30,0,0,0,299,269,30
1473,antofagasta,2,antofagasta,21,sierra gorda,2103,44,311,282,29,0,0,0,311,282,29
1474,antofagasta,2,antofagasta,21,sierra gorda,2103,45,286,257,29,0,0,0,286,257,29
1475,antofagasta,2,antofagasta,21,sierra gorda,2103,46,289,261,28,0,0,0,289,261,28
1476,antofagasta,2,antofagasta,21,sierra gorda,2103,47,221,194,27,0,0,0,221,194,27
1477,antofagasta,2,antofagasta,21,sierra gorda,2103,48,204,189,15,0,0,0,204,189,15
1478,antofagasta,2,antofagasta,21,sierra gorda,2103,49,221,189,32,0,0,0,221,189,32
1479,antofagasta,2,antofagasta,21,sierra gorda,2103,50,186,171,15,0,0,0,186,171,15
1480,antofagasta,2,antofagasta,21,sierra gorda,2103,51,186,164,22,0,0,0,186,164,22
1481,antofagasta,2,antofagasta,21,sierra gorda,2103,52,154,133,21,0,0,0,154,133,21
1482,antofagasta,2,antofagasta,21,sierra gorda,2103,53,165,150,15,0,0,0,165,150,15
1483,antofagasta,2,antofagasta,21,sierra gorda,2103,54,170,152,18,0,0,0,170,152,18
1484,antofagasta,2,antofagasta,21,sierra gorda,2103,55,122,107,15,0,0,0,122,107,15
1485,antofagasta,2,antofagasta,21,sierra gorda,2103,56,109,99,10,0,0,0,109,99,10
1486,antofagasta,2,antofagasta,21,sierra gorda,2103,57,105,92,13,0,0,0,105,92,13
1487,antofagasta,2,antofagasta,21,sierra gorda,2103,58,99,90,9,0,0,0,99,90,9
1488,antofagasta,2,antofagasta,21,sierra gorda,2103,59,68,60,8,0,0,0,68,60,8
1489,antofagasta,2,antofagasta,21,sierra gorda,2103,60,76,65,11,0,0,0,76,65,11
1490,antofagasta,2,antofagasta,21,sierra gorda,2103,61,63,54,9,0,0,0,63,54,9
1491,antofagasta,2,antofagasta,21,sierra gorda,2103,62,48,42,6,0,0,0,48,42,6
1492,antofagasta,2,antofagasta,21,sierra gorda,2103,63,39,34,5,0,0,0,39,34,5
1493,antofagasta,2,antofagasta,21,sierra gorda,2103,64,25,19,6,0,0,0,25,19,6
1494,antofagasta,2,antofagasta,21,sierra gorda,2103,65,18,14,4,0,0,0,18,14,4
1495,antofagasta,2,antofagasta,21,sierra gorda,2103,66,14,10,4,0,0,0,14,10,4
1496,antofagasta,2,antofagasta,21,sierra gorda,2103,67,16,12,4,0,0,0,16,12,4
1497,antofagasta,2,antofagasta,21,sierra gorda,2103,68,15,12,3,0,0,0,15,12,3
1498,antofagasta,2,antofagasta,21,sierra gorda,2103,69,12,10,2,0,0,0,12,10,2
1499,antofagasta,2,antofagasta,21,sierra gorda,2103,70,4,3,1,0,0,0,4,3,1
1500,antofagasta,2,antofagasta,21,sierra gorda,2103,71,4,4,0,0,0,0,4,4,0
1501,antofagasta,2,antofagasta,21,sierra gorda,2103,72,9,5,4,0,0,0,9,5,4
1502,antofagasta,2,antofagasta,21,sierra gorda,2103,73,2,1,1,0,0,0,2,1,1
1503,antofagasta,2,antofagasta,21,sierra gorda,2103,74,4,3,1,0,0,0,4,3,1
1504,antofagasta,2,antofagasta,21,sierra gorda,2103,75,3,2,1,0,0,0,3,2,1
1505,antofagasta,2,antofagasta,21,sierra gorda,2103,76,1,0,1,0,0,0,1,0,1
1506,antofagasta,2,antofagasta,21,sierra gorda,2103,77,1,1,0,0,0,0,1,1,0
1507,antofagasta,2,antofagasta,21,sierra gorda,2103,78,2,1,1,0,0,0,2,1,1
1508,antofagasta,2,antofagasta,21,sierra gorda,2103,79,7,5,2,0,0,0,7,5,2
1509,antofagasta,2,antofagasta,21,sierra gorda,2103,80,0,0,0,0,0,0,0,0,0
1510,antofagasta,2,antofagasta,21,sierra gorda,2103,81,3,2,1,0,0,0,3,2,1
1511,antofagasta,2,antofagasta,21,sierra gorda,2103,82,0,0,0,0,0,0,0,0,0
1512,antofagasta,2,antofagasta,21,sierra gorda,2103,83,2,1,1,0,0,0,2,1,1
1513,antofagasta,2,antofagasta,21,sierra gorda,2103,84,2,1,1,0,0,0,2,1,1
1514,antofagasta,2,antofagasta,21,sierra gorda,2103,85,3,1,2,0,0,0,3,1,2
1515,antofagasta,2,antofagasta,21,sierra gorda,2103,86,0,0,0,0,0,0,0,0,0
1516,antofagasta,2,antofagasta,21,sierra gorda,2103,87,1,0,1,0,0,0,1,0,1
1517,antofagasta,2,antofagasta,21,sierra gorda,2103,88,0,0,0,0,0,0,0,0,0
1518,antofagasta,2,antofagasta,21,sierra gorda,2103,89,1,1,0,0,0,0,1,1,0
1519,antofagasta,2,antofagasta,21,sierra gorda,2103,90,0,0,0,0,0,0,0,0,0
1520,antofagasta,2,antofagasta,21,sierra gorda,2103,91,0,0,0,0,0,0,0,0,0
1521,antofagasta,2,antofagasta,21,sierra gorda,2103,92,0,0,0,0,0,0,0,0,0
1522,antofagasta,2,antofagasta,21,sierra gorda,2103,93,2,1,1,0,0,0,2,1,1
1523,antofagasta,2,antofagasta,21,sierra gorda,2103,94,0,0,0,0,0,0,0,0,0
1524,antofagasta,2,antofagasta,21,sierra gorda,2103,95,0,0,0,0,0,0,0,0,0
1525,antofagasta,2,antofagasta,21,sierra gorda,2103,96,0,0,0,0,0,0,0,0,0
1526,antofagasta,2,antofagasta,21,sierra gorda,2103,97,0,0,0,0,0,0,0,0,0
1527,antofagasta,2,antofagasta,21,sierra gorda,2103,98,0,0,0,0,0,0,0,0,0
1528,antofagasta,2,antofagasta,21,sierra gorda,2103,99,0,0,0,0,0,0,0,0,0
1529,antofagasta,2,antofagasta,21,sierra gorda,2103,100 o más,0,0,0,0,0,0,0,0,0
1530,antofagasta,2,antofagasta,21,taltal,2104,total comuna,13317,7481,5836,11123,5701,5422,2194,1780,414
1531,antofagasta,2,antofagasta,21,taltal,2104,0,159,91,68,148,84,64,11,7,4
1532,antofagasta,2,antofagasta,21,taltal,2104,1,152,78,74,144,73,71,8,5,3
1533,antofagasta,2,antofagasta,21,taltal,2104,2,207,102,105,194,97,97,13,5,8
1534,antofagasta,2,antofagasta,21,taltal,2104,3,184,103,81,175,99,76,9,4,5
1535,antofagasta,2,antofagasta,21,taltal,2104,4,181,96,85,173,93,80,8,3,5
1536,antofagasta,2,antofagasta,21,taltal,2104,5,185,96,89,175,91,84,10,5,5
1537,antofagasta,2,antofagasta,21,taltal,2104,6,185,91,94,173,83,90,12,8,4
1538,antofagasta,2,antofagasta,21,taltal,2104,7,190,94,96,179,86,93,11,8,3
1539,antofagasta,2,antofagasta,21,taltal,2104,8,203,115,88,188,106,82,15,9,6
1540,antofagasta,2,antofagasta,21,taltal,2104,9,211,113,98,203,109,94,8,4,4
1541,antofagasta,2,antofagasta,21,taltal,2104,10,214,117,97,203,112,91,11,5,6
1542,antofagasta,2,antofagasta,21,taltal,2104,11,215,114,101,208,110,98,7,4,3
1543,antofagasta,2,antofagasta,21,taltal,2104,12,185,75,110,175,70,105,10,5,5
1544,antofagasta,2,antofagasta,21,taltal,2104,13,172,85,87,161,78,83,11,7,4
1545,antofagasta,2,antofagasta,21,taltal,2104,14,187,89,98,176,85,91,11,4,7
1546,antofagasta,2,antofagasta,21,taltal,2104,15,195,102,93,190,100,90,5,2,3
1547,antofagasta,2,antofagasta,21,taltal,2104,16,176,84,92,167,78,89,9,6,3
1548,antofagasta,2,antofagasta,21,taltal,2104,17,168,97,71,164,94,70,4,3,1
1549,antofagasta,2,antofagasta,21,taltal,2104,18,119,62,57,112,58,54,7,4,3
1550,antofagasta,2,antofagasta,21,taltal,2104,19,139,66,73,122,59,63,17,7,10
1551,antofagasta,2,antofagasta,21,taltal,2104,20,153,75,78,137,64,73,16,11,5
1552,antofagasta,2,antofagasta,21,taltal,2104,21,143,83,60,117,63,54,26,20,6
1553,antofagasta,2,antofagasta,21,taltal,2104,22,161,93,68,136,77,59,25,16,9
1554,antofagasta,2,antofagasta,21,taltal,2104,23,161,82,79,139,62,77,22,20,2
1555,antofagasta,2,antofagasta,21,taltal,2104,24,216,131,85,182,102,80,34,29,5
1556,antofagasta,2,antofagasta,21,taltal,2104,25,191,94,97,169,76,93,22,18,4
1557,antofagasta,2,antofagasta,21,taltal,2104,26,237,132,105,190,91,99,47,41,6
1558,antofagasta,2,antofagasta,21,taltal,2104,27,242,159,83,190,112,78,52,47,5
1559,antofagasta,2,antofagasta,21,taltal,2104,28,235,153,82,180,106,74,55,47,8
1560,antofagasta,2,antofagasta,21,taltal,2104,29,231,136,95,183,95,88,48,41,7
1561,antofagasta,2,antofagasta,21,taltal,2104,30,230,127,103,176,80,96,54,47,7
1562,antofagasta,2,antofagasta,21,taltal,2104,31,195,119,76,155,85,70,40,34,6
1563,antofagasta,2,antofagasta,21,taltal,2104,32,205,117,88,155,75,80,50,42,8
1564,antofagasta,2,antofagasta,21,taltal,2104,33,196,116,80,146,72,74,50,44,6
1565,antofagasta,2,antofagasta,21,taltal,2104,34,221,141,80,162,90,72,59,51,8
1566,antofagasta,2,antofagasta,21,taltal,2104,35,247,144,103,186,92,94,61,52,9
1567,antofagasta,2,antofagasta,21,taltal,2104,36,212,123,89,164,82,82,48,41,7
1568,antofagasta,2,antofagasta,21,taltal,2104,37,202,113,89,152,71,81,50,42,8
1569,antofagasta,2,antofagasta,21,taltal,2104,38,201,125,76,145,73,72,56,52,4
1570,antofagasta,2,antofagasta,21,taltal,2104,39,210,112,98,160,74,86,50,38,12
1571,antofagasta,2,antofagasta,21,taltal,2104,40,192,114,78,142,70,72,50,44,6
1572,antofagasta,2,antofagasta,21,taltal,2104,41,208,124,84,162,83,79,46,41,5
1573,antofagasta,2,antofagasta,21,taltal,2104,42,191,126,65,128,72,56,63,54,9
1574,antofagasta,2,antofagasta,21,taltal,2104,43,215,131,84,162,85,77,53,46,7
1575,antofagasta,2,antofagasta,21,taltal,2104,44,206,123,83,146,73,73,60,50,10
1576,antofagasta,2,antofagasta,21,taltal,2104,45,196,111,85,146,72,74,50,39,11
1577,antofagasta,2,antofagasta,21,taltal,2104,46,191,119,72,134,71,63,57,48,9
1578,antofagasta,2,antofagasta,21,taltal,2104,47,165,109,56,114,67,47,51,42,9
1579,antofagasta,2,antofagasta,21,taltal,2104,48,198,124,74,145,77,68,53,47,6
1580,antofagasta,2,antofagasta,21,taltal,2104,49,214,126,88,164,87,77,50,39,11
1581,antofagasta,2,antofagasta,21,taltal,2104,50,199,114,85,142,68,74,57,46,11
1582,antofagasta,2,antofagasta,21,taltal,2104,51,186,115,71,142,73,69,44,42,2
1583,antofagasta,2,antofagasta,21,taltal,2104,52,200,128,72,154,87,67,46,41,5
1584,antofagasta,2,antofagasta,21,taltal,2104,53,179,106,73,136,72,64,43,34,9
1585,antofagasta,2,antofagasta,21,taltal,2104,54,172,103,69,136,70,66,36,33,3
1586,antofagasta,2,antofagasta,21,taltal,2104,55,180,95,85,143,66,77,37,29,8
1587,antofagasta,2,antofagasta,21,taltal,2104,56,183,111,72,146,78,68,37,33,4
1588,antofagasta,2,antofagasta,21,taltal,2104,57,136,78,58,104,49,55,32,29,3
1589,antofagasta,2,antofagasta,21,taltal,2104,58,166,95,71,131,66,65,35,29,6
1590,antofagasta,2,antofagasta,21,taltal,2104,59,157,91,66,123,64,59,34,27,7
1591,antofagasta,2,antofagasta,21,taltal,2104,60,139,84,55,111,62,49,28,22,6
1592,antofagasta,2,antofagasta,21,taltal,2104,61,130,69,61,109,53,56,21,16,5
1593,antofagasta,2,antofagasta,21,taltal,2104,62,137,82,55,122,70,52,15,12,3
1594,antofagasta,2,antofagasta,21,taltal,2104,63,136,82,54,116,65,51,20,17,3
1595,antofagasta,2,antofagasta,21,taltal,2104,64,113,68,45,94,54,40,19,14,5
1596,antofagasta,2,antofagasta,21,taltal,2104,65,114,56,58,100,46,54,14,10,4
1597,antofagasta,2,antofagasta,21,taltal,2104,66,83,46,37,72,38,34,11,8,3
1598,antofagasta,2,antofagasta,21,taltal,2104,67,79,49,30,70,41,29,9,8,1
1599,antofagasta,2,antofagasta,21,taltal,2104,68,68,37,31,60,32,28,8,5,3
1600,antofagasta,2,antofagasta,21,taltal,2104,69,70,38,32,66,35,31,4,3,1
1601,antofagasta,2,antofagasta,21,taltal,2104,70,62,31,31,55,27,28,7,4,3
1602,antofagasta,2,antofagasta,21,taltal,2104,71,69,33,36,64,28,36,5,5,0
1603,antofagasta,2,antofagasta,21,taltal,2104,72,70,33,37,65,28,37,5,5,0
1604,antofagasta,2,antofagasta,21,taltal,2104,73,61,33,28,57,30,27,4,3,1
1605,antofagasta,2,antofagasta,21,taltal,2104,74,55,37,18,52,35,17,3,2,1
1606,antofagasta,2,antofagasta,21,taltal,2104,75,55,33,22,50,29,21,5,4,1
1607,antofagasta,2,antofagasta,21,taltal,2104,76,42,21,21,42,21,21,0,0,0
1608,antofagasta,2,antofagasta,21,taltal,2104,77,35,21,14,33,19,14,2,2,0
1609,antofagasta,2,antofagasta,21,taltal,2104,78,32,18,14,31,18,13,1,0,1
1610,antofagasta,2,antofagasta,21,taltal,2104,79,36,14,22,33,12,21,3,2,1
1611,antofagasta,2,antofagasta,21,taltal,2104,80,34,19,15,32,18,14,2,1,1
1612,antofagasta,2,antofagasta,21,taltal,2104,81,30,17,13,27,16,11,3,1,2
1613,antofagasta,2,antofagasta,21,taltal,2104,82,27,7,20,26,6,20,1,1,0
1614,antofagasta,2,antofagasta,21,taltal,2104,83,26,14,12,24,13,11,2,1,1
1615,antofagasta,2,antofagasta,21,taltal,2104,84,31,9,22,30,8,22,1,1,0
1616,antofagasta,2,antofagasta,21,taltal,2104,85,23,8,15,23,8,15,0,0,0
1617,antofagasta,2,antofagasta,21,taltal,2104,86,23,8,15,22,7,15,1,1,0
1618,antofagasta,2,antofagasta,21,taltal,2104,87,16,5,11,14,4,10,2,1,1
1619,antofagasta,2,antofagasta,21,taltal,2104,88,16,5,11,15,5,10,1,0,1
1620,antofagasta,2,antofagasta,21,taltal,2104,89,13,2,11,13,2,11,0,0,0
1621,antofagasta,2,antofagasta,21,taltal,2104,90,11,4,7,11,4,7,0,0,0
1622,antofagasta,2,antofagasta,21,taltal,2104,91,6,1,5,6,1,5,0,0,0
1623,antofagasta,2,antofagasta,21,taltal,2104,92,4,2,2,4,2,2,0,0,0
1624,antofagasta,2,antofagasta,21,taltal,2104,93,6,2,4,6,2,4,0,0,0
1625,antofagasta,2,antofagasta,21,taltal,2104,94,6,2,4,5,2,3,1,0,1
1626,antofagasta,2,antofagasta,21,taltal,2104,95,3,1,2,3,1,2,0,0,0
1627,antofagasta,2,antofagasta,21,taltal,2104,96,2,1,1,2,1,1,0,0,0
1628,antofagasta,2,antofagasta,21,taltal,2104,97,2,0,2,2,0,2,0,0,0
1629,antofagasta,2,antofagasta,21,taltal,2104,98,0,0,0,0,0,0,0,0,0
1630,antofagasta,2,antofagasta,21,taltal,2104,99,0,0,0,0,0,0,0,0,0
1631,antofagasta,2,antofagasta,21,taltal,2104,100 o más,2,1,1,2,1,1,0,0,0
1632,antofagasta,2,el loa,22,calama,2201,total comuna,165731,86049,79682,158487,80430,78057,7244,5619,1625
1633,antofagasta,2,el loa,22,calama,2201,0,2177,1114,1063,2159,1106,1053,18,8,10
1634,antofagasta,2,el loa,22,calama,2201,1,2536,1341,1195,2489,1312,1177,47,29,18
1635,antofagasta,2,el loa,22,calama,2201,2,2596,1327,1269,2552,1306,1246,44,21,23
1636,antofagasta,2,el loa,22,calama,2201,3,2517,1286,1231,2468,1258,1210,49,28,21
1637,antofagasta,2,el loa,22,calama,2201,4,2605,1318,1287,2546,1289,1257,59,29,30
1638,antofagasta,2,el loa,22,calama,2201,5,2492,1247,1245,2421,1214,1207,71,33,38
1639,antofagasta,2,el loa,22,calama,2201,6,2536,1261,1275,2505,1249,1256,31,12,19
1640,antofagasta,2,el loa,22,calama,2201,7,2650,1322,1328,2602,1295,1307,48,27,21
1641,antofagasta,2,el loa,22,calama,2201,8,2489,1292,1197,2461,1277,1184,28,15,13
1642,antofagasta,2,el loa,22,calama,2201,9,2416,1232,1184,2378,1214,1164,38,18,20
1643,antofagasta,2,el loa,22,calama,2201,10,2377,1176,1201,2342,1163,1179,35,13,22
1644,antofagasta,2,el loa,22,calama,2201,11,2349,1198,1151,2304,1167,1137,45,31,14
1645,antofagasta,2,el loa,22,calama,2201,12,2383,1206,1177,2350,1184,1166,33,22,11
1646,antofagasta,2,el loa,22,calama,2201,13,2332,1207,1125,2297,1192,1105,35,15,20
1647,antofagasta,2,el loa,22,calama,2201,14,2468,1229,1239,2428,1208,1220,40,21,19
1648,antofagasta,2,el loa,22,calama,2201,15,2372,1209,1163,2330,1186,1144,42,23,19
1649,antofagasta,2,el loa,22,calama,2201,16,2530,1329,1201,2487,1305,1182,43,24,19
1650,antofagasta,2,el loa,22,calama,2201,17,2574,1349,1225,2536,1326,1210,38,23,15
1651,antofagasta,2,el loa,22,calama,2201,18,2332,1313,1019,2289,1294,995,43,19,24
1652,antofagasta,2,el loa,22,calama,2201,19,2088,1146,942,2044,1114,930,44,32,12
1653,antofagasta,2,el loa,22,calama,2201,20,2193,1156,1037,2143,1122,1021,50,34,16
1654,antofagasta,2,el loa,22,calama,2201,21,2231,1183,1048,2168,1141,1027,63,42,21
1655,antofagasta,2,el loa,22,calama,2201,22,2559,1362,1197,2475,1303,1172,84,59,25
1656,antofagasta,2,el loa,22,calama,2201,23,2646,1378,1268,2556,1317,1239,90,61,29
1657,antofagasta,2,el loa,22,calama,2201,24,2975,1517,1458,2850,1423,1427,125,94,31
1658,antofagasta,2,el loa,22,calama,2201,25,2842,1484,1358,2733,1396,1337,109,88,21
1659,antofagasta,2,el loa,22,calama,2201,26,3099,1620,1479,2956,1514,1442,143,106,37
1660,antofagasta,2,el loa,22,calama,2201,27,3127,1641,1486,2971,1508,1463,156,133,23
1661,antofagasta,2,el loa,22,calama,2201,28,2977,1572,1405,2798,1432,1366,179,140,39
1662,antofagasta,2,el loa,22,calama,2201,29,3213,1717,1496,3003,1556,1447,210,161,49
1663,antofagasta,2,el loa,22,calama,2201,30,2984,1605,1379,2785,1452,1333,199,153,46
1664,antofagasta,2,el loa,22,calama,2201,31,2916,1542,1374,2752,1412,1340,164,130,34
1665,antofagasta,2,el loa,22,calama,2201,32,2889,1487,1402,2711,1344,1367,178,143,35
1666,antofagasta,2,el loa,22,calama,2201,33,2777,1413,1364,2602,1267,1335,175,146,29
1667,antofagasta,2,el loa,22,calama,2201,34,2838,1501,1337,2636,1334,1302,202,167,35
1668,antofagasta,2,el loa,22,calama,2201,35,2979,1636,1343,2781,1469,1312,198,167,31
1669,antofagasta,2,el loa,22,calama,2201,36,2808,1482,1326,2597,1319,1278,211,163,48
1670,antofagasta,2,el loa,22,calama,2201,37,2731,1491,1240,2546,1338,1208,185,153,32
1671,antofagasta,2,el loa,22,calama,2201,38,2609,1392,1217,2402,1211,1191,207,181,26
1672,antofagasta,2,el loa,22,calama,2201,39,2601,1370,1231,2421,1216,1205,180,154,26
1673,antofagasta,2,el loa,22,calama,2201,40,2624,1357,1267,2469,1222,1247,155,135,20
1674,antofagasta,2,el loa,22,calama,2201,41,2556,1376,1180,2371,1207,1164,185,169,16
1675,antofagasta,2,el loa,22,calama,2201,42,2563,1356,1207,2366,1192,1174,197,164,33
1676,antofagasta,2,el loa,22,calama,2201,43,2546,1334,1212,2352,1160,1192,194,174,20
1677,antofagasta,2,el loa,22,calama,2201,44,2531,1373,1158,2334,1194,1140,197,179,18
1678,antofagasta,2,el loa,22,calama,2201,45,2397,1259,1138,2240,1126,1114,157,133,24
1679,antofagasta,2,el loa,22,calama,2201,46,2314,1237,1077,2151,1098,1053,163,139,24
1680,antofagasta,2,el loa,22,calama,2201,47,2178,1133,1045,2036,1014,1022,142,119,23
1681,antofagasta,2,el loa,22,calama,2201,48,2088,1160,928,1937,1027,910,151,133,18
1682,antofagasta,2,el loa,22,calama,2201,49,2075,1102,973,1905,956,949,170,146,24
1683,antofagasta,2,el loa,22,calama,2201,50,2135,1123,1012,1997,1008,989,138,115,23
1684,antofagasta,2,el loa,22,calama,2201,51,2102,1123,979,1974,1014,960,128,109,19
1685,antofagasta,2,el loa,22,calama,2201,52,2184,1161,1023,2049,1052,997,135,109,26
1686,antofagasta,2,el loa,22,calama,2201,53,2085,1115,970,1977,1025,952,108,90,18
1687,antofagasta,2,el loa,22,calama,2201,54,2100,1100,1000,1998,1017,981,102,83,19
1688,antofagasta,2,el loa,22,calama,2201,55,1972,1000,972,1872,925,947,100,75,25
1689,antofagasta,2,el loa,22,calama,2201,56,1961,1028,933,1869,955,914,92,73,19
1690,antofagasta,2,el loa,22,calama,2201,57,1726,919,807,1633,841,792,93,78,15
1691,antofagasta,2,el loa,22,calama,2201,58,1628,853,775,1558,798,760,70,55,15
1692,antofagasta,2,el loa,22,calama,2201,59,1501,813,688,1428,752,676,73,61,12
1693,antofagasta,2,el loa,22,calama,2201,60,1546,808,738,1473,751,722,73,57,16
1694,antofagasta,2,el loa,22,calama,2201,61,1395,739,656,1340,696,644,55,43,12
1695,antofagasta,2,el loa,22,calama,2201,62,1265,670,595,1215,631,584,50,39,11
1696,antofagasta,2,el loa,22,calama,2201,63,1233,636,597,1198,611,587,35,25,10
1697,antofagasta,2,el loa,22,calama,2201,64,1106,556,550,1065,523,542,41,33,8
1698,antofagasta,2,el loa,22,calama,2201,65,1045,528,517,1012,507,505,33,21,12
1699,antofagasta,2,el loa,22,calama,2201,66,890,441,449,863,424,439,27,17,10
1700,antofagasta,2,el loa,22,calama,2201,67,818,395,423,795,381,414,23,14,9
1701,antofagasta,2,el loa,22,calama,2201,68,794,395,399,777,388,389,17,7,10
1702,antofagasta,2,el loa,22,calama,2201,69,719,365,354,696,352,344,23,13,10
1703,antofagasta,2,el loa,22,calama,2201,70,696,325,371,681,315,366,15,10,5
1704,antofagasta,2,el loa,22,calama,2201,71,657,295,362,641,285,356,16,10,6
1705,antofagasta,2,el loa,22,calama,2201,72,611,283,328,591,269,322,20,14,6
1706,antofagasta,2,el loa,22,calama,2201,73,511,256,255,500,248,252,11,8,3
1707,antofagasta,2,el loa,22,calama,2201,74,531,251,280,515,242,273,16,9,7
1708,antofagasta,2,el loa,22,calama,2201,75,407,200,207,398,192,206,9,8,1
1709,antofagasta,2,el loa,22,calama,2201,76,387,163,224,373,160,213,14,3,11
1710,antofagasta,2,el loa,22,calama,2201,77,374,135,239,364,135,229,10,0,10
1711,antofagasta,2,el loa,22,calama,2201,78,306,127,179,299,121,178,7,6,1
1712,antofagasta,2,el loa,22,calama,2201,79,260,115,145,253,110,143,7,5,2
1713,antofagasta,2,el loa,22,calama,2201,80,288,117,171,282,114,168,6,3,3
1714,antofagasta,2,el loa,22,calama,2201,81,251,109,142,243,107,136,8,2,6
1715,antofagasta,2,el loa,22,calama,2201,82,222,100,122,216,96,120,6,4,2
1716,antofagasta,2,el loa,22,calama,2201,83,186,62,124,179,59,120,7,3,4
1717,antofagasta,2,el loa,22,calama,2201,84,185,65,120,181,64,117,4,1,3
1718,antofagasta,2,el loa,22,calama,2201,85,149,50,99,147,49,98,2,1,1
1719,antofagasta,2,el loa,22,calama,2201,86,148,54,94,144,53,91,4,1,3
1720,antofagasta,2,el loa,22,calama,2201,87,137,50,87,136,50,86,1,0,1
1721,antofagasta,2,el loa,22,calama,2201,88,100,38,62,98,37,61,2,1,1
1722,antofagasta,2,el loa,22,calama,2201,89,95,38,57,91,36,55,4,2,2
1723,antofagasta,2,el loa,22,calama,2201,90,77,26,51,75,26,49,2,0,2
1724,antofagasta,2,el loa,22,calama,2201,91,46,12,34,44,11,33,2,1,1
1725,antofagasta,2,el loa,22,calama,2201,92,56,15,41,53,14,39,3,1,2
1726,antofagasta,2,el loa,22,calama,2201,93,38,15,23,37,15,22,1,0,1
1727,antofagasta,2,el loa,22,calama,2201,94,35,11,24,34,11,23,1,0,1
1728,antofagasta,2,el loa,22,calama,2201,95,22,6,16,22,6,16,0,0,0
1729,antofagasta,2,el loa,22,calama,2201,96,18,8,10,18,8,10,0,0,0
1730,antofagasta,2,el loa,22,calama,2201,97,7,3,4,7,3,4,0,0,0
1731,antofagasta,2,el loa,22,calama,2201,98,7,2,5,7,2,5,0,0,0
1732,antofagasta,2,el loa,22,calama,2201,99,7,1,6,7,1,6,0,0,0
1733,antofagasta,2,el loa,22,calama,2201,100 o más,27,11,16,27,11,16,0,0,0
1734,antofagasta,2,el loa,22,ollagüe,2202,total comuna,321,207,114,0,0,0,321,207,114
1735,antofagasta,2,el loa,22,ollagüe,2202,0,2,1,1,0,0,0,2,1,1
1736,antofagasta,2,el loa,22,ollagüe,2202,1,4,3,1,0,0,0,4,3,1
1737,antofagasta,2,el loa,22,ollagüe,2202,2,4,2,2,0,0,0,4,2,2
1738,antofagasta,2,el loa,22,ollagüe,2202,3,3,1,2,0,0,0,3,1,2
1739,antofagasta,2,el loa,22,ollagüe,2202,4,4,3,1,0,0,0,4,3,1
1740,antofagasta,2,el loa,22,ollagüe,2202,5,6,2,4,0,0,0,6,2,4
1741,antofagasta,2,el loa,22,ollagüe,2202,6,4,2,2,0,0,0,4,2,2
1742,antofagasta,2,el loa,22,ollagüe,2202,7,4,1,3,0,0,0,4,1,3
1743,antofagasta,2,el loa,22,ollagüe,2202,8,2,2,0,0,0,0,2,2,0
1744,antofagasta,2,el loa,22,ollagüe,2202,9,4,1,3,0,0,0,4,1,3
1745,antofagasta,2,el loa,22,ollagüe,2202,10,7,6,1,0,0,0,7,6,1
1746,antofagasta,2,el loa,22,ollagüe,2202,11,5,3,2,0,0,0,5,3,2
1747,antofagasta,2,el loa,22,ollagüe,2202,12,4,3,1,0,0,0,4,3,1
1748,antofagasta,2,el loa,22,ollagüe,2202,13,2,1,1,0,0,0,2,1,1
1749,antofagasta,2,el loa,22,ollagüe,2202,14,3,2,1,0,0,0,3,2,1
1750,antofagasta,2,el loa,22,ollagüe,2202,15,2,1,1,0,0,0,2,1,1
1751,antofagasta,2,el loa,22,ollagüe,2202,16,4,3,1,0,0,0,4,3,1
1752,antofagasta,2,el loa,22,ollagüe,2202,17,2,2,0,0,0,0,2,2,0
1753,antofagasta,2,el loa,22,ollagüe,2202,18,2,1,1,0,0,0,2,1,1
1754,antofagasta,2,el loa,22,ollagüe,2202,19,2,1,1,0,0,0,2,1,1
1755,antofagasta,2,el loa,22,ollagüe,2202,20,2,2,0,0,0,0,2,2,0
1756,antofagasta,2,el loa,22,ollagüe,2202,21,2,1,1,0,0,0,2,1,1
1757,antofagasta,2,el loa,22,ollagüe,2202,22,6,6,0,0,0,0,6,6,0
1758,antofagasta,2,el loa,22,ollagüe,2202,23,1,0,1,0,0,0,1,0,1
1759,antofagasta,2,el loa,22,ollagüe,2202,24,6,3,3,0,0,0,6,3,3
1760,antofagasta,2,el loa,22,ollagüe,2202,25,8,6,2,0,0,0,8,6,2
1761,antofagasta,2,el loa,22,ollagüe,2202,26,8,6,2,0,0,0,8,6,2
1762,antofagasta,2,el loa,22,ollagüe,2202,27,7,4,3,0,0,0,7,4,3
1763,antofagasta,2,el loa,22,ollagüe,2202,28,8,6,2,0,0,0,8,6,2
1764,antofagasta,2,el loa,22,ollagüe,2202,29,8,4,4,0,0,0,8,4,4
1765,antofagasta,2,el loa,22,ollagüe,2202,30,5,4,1,0,0,0,5,4,1
1766,antofagasta,2,el loa,22,ollagüe,2202,31,5,4,1,0,0,0,5,4,1
1767,antofagasta,2,el loa,22,ollagüe,2202,32,6,2,4,0,0,0,6,2,4
1768,antofagasta,2,el loa,22,ollagüe,2202,33,8,3,5,0,0,0,8,3,5
1769,antofagasta,2,el loa,22,ollagüe,2202,34,7,5,2,0,0,0,7,5,2
1770,antofagasta,2,el loa,22,ollagüe,2202,35,5,2,3,0,0,0,5,2,3
1771,antofagasta,2,el loa,22,ollagüe,2202,36,10,6,4,0,0,0,10,6,4
1772,antofagasta,2,el loa,22,ollagüe,2202,37,13,12,1,0,0,0,13,12,1
1773,antofagasta,2,el loa,22,ollagüe,2202,38,6,5,1,0,0,0,6,5,1
1774,antofagasta,2,el loa,22,ollagüe,2202,39,5,3,2,0,0,0,5,3,2
1775,antofagasta,2,el loa,22,ollagüe,2202,40,4,4,0,0,0,0,4,4,0
1776,antofagasta,2,el loa,22,ollagüe,2202,41,4,3,1,0,0,0,4,3,1
1777,antofagasta,2,el loa,22,ollagüe,2202,42,3,2,1,0,0,0,3,2,1
1778,antofagasta,2,el loa,22,ollagüe,2202,43,12,7,5,0,0,0,12,7,5
1779,antofagasta,2,el loa,22,ollagüe,2202,44,6,4,2,0,0,0,6,4,2
1780,antofagasta,2,el loa,22,ollagüe,2202,45,5,3,2,0,0,0,5,3,2
1781,antofagasta,2,el loa,22,ollagüe,2202,46,4,4,0,0,0,0,4,4,0
1782,antofagasta,2,el loa,22,ollagüe,2202,47,3,3,0,0,0,0,3,3,0
1783,antofagasta,2,el loa,22,ollagüe,2202,48,8,6,2,0,0,0,8,6,2
1784,antofagasta,2,el loa,22,ollagüe,2202,49,7,5,2,0,0,0,7,5,2
1785,antofagasta,2,el loa,22,ollagüe,2202,50,5,4,1,0,0,0,5,4,1
1786,antofagasta,2,el loa,22,ollagüe,2202,51,4,4,0,0,0,0,4,4,0
1787,antofagasta,2,el loa,22,ollagüe,2202,52,2,2,0,0,0,0,2,2,0
1788,antofagasta,2,el loa,22,ollagüe,2202,53,2,2,0,0,0,0,2,2,0
1789,antofagasta,2,el loa,22,ollagüe,2202,54,6,4,2,0,0,0,6,4,2
1790,antofagasta,2,el loa,22,ollagüe,2202,55,2,2,0,0,0,0,2,2,0
1791,antofagasta,2,el loa,22,ollagüe,2202,56,5,3,2,0,0,0,5,3,2
1792,antofagasta,2,el loa,22,ollagüe,2202,57,6,5,1,0,0,0,6,5,1
1793,antofagasta,2,el loa,22,ollagüe,2202,58,1,0,1,0,0,0,1,0,1
1794,antofagasta,2,el loa,22,ollagüe,2202,59,1,0,1,0,0,0,1,0,1
1795,antofagasta,2,el loa,22,ollagüe,2202,60,4,2,2,0,0,0,4,2,2
1796,antofagasta,2,el loa,22,ollagüe,2202,61,4,4,0,0,0,0,4,4,0
1797,antofagasta,2,el loa,22,ollagüe,2202,62,1,0,1,0,0,0,1,0,1
1798,antofagasta,2,el loa,22,ollagüe,2202,63,1,0,1,0,0,0,1,0,1
1799,antofagasta,2,el loa,22,ollagüe,2202,64,1,1,0,0,0,0,1,1,0
1800,antofagasta,2,el loa,22,ollagüe,2202,65,0,0,0,0,0,0,0,0,0
1801,antofagasta,2,el loa,22,ollagüe,2202,66,2,1,1,0,0,0,2,1,1
1802,antofagasta,2,el loa,22,ollagüe,2202,67,0,0,0,0,0,0,0,0,0
1803,antofagasta,2,el loa,22,ollagüe,2202,68,1,0,1,0,0,0,1,0,1
1804,antofagasta,2,el loa,22,ollagüe,2202,69,3,1,2,0,0,0,3,1,2
1805,antofagasta,2,el loa,22,ollagüe,2202,70,2,1,1,0,0,0,2,1,1
1806,antofagasta,2,el loa,22,ollagüe,2202,71,1,0,1,0,0,0,1,0,1
1807,antofagasta,2,el loa,22,ollagüe,2202,72,2,1,1,0,0,0,2,1,1
1808,antofagasta,2,el loa,22,ollagüe,2202,73,4,0,4,0,0,0,4,0,4
1809,antofagasta,2,el loa,22,ollagüe,2202,74,1,0,1,0,0,0,1,0,1
1810,antofagasta,2,el loa,22,ollagüe,2202,75,0,0,0,0,0,0,0,0,0
1811,antofagasta,2,el loa,22,ollagüe,2202,76,1,1,0,0,0,0,1,1,0
1812,antofagasta,2,el loa,22,ollagüe,2202,77,1,0,1,0,0,0,1,0,1
1813,antofagasta,2,el loa,22,ollagüe,2202,78,0,0,0,0,0,0,0,0,0
1814,antofagasta,2,el loa,22,ollagüe,2202,79,1,0,1,0,0,0,1,0,1
1815,antofagasta,2,el loa,22,ollagüe,2202,80,0,0,0,0,0,0,0,0,0
1816,antofagasta,2,el loa,22,ollagüe,2202,81,1,1,0,0,0,0,1,1,0
1817,antofagasta,2,el loa,22,ollagüe,2202,82,1,0,1,0,0,0,1,0,1
1818,antofagasta,2,el loa,22,ollagüe,2202,83,1,1,0,0,0,0,1,1,0
1819,antofagasta,2,el loa,22,ollagüe,2202,84,0,0,0,0,0,0,0,0,0
1820,antofagasta,2,el loa,22,ollagüe,2202,85,0,0,0,0,0,0,0,0,0
1821,antofagasta,2,el loa,22,ollagüe,2202,86,0,0,0,0,0,0,0,0,0
1822,antofagasta,2,el loa,22,ollagüe,2202,87,2,1,1,0,0,0,2,1,1
1823,antofagasta,2,el loa,22,ollagüe,2202,88,0,0,0,0,0,0,0,0,0
1824,antofagasta,2,el loa,22,ollagüe,2202,89,0,0,0,0,0,0,0,0,0
1825,antofagasta,2,el loa,22,ollagüe,2202,90,0,0,0,0,0,0,0,0,0
1826,antofagasta,2,el loa,22,ollagüe,2202,91,0,0,0,0,0,0,0,0,0
1827,antofagasta,2,el loa,22,ollagüe,2202,92,0,0,0,0,0,0,0,0,0
1828,antofagasta,2,el loa,22,ollagüe,2202,93,0,0,0,0,0,0,0,0,0
1829,antofagasta,2,el loa,22,ollagüe,2202,94,0,0,0,0,0,0,0,0,0
1830,antofagasta,2,el loa,22,ollagüe,2202,95,0,0,0,0,0,0,0,0,0
1831,antofagasta,2,el loa,22,ollagüe,2202,96,0,0,0,0,0,0,0,0,0
1832,antofagasta,2,el loa,22,ollagüe,2202,97,0,0,0,0,0,0,0,0,0
1833,antofagasta,2,el loa,22,ollagüe,2202,98,0,0,0,0,0,0,0,0,0
1834,antofagasta,2,el loa,22,ollagüe,2202,99,0,0,0,0,0,0,0,0,0
1835,antofagasta,2,el loa,22,ollagüe,2202,100 o más,0,0,0,0,0,0,0,0,0
1836,antofagasta,2,el loa,22,san pedro de atacama,2203,total comuna,10996,6161,4835,5524,2718,2806,5472,3443,2029
1837,antofagasta,2,el loa,22,san pedro de atacama,2203,0,130,52,78,77,32,45,53,20,33
1838,antofagasta,2,el loa,22,san pedro de atacama,2203,1,108,56,52,67,33,34,41,23,18
1839,antofagasta,2,el loa,22,san pedro de atacama,2203,2,138,74,64,89,46,43,49,28,21
1840,antofagasta,2,el loa,22,san pedro de atacama,2203,3,128,66,62,82,46,36,46,20,26
1841,antofagasta,2,el loa,22,san pedro de atacama,2203,4,108,55,53,67,36,31,41,19,22
1842,antofagasta,2,el loa,22,san pedro de atacama,2203,5,124,70,54,69,37,32,55,33,22
1843,antofagasta,2,el loa,22,san pedro de atacama,2203,6,125,63,62,76,34,42,49,29,20
1844,antofagasta,2,el loa,22,san pedro de atacama,2203,7,141,79,62,85,47,38,56,32,24
1845,antofagasta,2,el loa,22,san pedro de atacama,2203,8,142,67,75,86,39,47,56,28,28
1846,antofagasta,2,el loa,22,san pedro de atacama,2203,9,114,56,58,72,32,40,42,24,18
1847,antofagasta,2,el loa,22,san pedro de atacama,2203,10,113,56,57,68,35,33,45,21,24
1848,antofagasta,2,el loa,22,san pedro de atacama,2203,11,112,57,55,71,39,32,41,18,23
1849,antofagasta,2,el loa,22,san pedro de atacama,2203,12,115,59,56,75,40,35,40,19,21
1850,antofagasta,2,el loa,22,san pedro de atacama,2203,13,98,48,50,59,29,30,39,19,20
1851,antofagasta,2,el loa,22,san pedro de atacama,2203,14,103,59,44,62,39,23,41,20,21
1852,antofagasta,2,el loa,22,san pedro de atacama,2203,15,101,43,58,64,31,33,37,12,25
1853,antofagasta,2,el loa,22,san pedro de atacama,2203,16,107,51,56,61,33,28,46,18,28
1854,antofagasta,2,el loa,22,san pedro de atacama,2203,17,88,41,47,59,23,36,29,18,11
1855,antofagasta,2,el loa,22,san pedro de atacama,2203,18,79,34,45,50,21,29,29,13,16
1856,antofagasta,2,el loa,22,san pedro de atacama,2203,19,103,49,54,67,26,41,36,23,13
1857,antofagasta,2,el loa,22,san pedro de atacama,2203,20,95,51,44,55,23,32,40,28,12
1858,antofagasta,2,el loa,22,san pedro de atacama,2203,21,137,72,65,75,36,39,62,36,26
1859,antofagasta,2,el loa,22,san pedro de atacama,2203,22,157,79,78,95,45,50,62,34,28
1860,antofagasta,2,el loa,22,san pedro de atacama,2203,23,181,88,93,110,43,67,71,45,26
1861,antofagasta,2,el loa,22,san pedro de atacama,2203,24,244,136,108,141,61,80,103,75,28
1862,antofagasta,2,el loa,22,san pedro de atacama,2203,25,265,133,132,157,70,87,108,63,45
1863,antofagasta,2,el loa,22,san pedro de atacama,2203,26,274,138,136,159,71,88,115,67,48
1864,antofagasta,2,el loa,22,san pedro de atacama,2203,27,297,169,128,167,84,83,130,85,45
1865,antofagasta,2,el loa,22,san pedro de atacama,2203,28,307,163,144,160,72,88,147,91,56
1866,antofagasta,2,el loa,22,san pedro de atacama,2203,29,325,189,136,172,88,84,153,101,52
1867,antofagasta,2,el loa,22,san pedro de atacama,2203,30,267,161,106,139,72,67,128,89,39
1868,antofagasta,2,el loa,22,san pedro de atacama,2203,31,275,146,129,130,56,74,145,90,55
1869,antofagasta,2,el loa,22,san pedro de atacama,2203,32,249,139,110,120,55,65,129,84,45
1870,antofagasta,2,el loa,22,san pedro de atacama,2203,33,262,162,100,127,76,51,135,86,49
1871,antofagasta,2,el loa,22,san pedro de atacama,2203,34,216,116,100,93,36,57,123,80,43
1872,antofagasta,2,el loa,22,san pedro de atacama,2203,35,257,161,96,128,68,60,129,93,36
1873,antofagasta,2,el loa,22,san pedro de atacama,2203,36,270,164,106,137,75,62,133,89,44
1874,antofagasta,2,el loa,22,san pedro de atacama,2203,37,258,153,105,121,56,65,137,97,40
1875,antofagasta,2,el loa,22,san pedro de atacama,2203,38,219,131,88,99,43,56,120,88,32
1876,antofagasta,2,el loa,22,san pedro de atacama,2203,39,185,126,59,75,41,34,110,85,25
1877,antofagasta,2,el loa,22,san pedro de atacama,2203,40,199,123,76,92,48,44,107,75,32
1878,antofagasta,2,el loa,22,san pedro de atacama,2203,41,192,118,74,93,46,47,99,72,27
1879,antofagasta,2,el loa,22,san pedro de atacama,2203,42,192,120,72,75,37,38,117,83,34
1880,antofagasta,2,el loa,22,san pedro de atacama,2203,43,197,132,65,84,49,35,113,83,30
1881,antofagasta,2,el loa,22,san pedro de atacama,2203,44,179,124,55,72,41,31,107,83,24
1882,antofagasta,2,el loa,22,san pedro de atacama,2203,45,155,96,59,74,40,34,81,56,25
1883,antofagasta,2,el loa,22,san pedro de atacama,2203,46,158,110,48,61,37,24,97,73,24
1884,antofagasta,2,el loa,22,san pedro de atacama,2203,47,166,110,56,57,34,23,109,76,33
1885,antofagasta,2,el loa,22,san pedro de atacama,2203,48,143,84,59,73,35,38,70,49,21
1886,antofagasta,2,el loa,22,san pedro de atacama,2203,49,141,92,49,53,32,21,88,60,28
1887,antofagasta,2,el loa,22,san pedro de atacama,2203,50,146,94,52,58,36,22,88,58,30
1888,antofagasta,2,el loa,22,san pedro de atacama,2203,51,150,84,66,63,29,34,87,55,32
1889,antofagasta,2,el loa,22,san pedro de atacama,2203,52,117,78,39,47,21,26,70,57,13
1890,antofagasta,2,el loa,22,san pedro de atacama,2203,53,117,74,43,46,21,25,71,53,18
1891,antofagasta,2,el loa,22,san pedro de atacama,2203,54,110,50,60,48,20,28,62,30,32
1892,antofagasta,2,el loa,22,san pedro de atacama,2203,55,115,75,40,57,31,26,58,44,14
1893,antofagasta,2,el loa,22,san pedro de atacama,2203,56,111,65,46,42,18,24,69,47,22
1894,antofagasta,2,el loa,22,san pedro de atacama,2203,57,94,64,30,45,30,15,49,34,15
1895,antofagasta,2,el loa,22,san pedro de atacama,2203,58,100,54,46,48,21,27,52,33,19
1896,antofagasta,2,el loa,22,san pedro de atacama,2203,59,87,53,34,37,17,20,50,36,14
1897,antofagasta,2,el loa,22,san pedro de atacama,2203,60,95,53,42,44,24,20,51,29,22
1898,antofagasta,2,el loa,22,san pedro de atacama,2203,61,101,60,41,40,19,21,61,41,20
1899,antofagasta,2,el loa,22,san pedro de atacama,2203,62,74,43,31,24,11,13,50,32,18
1900,antofagasta,2,el loa,22,san pedro de atacama,2203,63,77,39,38,37,16,21,40,23,17
1901,antofagasta,2,el loa,22,san pedro de atacama,2203,64,56,34,22,19,9,10,37,25,12
1902,antofagasta,2,el loa,22,san pedro de atacama,2203,65,56,32,24,22,11,11,34,21,13
1903,antofagasta,2,el loa,22,san pedro de atacama,2203,66,48,25,23,16,8,8,32,17,15
1904,antofagasta,2,el loa,22,san pedro de atacama,2203,67,46,27,19,18,11,7,28,16,12
1905,antofagasta,2,el loa,22,san pedro de atacama,2203,68,38,19,19,16,10,6,22,9,13
1906,antofagasta,2,el loa,22,san pedro de atacama,2203,69,46,19,27,23,9,14,23,10,13
1907,antofagasta,2,el loa,22,san pedro de atacama,2203,70,35,14,21,13,8,5,22,6,16
1908,antofagasta,2,el loa,22,san pedro de atacama,2203,71,29,7,22,17,3,14,12,4,8
1909,antofagasta,2,el loa,22,san pedro de atacama,2203,72,43,17,26,14,6,8,29,11,18
1910,antofagasta,2,el loa,22,san pedro de atacama,2203,73,37,18,19,13,7,6,24,11,13
1911,antofagasta,2,el loa,22,san pedro de atacama,2203,74,34,17,17,14,8,6,20,9,11
1912,antofagasta,2,el loa,22,san pedro de atacama,2203,75,32,16,16,9,5,4,23,11,12
1913,antofagasta,2,el loa,22,san pedro de atacama,2203,76,19,6,13,2,1,1,17,5,12
1914,antofagasta,2,el loa,22,san pedro de atacama,2203,77,33,14,19,13,5,8,20,9,11
1915,antofagasta,2,el loa,22,san pedro de atacama,2203,78,36,18,18,13,8,5,23,10,13
1916,antofagasta,2,el loa,22,san pedro de atacama,2203,79,19,6,13,10,3,7,9,3,6
1917,antofagasta,2,el loa,22,san pedro de atacama,2203,80,22,7,15,5,2,3,17,5,12
1918,antofagasta,2,el loa,22,san pedro de atacama,2203,81,15,5,10,6,3,3,9,2,7
1919,antofagasta,2,el loa,22,san pedro de atacama,2203,82,14,6,8,6,2,4,8,4,4
1920,antofagasta,2,el loa,22,san pedro de atacama,2203,83,14,7,7,6,4,2,8,3,5
1921,antofagasta,2,el loa,22,san pedro de atacama,2203,84,17,13,4,6,6,0,11,7,4
1922,antofagasta,2,el loa,22,san pedro de atacama,2203,85,6,2,4,3,0,3,3,2,1
1923,antofagasta,2,el loa,22,san pedro de atacama,2203,86,13,4,9,4,0,4,9,4,5
1924,antofagasta,2,el loa,22,san pedro de atacama,2203,87,11,4,7,6,2,4,5,2,3
1925,antofagasta,2,el loa,22,san pedro de atacama,2203,88,7,3,4,3,2,1,4,1,3
1926,antofagasta,2,el loa,22,san pedro de atacama,2203,89,11,6,5,3,2,1,8,4,4
1927,antofagasta,2,el loa,22,san pedro de atacama,2203,90,4,1,3,1,0,1,3,1,2
1928,antofagasta,2,el loa,22,san pedro de atacama,2203,91,4,1,3,0,0,0,4,1,3
1929,antofagasta,2,el loa,22,san pedro de atacama,2203,92,4,2,2,2,1,1,2,1,1
1930,antofagasta,2,el loa,22,san pedro de atacama,2203,93,3,0,3,1,0,1,2,0,2
1931,antofagasta,2,el loa,22,san pedro de atacama,2203,94,1,0,1,1,0,1,0,0,0
1932,antofagasta,2,el loa,22,san pedro de atacama,2203,95,2,1,1,1,0,1,1,1,0
1933,antofagasta,2,el loa,22,san pedro de atacama,2203,96,2,1,1,1,0,1,1,1,0
1934,antofagasta,2,el loa,22,san pedro de atacama,2203,97,3,2,1,0,0,0,3,2,1
1935,antofagasta,2,el loa,22,san pedro de atacama,2203,98,2,0,2,1,0,1,1,0,1
1936,antofagasta,2,el loa,22,san pedro de atacama,2203,99,0,0,0,0,0,0,0,0,0
1937,antofagasta,2,el loa,22,san pedro de atacama,2203,100 o más,1,0,1,0,0,0,1,0,1
1938,antofagasta,2,tocopilla,23,tocopilla,2301,total comuna,25186,12481,12705,24631,12126,12505,555,355,200
1939,antofagasta,2,tocopilla,23,tocopilla,2301,0,351,181,170,348,178,170,3,3,0
1940,antofagasta,2,tocopilla,23,tocopilla,2301,1,419,212,207,413,209,204,6,3,3
1941,antofagasta,2,tocopilla,23,tocopilla,2301,2,429,214,215,424,211,213,5,3,2
1942,antofagasta,2,tocopilla,23,tocopilla,2301,3,384,191,193,374,186,188,10,5,5
1943,antofagasta,2,tocopilla,23,tocopilla,2301,4,407,218,189,404,216,188,3,2,1
1944,antofagasta,2,tocopilla,23,tocopilla,2301,5,440,219,221,434,215,219,6,4,2
1945,antofagasta,2,tocopilla,23,tocopilla,2301,6,479,228,251,469,221,248,10,7,3
1946,antofagasta,2,tocopilla,23,tocopilla,2301,7,457,231,226,452,231,221,5,0,5
1947,antofagasta,2,tocopilla,23,tocopilla,2301,8,406,210,196,405,210,195,1,0,1
1948,antofagasta,2,tocopilla,23,tocopilla,2301,9,410,213,197,402,212,190,8,1,7
1949,antofagasta,2,tocopilla,23,tocopilla,2301,10,362,190,172,361,190,171,1,0,1
1950,antofagasta,2,tocopilla,23,tocopilla,2301,11,389,203,186,382,199,183,7,4,3
1951,antofagasta,2,tocopilla,23,tocopilla,2301,12,381,200,181,377,198,179,4,2,2
1952,antofagasta,2,tocopilla,23,tocopilla,2301,13,352,168,184,346,164,182,6,4,2
1953,antofagasta,2,tocopilla,23,tocopilla,2301,14,367,184,183,366,183,183,1,1,0
1954,antofagasta,2,tocopilla,23,tocopilla,2301,15,380,201,179,374,198,176,6,3,3
1955,antofagasta,2,tocopilla,23,tocopilla,2301,16,407,215,192,402,213,189,5,2,3
1956,antofagasta,2,tocopilla,23,tocopilla,2301,17,385,199,186,384,198,186,1,1,0
1957,antofagasta,2,tocopilla,23,tocopilla,2301,18,310,165,145,303,161,142,7,4,3
1958,antofagasta,2,tocopilla,23,tocopilla,2301,19,279,132,147,271,129,142,8,3,5
1959,antofagasta,2,tocopilla,23,tocopilla,2301,20,306,149,157,298,145,153,8,4,4
1960,antofagasta,2,tocopilla,23,tocopilla,2301,21,298,144,154,289,138,151,9,6,3
1961,antofagasta,2,tocopilla,23,tocopilla,2301,22,308,167,141,303,164,139,5,3,2
1962,antofagasta,2,tocopilla,23,tocopilla,2301,23,322,151,171,315,147,168,7,4,3
1963,antofagasta,2,tocopilla,23,tocopilla,2301,24,392,213,179,377,202,175,15,11,4
1964,antofagasta,2,tocopilla,23,tocopilla,2301,25,379,180,199,367,173,194,12,7,5
1965,antofagasta,2,tocopilla,23,tocopilla,2301,26,475,202,273,469,199,270,6,3,3
1966,antofagasta,2,tocopilla,23,tocopilla,2301,27,406,193,213,401,191,210,5,2,3
1967,antofagasta,2,tocopilla,23,tocopilla,2301,28,414,206,208,408,200,208,6,6,0
1968,antofagasta,2,tocopilla,23,tocopilla,2301,29,403,193,210,395,189,206,8,4,4
1969,antofagasta,2,tocopilla,23,tocopilla,2301,30,408,202,206,399,194,205,9,8,1
1970,antofagasta,2,tocopilla,23,tocopilla,2301,31,371,172,199,365,168,197,6,4,2
1971,antofagasta,2,tocopilla,23,tocopilla,2301,32,372,183,189,364,178,186,8,5,3
1972,antofagasta,2,tocopilla,23,tocopilla,2301,33,342,178,164,332,168,164,10,10,0
1973,antofagasta,2,tocopilla,23,tocopilla,2301,34,354,174,180,343,170,173,11,4,7
1974,antofagasta,2,tocopilla,23,tocopilla,2301,35,335,164,171,327,157,170,8,7,1
1975,antofagasta,2,tocopilla,23,tocopilla,2301,36,321,154,167,310,148,162,11,6,5
1976,antofagasta,2,tocopilla,23,tocopilla,2301,37,311,154,157,309,153,156,2,1,1
1977,antofagasta,2,tocopilla,23,tocopilla,2301,38,316,161,155,309,158,151,7,3,4
1978,antofagasta,2,tocopilla,23,tocopilla,2301,39,331,169,162,323,164,159,8,5,3
1979,antofagasta,2,tocopilla,23,tocopilla,2301,40,319,142,177,312,139,173,7,3,4
1980,antofagasta,2,tocopilla,23,tocopilla,2301,41,288,172,116,284,170,114,4,2,2
1981,antofagasta,2,tocopilla,23,tocopilla,2301,42,328,163,165,321,158,163,7,5,2
1982,antofagasta,2,tocopilla,23,tocopilla,2301,43,311,157,154,305,153,152,6,4,2
1983,antofagasta,2,tocopilla,23,tocopilla,2301,44,337,151,186,325,143,182,12,8,4
1984,antofagasta,2,tocopilla,23,tocopilla,2301,45,327,164,163,322,160,162,5,4,1
1985,antofagasta,2,tocopilla,23,tocopilla,2301,46,322,169,153,312,163,149,10,6,4
1986,antofagasta,2,tocopilla,23,tocopilla,2301,47,299,157,142,290,151,139,9,6,3
1987,antofagasta,2,tocopilla,23,tocopilla,2301,48,285,134,151,278,130,148,7,4,3
1988,antofagasta,2,tocopilla,23,tocopilla,2301,49,332,160,172,320,149,171,12,11,1
1989,antofagasta,2,tocopilla,23,tocopilla,2301,50,293,148,145,283,143,140,10,5,5
1990,antofagasta,2,tocopilla,23,tocopilla,2301,51,262,130,132,255,126,129,7,4,3
1991,antofagasta,2,tocopilla,23,tocopilla,2301,52,314,165,149,297,152,145,17,13,4
1992,antofagasta,2,tocopilla,23,tocopilla,2301,53,336,171,165,327,165,162,9,6,3
1993,antofagasta,2,tocopilla,23,tocopilla,2301,54,346,172,174,338,164,174,8,8,0
1994,antofagasta,2,tocopilla,23,tocopilla,2301,55,335,177,158,321,167,154,14,10,4
1995,antofagasta,2,tocopilla,23,tocopilla,2301,56,314,157,157,306,154,152,8,3,5
1996,antofagasta,2,tocopilla,23,tocopilla,2301,57,309,167,142,293,156,137,16,11,5
1997,antofagasta,2,tocopilla,23,tocopilla,2301,58,302,147,155,287,136,151,15,11,4
1998,antofagasta,2,tocopilla,23,tocopilla,2301,59,295,154,141,289,150,139,6,4,2
1999,antofagasta,2,tocopilla,23,tocopilla,2301,60,278,151,127,264,140,124,14,11,3
2000,antofagasta,2,tocopilla,23,tocopilla,2301,61,251,124,127,243,120,123,8,4,4
2001,antofagasta,2,tocopilla,23,tocopilla,2301,62,273,130,143,263,123,140,10,7,3
2002,antofagasta,2,tocopilla,23,tocopilla,2301,63,262,128,134,256,125,131,6,3,3
2003,antofagasta,2,tocopilla,23,tocopilla,2301,64,236,125,111,225,115,110,11,10,1
2004,antofagasta,2,tocopilla,23,tocopilla,2301,65,227,111,116,221,107,114,6,4,2
2005,antofagasta,2,tocopilla,23,tocopilla,2301,66,201,110,91,195,106,89,6,4,2
2006,antofagasta,2,tocopilla,23,tocopilla,2301,67,178,102,76,174,98,76,4,4,0
2007,antofagasta,2,tocopilla,23,tocopilla,2301,68,170,76,94,165,73,92,5,3,2
2008,antofagasta,2,tocopilla,23,tocopilla,2301,69,177,76,101,172,72,100,5,4,1
2009,antofagasta,2,tocopilla,23,tocopilla,2301,70,160,73,87,156,69,87,4,4,0
2010,antofagasta,2,tocopilla,23,tocopilla,2301,71,161,73,88,156,70,86,5,3,2
2011,antofagasta,2,tocopilla,23,tocopilla,2301,72,130,64,66,130,64,66,0,0,0
2012,antofagasta,2,tocopilla,23,tocopilla,2301,73,124,51,73,122,49,73,2,2,0
2013,antofagasta,2,tocopilla,23,tocopilla,2301,74,113,55,58,110,52,58,3,3,0
2014,antofagasta,2,tocopilla,23,tocopilla,2301,75,107,40,67,105,40,65,2,0,2
2015,antofagasta,2,tocopilla,23,tocopilla,2301,76,93,46,47,93,46,47,0,0,0
2016,antofagasta,2,tocopilla,23,tocopilla,2301,77,99,42,57,97,40,57,2,2,0
2017,antofagasta,2,tocopilla,23,tocopilla,2301,78,77,39,38,77,39,38,0,0,0
2018,antofagasta,2,tocopilla,23,tocopilla,2301,79,78,31,47,76,29,47,2,2,0
2019,antofagasta,2,tocopilla,23,tocopilla,2301,80,65,22,43,65,22,43,0,0,0
2020,antofagasta,2,tocopilla,23,tocopilla,2301,81,73,27,46,71,27,44,2,0,2
2021,antofagasta,2,tocopilla,23,tocopilla,2301,82,47,19,28,47,19,28,0,0,0
2022,antofagasta,2,tocopilla,23,tocopilla,2301,83,55,18,37,54,17,37,1,1,0
2023,antofagasta,2,tocopilla,23,tocopilla,2301,84,53,23,30,53,23,30,0,0,0
2024,antofagasta,2,tocopilla,23,tocopilla,2301,85,57,27,30,54,26,28,3,1,2
2025,antofagasta,2,tocopilla,23,tocopilla,2301,86,42,11,31,41,11,30,1,0,1
2026,antofagasta,2,tocopilla,23,tocopilla,2301,87,52,9,43,52,9,43,0,0,0
2027,antofagasta,2,tocopilla,23,tocopilla,2301,88,37,4,33,37,4,33,0,0,0
2028,antofagasta,2,tocopilla,23,tocopilla,2301,89,24,9,15,24,9,15,0,0,0
2029,antofagasta,2,tocopilla,23,tocopilla,2301,90,15,7,8,15,7,8,0,0,0
2030,antofagasta,2,tocopilla,23,tocopilla,2301,91,16,3,13,16,3,13,0,0,0
2031,antofagasta,2,tocopilla,23,tocopilla,2301,92,9,2,7,9,2,7,0,0,0
2032,antofagasta,2,tocopilla,23,tocopilla,2301,93,8,2,6,8,2,6,0,0,0
2033,antofagasta,2,tocopilla,23,tocopilla,2301,94,5,1,4,5,1,4,0,0,0
2034,antofagasta,2,tocopilla,23,tocopilla,2301,95,4,2,2,4,2,2,0,0,0
2035,antofagasta,2,tocopilla,23,tocopilla,2301,96,4,3,1,4,3,1,0,0,0
2036,antofagasta,2,tocopilla,23,tocopilla,2301,97,3,0,3,3,0,3,0,0,0
2037,antofagasta,2,tocopilla,23,tocopilla,2301,98,2,0,2,2,0,2,0,0,0
2038,antofagasta,2,tocopilla,23,tocopilla,2301,99,1,1,0,1,1,0,0,0,0
2039,antofagasta,2,tocopilla,23,tocopilla,2301,100 o más,7,4,3,7,4,3,0,0,0
2040,antofagasta,2,tocopilla,23,maría elena,2302,total comuna,6457,4092,2365,4925,2774,2151,1532,1318,214
2041,antofagasta,2,tocopilla,23,maría elena,2302,0,58,32,26,54,29,25,4,3,1
2042,antofagasta,2,tocopilla,23,maría elena,2302,1,65,30,35,63,28,35,2,2,0
2043,antofagasta,2,tocopilla,23,maría elena,2302,2,70,32,38,70,32,38,0,0,0
2044,antofagasta,2,tocopilla,23,maría elena,2302,3,57,25,32,50,23,27,7,2,5
2045,antofagasta,2,tocopilla,23,maría elena,2302,4,57,29,28,51,26,25,6,3,3
2046,antofagasta,2,tocopilla,23,maría elena,2302,5,73,31,42,71,30,41,2,1,1
2047,antofagasta,2,tocopilla,23,maría elena,2302,6,60,28,32,58,27,31,2,1,1
2048,antofagasta,2,tocopilla,23,maría elena,2302,7,84,46,38,81,45,36,3,1,2
2049,antofagasta,2,tocopilla,23,maría elena,2302,8,82,37,45,81,37,44,1,0,1
2050,antofagasta,2,tocopilla,23,maría elena,2302,9,78,46,32,77,46,31,1,0,1
2051,antofagasta,2,tocopilla,23,maría elena,2302,10,66,35,31,62,33,29,4,2,2
2052,antofagasta,2,tocopilla,23,maría elena,2302,11,45,22,23,43,21,22,2,1,1
2053,antofagasta,2,tocopilla,23,maría elena,2302,12,65,37,28,64,36,28,1,1,0
2054,antofagasta,2,tocopilla,23,maría elena,2302,13,77,39,38,74,37,37,3,2,1
2055,antofagasta,2,tocopilla,23,maría elena,2302,14,64,33,31,63,33,30,1,0,1
2056,antofagasta,2,tocopilla,23,maría elena,2302,15,76,42,34,72,41,31,4,1,3
2057,antofagasta,2,tocopilla,23,maría elena,2302,16,77,41,36,75,41,34,2,0,2
2058,antofagasta,2,tocopilla,23,maría elena,2302,17,73,34,39,72,33,39,1,1,0
2059,antofagasta,2,tocopilla,23,maría elena,2302,18,51,23,28,51,23,28,0,0,0
2060,antofagasta,2,tocopilla,23,maría elena,2302,19,46,18,28,42,17,25,4,1,3
2061,antofagasta,2,tocopilla,23,maría elena,2302,20,64,41,23,55,33,22,9,8,1
2062,antofagasta,2,tocopilla,23,maría elena,2302,21,68,36,32,55,26,29,13,10,3
2063,antofagasta,2,tocopilla,23,maría elena,2302,22,86,55,31,66,38,28,20,17,3
2064,antofagasta,2,tocopilla,23,maría elena,2302,23,97,51,46,72,32,40,25,19,6
2065,antofagasta,2,tocopilla,23,maría elena,2302,24,119,64,55,91,43,48,28,21,7
2066,antofagasta,2,tocopilla,23,maría elena,2302,25,123,80,43,91,53,38,32,27,5
2067,antofagasta,2,tocopilla,23,maría elena,2302,26,109,72,37,71,40,31,38,32,6
2068,antofagasta,2,tocopilla,23,maría elena,2302,27,143,86,57,104,53,51,39,33,6
2069,antofagasta,2,tocopilla,23,maría elena,2302,28,131,85,46,94,55,39,37,30,7
2070,antofagasta,2,tocopilla,23,maría elena,2302,29,153,108,45,97,61,36,56,47,9
2071,antofagasta,2,tocopilla,23,maría elena,2302,30,131,80,51,84,37,47,47,43,4
2072,antofagasta,2,tocopilla,23,maría elena,2302,31,127,91,36,74,43,31,53,48,5
2073,antofagasta,2,tocopilla,23,maría elena,2302,32,157,103,54,104,58,46,53,45,8
2074,antofagasta,2,tocopilla,23,maría elena,2302,33,144,105,39,93,59,34,51,46,5
2075,antofagasta,2,tocopilla,23,maría elena,2302,34,135,96,39,89,56,33,46,40,6
2076,antofagasta,2,tocopilla,23,maría elena,2302,35,164,121,43,109,71,38,55,50,5
2077,antofagasta,2,tocopilla,23,maría elena,2302,36,113,83,30,66,40,26,47,43,4
2078,antofagasta,2,tocopilla,23,maría elena,2302,37,112,84,28,71,48,23,41,36,5
2079,antofagasta,2,tocopilla,23,maría elena,2302,38,117,83,34,71,41,30,46,42,4
2080,antofagasta,2,tocopilla,23,maría elena,2302,39,116,87,29,71,45,26,45,42,3
2081,antofagasta,2,tocopilla,23,maría elena,2302,40,126,95,31,72,42,30,54,53,1
2082,antofagasta,2,tocopilla,23,maría elena,2302,41,123,82,41,78,42,36,45,40,5
2083,antofagasta,2,tocopilla,23,maría elena,2302,42,119,82,37,79,45,34,40,37,3
2084,antofagasta,2,tocopilla,23,maría elena,2302,43,133,94,39,87,50,37,46,44,2
2085,antofagasta,2,tocopilla,23,maría elena,2302,44,128,84,44,84,46,38,44,38,6
2086,antofagasta,2,tocopilla,23,maría elena,2302,45,122,87,35,75,43,32,47,44,3
2087,antofagasta,2,tocopilla,23,maría elena,2302,46,125,87,38,86,51,35,39,36,3
2088,antofagasta,2,tocopilla,23,maría elena,2302,47,94,64,30,72,45,27,22,19,3
2089,antofagasta,2,tocopilla,23,maría elena,2302,48,95,63,32,72,43,29,23,20,3
2090,antofagasta,2,tocopilla,23,maría elena,2302,49,112,84,28,84,58,26,28,26,2
2091,antofagasta,2,tocopilla,23,maría elena,2302,50,117,73,44,89,50,39,28,23,5
2092,antofagasta,2,tocopilla,23,maría elena,2302,51,106,80,26,79,57,22,27,23,4
2093,antofagasta,2,tocopilla,23,maría elena,2302,52,110,82,28,83,58,25,27,24,3
2094,antofagasta,2,tocopilla,23,maría elena,2302,53,114,70,44,88,50,38,26,20,6
2095,antofagasta,2,tocopilla,23,maría elena,2302,54,120,78,42,86,49,37,34,29,5
2096,antofagasta,2,tocopilla,23,maría elena,2302,55,102,69,33,72,41,31,30,28,2
2097,antofagasta,2,tocopilla,23,maría elena,2302,56,74,46,28,57,29,28,17,17,0
2098,antofagasta,2,tocopilla,23,maría elena,2302,57,68,41,27,59,33,26,9,8,1
2099,antofagasta,2,tocopilla,23,maría elena,2302,58,80,56,24,62,41,21,18,15,3
2100,antofagasta,2,tocopilla,23,maría elena,2302,59,75,52,23,64,42,22,11,10,1
2101,antofagasta,2,tocopilla,23,maría elena,2302,60,62,41,21,54,33,21,8,8,0
2102,antofagasta,2,tocopilla,23,maría elena,2302,61,63,44,19,59,40,19,4,4,0
2103,antofagasta,2,tocopilla,23,maría elena,2302,62,41,21,20,38,18,20,3,3,0
2104,antofagasta,2,tocopilla,23,maría elena,2302,63,61,40,21,48,28,20,13,12,1
2105,antofagasta,2,tocopilla,23,maría elena,2302,64,56,40,16,51,36,15,5,4,1
2106,antofagasta,2,tocopilla,23,maría elena,2302,65,56,32,24,48,27,21,8,5,3
2107,antofagasta,2,tocopilla,23,maría elena,2302,66,32,24,8,24,17,7,8,7,1
2108,antofagasta,2,tocopilla,23,maría elena,2302,67,23,15,8,19,12,7,4,3,1
2109,antofagasta,2,tocopilla,23,maría elena,2302,68,26,16,10,23,15,8,3,1,2
2110,antofagasta,2,tocopilla,23,maría elena,2302,69,19,11,8,16,8,8,3,3,0
2111,antofagasta,2,tocopilla,23,maría elena,2302,70,19,9,10,17,7,10,2,2,0
2112,antofagasta,2,tocopilla,23,maría elena,2302,71,11,7,4,11,7,4,0,0,0
2113,antofagasta,2,tocopilla,23,maría elena,2302,72,11,5,6,8,4,4,3,1,2
2114,antofagasta,2,tocopilla,23,maría elena,2302,73,12,8,4,9,6,3,3,2,1
2115,antofagasta,2,tocopilla,23,maría elena,2302,74,12,5,7,9,4,5,3,1,2
2116,antofagasta,2,tocopilla,23,maría elena,2302,75,8,4,4,5,3,2,3,1,2
2117,antofagasta,2,tocopilla,23,maría elena,2302,76,12,6,6,11,6,5,1,0,1
2118,antofagasta,2,tocopilla,23,maría elena,2302,77,6,2,4,4,1,3,2,1,1
2119,antofagasta,2,tocopilla,23,maría elena,2302,78,6,5,1,6,5,1,0,0,0
2120,antofagasta,2,tocopilla,23,maría elena,2302,79,9,3,6,8,3,5,1,0,1
2121,antofagasta,2,tocopilla,23,maría elena,2302,80,7,4,3,7,4,3,0,0,0
2122,antofagasta,2,tocopilla,23,maría elena,2302,81,5,3,2,3,2,1,2,1,1
2123,antofagasta,2,tocopilla,23,maría elena,2302,82,3,0,3,2,0,2,1,0,1
2124,antofagasta,2,tocopilla,23,maría elena,2302,83,2,1,1,1,0,1,1,1,0
2125,antofagasta,2,tocopilla,23,maría elena,2302,84,2,2,0,2,2,0,0,0,0
2126,antofagasta,2,tocopilla,23,maría elena,2302,85,1,0,1,1,0,1,0,0,0
2127,antofagasta,2,tocopilla,23,maría elena,2302,86,5,2,3,3,0,3,2,2,0
2128,antofagasta,2,tocopilla,23,maría elena,2302,87,3,1,2,1,0,1,2,1,1
2129,antofagasta,2,tocopilla,23,maría elena,2302,88,3,1,2,2,1,1,1,0,1
2130,antofagasta,2,tocopilla,23,maría elena,2302,89,1,0,1,1,0,1,0,0,0
2131,antofagasta,2,tocopilla,23,maría elena,2302,90,1,0,1,1,0,1,0,0,0
2132,antofagasta,2,tocopilla,23,maría elena,2302,91,1,0,1,1,0,1,0,0,0
2133,antofagasta,2,tocopilla,23,maría elena,2302,92,0,0,0,0,0,0,0,0,0
2134,antofagasta,2,tocopilla,23,maría elena,2302,93,0,0,0,0,0,0,0,0,0
2135,antofagasta,2,tocopilla,23,maría elena,2302,94,0,0,0,0,0,0,0,0,0
2136,antofagasta,2,tocopilla,23,maría elena,2302,95,0,0,0,0,0,0,0,0,0
2137,antofagasta,2,tocopilla,23,maría elena,2302,96,0,0,0,0,0,0,0,0,0
2138,antofagasta,2,tocopilla,23,maría elena,2302,97,1,0,1,1,0,1,0,0,0
2139,antofagasta,2,tocopilla,23,maría elena,2302,98,0,0,0,0,0,0,0,0,0
2140,antofagasta,2,tocopilla,23,maría elena,2302,99,0,0,0,0,0,0,0,0,0
2141,antofagasta,2,tocopilla,23,maría elena,2302,100 o más,1,0,1,1,0,1,0,0,0
2142,atacama,3,copiapó,31,copiapó,3101,total comuna,153937,76627,77310,150962,74990,75972,2975,1637,1338
2143,atacama,3,copiapó,31,copiapó,3101,0,2203,1140,1063,2170,1122,1048,33,18,15
2144,atacama,3,copiapó,31,copiapó,3101,1,2448,1236,1212,2398,1212,1186,50,24,26
2145,atacama,3,copiapó,31,copiapó,3101,2,2390,1258,1132,2348,1236,1112,42,22,20
2146,atacama,3,copiapó,31,copiapó,3101,3,2415,1214,1201,2378,1194,1184,37,20,17
2147,atacama,3,copiapó,31,copiapó,3101,4,2485,1221,1264,2443,1203,1240,42,18,24
2148,atacama,3,copiapó,31,copiapó,3101,5,2461,1247,1214,2423,1230,1193,38,17,21
2149,atacama,3,copiapó,31,copiapó,3101,6,2645,1338,1307,2607,1321,1286,38,17,21
2150,atacama,3,copiapó,31,copiapó,3101,7,2622,1308,1314,2578,1290,1288,44,18,26
2151,atacama,3,copiapó,31,copiapó,3101,8,2468,1229,1239,2428,1208,1220,40,21,19
2152,atacama,3,copiapó,31,copiapó,3101,9,2244,1181,1063,2206,1161,1045,38,20,18
2153,atacama,3,copiapó,31,copiapó,3101,10,2366,1205,1161,2320,1179,1141,46,26,20
2154,atacama,3,copiapó,31,copiapó,3101,11,2197,1138,1059,2153,1116,1037,44,22,22
2155,atacama,3,copiapó,31,copiapó,3101,12,2172,1096,1076,2120,1071,1049,52,25,27
2156,atacama,3,copiapó,31,copiapó,3101,13,2125,1106,1019,2089,1088,1001,36,18,18
2157,atacama,3,copiapó,31,copiapó,3101,14,2251,1139,1112,2203,1117,1086,48,22,26
2158,atacama,3,copiapó,31,copiapó,3101,15,2276,1170,1106,2234,1152,1082,42,18,24
2159,atacama,3,copiapó,31,copiapó,3101,16,2291,1216,1075,2250,1194,1056,41,22,19
2160,atacama,3,copiapó,31,copiapó,3101,17,2343,1224,1119,2288,1200,1088,55,24,31
2161,atacama,3,copiapó,31,copiapó,3101,18,2412,1256,1156,2390,1242,1148,22,14,8
2162,atacama,3,copiapó,31,copiapó,3101,19,2289,1179,1110,2262,1167,1095,27,12,15
2163,atacama,3,copiapó,31,copiapó,3101,20,2388,1235,1153,2352,1216,1136,36,19,17
2164,atacama,3,copiapó,31,copiapó,3101,21,2406,1212,1194,2370,1195,1175,36,17,19
2165,atacama,3,copiapó,31,copiapó,3101,22,2548,1291,1257,2510,1267,1243,38,24,14
2166,atacama,3,copiapó,31,copiapó,3101,23,2617,1320,1297,2567,1290,1277,50,30,20
2167,atacama,3,copiapó,31,copiapó,3101,24,2732,1417,1315,2692,1399,1293,40,18,22
2168,atacama,3,copiapó,31,copiapó,3101,25,2702,1408,1294,2660,1383,1277,42,25,17
2169,atacama,3,copiapó,31,copiapó,3101,26,2685,1340,1345,2636,1310,1326,49,30,19
2170,atacama,3,copiapó,31,copiapó,3101,27,2807,1391,1416,2767,1367,1400,40,24,16
2171,atacama,3,copiapó,31,copiapó,3101,28,2665,1338,1327,2624,1309,1315,41,29,12
2172,atacama,3,copiapó,31,copiapó,3101,29,2545,1308,1237,2505,1285,1220,40,23,17
2173,atacama,3,copiapó,31,copiapó,3101,30,2409,1235,1174,2366,1210,1156,43,25,18
2174,atacama,3,copiapó,31,copiapó,3101,31,2378,1192,1186,2338,1178,1160,40,14,26
2175,atacama,3,copiapó,31,copiapó,3101,32,2317,1206,1111,2274,1178,1096,43,28,15
2176,atacama,3,copiapó,31,copiapó,3101,33,2187,1063,1124,2143,1037,1106,44,26,18
2177,atacama,3,copiapó,31,copiapó,3101,34,2293,1123,1170,2247,1097,1150,46,26,20
2178,atacama,3,copiapó,31,copiapó,3101,35,2319,1142,1177,2276,1118,1158,43,24,19
2179,atacama,3,copiapó,31,copiapó,3101,36,2202,1114,1088,2165,1095,1070,37,19,18
2180,atacama,3,copiapó,31,copiapó,3101,37,2118,1057,1061,2078,1033,1045,40,24,16
2181,atacama,3,copiapó,31,copiapó,3101,38,1954,991,963,1911,961,950,43,30,13
2182,atacama,3,copiapó,31,copiapó,3101,39,2075,1014,1061,2038,1002,1036,37,12,25
2183,atacama,3,copiapó,31,copiapó,3101,40,2032,1011,1021,1989,991,998,43,20,23
2184,atacama,3,copiapó,31,copiapó,3101,41,1996,994,1002,1963,971,992,33,23,10
2185,atacama,3,copiapó,31,copiapó,3101,42,2086,1065,1021,2040,1044,996,46,21,25
2186,atacama,3,copiapó,31,copiapó,3101,43,2022,962,1060,1978,935,1043,44,27,17
2187,atacama,3,copiapó,31,copiapó,3101,44,1928,936,992,1893,922,971,35,14,21
2188,atacama,3,copiapó,31,copiapó,3101,45,2013,1006,1007,1969,986,983,44,20,24
2189,atacama,3,copiapó,31,copiapó,3101,46,2014,1005,1009,1961,966,995,53,39,14
2190,atacama,3,copiapó,31,copiapó,3101,47,1979,981,998,1946,963,983,33,18,15
2191,atacama,3,copiapó,31,copiapó,3101,48,1966,963,1003,1926,937,989,40,26,14
2192,atacama,3,copiapó,31,copiapó,3101,49,2016,983,1033,1960,955,1005,56,28,28
2193,atacama,3,copiapó,31,copiapó,3101,50,2021,983,1038,1974,956,1018,47,27,20
2194,atacama,3,copiapó,31,copiapó,3101,51,1895,941,954,1836,905,931,59,36,23
2195,atacama,3,copiapó,31,copiapó,3101,52,2012,994,1018,1966,963,1003,46,31,15
2196,atacama,3,copiapó,31,copiapó,3101,53,1900,941,959,1847,910,937,53,31,22
2197,atacama,3,copiapó,31,copiapó,3101,54,1910,929,981,1879,914,965,31,15,16
2198,atacama,3,copiapó,31,copiapó,3101,55,1852,881,971,1806,858,948,46,23,23
2199,atacama,3,copiapó,31,copiapó,3101,56,1840,897,943,1791,870,921,49,27,22
2200,atacama,3,copiapó,31,copiapó,3101,57,1662,812,850,1626,788,838,36,24,12
2201,atacama,3,copiapó,31,copiapó,3101,58,1589,765,824,1548,745,803,41,20,21
2202,atacama,3,copiapó,31,copiapó,3101,59,1562,784,778,1525,762,763,37,22,15
2203,atacama,3,copiapó,31,copiapó,3101,60,1480,728,752,1451,713,738,29,15,14
2204,atacama,3,copiapó,31,copiapó,3101,61,1392,703,689,1357,686,671,35,17,18
2205,atacama,3,copiapó,31,copiapó,3101,62,1333,660,673,1307,637,670,26,23,3
2206,atacama,3,copiapó,31,copiapó,3101,63,1234,609,625,1205,593,612,29,16,13
2207,atacama,3,copiapó,31,copiapó,3101,64,1165,556,609,1142,546,596,23,10,13
2208,atacama,3,copiapó,31,copiapó,3101,65,1053,490,563,1031,475,556,22,15,7
2209,atacama,3,copiapó,31,copiapó,3101,66,1036,496,540,1004,470,534,32,26,6
2210,atacama,3,copiapó,31,copiapó,3101,67,947,457,490,923,442,481,24,15,9
2211,atacama,3,copiapó,31,copiapó,3101,68,805,380,425,788,370,418,17,10,7
2212,atacama,3,copiapó,31,copiapó,3101,69,849,392,457,831,384,447,18,8,10
2213,atacama,3,copiapó,31,copiapó,3101,70,727,321,406,707,308,399,20,13,7
2214,atacama,3,copiapó,31,copiapó,3101,71,704,319,385,686,307,379,18,12,6
2215,atacama,3,copiapó,31,copiapó,3101,72,720,344,376,701,332,369,19,12,7
2216,atacama,3,copiapó,31,copiapó,3101,73,614,286,328,604,279,325,10,7,3
2217,atacama,3,copiapó,31,copiapó,3101,74,629,289,340,616,282,334,13,7,6
2218,atacama,3,copiapó,31,copiapó,3101,75,597,252,345,580,245,335,17,7,10
2219,atacama,3,copiapó,31,copiapó,3101,76,566,267,299,553,258,295,13,9,4
2220,atacama,3,copiapó,31,copiapó,3101,77,509,228,281,497,220,277,12,8,4
2221,atacama,3,copiapó,31,copiapó,3101,78,396,173,223,384,167,217,12,6,6
2222,atacama,3,copiapó,31,copiapó,3101,79,406,177,229,394,169,225,12,8,4
2223,atacama,3,copiapó,31,copiapó,3101,80,378,186,192,370,181,189,8,5,3
2224,atacama,3,copiapó,31,copiapó,3101,81,389,158,231,380,154,226,9,4,5
2225,atacama,3,copiapó,31,copiapó,3101,82,319,114,205,313,111,202,6,3,3
2226,atacama,3,copiapó,31,copiapó,3101,83,304,132,172,298,126,172,6,6,0
2227,atacama,3,copiapó,31,copiapó,3101,84,252,90,162,248,86,162,4,4,0
2228,atacama,3,copiapó,31,copiapó,3101,85,235,91,144,230,88,142,5,3,2
2229,atacama,3,copiapó,31,copiapó,3101,86,230,81,149,226,79,147,4,2,2
2230,atacama,3,copiapó,31,copiapó,3101,87,189,81,108,189,81,108,0,0,0
2231,atacama,3,copiapó,31,copiapó,3101,88,160,56,104,158,55,103,2,1,1
2232,atacama,3,copiapó,31,copiapó,3101,89,143,45,98,141,44,97,2,1,1
2233,atacama,3,copiapó,31,copiapó,3101,90,97,29,68,93,27,66,4,2,2
2234,atacama,3,copiapó,31,copiapó,3101,91,81,31,50,80,30,50,1,1,0
2235,atacama,3,copiapó,31,copiapó,3101,92,60,21,39,58,19,39,2,2,0
2236,atacama,3,copiapó,31,copiapó,3101,93,51,12,39,51,12,39,0,0,0
2237,atacama,3,copiapó,31,copiapó,3101,94,38,9,29,37,9,28,1,0,1
2238,atacama,3,copiapó,31,copiapó,3101,95,30,9,21,29,9,20,1,0,1
2239,atacama,3,copiapó,31,copiapó,3101,96,19,3,16,18,3,15,1,0,1
2240,atacama,3,copiapó,31,copiapó,3101,97,12,3,9,12,3,9,0,0,0
2241,atacama,3,copiapó,31,copiapó,3101,98,6,3,3,4,2,2,2,1,1
2242,atacama,3,copiapó,31,copiapó,3101,99,7,3,4,7,3,4,0,0,0
2243,atacama,3,copiapó,31,copiapó,3101,100 o más,30,12,18,29,11,18,1,1,0
2244,atacama,3,copiapó,31,caldera,3102,total comuna,17662,9094,8568,15775,7994,7781,1887,1100,787
2245,atacama,3,copiapó,31,caldera,3102,0,235,117,118,216,108,108,19,9,10
2246,atacama,3,copiapó,31,caldera,3102,1,233,125,108,219,116,103,14,9,5
2247,atacama,3,copiapó,31,caldera,3102,2,268,118,150,251,112,139,17,6,11
2248,atacama,3,copiapó,31,caldera,3102,3,247,133,114,232,123,109,15,10,5
2249,atacama,3,copiapó,31,caldera,3102,4,276,135,141,249,122,127,27,13,14
2250,atacama,3,copiapó,31,caldera,3102,5,298,140,158,280,132,148,18,8,10
2251,atacama,3,copiapó,31,caldera,3102,6,321,161,160,290,146,144,31,15,16
2252,atacama,3,copiapó,31,caldera,3102,7,287,137,150,271,130,141,16,7,9
2253,atacama,3,copiapó,31,caldera,3102,8,287,153,134,261,138,123,26,15,11
2254,atacama,3,copiapó,31,caldera,3102,9,289,140,149,274,132,142,15,8,7
2255,atacama,3,copiapó,31,caldera,3102,10,273,145,128,251,131,120,22,14,8
2256,atacama,3,copiapó,31,caldera,3102,11,253,128,125,237,118,119,16,10,6
2257,atacama,3,copiapó,31,caldera,3102,12,240,127,113,223,118,105,17,9,8
2258,atacama,3,copiapó,31,caldera,3102,13,249,136,113,230,129,101,19,7,12
2259,atacama,3,copiapó,31,caldera,3102,14,248,142,106,233,133,100,15,9,6
2260,atacama,3,copiapó,31,caldera,3102,15,273,129,144,248,118,130,25,11,14
2261,atacama,3,copiapó,31,caldera,3102,16,239,127,112,221,117,104,18,10,8
2262,atacama,3,copiapó,31,caldera,3102,17,234,121,113,218,114,104,16,7,9
2263,atacama,3,copiapó,31,caldera,3102,18,248,145,103,230,133,97,18,12,6
2264,atacama,3,copiapó,31,caldera,3102,19,245,125,120,228,114,114,17,11,6
2265,atacama,3,copiapó,31,caldera,3102,20,246,135,111,226,119,107,20,16,4
2266,atacama,3,copiapó,31,caldera,3102,21,255,129,126,235,118,117,20,11,9
2267,atacama,3,copiapó,31,caldera,3102,22,260,127,133,234,116,118,26,11,15
2268,atacama,3,copiapó,31,caldera,3102,23,248,127,121,232,118,114,16,9,7
2269,atacama,3,copiapó,31,caldera,3102,24,261,152,109,239,138,101,22,14,8
2270,atacama,3,copiapó,31,caldera,3102,25,257,128,129,242,122,120,15,6,9
2271,atacama,3,copiapó,31,caldera,3102,26,269,122,147,247,110,137,22,12,10
2272,atacama,3,copiapó,31,caldera,3102,27,290,134,156,265,118,147,25,16,9
2273,atacama,3,copiapó,31,caldera,3102,28,295,148,147,267,128,139,28,20,8
2274,atacama,3,copiapó,31,caldera,3102,29,290,154,136,262,143,119,28,11,17
2275,atacama,3,copiapó,31,caldera,3102,30,267,139,128,241,125,116,26,14,12
2276,atacama,3,copiapó,31,caldera,3102,31,250,132,118,225,116,109,25,16,9
2277,atacama,3,copiapó,31,caldera,3102,32,228,113,115,197,97,100,31,16,15
2278,atacama,3,copiapó,31,caldera,3102,33,258,136,122,225,119,106,33,17,16
2279,atacama,3,copiapó,31,caldera,3102,34,257,135,122,237,124,113,20,11,9
2280,atacama,3,copiapó,31,caldera,3102,35,276,139,137,244,125,119,32,14,18
2281,atacama,3,copiapó,31,caldera,3102,36,254,135,119,220,112,108,34,23,11
2282,atacama,3,copiapó,31,caldera,3102,37,220,111,109,203,99,104,17,12,5
2283,atacama,3,copiapó,31,caldera,3102,38,220,117,103,199,107,92,21,10,11
2284,atacama,3,copiapó,31,caldera,3102,39,210,115,95,174,90,84,36,25,11
2285,atacama,3,copiapó,31,caldera,3102,40,230,116,114,200,97,103,30,19,11
2286,atacama,3,copiapó,31,caldera,3102,41,225,112,113,203,102,101,22,10,12
2287,atacama,3,copiapó,31,caldera,3102,42,204,113,91,175,92,83,29,21,8
2288,atacama,3,copiapó,31,caldera,3102,43,220,120,100,192,100,92,28,20,8
2289,atacama,3,copiapó,31,caldera,3102,44,248,125,123,207,107,100,41,18,23
2290,atacama,3,copiapó,31,caldera,3102,45,241,133,108,200,106,94,41,27,14
2291,atacama,3,copiapó,31,caldera,3102,46,199,113,86,176,98,78,23,15,8
2292,atacama,3,copiapó,31,caldera,3102,47,222,105,117,187,85,102,35,20,15
2293,atacama,3,copiapó,31,caldera,3102,48,209,109,100,180,90,90,29,19,10
2294,atacama,3,copiapó,31,caldera,3102,49,194,91,103,167,79,88,27,12,15
2295,atacama,3,copiapó,31,caldera,3102,50,215,122,93,185,106,79,30,16,14
2296,atacama,3,copiapó,31,caldera,3102,51,239,121,118,212,106,106,27,15,12
2297,atacama,3,copiapó,31,caldera,3102,52,244,135,109,222,123,99,22,12,10
2298,atacama,3,copiapó,31,caldera,3102,53,266,143,123,229,125,104,37,18,19
2299,atacama,3,copiapó,31,caldera,3102,54,274,146,128,227,112,115,47,34,13
2300,atacama,3,copiapó,31,caldera,3102,55,237,128,109,208,112,96,29,16,13
2301,atacama,3,copiapó,31,caldera,3102,56,255,125,130,211,95,116,44,30,14
2302,atacama,3,copiapó,31,caldera,3102,57,220,114,106,186,92,94,34,22,12
2303,atacama,3,copiapó,31,caldera,3102,58,223,125,98,194,106,88,29,19,10
2304,atacama,3,copiapó,31,caldera,3102,59,226,117,109,188,90,98,38,27,11
2305,atacama,3,copiapó,31,caldera,3102,60,199,105,94,167,87,80,32,18,14
2306,atacama,3,copiapó,31,caldera,3102,61,219,109,110,188,92,96,31,17,14
2307,atacama,3,copiapó,31,caldera,3102,62,196,103,93,164,80,84,32,23,9
2308,atacama,3,copiapó,31,caldera,3102,63,174,96,78,149,83,66,25,13,12
2309,atacama,3,copiapó,31,caldera,3102,64,157,94,63,124,74,50,33,20,13
2310,atacama,3,copiapó,31,caldera,3102,65,143,74,69,126,64,62,17,10,7
2311,atacama,3,copiapó,31,caldera,3102,66,120,64,56,100,50,50,20,14,6
2312,atacama,3,copiapó,31,caldera,3102,67,135,72,63,119,62,57,16,10,6
2313,atacama,3,copiapó,31,caldera,3102,68,147,66,81,126,54,72,21,12,9
2314,atacama,3,copiapó,31,caldera,3102,69,109,54,55,94,43,51,15,11,4
2315,atacama,3,copiapó,31,caldera,3102,70,109,56,53,92,44,48,17,12,5
2316,atacama,3,copiapó,31,caldera,3102,71,94,45,49,78,36,42,16,9,7
2317,atacama,3,copiapó,31,caldera,3102,72,94,43,51,83,37,46,11,6,5
2318,atacama,3,copiapó,31,caldera,3102,73,87,45,42,72,35,37,15,10,5
2319,atacama,3,copiapó,31,caldera,3102,74,72,35,37,64,32,32,8,3,5
2320,atacama,3,copiapó,31,caldera,3102,75,66,37,29,58,32,26,8,5,3
2321,atacama,3,copiapó,31,caldera,3102,76,74,33,41,67,28,39,7,5,2
2322,atacama,3,copiapó,31,caldera,3102,77,53,24,29,45,19,26,8,5,3
2323,atacama,3,copiapó,31,caldera,3102,78,55,22,33,49,18,31,6,4,2
2324,atacama,3,copiapó,31,caldera,3102,79,53,30,23,48,25,23,5,5,0
2325,atacama,3,copiapó,31,caldera,3102,80,51,24,27,48,22,26,3,2,1
2326,atacama,3,copiapó,31,caldera,3102,81,41,18,23,37,15,22,4,3,1
2327,atacama,3,copiapó,31,caldera,3102,82,42,23,19,39,21,18,3,2,1
2328,atacama,3,copiapó,31,caldera,3102,83,31,17,14,28,15,13,3,2,1
2329,atacama,3,copiapó,31,caldera,3102,84,38,20,18,35,19,16,3,1,2
2330,atacama,3,copiapó,31,caldera,3102,85,30,14,16,29,14,15,1,0,1
2331,atacama,3,copiapó,31,caldera,3102,86,27,10,17,25,9,16,2,1,1
2332,atacama,3,copiapó,31,caldera,3102,87,23,5,18,23,5,18,0,0,0
2333,atacama,3,copiapó,31,caldera,3102,88,20,10,10,19,9,10,1,1,0
2334,atacama,3,copiapó,31,caldera,3102,89,13,7,6,12,6,6,1,1,0
2335,atacama,3,copiapó,31,caldera,3102,90,6,2,4,6,2,4,0,0,0
2336,atacama,3,copiapó,31,caldera,3102,91,7,2,5,6,2,4,1,0,1
2337,atacama,3,copiapó,31,caldera,3102,92,7,3,4,7,3,4,0,0,0
2338,atacama,3,copiapó,31,caldera,3102,93,2,0,2,2,0,2,0,0,0
2339,atacama,3,copiapó,31,caldera,3102,94,5,2,3,5,2,3,0,0,0
2340,atacama,3,copiapó,31,caldera,3102,95,2,0,2,2,0,2,0,0,0
2341,atacama,3,copiapó,31,caldera,3102,96,3,0,3,3,0,3,0,0,0
2342,atacama,3,copiapó,31,caldera,3102,97,3,2,1,3,2,1,0,0,0
2343,atacama,3,copiapó,31,caldera,3102,98,3,1,2,3,1,2,0,0,0
2344,atacama,3,copiapó,31,caldera,3102,99,3,0,3,2,0,2,1,0,1
2345,atacama,3,copiapó,31,caldera,3102,100 o más,4,2,2,3,1,2,1,1,0
2346,atacama,3,copiapó,31,tierra amarilla,3103,total comuna,14019,7796,6223,9935,5076,4859,4084,2720,1364
2347,atacama,3,copiapó,31,tierra amarilla,3103,0,212,106,106,166,83,83,46,23,23
2348,atacama,3,copiapó,31,tierra amarilla,3103,1,209,105,104,169,85,84,40,20,20
2349,atacama,3,copiapó,31,tierra amarilla,3103,2,200,109,91,160,89,71,40,20,20
2350,atacama,3,copiapó,31,tierra amarilla,3103,3,183,90,93,144,73,71,39,17,22
2351,atacama,3,copiapó,31,tierra amarilla,3103,4,196,113,83,156,92,64,40,21,19
2352,atacama,3,copiapó,31,tierra amarilla,3103,5,206,94,112,164,76,88,42,18,24
2353,atacama,3,copiapó,31,tierra amarilla,3103,6,247,130,117,196,102,94,51,28,23
2354,atacama,3,copiapó,31,tierra amarilla,3103,7,241,133,108,191,109,82,50,24,26
2355,atacama,3,copiapó,31,tierra amarilla,3103,8,260,116,144,209,91,118,51,25,26
2356,atacama,3,copiapó,31,tierra amarilla,3103,9,209,112,97,165,87,78,44,25,19
2357,atacama,3,copiapó,31,tierra amarilla,3103,10,242,123,119,189,100,89,53,23,30
2358,atacama,3,copiapó,31,tierra amarilla,3103,11,191,91,100,164,80,84,27,11,16
2359,atacama,3,copiapó,31,tierra amarilla,3103,12,188,105,83,141,78,63,47,27,20
2360,atacama,3,copiapó,31,tierra amarilla,3103,13,192,94,98,149,73,76,43,21,22
2361,atacama,3,copiapó,31,tierra amarilla,3103,14,178,99,79,146,81,65,32,18,14
2362,atacama,3,copiapó,31,tierra amarilla,3103,15,176,86,90,148,72,76,28,14,14
2363,atacama,3,copiapó,31,tierra amarilla,3103,16,239,128,111,195,100,95,44,28,16
2364,atacama,3,copiapó,31,tierra amarilla,3103,17,207,117,90,167,92,75,40,25,15
2365,atacama,3,copiapó,31,tierra amarilla,3103,18,181,94,87,138,76,62,43,18,25
2366,atacama,3,copiapó,31,tierra amarilla,3103,19,185,90,95,143,69,74,42,21,21
2367,atacama,3,copiapó,31,tierra amarilla,3103,20,194,101,93,142,68,74,52,33,19
2368,atacama,3,copiapó,31,tierra amarilla,3103,21,208,122,86,158,92,66,50,30,20
2369,atacama,3,copiapó,31,tierra amarilla,3103,22,221,121,100,158,86,72,63,35,28
2370,atacama,3,copiapó,31,tierra amarilla,3103,23,225,129,96,158,85,73,67,44,23
2371,atacama,3,copiapó,31,tierra amarilla,3103,24,249,134,115,177,86,91,72,48,24
2372,atacama,3,copiapó,31,tierra amarilla,3103,25,238,129,109,159,77,82,79,52,27
2373,atacama,3,copiapó,31,tierra amarilla,3103,26,264,150,114,183,94,89,81,56,25
2374,atacama,3,copiapó,31,tierra amarilla,3103,27,236,135,101,169,89,80,67,46,21
2375,atacama,3,copiapó,31,tierra amarilla,3103,28,258,141,117,175,82,93,83,59,24
2376,atacama,3,copiapó,31,tierra amarilla,3103,29,239,132,107,144,67,77,95,65,30
2377,atacama,3,copiapó,31,tierra amarilla,3103,30,219,117,102,139,61,78,80,56,24
2378,atacama,3,copiapó,31,tierra amarilla,3103,31,214,116,98,144,69,75,70,47,23
2379,atacama,3,copiapó,31,tierra amarilla,3103,32,203,117,86,126,63,63,77,54,23
2380,atacama,3,copiapó,31,tierra amarilla,3103,33,207,125,82,132,71,61,75,54,21
2381,atacama,3,copiapó,31,tierra amarilla,3103,34,207,115,92,130,62,68,77,53,24
2382,atacama,3,copiapó,31,tierra amarilla,3103,35,227,129,98,142,73,69,85,56,29
2383,atacama,3,copiapó,31,tierra amarilla,3103,36,206,116,90,139,70,69,67,46,21
2384,atacama,3,copiapó,31,tierra amarilla,3103,37,214,135,79,127,75,52,87,60,27
2385,atacama,3,copiapó,31,tierra amarilla,3103,38,196,112,84,121,57,64,75,55,20
2386,atacama,3,copiapó,31,tierra amarilla,3103,39,190,124,66,120,73,47,70,51,19
2387,atacama,3,copiapó,31,tierra amarilla,3103,40,196,132,64,130,75,55,66,57,9
2388,atacama,3,copiapó,31,tierra amarilla,3103,41,200,130,70,122,68,54,78,62,16
2389,atacama,3,copiapó,31,tierra amarilla,3103,42,196,118,78,127,61,66,69,57,12
2390,atacama,3,copiapó,31,tierra amarilla,3103,43,239,141,98,144,69,75,95,72,23
2391,atacama,3,copiapó,31,tierra amarilla,3103,44,197,120,77,130,68,62,67,52,15
2392,atacama,3,copiapó,31,tierra amarilla,3103,45,195,120,75,121,63,58,74,57,17
2393,atacama,3,copiapó,31,tierra amarilla,3103,46,214,125,89,126,61,65,88,64,24
2394,atacama,3,copiapó,31,tierra amarilla,3103,47,177,103,74,112,53,59,65,50,15
2395,atacama,3,copiapó,31,tierra amarilla,3103,48,211,125,86,129,64,65,82,61,21
2396,atacama,3,copiapó,31,tierra amarilla,3103,49,184,114,70,111,60,51,73,54,19
2397,atacama,3,copiapó,31,tierra amarilla,3103,50,202,124,78,124,67,57,78,57,21
2398,atacama,3,copiapó,31,tierra amarilla,3103,51,208,119,89,125,58,67,83,61,22
2399,atacama,3,copiapó,31,tierra amarilla,3103,52,191,116,75,122,63,59,69,53,16
2400,atacama,3,copiapó,31,tierra amarilla,3103,53,202,124,78,129,76,53,73,48,25
2401,atacama,3,copiapó,31,tierra amarilla,3103,54,197,104,93,132,60,72,65,44,21
2402,atacama,3,copiapó,31,tierra amarilla,3103,55,184,110,74,131,69,62,53,41,12
2403,atacama,3,copiapó,31,tierra amarilla,3103,56,172,94,78,116,54,62,56,40,16
2404,atacama,3,copiapó,31,tierra amarilla,3103,57,153,90,63,103,58,45,50,32,18
2405,atacama,3,copiapó,31,tierra amarilla,3103,58,129,72,57,91,46,45,38,26,12
2406,atacama,3,copiapó,31,tierra amarilla,3103,59,162,97,65,116,59,57,46,38,8
2407,atacama,3,copiapó,31,tierra amarilla,3103,60,125,75,50,91,47,44,34,28,6
2408,atacama,3,copiapó,31,tierra amarilla,3103,61,116,61,55,88,41,47,28,20,8
2409,atacama,3,copiapó,31,tierra amarilla,3103,62,106,57,49,75,35,40,31,22,9
2410,atacama,3,copiapó,31,tierra amarilla,3103,63,114,59,55,80,33,47,34,26,8
2411,atacama,3,copiapó,31,tierra amarilla,3103,64,124,80,44,94,57,37,30,23,7
2412,atacama,3,copiapó,31,tierra amarilla,3103,65,93,54,39,70,38,32,23,16,7
2413,atacama,3,copiapó,31,tierra amarilla,3103,66,83,32,51,63,25,38,20,7,13
2414,atacama,3,copiapó,31,tierra amarilla,3103,67,87,53,34,60,34,26,27,19,8
2415,atacama,3,copiapó,31,tierra amarilla,3103,68,65,40,25,48,27,21,17,13,4
2416,atacama,3,copiapó,31,tierra amarilla,3103,69,58,29,29,45,21,24,13,8,5
2417,atacama,3,copiapó,31,tierra amarilla,3103,70,60,29,31,51,26,25,9,3,6
2418,atacama,3,copiapó,31,tierra amarilla,3103,71,56,29,27,45,23,22,11,6,5
2419,atacama,3,copiapó,31,tierra amarilla,3103,72,53,30,23,44,26,18,9,4,5
2420,atacama,3,copiapó,31,tierra amarilla,3103,73,53,31,22,42,26,16,11,5,6
2421,atacama,3,copiapó,31,tierra amarilla,3103,74,52,28,24,45,22,23,7,6,1
2422,atacama,3,copiapó,31,tierra amarilla,3103,75,46,21,25,37,15,22,9,6,3
2423,atacama,3,copiapó,31,tierra amarilla,3103,76,44,27,17,31,17,14,13,10,3
2424,atacama,3,copiapó,31,tierra amarilla,3103,77,22,6,16,18,4,14,4,2,2
2425,atacama,3,copiapó,31,tierra amarilla,3103,78,39,20,19,29,14,15,10,6,4
2426,atacama,3,copiapó,31,tierra amarilla,3103,79,30,18,12,19,10,9,11,8,3
2427,atacama,3,copiapó,31,tierra amarilla,3103,80,30,15,15,23,10,13,7,5,2
2428,atacama,3,copiapó,31,tierra amarilla,3103,81,33,17,16,27,14,13,6,3,3
2429,atacama,3,copiapó,31,tierra amarilla,3103,82,30,18,12,23,13,10,7,5,2
2430,atacama,3,copiapó,31,tierra amarilla,3103,83,28,10,18,22,7,15,6,3,3
2431,atacama,3,copiapó,31,tierra amarilla,3103,84,22,10,12,17,8,9,5,2,3
2432,atacama,3,copiapó,31,tierra amarilla,3103,85,21,14,7,17,10,7,4,4,0
2433,atacama,3,copiapó,31,tierra amarilla,3103,86,13,4,9,11,3,8,2,1,1
2434,atacama,3,copiapó,31,tierra amarilla,3103,87,8,2,6,5,0,5,3,2,1
2435,atacama,3,copiapó,31,tierra amarilla,3103,88,9,3,6,6,3,3,3,0,3
2436,atacama,3,copiapó,31,tierra amarilla,3103,89,12,4,8,8,3,5,4,1,3
2437,atacama,3,copiapó,31,tierra amarilla,3103,90,5,2,3,4,1,3,1,1,0
2438,atacama,3,copiapó,31,tierra amarilla,3103,91,3,0,3,3,0,3,0,0,0
2439,atacama,3,copiapó,31,tierra amarilla,3103,92,1,1,0,0,0,0,1,1,0
2440,atacama,3,copiapó,31,tierra amarilla,3103,93,2,0,2,2,0,2,0,0,0
2441,atacama,3,copiapó,31,tierra amarilla,3103,94,3,0,3,3,0,3,0,0,0
2442,atacama,3,copiapó,31,tierra amarilla,3103,95,0,0,0,0,0,0,0,0,0
2443,atacama,3,copiapó,31,tierra amarilla,3103,96,1,0,1,1,0,1,0,0,0
2444,atacama,3,copiapó,31,tierra amarilla,3103,97,2,1,1,1,1,0,1,0,1
2445,atacama,3,copiapó,31,tierra amarilla,3103,98,0,0,0,0,0,0,0,0,0
2446,atacama,3,copiapó,31,tierra amarilla,3103,99,0,0,0,0,0,0,0,0,0
2447,atacama,3,copiapó,31,tierra amarilla,3103,100 o más,4,3,1,3,2,1,1,1,0
2448,atacama,3,chañaral,32,chañaral,3201,total comuna,12219,6270,5949,11083,5646,5437,1136,624,512
2449,atacama,3,chañaral,32,chañaral,3201,0,211,119,92,193,111,82,18,8,10
2450,atacama,3,chañaral,32,chañaral,3201,1,170,84,86,156,76,80,14,8,6
2451,atacama,3,chañaral,32,chañaral,3201,2,184,89,95,174,86,88,10,3,7
2452,atacama,3,chañaral,32,chañaral,3201,3,171,90,81,157,80,77,14,10,4
2453,atacama,3,chañaral,32,chañaral,3201,4,205,112,93,194,107,87,11,5,6
2454,atacama,3,chañaral,32,chañaral,3201,5,187,87,100,173,79,94,14,8,6
2455,atacama,3,chañaral,32,chañaral,3201,6,215,109,106,187,95,92,28,14,14
2456,atacama,3,chañaral,32,chañaral,3201,7,239,132,107,224,123,101,15,9,6
2457,atacama,3,chañaral,32,chañaral,3201,8,207,114,93,189,102,87,18,12,6
2458,atacama,3,chañaral,32,chañaral,3201,9,205,106,99,185,98,87,20,8,12
2459,atacama,3,chañaral,32,chañaral,3201,10,204,98,106,188,89,99,16,9,7
2460,atacama,3,chañaral,32,chañaral,3201,11,162,83,79,150,76,74,12,7,5
2461,atacama,3,chañaral,32,chañaral,3201,12,188,94,94,166,84,82,22,10,12
2462,atacama,3,chañaral,32,chañaral,3201,13,198,105,93,183,97,86,15,8,7
2463,atacama,3,chañaral,32,chañaral,3201,14,202,103,99,191,98,93,11,5,6
2464,atacama,3,chañaral,32,chañaral,3201,15,201,110,91,184,104,80,17,6,11
2465,atacama,3,chañaral,32,chañaral,3201,16,190,103,87,181,99,82,9,4,5
2466,atacama,3,chañaral,32,chañaral,3201,17,176,91,85,165,84,81,11,7,4
2467,atacama,3,chañaral,32,chañaral,3201,18,144,89,55,133,82,51,11,7,4
2468,atacama,3,chañaral,32,chañaral,3201,19,113,53,60,104,46,58,9,7,2
2469,atacama,3,chañaral,32,chañaral,3201,20,149,75,74,135,69,66,14,6,8
2470,atacama,3,chañaral,32,chañaral,3201,21,161,94,67,152,87,65,9,7,2
2471,atacama,3,chañaral,32,chañaral,3201,22,176,92,84,153,79,74,23,13,10
2472,atacama,3,chañaral,32,chañaral,3201,23,168,86,82,146,71,75,22,15,7
2473,atacama,3,chañaral,32,chañaral,3201,24,185,98,87,167,90,77,18,8,10
2474,atacama,3,chañaral,32,chañaral,3201,25,181,99,82,170,93,77,11,6,5
2475,atacama,3,chañaral,32,chañaral,3201,26,215,116,99,193,104,89,22,12,10
2476,atacama,3,chañaral,32,chañaral,3201,27,211,105,106,189,94,95,22,11,11
2477,atacama,3,chañaral,32,chañaral,3201,28,203,116,87,185,105,80,18,11,7
2478,atacama,3,chañaral,32,chañaral,3201,29,189,95,94,170,86,84,19,9,10
2479,atacama,3,chañaral,32,chañaral,3201,30,205,101,104,187,89,98,18,12,6
2480,atacama,3,chañaral,32,chañaral,3201,31,170,101,69,156,95,61,14,6,8
2481,atacama,3,chañaral,32,chañaral,3201,32,170,95,75,142,79,63,28,16,12
2482,atacama,3,chañaral,32,chañaral,3201,33,154,81,73,136,71,65,18,10,8
2483,atacama,3,chañaral,32,chañaral,3201,34,142,74,68,129,65,64,13,9,4
2484,atacama,3,chañaral,32,chañaral,3201,35,157,80,77,148,75,73,9,5,4
2485,atacama,3,chañaral,32,chañaral,3201,36,171,86,85,151,78,73,20,8,12
2486,atacama,3,chañaral,32,chañaral,3201,37,168,86,82,156,78,78,12,8,4
2487,atacama,3,chañaral,32,chañaral,3201,38,155,79,76,142,72,70,13,7,6
2488,atacama,3,chañaral,32,chañaral,3201,39,140,76,64,126,68,58,14,8,6
2489,atacama,3,chañaral,32,chañaral,3201,40,150,61,89,137,54,83,13,7,6
2490,atacama,3,chañaral,32,chañaral,3201,41,159,71,88,149,67,82,10,4,6
2491,atacama,3,chañaral,32,chañaral,3201,42,146,81,65,129,66,63,17,15,2
2492,atacama,3,chañaral,32,chañaral,3201,43,153,86,67,141,78,63,12,8,4
2493,atacama,3,chañaral,32,chañaral,3201,44,169,89,80,159,84,75,10,5,5
2494,atacama,3,chañaral,32,chañaral,3201,45,149,84,65,134,76,58,15,8,7
2495,atacama,3,chañaral,32,chañaral,3201,46,151,73,78,136,65,71,15,8,7
2496,atacama,3,chañaral,32,chañaral,3201,47,143,85,58,131,77,54,12,8,4
2497,atacama,3,chañaral,32,chañaral,3201,48,160,78,82,134,63,71,26,15,11
2498,atacama,3,chañaral,32,chañaral,3201,49,125,70,55,116,64,52,9,6,3
2499,atacama,3,chañaral,32,chañaral,3201,50,157,84,73,140,74,66,17,10,7
2500,atacama,3,chañaral,32,chañaral,3201,51,144,70,74,126,58,68,18,12,6
2501,atacama,3,chañaral,32,chañaral,3201,52,144,69,75,124,61,63,20,8,12
2502,atacama,3,chañaral,32,chañaral,3201,53,163,79,84,144,72,72,19,7,12
2503,atacama,3,chañaral,32,chañaral,3201,54,185,87,98,167,79,88,18,8,10
2504,atacama,3,chañaral,32,chañaral,3201,55,137,72,65,119,59,60,18,13,5
2505,atacama,3,chañaral,32,chañaral,3201,56,159,73,86,142,64,78,17,9,8
2506,atacama,3,chañaral,32,chañaral,3201,57,174,85,89,155,72,83,19,13,6
2507,atacama,3,chañaral,32,chañaral,3201,58,149,76,73,129,65,64,20,11,9
2508,atacama,3,chañaral,32,chañaral,3201,59,136,71,65,121,63,58,15,8,7
2509,atacama,3,chañaral,32,chañaral,3201,60,119,71,48,105,62,43,14,9,5
2510,atacama,3,chañaral,32,chañaral,3201,61,111,63,48,98,57,41,13,6,7
2511,atacama,3,chañaral,32,chañaral,3201,62,119,44,75,109,40,69,10,4,6
2512,atacama,3,chañaral,32,chañaral,3201,63,113,65,48,98,55,43,15,10,5
2513,atacama,3,chañaral,32,chañaral,3201,64,116,56,60,97,45,52,19,11,8
2514,atacama,3,chañaral,32,chañaral,3201,65,94,43,51,85,37,48,9,6,3
2515,atacama,3,chañaral,32,chañaral,3201,66,95,47,48,84,42,42,11,5,6
2516,atacama,3,chañaral,32,chañaral,3201,67,85,45,40,80,43,37,5,2,3
2517,atacama,3,chañaral,32,chañaral,3201,68,78,34,44,65,29,36,13,5,8
2518,atacama,3,chañaral,32,chañaral,3201,69,79,42,37,72,36,36,7,6,1
2519,atacama,3,chañaral,32,chañaral,3201,70,84,41,43,75,35,40,9,6,3
2520,atacama,3,chañaral,32,chañaral,3201,71,85,40,45,82,39,43,3,1,2
2521,atacama,3,chañaral,32,chañaral,3201,72,62,28,34,58,27,31,4,1,3
2522,atacama,3,chañaral,32,chañaral,3201,73,69,37,32,62,33,29,7,4,3
2523,atacama,3,chañaral,32,chañaral,3201,74,48,19,29,41,15,26,7,4,3
2524,atacama,3,chañaral,32,chañaral,3201,75,64,27,37,59,25,34,5,2,3
2525,atacama,3,chañaral,32,chañaral,3201,76,50,22,28,46,20,26,4,2,2
2526,atacama,3,chañaral,32,chañaral,3201,77,51,23,28,49,22,27,2,1,1
2527,atacama,3,chañaral,32,chañaral,3201,78,61,27,34,56,24,32,5,3,2
2528,atacama,3,chañaral,32,chañaral,3201,79,47,19,28,44,18,26,3,1,2
2529,atacama,3,chañaral,32,chañaral,3201,80,46,22,24,43,21,22,3,1,2
2530,atacama,3,chañaral,32,chañaral,3201,81,33,14,19,33,14,19,0,0,0
2531,atacama,3,chañaral,32,chañaral,3201,82,34,14,20,32,12,20,2,2,0
2532,atacama,3,chañaral,32,chañaral,3201,83,25,14,11,23,12,11,2,2,0
2533,atacama,3,chañaral,32,chañaral,3201,84,21,13,8,19,12,7,2,1,1
2534,atacama,3,chañaral,32,chañaral,3201,85,27,13,14,25,13,12,2,0,2
2535,atacama,3,chañaral,32,chañaral,3201,86,18,7,11,18,7,11,0,0,0
2536,atacama,3,chañaral,32,chañaral,3201,87,15,5,10,14,5,9,1,0,1
2537,atacama,3,chañaral,32,chañaral,3201,88,17,5,12,15,4,11,2,1,1
2538,atacama,3,chañaral,32,chañaral,3201,89,12,3,9,12,3,9,0,0,0
2539,atacama,3,chañaral,32,chañaral,3201,90,9,4,5,7,2,5,2,2,0
2540,atacama,3,chañaral,32,chañaral,3201,91,9,5,4,8,5,3,1,0,1
2541,atacama,3,chañaral,32,chañaral,3201,92,3,0,3,3,0,3,0,0,0
2542,atacama,3,chañaral,32,chañaral,3201,93,3,1,2,3,1,2,0,0,0
2543,atacama,3,chañaral,32,chañaral,3201,94,8,1,7,8,1,7,0,0,0
2544,atacama,3,chañaral,32,chañaral,3201,95,6,1,5,6,1,5,0,0,0
2545,atacama,3,chañaral,32,chañaral,3201,96,2,1,1,1,0,1,1,1,0
2546,atacama,3,chañaral,32,chañaral,3201,97,1,0,1,1,0,1,0,0,0
2547,atacama,3,chañaral,32,chañaral,3201,98,1,1,0,1,1,0,0,0,0
2548,atacama,3,chañaral,32,chañaral,3201,99,0,0,0,0,0,0,0,0,0
2549,atacama,3,chañaral,32,chañaral,3201,100 o más,4,3,1,3,3,0,1,0,1
2550,atacama,3,chañaral,32,diego de almagro,3202,total comuna,13925,7486,6439,13255,7097,6158,670,389,281
2551,atacama,3,chañaral,32,diego de almagro,3202,0,166,103,63,156,96,60,10,7,3
2552,atacama,3,chañaral,32,diego de almagro,3202,1,197,103,94,190,101,89,7,2,5
2553,atacama,3,chañaral,32,diego de almagro,3202,2,222,98,124,214,96,118,8,2,6
2554,atacama,3,chañaral,32,diego de almagro,3202,3,212,114,98,205,109,96,7,5,2
2555,atacama,3,chañaral,32,diego de almagro,3202,4,216,116,100,206,110,96,10,6,4
2556,atacama,3,chañaral,32,diego de almagro,3202,5,227,125,102,215,119,96,12,6,6
2557,atacama,3,chañaral,32,diego de almagro,3202,6,255,137,118,242,131,111,13,6,7
2558,atacama,3,chañaral,32,diego de almagro,3202,7,214,121,93,204,117,87,10,4,6
2559,atacama,3,chañaral,32,diego de almagro,3202,8,248,114,134,236,108,128,12,6,6
2560,atacama,3,chañaral,32,diego de almagro,3202,9,213,120,93,205,116,89,8,4,4
2561,atacama,3,chañaral,32,diego de almagro,3202,10,195,108,87,189,104,85,6,4,2
2562,atacama,3,chañaral,32,diego de almagro,3202,11,236,122,114,228,116,112,8,6,2
2563,atacama,3,chañaral,32,diego de almagro,3202,12,223,97,126,213,94,119,10,3,7
2564,atacama,3,chañaral,32,diego de almagro,3202,13,230,119,111,220,112,108,10,7,3
2565,atacama,3,chañaral,32,diego de almagro,3202,14,219,110,109,212,107,105,7,3,4
2566,atacama,3,chañaral,32,diego de almagro,3202,15,234,118,116,230,116,114,4,2,2
2567,atacama,3,chañaral,32,diego de almagro,3202,16,225,123,102,215,118,97,10,5,5
2568,atacama,3,chañaral,32,diego de almagro,3202,17,195,86,109,182,77,105,13,9,4
2569,atacama,3,chañaral,32,diego de almagro,3202,18,142,70,72,133,65,68,9,5,4
2570,atacama,3,chañaral,32,diego de almagro,3202,19,105,62,43,94,55,39,11,7,4
2571,atacama,3,chañaral,32,diego de almagro,3202,20,124,65,59,121,65,56,3,0,3
2572,atacama,3,chañaral,32,diego de almagro,3202,21,148,74,74,141,71,70,7,3,4
2573,atacama,3,chañaral,32,diego de almagro,3202,22,166,90,76,156,86,70,10,4,6
2574,atacama,3,chañaral,32,diego de almagro,3202,23,169,90,79,157,83,74,12,7,5
2575,atacama,3,chañaral,32,diego de almagro,3202,24,160,86,74,157,84,73,3,2,1
2576,atacama,3,chañaral,32,diego de almagro,3202,25,199,113,86,191,109,82,8,4,4
2577,atacama,3,chañaral,32,diego de almagro,3202,26,192,96,96,184,93,91,8,3,5
2578,atacama,3,chañaral,32,diego de almagro,3202,27,238,120,118,233,116,117,5,4,1
2579,atacama,3,chañaral,32,diego de almagro,3202,28,230,128,102,218,118,100,12,10,2
2580,atacama,3,chañaral,32,diego de almagro,3202,29,218,109,109,212,104,108,6,5,1
2581,atacama,3,chañaral,32,diego de almagro,3202,30,217,121,96,208,113,95,9,8,1
2582,atacama,3,chañaral,32,diego de almagro,3202,31,218,117,101,209,112,97,9,5,4
2583,atacama,3,chañaral,32,diego de almagro,3202,32,232,108,124,220,103,117,12,5,7
2584,atacama,3,chañaral,32,diego de almagro,3202,33,245,142,103,238,138,100,7,4,3
2585,atacama,3,chañaral,32,diego de almagro,3202,34,220,112,108,213,109,104,7,3,4
2586,atacama,3,chañaral,32,diego de almagro,3202,35,274,148,126,266,142,124,8,6,2
2587,atacama,3,chañaral,32,diego de almagro,3202,36,216,113,103,209,109,100,7,4,3
2588,atacama,3,chañaral,32,diego de almagro,3202,37,237,150,87,231,147,84,6,3,3
2589,atacama,3,chañaral,32,diego de almagro,3202,38,219,121,98,209,115,94,10,6,4
2590,atacama,3,chañaral,32,diego de almagro,3202,39,214,109,105,209,106,103,5,3,2
2591,atacama,3,chañaral,32,diego de almagro,3202,40,199,104,95,192,103,89,7,1,6
2592,atacama,3,chañaral,32,diego de almagro,3202,41,222,121,101,215,117,98,7,4,3
2593,atacama,3,chañaral,32,diego de almagro,3202,42,244,142,102,233,136,97,11,6,5
2594,atacama,3,chañaral,32,diego de almagro,3202,43,216,132,84,207,125,82,9,7,2
2595,atacama,3,chañaral,32,diego de almagro,3202,44,225,118,107,217,114,103,8,4,4
2596,atacama,3,chañaral,32,diego de almagro,3202,45,208,124,84,198,117,81,10,7,3
2597,atacama,3,chañaral,32,diego de almagro,3202,46,206,113,93,201,111,90,5,2,3
2598,atacama,3,chañaral,32,diego de almagro,3202,47,195,111,84,184,104,80,11,7,4
2599,atacama,3,chañaral,32,diego de almagro,3202,48,223,131,92,213,125,88,10,6,4
2600,atacama,3,chañaral,32,diego de almagro,3202,49,193,116,77,181,109,72,12,7,5
2601,atacama,3,chañaral,32,diego de almagro,3202,50,187,101,86,171,90,81,16,11,5
2602,atacama,3,chañaral,32,diego de almagro,3202,51,168,90,78,162,86,76,6,4,2
2603,atacama,3,chañaral,32,diego de almagro,3202,52,204,106,98,195,102,93,9,4,5
2604,atacama,3,chañaral,32,diego de almagro,3202,53,188,102,86,172,91,81,16,11,5
2605,atacama,3,chañaral,32,diego de almagro,3202,54,204,113,91,192,104,88,12,9,3
2606,atacama,3,chañaral,32,diego de almagro,3202,55,225,101,124,210,94,116,15,7,8
2607,atacama,3,chañaral,32,diego de almagro,3202,56,192,100,92,186,98,88,6,2,4
2608,atacama,3,chañaral,32,diego de almagro,3202,57,163,96,67,158,93,65,5,3,2
2609,atacama,3,chañaral,32,diego de almagro,3202,58,155,89,66,154,88,66,1,1,0
2610,atacama,3,chañaral,32,diego de almagro,3202,59,159,89,70,151,84,67,8,5,3
2611,atacama,3,chañaral,32,diego de almagro,3202,60,146,81,65,140,77,63,6,4,2
2612,atacama,3,chañaral,32,diego de almagro,3202,61,142,88,54,131,82,49,11,6,5
2613,atacama,3,chañaral,32,diego de almagro,3202,62,109,67,42,100,60,40,9,7,2
2614,atacama,3,chañaral,32,diego de almagro,3202,63,133,82,51,124,77,47,9,5,4
2615,atacama,3,chañaral,32,diego de almagro,3202,64,109,66,43,100,59,41,9,7,2
2616,atacama,3,chañaral,32,diego de almagro,3202,65,105,62,43,96,57,39,9,5,4
2617,atacama,3,chañaral,32,diego de almagro,3202,66,82,45,37,74,39,35,8,6,2
2618,atacama,3,chañaral,32,diego de almagro,3202,67,67,41,26,64,40,24,3,1,2
2619,atacama,3,chañaral,32,diego de almagro,3202,68,77,42,35,73,40,33,4,2,2
2620,atacama,3,chañaral,32,diego de almagro,3202,69,63,35,28,54,28,26,9,7,2
2621,atacama,3,chañaral,32,diego de almagro,3202,70,53,30,23,48,27,21,5,3,2
2622,atacama,3,chañaral,32,diego de almagro,3202,71,55,25,30,46,20,26,9,5,4
2623,atacama,3,chañaral,32,diego de almagro,3202,72,63,34,29,50,26,24,13,8,5
2624,atacama,3,chañaral,32,diego de almagro,3202,73,39,17,22,35,14,21,4,3,1
2625,atacama,3,chañaral,32,diego de almagro,3202,74,33,18,15,29,14,15,4,4,0
2626,atacama,3,chañaral,32,diego de almagro,3202,75,42,20,22,39,18,21,3,2,1
2627,atacama,3,chañaral,32,diego de almagro,3202,76,38,20,18,35,19,16,3,1,2
2628,atacama,3,chañaral,32,diego de almagro,3202,77,50,23,27,46,20,26,4,3,1
2629,atacama,3,chañaral,32,diego de almagro,3202,78,36,20,16,33,17,16,3,3,0
2630,atacama,3,chañaral,32,diego de almagro,3202,79,21,7,14,18,6,12,3,1,2
2631,atacama,3,chañaral,32,diego de almagro,3202,80,14,8,6,11,7,4,3,1,2
2632,atacama,3,chañaral,32,diego de almagro,3202,81,29,9,20,26,8,18,3,1,2
2633,atacama,3,chañaral,32,diego de almagro,3202,82,16,10,6,16,10,6,0,0,0
2634,atacama,3,chañaral,32,diego de almagro,3202,83,17,12,5,13,9,4,4,3,1
2635,atacama,3,chañaral,32,diego de almagro,3202,84,11,4,7,10,3,7,1,1,0
2636,atacama,3,chañaral,32,diego de almagro,3202,85,20,12,8,18,11,7,2,1,1
2637,atacama,3,chañaral,32,diego de almagro,3202,86,21,11,10,21,11,10,0,0,0
2638,atacama,3,chañaral,32,diego de almagro,3202,87,13,4,9,11,3,8,2,1,1
2639,atacama,3,chañaral,32,diego de almagro,3202,88,8,5,3,7,4,3,1,1,0
2640,atacama,3,chañaral,32,diego de almagro,3202,89,5,3,2,5,3,2,0,0,0
2641,atacama,3,chañaral,32,diego de almagro,3202,90,5,2,3,4,2,2,1,0,1
2642,atacama,3,chañaral,32,diego de almagro,3202,91,4,0,4,3,0,3,1,0,1
2643,atacama,3,chañaral,32,diego de almagro,3202,92,2,2,0,2,2,0,0,0,0
2644,atacama,3,chañaral,32,diego de almagro,3202,93,1,1,0,1,1,0,0,0,0
2645,atacama,3,chañaral,32,diego de almagro,3202,94,2,0,2,2,0,2,0,0,0
2646,atacama,3,chañaral,32,diego de almagro,3202,95,1,0,1,1,0,1,0,0,0
2647,atacama,3,chañaral,32,diego de almagro,3202,96,2,1,1,2,1,1,0,0,0
2648,atacama,3,chañaral,32,diego de almagro,3202,97,1,0,1,1,0,1,0,0,0
2649,atacama,3,chañaral,32,diego de almagro,3202,98,0,0,0,0,0,0,0,0,0
2650,atacama,3,chañaral,32,diego de almagro,3202,99,0,0,0,0,0,0,0,0,0
2651,atacama,3,chañaral,32,diego de almagro,3202,100 o más,4,2,2,3,1,2,1,1,0
2652,atacama,3,huasco,33,vallenar,3301,total comuna,51917,25422,26495,46019,22324,23695,5898,3098,2800
2653,atacama,3,huasco,33,vallenar,3301,0,677,368,309,596,321,275,81,47,34
2654,atacama,3,huasco,33,vallenar,3301,1,780,399,381,686,350,336,94,49,45
2655,atacama,3,huasco,33,vallenar,3301,2,804,394,410,719,352,367,85,42,43
2656,atacama,3,huasco,33,vallenar,3301,3,840,426,414,745,375,370,95,51,44
2657,atacama,3,huasco,33,vallenar,3301,4,802,410,392,703,356,347,99,54,45
2658,atacama,3,huasco,33,vallenar,3301,5,831,418,413,751,383,368,80,35,45
2659,atacama,3,huasco,33,vallenar,3301,6,802,390,412,704,345,359,98,45,53
2660,atacama,3,huasco,33,vallenar,3301,7,889,447,442,791,400,391,98,47,51
2661,atacama,3,huasco,33,vallenar,3301,8,792,394,398,712,351,361,80,43,37
2662,atacama,3,huasco,33,vallenar,3301,9,762,412,350,670,366,304,92,46,46
2663,atacama,3,huasco,33,vallenar,3301,10,828,423,405,734,379,355,94,44,50
2664,atacama,3,huasco,33,vallenar,3301,11,748,397,351,670,357,313,78,40,38
2665,atacama,3,huasco,33,vallenar,3301,12,766,405,361,668,351,317,98,54,44
2666,atacama,3,huasco,33,vallenar,3301,13,757,397,360,677,355,322,80,42,38
2667,atacama,3,huasco,33,vallenar,3301,14,774,383,391,696,345,351,78,38,40
2668,atacama,3,huasco,33,vallenar,3301,15,785,397,388,697,362,335,88,35,53
2669,atacama,3,huasco,33,vallenar,3301,16,775,426,349,687,379,308,88,47,41
2670,atacama,3,huasco,33,vallenar,3301,17,750,375,375,669,334,335,81,41,40
2671,atacama,3,huasco,33,vallenar,3301,18,534,257,277,474,232,242,60,25,35
2672,atacama,3,huasco,33,vallenar,3301,19,541,286,255,473,242,231,68,44,24
2673,atacama,3,huasco,33,vallenar,3301,20,620,309,311,546,268,278,74,41,33
2674,atacama,3,huasco,33,vallenar,3301,21,632,319,313,582,289,293,50,30,20
2675,atacama,3,huasco,33,vallenar,3301,22,624,330,294,553,292,261,71,38,33
2676,atacama,3,huasco,33,vallenar,3301,23,719,364,355,634,326,308,85,38,47
2677,atacama,3,huasco,33,vallenar,3301,24,755,370,385,674,330,344,81,40,41
2678,atacama,3,huasco,33,vallenar,3301,25,833,420,413,766,395,371,67,25,42
2679,atacama,3,huasco,33,vallenar,3301,26,837,425,412,756,388,368,81,37,44
2680,atacama,3,huasco,33,vallenar,3301,27,824,424,400,760,388,372,64,36,28
2681,atacama,3,huasco,33,vallenar,3301,28,826,414,412,759,379,380,67,35,32
2682,atacama,3,huasco,33,vallenar,3301,29,728,339,389,664,305,359,64,34,30
2683,atacama,3,huasco,33,vallenar,3301,30,791,349,442,716,317,399,75,32,43
2684,atacama,3,huasco,33,vallenar,3301,31,766,346,420,696,321,375,70,25,45
2685,atacama,3,huasco,33,vallenar,3301,32,773,398,375,698,360,338,75,38,37
2686,atacama,3,huasco,33,vallenar,3301,33,689,354,335,622,317,305,67,37,30
2687,atacama,3,huasco,33,vallenar,3301,34,694,338,356,625,308,317,69,30,39
2688,atacama,3,huasco,33,vallenar,3301,35,694,355,339,610,317,293,84,38,46
2689,atacama,3,huasco,33,vallenar,3301,36,656,327,329,580,286,294,76,41,35
2690,atacama,3,huasco,33,vallenar,3301,37,649,320,329,571,277,294,78,43,35
2691,atacama,3,huasco,33,vallenar,3301,38,704,352,352,611,299,312,93,53,40
2692,atacama,3,huasco,33,vallenar,3301,39,597,273,324,522,236,286,75,37,38
2693,atacama,3,huasco,33,vallenar,3301,40,579,287,292,510,252,258,69,35,34
2694,atacama,3,huasco,33,vallenar,3301,41,595,266,329,531,228,303,64,38,26
2695,atacama,3,huasco,33,vallenar,3301,42,674,340,334,594,296,298,80,44,36
2696,atacama,3,huasco,33,vallenar,3301,43,661,314,347,577,272,305,84,42,42
2697,atacama,3,huasco,33,vallenar,3301,44,675,317,358,571,262,309,104,55,49
2698,atacama,3,huasco,33,vallenar,3301,45,672,322,350,601,285,316,71,37,34
2699,atacama,3,huasco,33,vallenar,3301,46,678,329,349,591,290,301,87,39,48
2700,atacama,3,huasco,33,vallenar,3301,47,661,337,324,558,277,281,103,60,43
2701,atacama,3,huasco,33,vallenar,3301,48,662,296,366,570,246,324,92,50,42
2702,atacama,3,huasco,33,vallenar,3301,49,738,349,389,639,295,344,99,54,45
2703,atacama,3,huasco,33,vallenar,3301,50,751,399,352,652,346,306,99,53,46
2704,atacama,3,huasco,33,vallenar,3301,51,652,320,332,565,273,292,87,47,40
2705,atacama,3,huasco,33,vallenar,3301,52,759,361,398,667,308,359,92,53,39
2706,atacama,3,huasco,33,vallenar,3301,53,769,342,427,671,283,388,98,59,39
2707,atacama,3,huasco,33,vallenar,3301,54,742,348,394,662,303,359,80,45,35
2708,atacama,3,huasco,33,vallenar,3301,55,654,330,324,570,280,290,84,50,34
2709,atacama,3,huasco,33,vallenar,3301,56,590,281,309,519,242,277,71,39,32
2710,atacama,3,huasco,33,vallenar,3301,57,639,292,347,555,245,310,84,47,37
2711,atacama,3,huasco,33,vallenar,3301,58,569,265,304,490,220,270,79,45,34
2712,atacama,3,huasco,33,vallenar,3301,59,591,272,319,513,234,279,78,38,40
2713,atacama,3,huasco,33,vallenar,3301,60,544,269,275,492,239,253,52,30,22
2714,atacama,3,huasco,33,vallenar,3301,61,553,261,292,491,222,269,62,39,23
2715,atacama,3,huasco,33,vallenar,3301,62,495,244,251,435,208,227,60,36,24
2716,atacama,3,huasco,33,vallenar,3301,63,525,253,272,459,218,241,66,35,31
2717,atacama,3,huasco,33,vallenar,3301,64,470,240,230,417,208,209,53,32,21
2718,atacama,3,huasco,33,vallenar,3301,65,473,226,247,422,199,223,51,27,24
2719,atacama,3,huasco,33,vallenar,3301,66,411,194,217,368,169,199,43,25,18
2720,atacama,3,huasco,33,vallenar,3301,67,397,164,233,343,137,206,54,27,27
2721,atacama,3,huasco,33,vallenar,3301,68,379,183,196,325,156,169,54,27,27
2722,atacama,3,huasco,33,vallenar,3301,69,361,159,202,298,124,174,63,35,28
2723,atacama,3,huasco,33,vallenar,3301,70,314,150,164,282,130,152,32,20,12
2724,atacama,3,huasco,33,vallenar,3301,71,331,166,165,285,138,147,46,28,18
2725,atacama,3,huasco,33,vallenar,3301,72,303,150,153,260,122,138,43,28,15
2726,atacama,3,huasco,33,vallenar,3301,73,321,150,171,280,124,156,41,26,15
2727,atacama,3,huasco,33,vallenar,3301,74,325,147,178,297,129,168,28,18,10
2728,atacama,3,huasco,33,vallenar,3301,75,287,132,155,253,114,139,34,18,16
2729,atacama,3,huasco,33,vallenar,3301,76,265,118,147,240,102,138,25,16,9
2730,atacama,3,huasco,33,vallenar,3301,77,227,101,126,205,88,117,22,13,9
2731,atacama,3,huasco,33,vallenar,3301,78,217,109,108,195,98,97,22,11,11
2732,atacama,3,huasco,33,vallenar,3301,79,210,90,120,192,80,112,18,10,8
2733,atacama,3,huasco,33,vallenar,3301,80,185,87,98,169,81,88,16,6,10
2734,atacama,3,huasco,33,vallenar,3301,81,188,83,105,167,71,96,21,12,9
2735,atacama,3,huasco,33,vallenar,3301,82,168,71,97,151,62,89,17,9,8
2736,atacama,3,huasco,33,vallenar,3301,83,140,60,80,126,53,73,14,7,7
2737,atacama,3,huasco,33,vallenar,3301,84,155,61,94,147,58,89,8,3,5
2738,atacama,3,huasco,33,vallenar,3301,85,128,57,71,108,42,66,20,15,5
2739,atacama,3,huasco,33,vallenar,3301,86,103,39,64,92,34,58,11,5,6
2740,atacama,3,huasco,33,vallenar,3301,87,94,40,54,90,38,52,4,2,2
2741,atacama,3,huasco,33,vallenar,3301,88,63,20,43,58,18,40,5,2,3
2742,atacama,3,huasco,33,vallenar,3301,89,70,25,45,61,20,41,9,5,4
2743,atacama,3,huasco,33,vallenar,3301,90,53,19,34,50,17,33,3,2,1
2744,atacama,3,huasco,33,vallenar,3301,91,37,9,28,36,8,28,1,1,0
2745,atacama,3,huasco,33,vallenar,3301,92,49,20,29,46,20,26,3,0,3
2746,atacama,3,huasco,33,vallenar,3301,93,26,4,22,24,4,20,2,0,2
2747,atacama,3,huasco,33,vallenar,3301,94,26,7,19,23,7,16,3,0,3
2748,atacama,3,huasco,33,vallenar,3301,95,15,5,10,15,5,10,0,0,0
2749,atacama,3,huasco,33,vallenar,3301,96,15,5,10,14,5,9,1,0,1
2750,atacama,3,huasco,33,vallenar,3301,97,6,0,6,4,0,4,2,0,2
2751,atacama,3,huasco,33,vallenar,3301,98,15,3,12,13,2,11,2,1,1
2752,atacama,3,huasco,33,vallenar,3301,99,4,1,3,3,1,2,1,0,1
2753,atacama,3,huasco,33,vallenar,3301,100 o más,10,3,7,10,3,7,0,0,0
2754,atacama,3,huasco,33,alto del carmen,3302,total comuna,5299,2925,2374,0,0,0,5299,2925,2374
2755,atacama,3,huasco,33,alto del carmen,3302,0,59,42,17,0,0,0,59,42,17
2756,atacama,3,huasco,33,alto del carmen,3302,1,66,30,36,0,0,0,66,30,36
2757,atacama,3,huasco,33,alto del carmen,3302,2,72,39,33,0,0,0,72,39,33
2758,atacama,3,huasco,33,alto del carmen,3302,3,65,35,30,0,0,0,65,35,30
2759,atacama,3,huasco,33,alto del carmen,3302,4,69,37,32,0,0,0,69,37,32
2760,atacama,3,huasco,33,alto del carmen,3302,5,77,39,38,0,0,0,77,39,38
2761,atacama,3,huasco,33,alto del carmen,3302,6,67,36,31,0,0,0,67,36,31
2762,atacama,3,huasco,33,alto del carmen,3302,7,81,41,40,0,0,0,81,41,40
2763,atacama,3,huasco,33,alto del carmen,3302,8,82,41,41,0,0,0,82,41,41
2764,atacama,3,huasco,33,alto del carmen,3302,9,58,24,34,0,0,0,58,24,34
2765,atacama,3,huasco,33,alto del carmen,3302,10,68,33,35,0,0,0,68,33,35
2766,atacama,3,huasco,33,alto del carmen,3302,11,71,38,33,0,0,0,71,38,33
2767,atacama,3,huasco,33,alto del carmen,3302,12,65,34,31,0,0,0,65,34,31
2768,atacama,3,huasco,33,alto del carmen,3302,13,58,33,25,0,0,0,58,33,25
2769,atacama,3,huasco,33,alto del carmen,3302,14,65,31,34,0,0,0,65,31,34
2770,atacama,3,huasco,33,alto del carmen,3302,15,63,25,38,0,0,0,63,25,38
2771,atacama,3,huasco,33,alto del carmen,3302,16,73,36,37,0,0,0,73,36,37
2772,atacama,3,huasco,33,alto del carmen,3302,17,47,26,21,0,0,0,47,26,21
2773,atacama,3,huasco,33,alto del carmen,3302,18,34,17,17,0,0,0,34,17,17
2774,atacama,3,huasco,33,alto del carmen,3302,19,35,19,16,0,0,0,35,19,16
2775,atacama,3,huasco,33,alto del carmen,3302,20,41,15,26,0,0,0,41,15,26
2776,atacama,3,huasco,33,alto del carmen,3302,21,50,27,23,0,0,0,50,27,23
2777,atacama,3,huasco,33,alto del carmen,3302,22,58,32,26,0,0,0,58,32,26
2778,atacama,3,huasco,33,alto del carmen,3302,23,58,29,29,0,0,0,58,29,29
2779,atacama,3,huasco,33,alto del carmen,3302,24,78,42,36,0,0,0,78,42,36
2780,atacama,3,huasco,33,alto del carmen,3302,25,72,35,37,0,0,0,72,35,37
2781,atacama,3,huasco,33,alto del carmen,3302,26,73,40,33,0,0,0,73,40,33
2782,atacama,3,huasco,33,alto del carmen,3302,27,75,40,35,0,0,0,75,40,35
2783,atacama,3,huasco,33,alto del carmen,3302,28,84,42,42,0,0,0,84,42,42
2784,atacama,3,huasco,33,alto del carmen,3302,29,83,38,45,0,0,0,83,38,45
2785,atacama,3,huasco,33,alto del carmen,3302,30,72,38,34,0,0,0,72,38,34
2786,atacama,3,huasco,33,alto del carmen,3302,31,87,45,42,0,0,0,87,45,42
2787,atacama,3,huasco,33,alto del carmen,3302,32,69,40,29,0,0,0,69,40,29
2788,atacama,3,huasco,33,alto del carmen,3302,33,70,53,17,0,0,0,70,53,17
2789,atacama,3,huasco,33,alto del carmen,3302,34,72,45,27,0,0,0,72,45,27
2790,atacama,3,huasco,33,alto del carmen,3302,35,80,50,30,0,0,0,80,50,30
2791,atacama,3,huasco,33,alto del carmen,3302,36,71,44,27,0,0,0,71,44,27
2792,atacama,3,huasco,33,alto del carmen,3302,37,54,28,26,0,0,0,54,28,26
2793,atacama,3,huasco,33,alto del carmen,3302,38,81,45,36,0,0,0,81,45,36
2794,atacama,3,huasco,33,alto del carmen,3302,39,64,39,25,0,0,0,64,39,25
2795,atacama,3,huasco,33,alto del carmen,3302,40,75,43,32,0,0,0,75,43,32
2796,atacama,3,huasco,33,alto del carmen,3302,41,69,40,29,0,0,0,69,40,29
2797,atacama,3,huasco,33,alto del carmen,3302,42,67,44,23,0,0,0,67,44,23
2798,atacama,3,huasco,33,alto del carmen,3302,43,68,45,23,0,0,0,68,45,23
2799,atacama,3,huasco,33,alto del carmen,3302,44,81,53,28,0,0,0,81,53,28
2800,atacama,3,huasco,33,alto del carmen,3302,45,79,56,23,0,0,0,79,56,23
2801,atacama,3,huasco,33,alto del carmen,3302,46,83,51,32,0,0,0,83,51,32
2802,atacama,3,huasco,33,alto del carmen,3302,47,79,46,33,0,0,0,79,46,33
2803,atacama,3,huasco,33,alto del carmen,3302,48,70,37,33,0,0,0,70,37,33
2804,atacama,3,huasco,33,alto del carmen,3302,49,79,42,37,0,0,0,79,42,37
2805,atacama,3,huasco,33,alto del carmen,3302,50,71,41,30,0,0,0,71,41,30
2806,atacama,3,huasco,33,alto del carmen,3302,51,92,53,39,0,0,0,92,53,39
2807,atacama,3,huasco,33,alto del carmen,3302,52,77,40,37,0,0,0,77,40,37
2808,atacama,3,huasco,33,alto del carmen,3302,53,79,47,32,0,0,0,79,47,32
2809,atacama,3,huasco,33,alto del carmen,3302,54,70,42,28,0,0,0,70,42,28
2810,atacama,3,huasco,33,alto del carmen,3302,55,64,35,29,0,0,0,64,35,29
2811,atacama,3,huasco,33,alto del carmen,3302,56,68,41,27,0,0,0,68,41,27
2812,atacama,3,huasco,33,alto del carmen,3302,57,68,31,37,0,0,0,68,31,37
2813,atacama,3,huasco,33,alto del carmen,3302,58,67,41,26,0,0,0,67,41,26
2814,atacama,3,huasco,33,alto del carmen,3302,59,64,36,28,0,0,0,64,36,28
2815,atacama,3,huasco,33,alto del carmen,3302,60,67,36,31,0,0,0,67,36,31
2816,atacama,3,huasco,33,alto del carmen,3302,61,60,33,27,0,0,0,60,33,27
2817,atacama,3,huasco,33,alto del carmen,3302,62,61,31,30,0,0,0,61,31,30
2818,atacama,3,huasco,33,alto del carmen,3302,63,57,35,22,0,0,0,57,35,22
2819,atacama,3,huasco,33,alto del carmen,3302,64,52,25,27,0,0,0,52,25,27
2820,atacama,3,huasco,33,alto del carmen,3302,65,55,33,22,0,0,0,55,33,22
2821,atacama,3,huasco,33,alto del carmen,3302,66,39,24,15,0,0,0,39,24,15
2822,atacama,3,huasco,33,alto del carmen,3302,67,69,44,25,0,0,0,69,44,25
2823,atacama,3,huasco,33,alto del carmen,3302,68,32,22,10,0,0,0,32,22,10
2824,atacama,3,huasco,33,alto del carmen,3302,69,59,35,24,0,0,0,59,35,24
2825,atacama,3,huasco,33,alto del carmen,3302,70,34,19,15,0,0,0,34,19,15
2826,atacama,3,huasco,33,alto del carmen,3302,71,64,41,23,0,0,0,64,41,23
2827,atacama,3,huasco,33,alto del carmen,3302,72,40,16,24,0,0,0,40,16,24
2828,atacama,3,huasco,33,alto del carmen,3302,73,40,21,19,0,0,0,40,21,19
2829,atacama,3,huasco,33,alto del carmen,3302,74,42,20,22,0,0,0,42,20,22
2830,atacama,3,huasco,33,alto del carmen,3302,75,40,21,19,0,0,0,40,21,19
2831,atacama,3,huasco,33,alto del carmen,3302,76,26,18,8,0,0,0,26,18,8
2832,atacama,3,huasco,33,alto del carmen,3302,77,39,15,24,0,0,0,39,15,24
2833,atacama,3,huasco,33,alto del carmen,3302,78,30,16,14,0,0,0,30,16,14
2834,atacama,3,huasco,33,alto del carmen,3302,79,31,20,11,0,0,0,31,20,11
2835,atacama,3,huasco,33,alto del carmen,3302,80,30,15,15,0,0,0,30,15,15
2836,atacama,3,huasco,33,alto del carmen,3302,81,25,12,13,0,0,0,25,12,13
2837,atacama,3,huasco,33,alto del carmen,3302,82,23,11,12,0,0,0,23,11,12
2838,atacama,3,huasco,33,alto del carmen,3302,83,17,10,7,0,0,0,17,10,7
2839,atacama,3,huasco,33,alto del carmen,3302,84,17,7,10,0,0,0,17,7,10
2840,atacama,3,huasco,33,alto del carmen,3302,85,24,9,15,0,0,0,24,9,15
2841,atacama,3,huasco,33,alto del carmen,3302,86,6,2,4,0,0,0,6,2,4
2842,atacama,3,huasco,33,alto del carmen,3302,87,16,10,6,0,0,0,16,10,6
2843,atacama,3,huasco,33,alto del carmen,3302,88,16,7,9,0,0,0,16,7,9
2844,atacama,3,huasco,33,alto del carmen,3302,89,10,6,4,0,0,0,10,6,4
2845,atacama,3,huasco,33,alto del carmen,3302,90,3,3,0,0,0,0,3,3,0
2846,atacama,3,huasco,33,alto del carmen,3302,91,9,4,5,0,0,0,9,4,5
2847,atacama,3,huasco,33,alto del carmen,3302,92,4,3,1,0,0,0,4,3,1
2848,atacama,3,huasco,33,alto del carmen,3302,93,4,0,4,0,0,0,4,0,4
2849,atacama,3,huasco,33,alto del carmen,3302,94,9,6,3,0,0,0,9,6,3
2850,atacama,3,huasco,33,alto del carmen,3302,95,4,2,2,0,0,0,4,2,2
2851,atacama,3,huasco,33,alto del carmen,3302,96,1,0,1,0,0,0,1,0,1
2852,atacama,3,huasco,33,alto del carmen,3302,97,1,1,0,0,0,0,1,1,0
2853,atacama,3,huasco,33,alto del carmen,3302,98,1,1,0,0,0,0,1,1,0
2854,atacama,3,huasco,33,alto del carmen,3302,99,1,1,0,0,0,0,1,1,0
2855,atacama,3,huasco,33,alto del carmen,3302,100 o más,4,3,1,0,0,0,4,3,1
2856,atacama,3,huasco,33,freirina,3303,total comuna,7041,3557,3484,4589,2200,2389,2452,1357,1095
2857,atacama,3,huasco,33,freirina,3303,0,101,54,47,68,33,35,33,21,12
2858,atacama,3,huasco,33,freirina,3303,1,106,60,46,82,46,36,24,14,10
2859,atacama,3,huasco,33,freirina,3303,2,119,62,57,82,48,34,37,14,23
2860,atacama,3,huasco,33,freirina,3303,3,121,59,62,85,46,39,36,13,23
2861,atacama,3,huasco,33,freirina,3303,4,127,68,59,96,51,45,31,17,14
2862,atacama,3,huasco,33,freirina,3303,5,108,60,48,76,40,36,32,20,12
2863,atacama,3,huasco,33,freirina,3303,6,105,50,55,74,35,39,31,15,16
2864,atacama,3,huasco,33,freirina,3303,7,108,57,51,74,33,41,34,24,10
2865,atacama,3,huasco,33,freirina,3303,8,121,60,61,84,39,45,37,21,16
2866,atacama,3,huasco,33,freirina,3303,9,111,63,48,75,42,33,36,21,15
2867,atacama,3,huasco,33,freirina,3303,10,116,51,65,88,39,49,28,12,16
2868,atacama,3,huasco,33,freirina,3303,11,110,55,55,71,34,37,39,21,18
2869,atacama,3,huasco,33,freirina,3303,12,105,59,46,61,28,33,44,31,13
2870,atacama,3,huasco,33,freirina,3303,13,79,37,42,59,27,32,20,10,10
2871,atacama,3,huasco,33,freirina,3303,14,89,35,54,61,24,37,28,11,17
2872,atacama,3,huasco,33,freirina,3303,15,95,51,44,67,36,31,28,15,13
2873,atacama,3,huasco,33,freirina,3303,16,102,49,53,70,30,40,32,19,13
2874,atacama,3,huasco,33,freirina,3303,17,95,45,50,68,28,40,27,17,10
2875,atacama,3,huasco,33,freirina,3303,18,59,31,28,38,21,17,21,10,11
2876,atacama,3,huasco,33,freirina,3303,19,60,28,32,43,22,21,17,6,11
2877,atacama,3,huasco,33,freirina,3303,20,84,48,36,54,35,19,30,13,17
2878,atacama,3,huasco,33,freirina,3303,21,90,42,48,61,29,32,29,13,16
2879,atacama,3,huasco,33,freirina,3303,22,96,42,54,65,27,38,31,15,16
2880,atacama,3,huasco,33,freirina,3303,23,91,50,41,60,31,29,31,19,12
2881,atacama,3,huasco,33,freirina,3303,24,107,51,56,81,38,43,26,13,13
2882,atacama,3,huasco,33,freirina,3303,25,109,58,51,75,36,39,34,22,12
2883,atacama,3,huasco,33,freirina,3303,26,118,59,59,86,44,42,32,15,17
2884,atacama,3,huasco,33,freirina,3303,27,109,59,50,72,37,35,37,22,15
2885,atacama,3,huasco,33,freirina,3303,28,107,51,56,66,33,33,41,18,23
2886,atacama,3,huasco,33,freirina,3303,29,107,55,52,81,42,39,26,13,13
2887,atacama,3,huasco,33,freirina,3303,30,95,44,51,63,34,29,32,10,22
2888,atacama,3,huasco,33,freirina,3303,31,97,55,42,71,42,29,26,13,13
2889,atacama,3,huasco,33,freirina,3303,32,83,46,37,55,35,20,28,11,17
2890,atacama,3,huasco,33,freirina,3303,33,97,48,49,56,25,31,41,23,18
2891,atacama,3,huasco,33,freirina,3303,34,99,43,56,69,29,40,30,14,16
2892,atacama,3,huasco,33,freirina,3303,35,92,52,40,53,27,26,39,25,14
2893,atacama,3,huasco,33,freirina,3303,36,83,39,44,56,22,34,27,17,10
2894,atacama,3,huasco,33,freirina,3303,37,74,31,43,50,18,32,24,13,11
2895,atacama,3,huasco,33,freirina,3303,38,78,43,35,54,28,26,24,15,9
2896,atacama,3,huasco,33,freirina,3303,39,89,48,41,51,28,23,38,20,18
2897,atacama,3,huasco,33,freirina,3303,40,78,38,40,57,25,32,21,13,8
2898,atacama,3,huasco,33,freirina,3303,41,79,46,33,50,28,22,29,18,11
2899,atacama,3,huasco,33,freirina,3303,42,92,44,48,58,25,33,34,19,15
2900,atacama,3,huasco,33,freirina,3303,43,79,39,40,45,17,28,34,22,12
2901,atacama,3,huasco,33,freirina,3303,44,88,42,46,52,24,28,36,18,18
2902,atacama,3,huasco,33,freirina,3303,45,78,36,42,48,18,30,30,18,12
2903,atacama,3,huasco,33,freirina,3303,46,94,49,45,57,28,29,37,21,16
2904,atacama,3,huasco,33,freirina,3303,47,85,47,38,59,28,31,26,19,7
2905,atacama,3,huasco,33,freirina,3303,48,99,44,55,54,18,36,45,26,19
2906,atacama,3,huasco,33,freirina,3303,49,110,48,62,69,32,37,41,16,25
2907,atacama,3,huasco,33,freirina,3303,50,100,44,56,72,28,44,28,16,12
2908,atacama,3,huasco,33,freirina,3303,51,106,68,38,69,44,25,37,24,13
2909,atacama,3,huasco,33,freirina,3303,52,106,56,50,62,27,35,44,29,15
2910,atacama,3,huasco,33,freirina,3303,53,110,65,45,58,33,25,52,32,20
2911,atacama,3,huasco,33,freirina,3303,54,115,53,62,72,30,42,43,23,20
2912,atacama,3,huasco,33,freirina,3303,55,97,44,53,58,22,36,39,22,17
2913,atacama,3,huasco,33,freirina,3303,56,96,55,41,59,30,29,37,25,12
2914,atacama,3,huasco,33,freirina,3303,57,92,50,42,61,31,30,31,19,12
2915,atacama,3,huasco,33,freirina,3303,58,80,44,36,47,27,20,33,17,16
2916,atacama,3,huasco,33,freirina,3303,59,79,38,41,45,15,30,34,23,11
2917,atacama,3,huasco,33,freirina,3303,60,78,39,39,49,23,26,29,16,13
2918,atacama,3,huasco,33,freirina,3303,61,65,34,31,35,20,15,30,14,16
2919,atacama,3,huasco,33,freirina,3303,62,70,38,32,34,18,16,36,20,16
2920,atacama,3,huasco,33,freirina,3303,63,71,33,38,48,20,28,23,13,10
2921,atacama,3,huasco,33,freirina,3303,64,60,29,31,35,13,22,25,16,9
2922,atacama,3,huasco,33,freirina,3303,65,65,31,34,38,15,23,27,16,11
2923,atacama,3,huasco,33,freirina,3303,66,56,26,30,40,18,22,16,8,8
2924,atacama,3,huasco,33,freirina,3303,67,64,29,35,40,16,24,24,13,11
2925,atacama,3,huasco,33,freirina,3303,68,50,28,22,33,18,15,17,10,7
2926,atacama,3,huasco,33,freirina,3303,69,44,23,21,32,18,14,12,5,7
2927,atacama,3,huasco,33,freirina,3303,70,54,24,30,32,13,19,22,11,11
2928,atacama,3,huasco,33,freirina,3303,71,50,25,25,28,11,17,22,14,8
2929,atacama,3,huasco,33,freirina,3303,72,47,32,15,29,16,13,18,16,2
2930,atacama,3,huasco,33,freirina,3303,73,34,16,18,19,8,11,15,8,7
2931,atacama,3,huasco,33,freirina,3303,74,41,19,22,26,10,16,15,9,6
2932,atacama,3,huasco,33,freirina,3303,75,43,21,22,19,9,10,24,12,12
2933,atacama,3,huasco,33,freirina,3303,76,39,24,15,17,10,7,22,14,8
2934,atacama,3,huasco,33,freirina,3303,77,37,19,18,25,11,14,12,8,4
2935,atacama,3,huasco,33,freirina,3303,78,31,15,16,17,8,9,14,7,7
2936,atacama,3,huasco,33,freirina,3303,79,26,13,13,17,7,10,9,6,3
2937,atacama,3,huasco,33,freirina,3303,80,24,14,10,10,4,6,14,10,4
2938,atacama,3,huasco,33,freirina,3303,81,21,8,13,12,3,9,9,5,4
2939,atacama,3,huasco,33,freirina,3303,82,18,11,7,11,8,3,7,3,4
2940,atacama,3,huasco,33,freirina,3303,83,15,3,12,6,1,5,9,2,7
2941,atacama,3,huasco,33,freirina,3303,84,20,9,11,14,7,7,6,2,4
2942,atacama,3,huasco,33,freirina,3303,85,15,6,9,11,4,7,4,2,2
2943,atacama,3,huasco,33,freirina,3303,86,20,13,7,12,10,2,8,3,5
2944,atacama,3,huasco,33,freirina,3303,87,13,4,9,8,2,6,5,2,3
2945,atacama,3,huasco,33,freirina,3303,88,7,3,4,2,0,2,5,3,2
2946,atacama,3,huasco,33,freirina,3303,89,9,2,7,7,0,7,2,2,0
2947,atacama,3,huasco,33,freirina,3303,90,11,4,7,7,2,5,4,2,2
2948,atacama,3,huasco,33,freirina,3303,91,11,5,6,7,2,5,4,3,1
2949,atacama,3,huasco,33,freirina,3303,92,9,4,5,4,0,4,5,4,1
2950,atacama,3,huasco,33,freirina,3303,93,4,2,2,2,1,1,2,1,1
2951,atacama,3,huasco,33,freirina,3303,94,5,1,4,5,1,4,0,0,0
2952,atacama,3,huasco,33,freirina,3303,95,2,1,1,2,1,1,0,0,0
2953,atacama,3,huasco,33,freirina,3303,96,5,1,4,1,0,1,4,1,3
2954,atacama,3,huasco,33,freirina,3303,97,1,0,1,1,0,1,0,0,0
2955,atacama,3,huasco,33,freirina,3303,98,0,0,0,0,0,0,0,0,0
2956,atacama,3,huasco,33,freirina,3303,99,1,0,1,1,0,1,0,0,0
2957,atacama,3,huasco,33,freirina,3303,100 o más,0,0,0,0,0,0,0,0,0
2958,atacama,3,huasco,33,huasco,3304,total comuna,10149,5243,4906,8902,4513,4389,1247,730,517
2959,atacama,3,huasco,33,huasco,3304,0,146,83,63,138,76,62,8,7,1
2960,atacama,3,huasco,33,huasco,3304,1,139,73,66,128,66,62,11,7,4
2961,atacama,3,huasco,33,huasco,3304,2,141,72,69,127,66,61,14,6,8
2962,atacama,3,huasco,33,huasco,3304,3,179,87,92,164,80,84,15,7,8
2963,atacama,3,huasco,33,huasco,3304,4,175,93,82,156,82,74,19,11,8
2964,atacama,3,huasco,33,huasco,3304,5,161,74,87,146,66,80,15,8,7
2965,atacama,3,huasco,33,huasco,3304,6,177,97,80,159,81,78,18,16,2
2966,atacama,3,huasco,33,huasco,3304,7,164,77,87,140,65,75,24,12,12
2967,atacama,3,huasco,33,huasco,3304,8,121,66,55,114,62,52,7,4,3
2968,atacama,3,huasco,33,huasco,3304,9,158,84,74,143,73,70,15,11,4
2969,atacama,3,huasco,33,huasco,3304,10,125,75,50,114,69,45,11,6,5
2970,atacama,3,huasco,33,huasco,3304,11,138,77,61,119,64,55,19,13,6
2971,atacama,3,huasco,33,huasco,3304,12,160,88,72,143,79,64,17,9,8
2972,atacama,3,huasco,33,huasco,3304,13,133,72,61,116,61,55,17,11,6
2973,atacama,3,huasco,33,huasco,3304,14,133,70,63,124,64,60,9,6,3
2974,atacama,3,huasco,33,huasco,3304,15,137,69,68,127,66,61,10,3,7
2975,atacama,3,huasco,33,huasco,3304,16,143,77,66,130,69,61,13,8,5
2976,atacama,3,huasco,33,huasco,3304,17,122,63,59,113,60,53,9,3,6
2977,atacama,3,huasco,33,huasco,3304,18,87,44,43,83,41,42,4,3,1
2978,atacama,3,huasco,33,huasco,3304,19,83,35,48,79,34,45,4,1,3
2979,atacama,3,huasco,33,huasco,3304,20,85,54,31,81,51,30,4,3,1
2980,atacama,3,huasco,33,huasco,3304,21,116,69,47,108,65,43,8,4,4
2981,atacama,3,huasco,33,huasco,3304,22,132,57,75,123,52,71,9,5,4
2982,atacama,3,huasco,33,huasco,3304,23,121,54,67,110,48,62,11,6,5
2983,atacama,3,huasco,33,huasco,3304,24,136,65,71,121,57,64,15,8,7
2984,atacama,3,huasco,33,huasco,3304,25,149,66,83,134,56,78,15,10,5
2985,atacama,3,huasco,33,huasco,3304,26,153,86,67,137,79,58,16,7,9
2986,atacama,3,huasco,33,huasco,3304,27,184,92,92,168,84,84,16,8,8
2987,atacama,3,huasco,33,huasco,3304,28,184,101,83,175,97,78,9,4,5
2988,atacama,3,huasco,33,huasco,3304,29,180,93,87,165,82,83,15,11,4
2989,atacama,3,huasco,33,huasco,3304,30,141,77,64,132,73,59,9,4,5
2990,atacama,3,huasco,33,huasco,3304,31,149,79,70,133,72,61,16,7,9
2991,atacama,3,huasco,33,huasco,3304,32,146,74,72,134,70,64,12,4,8
2992,atacama,3,huasco,33,huasco,3304,33,157,86,71,137,77,60,20,9,11
2993,atacama,3,huasco,33,huasco,3304,34,148,72,76,131,62,69,17,10,7
2994,atacama,3,huasco,33,huasco,3304,35,142,76,66,128,67,61,14,9,5
2995,atacama,3,huasco,33,huasco,3304,36,127,76,51,113,66,47,14,10,4
2996,atacama,3,huasco,33,huasco,3304,37,147,69,78,134,63,71,13,6,7
2997,atacama,3,huasco,33,huasco,3304,38,130,62,68,116,57,59,14,5,9
2998,atacama,3,huasco,33,huasco,3304,39,122,66,56,106,55,51,16,11,5
2999,atacama,3,huasco,33,huasco,3304,40,119,65,54,102,53,49,17,12,5
3000,atacama,3,huasco,33,huasco,3304,41,119,68,51,96,52,44,23,16,7
3001,atacama,3,huasco,33,huasco,3304,42,118,62,56,102,52,50,16,10,6
3002,atacama,3,huasco,33,huasco,3304,43,109,64,45,94,54,40,15,10,5
3003,atacama,3,huasco,33,huasco,3304,44,117,74,43,99,62,37,18,12,6
3004,atacama,3,huasco,33,huasco,3304,45,131,64,67,113,55,58,18,9,9
3005,atacama,3,huasco,33,huasco,3304,46,103,52,51,95,49,46,8,3,5
3006,atacama,3,huasco,33,huasco,3304,47,133,66,67,111,52,59,22,14,8
3007,atacama,3,huasco,33,huasco,3304,48,153,68,85,142,62,80,11,6,5
3008,atacama,3,huasco,33,huasco,3304,49,130,74,56,115,63,52,15,11,4
3009,atacama,3,huasco,33,huasco,3304,50,142,73,69,122,59,63,20,14,6
3010,atacama,3,huasco,33,huasco,3304,51,135,77,58,120,68,52,15,9,6
3011,atacama,3,huasco,33,huasco,3304,52,166,87,79,145,73,72,21,14,7
3012,atacama,3,huasco,33,huasco,3304,53,142,79,63,119,64,55,23,15,8
3013,atacama,3,huasco,33,huasco,3304,54,163,83,80,136,68,68,27,15,12
3014,atacama,3,huasco,33,huasco,3304,55,143,81,62,118,63,55,25,18,7
3015,atacama,3,huasco,33,huasco,3304,56,134,67,67,115,56,59,19,11,8
3016,atacama,3,huasco,33,huasco,3304,57,130,74,56,110,67,43,20,7,13
3017,atacama,3,huasco,33,huasco,3304,58,162,81,81,130,66,64,32,15,17
3018,atacama,3,huasco,33,huasco,3304,59,109,57,52,88,46,42,21,11,10
3019,atacama,3,huasco,33,huasco,3304,60,135,69,66,107,48,59,28,21,7
3020,atacama,3,huasco,33,huasco,3304,61,138,68,70,107,50,57,31,18,13
3021,atacama,3,huasco,33,huasco,3304,62,111,62,49,88,48,40,23,14,9
3022,atacama,3,huasco,33,huasco,3304,63,124,59,65,107,49,58,17,10,7
3023,atacama,3,huasco,33,huasco,3304,64,104,48,56,92,43,49,12,5,7
3024,atacama,3,huasco,33,huasco,3304,65,103,50,53,81,39,42,22,11,11
3025,atacama,3,huasco,33,huasco,3304,66,76,35,41,61,26,35,15,9,6
3026,atacama,3,huasco,33,huasco,3304,67,76,39,37,59,33,26,17,6,11
3027,atacama,3,huasco,33,huasco,3304,68,75,35,40,61,25,36,14,10,4
3028,atacama,3,huasco,33,huasco,3304,69,92,45,47,78,38,40,14,7,7
3029,atacama,3,huasco,33,huasco,3304,70,55,25,30,45,17,28,10,8,2
3030,atacama,3,huasco,33,huasco,3304,71,70,42,28,54,30,24,16,12,4
3031,atacama,3,huasco,33,huasco,3304,72,56,31,25,45,25,20,11,6,5
3032,atacama,3,huasco,33,huasco,3304,73,49,27,22,37,20,17,12,7,5
3033,atacama,3,huasco,33,huasco,3304,74,60,35,25,46,23,23,14,12,2
3034,atacama,3,huasco,33,huasco,3304,75,46,18,28,38,13,25,8,5,3
3035,atacama,3,huasco,33,huasco,3304,76,51,26,25,46,23,23,5,3,2
3036,atacama,3,huasco,33,huasco,3304,77,46,28,18,36,19,17,10,9,1
3037,atacama,3,huasco,33,huasco,3304,78,36,16,20,33,15,18,3,1,2
3038,atacama,3,huasco,33,huasco,3304,79,43,19,24,36,17,19,7,2,5
3039,atacama,3,huasco,33,huasco,3304,80,35,16,19,28,11,17,7,5,2
3040,atacama,3,huasco,33,huasco,3304,81,33,15,18,29,12,17,4,3,1
3041,atacama,3,huasco,33,huasco,3304,82,27,9,18,22,8,14,5,1,4
3042,atacama,3,huasco,33,huasco,3304,83,26,9,17,22,6,16,4,3,1
3043,atacama,3,huasco,33,huasco,3304,84,25,11,14,19,8,11,6,3,3
3044,atacama,3,huasco,33,huasco,3304,85,25,10,15,22,8,14,3,2,1
3045,atacama,3,huasco,33,huasco,3304,86,21,6,15,16,3,13,5,3,2
3046,atacama,3,huasco,33,huasco,3304,87,17,3,14,11,2,9,6,1,5
3047,atacama,3,huasco,33,huasco,3304,88,13,4,9,12,3,9,1,1,0
3048,atacama,3,huasco,33,huasco,3304,89,14,6,8,10,3,7,4,3,1
3049,atacama,3,huasco,33,huasco,3304,90,6,0,6,6,0,6,0,0,0
3050,atacama,3,huasco,33,huasco,3304,91,11,2,9,9,1,8,2,1,1
3051,atacama,3,huasco,33,huasco,3304,92,5,2,3,5,2,3,0,0,0
3052,atacama,3,huasco,33,huasco,3304,93,3,2,1,3,2,1,0,0,0
3053,atacama,3,huasco,33,huasco,3304,94,2,1,1,1,0,1,1,1,0
3054,atacama,3,huasco,33,huasco,3304,95,4,2,2,4,2,2,0,0,0
3055,atacama,3,huasco,33,huasco,3304,96,1,0,1,1,0,1,0,0,0
3056,atacama,3,huasco,33,huasco,3304,97,2,1,1,1,0,1,1,1,0
3057,atacama,3,huasco,33,huasco,3304,98,1,0,1,1,0,1,0,0,0
3058,atacama,3,huasco,33,huasco,3304,99,1,0,1,1,0,1,0,0,0
3059,atacama,3,huasco,33,huasco,3304,100 o más,2,1,1,1,0,1,1,1,0
3060,coquimbo,4,elqui,41,la serena,4101,total comuna,221054,105836,115218,200640,94722,105918,20414,11114,9300
3061,coquimbo,4,elqui,41,la serena,4101,0,2658,1376,1282,2405,1251,1154,253,125,128
3062,coquimbo,4,elqui,41,la serena,4101,1,3014,1514,1500,2768,1381,1387,246,133,113
3063,coquimbo,4,elqui,41,la serena,4101,2,3235,1689,1546,2931,1526,1405,304,163,141
3064,coquimbo,4,elqui,41,la serena,4101,3,3218,1638,1580,2947,1493,1454,271,145,126
3065,coquimbo,4,elqui,41,la serena,4101,4,3317,1706,1611,3022,1558,1464,295,148,147
3066,coquimbo,4,elqui,41,la serena,4101,5,3345,1662,1683,3056,1519,1537,289,143,146
3067,coquimbo,4,elqui,41,la serena,4101,6,3428,1750,1678,3136,1613,1523,292,137,155
3068,coquimbo,4,elqui,41,la serena,4101,7,3325,1647,1678,3002,1486,1516,323,161,162
3069,coquimbo,4,elqui,41,la serena,4101,8,3203,1652,1551,2916,1509,1407,287,143,144
3070,coquimbo,4,elqui,41,la serena,4101,9,3126,1574,1552,2850,1429,1421,276,145,131
3071,coquimbo,4,elqui,41,la serena,4101,10,2949,1518,1431,2708,1377,1331,241,141,100
3072,coquimbo,4,elqui,41,la serena,4101,11,2971,1530,1441,2726,1388,1338,245,142,103
3073,coquimbo,4,elqui,41,la serena,4101,12,3113,1610,1503,2823,1447,1376,290,163,127
3074,coquimbo,4,elqui,41,la serena,4101,13,2934,1504,1430,2697,1367,1330,237,137,100
3075,coquimbo,4,elqui,41,la serena,4101,14,3102,1560,1542,2833,1422,1411,269,138,131
3076,coquimbo,4,elqui,41,la serena,4101,15,3177,1643,1534,2906,1506,1400,271,137,134
3077,coquimbo,4,elqui,41,la serena,4101,16,3405,1768,1637,3116,1612,1504,289,156,133
3078,coquimbo,4,elqui,41,la serena,4101,17,3388,1738,1650,3114,1602,1512,274,136,138
3079,coquimbo,4,elqui,41,la serena,4101,18,3789,2006,1783,3534,1856,1678,255,150,105
3080,coquimbo,4,elqui,41,la serena,4101,19,3855,1985,1870,3545,1830,1715,310,155,155
3081,coquimbo,4,elqui,41,la serena,4101,20,4086,2019,2067,3773,1845,1928,313,174,139
3082,coquimbo,4,elqui,41,la serena,4101,21,3946,1990,1956,3618,1787,1831,328,203,125
3083,coquimbo,4,elqui,41,la serena,4101,22,3867,1980,1887,3548,1794,1754,319,186,133
3084,coquimbo,4,elqui,41,la serena,4101,23,3912,1988,1924,3585,1785,1800,327,203,124
3085,coquimbo,4,elqui,41,la serena,4101,24,3855,1869,1986,3526,1689,1837,329,180,149
3086,coquimbo,4,elqui,41,la serena,4101,25,3769,1922,1847,3381,1695,1686,388,227,161
3087,coquimbo,4,elqui,41,la serena,4101,26,3829,1940,1889,3448,1715,1733,381,225,156
3088,coquimbo,4,elqui,41,la serena,4101,27,3727,1805,1922,3401,1609,1792,326,196,130
3089,coquimbo,4,elqui,41,la serena,4101,28,3456,1715,1741,3104,1489,1615,352,226,126
3090,coquimbo,4,elqui,41,la serena,4101,29,3368,1652,1716,3033,1455,1578,335,197,138
3091,coquimbo,4,elqui,41,la serena,4101,30,3201,1591,1610,2876,1393,1483,325,198,127
3092,coquimbo,4,elqui,41,la serena,4101,31,3168,1547,1621,2857,1359,1498,311,188,123
3093,coquimbo,4,elqui,41,la serena,4101,32,2973,1430,1543,2680,1255,1425,293,175,118
3094,coquimbo,4,elqui,41,la serena,4101,33,2947,1402,1545,2697,1262,1435,250,140,110
3095,coquimbo,4,elqui,41,la serena,4101,34,2882,1413,1469,2604,1249,1355,278,164,114
3096,coquimbo,4,elqui,41,la serena,4101,35,3058,1434,1624,2752,1262,1490,306,172,134
3097,coquimbo,4,elqui,41,la serena,4101,36,2923,1364,1559,2634,1220,1414,289,144,145
3098,coquimbo,4,elqui,41,la serena,4101,37,2843,1330,1513,2565,1172,1393,278,158,120
3099,coquimbo,4,elqui,41,la serena,4101,38,2769,1263,1506,2499,1121,1378,270,142,128
3100,coquimbo,4,elqui,41,la serena,4101,39,2680,1245,1435,2422,1104,1318,258,141,117
3101,coquimbo,4,elqui,41,la serena,4101,40,2831,1292,1539,2559,1153,1406,272,139,133
3102,coquimbo,4,elqui,41,la serena,4101,41,2808,1301,1507,2524,1156,1368,284,145,139
3103,coquimbo,4,elqui,41,la serena,4101,42,3040,1373,1667,2753,1208,1545,287,165,122
3104,coquimbo,4,elqui,41,la serena,4101,43,2946,1382,1564,2658,1215,1443,288,167,121
3105,coquimbo,4,elqui,41,la serena,4101,44,2917,1362,1555,2611,1213,1398,306,149,157
3106,coquimbo,4,elqui,41,la serena,4101,45,2925,1320,1605,2632,1160,1472,293,160,133
3107,coquimbo,4,elqui,41,la serena,4101,46,2815,1290,1525,2516,1120,1396,299,170,129
3108,coquimbo,4,elqui,41,la serena,4101,47,2728,1261,1467,2435,1096,1339,293,165,128
3109,coquimbo,4,elqui,41,la serena,4101,48,2789,1252,1537,2495,1114,1381,294,138,156
3110,coquimbo,4,elqui,41,la serena,4101,49,2843,1328,1515,2557,1171,1386,286,157,129
3111,coquimbo,4,elqui,41,la serena,4101,50,2752,1257,1495,2454,1087,1367,298,170,128
3112,coquimbo,4,elqui,41,la serena,4101,51,2853,1285,1568,2578,1145,1433,275,140,135
3113,coquimbo,4,elqui,41,la serena,4101,52,2704,1283,1421,2440,1153,1287,264,130,134
3114,coquimbo,4,elqui,41,la serena,4101,53,2769,1250,1519,2517,1111,1406,252,139,113
3115,coquimbo,4,elqui,41,la serena,4101,54,2772,1290,1482,2495,1139,1356,277,151,126
3116,coquimbo,4,elqui,41,la serena,4101,55,2618,1188,1430,2359,1058,1301,259,130,129
3117,coquimbo,4,elqui,41,la serena,4101,56,2579,1167,1412,2311,1036,1275,268,131,137
3118,coquimbo,4,elqui,41,la serena,4101,57,2424,1057,1367,2176,922,1254,248,135,113
3119,coquimbo,4,elqui,41,la serena,4101,58,2399,1086,1313,2159,968,1191,240,118,122
3120,coquimbo,4,elqui,41,la serena,4101,59,2270,1055,1215,2025,910,1115,245,145,100
3121,coquimbo,4,elqui,41,la serena,4101,60,2167,991,1176,1933,856,1077,234,135,99
3122,coquimbo,4,elqui,41,la serena,4101,61,2114,946,1168,1899,835,1064,215,111,104
3123,coquimbo,4,elqui,41,la serena,4101,62,2122,968,1154,1910,856,1054,212,112,100
3124,coquimbo,4,elqui,41,la serena,4101,63,1950,871,1079,1780,786,994,170,85,85
3125,coquimbo,4,elqui,41,la serena,4101,64,1828,803,1025,1663,706,957,165,97,68
3126,coquimbo,4,elqui,41,la serena,4101,65,1750,764,986,1590,683,907,160,81,79
3127,coquimbo,4,elqui,41,la serena,4101,66,1673,751,922,1501,658,843,172,93,79
3128,coquimbo,4,elqui,41,la serena,4101,67,1540,688,852,1394,608,786,146,80,66
3129,coquimbo,4,elqui,41,la serena,4101,68,1513,659,854,1374,588,786,139,71,68
3130,coquimbo,4,elqui,41,la serena,4101,69,1405,639,766,1257,566,691,148,73,75
3131,coquimbo,4,elqui,41,la serena,4101,70,1320,591,729,1186,513,673,134,78,56
3132,coquimbo,4,elqui,41,la serena,4101,71,1329,601,728,1211,540,671,118,61,57
3133,coquimbo,4,elqui,41,la serena,4101,72,1238,529,709,1119,471,648,119,58,61
3134,coquimbo,4,elqui,41,la serena,4101,73,1137,478,659,1027,419,608,110,59,51
3135,coquimbo,4,elqui,41,la serena,4101,74,1172,516,656,1071,459,612,101,57,44
3136,coquimbo,4,elqui,41,la serena,4101,75,1057,461,596,961,407,554,96,54,42
3137,coquimbo,4,elqui,41,la serena,4101,76,966,395,571,878,352,526,88,43,45
3138,coquimbo,4,elqui,41,la serena,4101,77,882,381,501,807,344,463,75,37,38
3139,coquimbo,4,elqui,41,la serena,4101,78,783,317,466,727,289,438,56,28,28
3140,coquimbo,4,elqui,41,la serena,4101,79,688,293,395,642,267,375,46,26,20
3141,coquimbo,4,elqui,41,la serena,4101,80,677,288,389,625,261,364,52,27,25
3142,coquimbo,4,elqui,41,la serena,4101,81,707,270,437,658,247,411,49,23,26
3143,coquimbo,4,elqui,41,la serena,4101,82,608,250,358,551,220,331,57,30,27
3144,coquimbo,4,elqui,41,la serena,4101,83,532,214,318,495,196,299,37,18,19
3145,coquimbo,4,elqui,41,la serena,4101,84,494,202,292,460,185,275,34,17,17
3146,coquimbo,4,elqui,41,la serena,4101,85,464,162,302,427,146,281,37,16,21
3147,coquimbo,4,elqui,41,la serena,4101,86,425,140,285,402,129,273,23,11,12
3148,coquimbo,4,elqui,41,la serena,4101,87,369,133,236,347,120,227,22,13,9
3149,coquimbo,4,elqui,41,la serena,4101,88,289,106,183,269,99,170,20,7,13
3150,coquimbo,4,elqui,41,la serena,4101,89,289,94,195,274,88,186,15,6,9
3151,coquimbo,4,elqui,41,la serena,4101,90,200,50,150,194,47,147,6,3,3
3152,coquimbo,4,elqui,41,la serena,4101,91,160,49,111,150,45,105,10,4,6
3153,coquimbo,4,elqui,41,la serena,4101,92,133,39,94,124,35,89,9,4,5
3154,coquimbo,4,elqui,41,la serena,4101,93,111,37,74,102,33,69,9,4,5
3155,coquimbo,4,elqui,41,la serena,4101,94,97,24,73,90,23,67,7,1,6
3156,coquimbo,4,elqui,41,la serena,4101,95,57,21,36,48,16,32,9,5,4
3157,coquimbo,4,elqui,41,la serena,4101,96,49,17,32,46,16,30,3,1,2
3158,coquimbo,4,elqui,41,la serena,4101,97,40,13,27,37,12,25,3,1,2
3159,coquimbo,4,elqui,41,la serena,4101,98,28,5,23,28,5,23,0,0,0
3160,coquimbo,4,elqui,41,la serena,4101,99,29,9,20,27,7,20,2,2,0
3161,coquimbo,4,elqui,41,la serena,4101,100 o más,69,23,46,64,22,42,5,1,4
3162,coquimbo,4,elqui,41,coquimbo,4102,total comuna,227730,109872,117858,214550,103210,111340,13180,6662,6518
3163,coquimbo,4,elqui,41,coquimbo,4102,0,3082,1579,1503,2904,1507,1397,178,72,106
3164,coquimbo,4,elqui,41,coquimbo,4102,1,3507,1768,1739,3310,1666,1644,197,102,95
3165,coquimbo,4,elqui,41,coquimbo,4102,2,3503,1763,1740,3309,1675,1634,194,88,106
3166,coquimbo,4,elqui,41,coquimbo,4102,3,3656,1881,1775,3431,1764,1667,225,117,108
3167,coquimbo,4,elqui,41,coquimbo,4102,4,3658,1900,1758,3418,1772,1646,240,128,112
3168,coquimbo,4,elqui,41,coquimbo,4102,5,3745,1858,1887,3536,1743,1793,209,115,94
3169,coquimbo,4,elqui,41,coquimbo,4102,6,3654,1889,1765,3453,1783,1670,201,106,95
3170,coquimbo,4,elqui,41,coquimbo,4102,7,3632,1890,1742,3407,1776,1631,225,114,111
3171,coquimbo,4,elqui,41,coquimbo,4102,8,3524,1777,1747,3329,1685,1644,195,92,103
3172,coquimbo,4,elqui,41,coquimbo,4102,9,3262,1682,1580,3071,1588,1483,191,94,97
3173,coquimbo,4,elqui,41,coquimbo,4102,10,3184,1631,1553,2986,1535,1451,198,96,102
3174,coquimbo,4,elqui,41,coquimbo,4102,11,3087,1565,1522,2919,1480,1439,168,85,83
3175,coquimbo,4,elqui,41,coquimbo,4102,12,3113,1565,1548,2942,1482,1460,171,83,88
3176,coquimbo,4,elqui,41,coquimbo,4102,13,3132,1573,1559,2937,1474,1463,195,99,96
3177,coquimbo,4,elqui,41,coquimbo,4102,14,3269,1685,1584,3099,1602,1497,170,83,87
3178,coquimbo,4,elqui,41,coquimbo,4102,15,3346,1692,1654,3170,1593,1577,176,99,77
3179,coquimbo,4,elqui,41,coquimbo,4102,16,3387,1721,1666,3232,1640,1592,155,81,74
3180,coquimbo,4,elqui,41,coquimbo,4102,17,3382,1677,1705,3161,1566,1595,221,111,110
3181,coquimbo,4,elqui,41,coquimbo,4102,18,3411,1729,1682,3249,1644,1605,162,85,77
3182,coquimbo,4,elqui,41,coquimbo,4102,19,3446,1731,1715,3263,1637,1626,183,94,89
3183,coquimbo,4,elqui,41,coquimbo,4102,20,3688,1815,1873,3475,1716,1759,213,99,114
3184,coquimbo,4,elqui,41,coquimbo,4102,21,3630,1813,1817,3456,1724,1732,174,89,85
3185,coquimbo,4,elqui,41,coquimbo,4102,22,3666,1872,1794,3456,1761,1695,210,111,99
3186,coquimbo,4,elqui,41,coquimbo,4102,23,3750,1850,1900,3579,1769,1810,171,81,90
3187,coquimbo,4,elqui,41,coquimbo,4102,24,3619,1761,1858,3407,1673,1734,212,88,124
3188,coquimbo,4,elqui,41,coquimbo,4102,25,3748,1884,1864,3546,1790,1756,202,94,108
3189,coquimbo,4,elqui,41,coquimbo,4102,26,3768,1846,1922,3573,1756,1817,195,90,105
3190,coquimbo,4,elqui,41,coquimbo,4102,27,3907,1938,1969,3714,1857,1857,193,81,112
3191,coquimbo,4,elqui,41,coquimbo,4102,28,3729,1829,1900,3544,1743,1801,185,86,99
3192,coquimbo,4,elqui,41,coquimbo,4102,29,3481,1681,1800,3305,1600,1705,176,81,95
3193,coquimbo,4,elqui,41,coquimbo,4102,30,3394,1656,1738,3240,1579,1661,154,77,77
3194,coquimbo,4,elqui,41,coquimbo,4102,31,3190,1536,1654,3022,1448,1574,168,88,80
3195,coquimbo,4,elqui,41,coquimbo,4102,32,3228,1564,1664,3051,1468,1583,177,96,81
3196,coquimbo,4,elqui,41,coquimbo,4102,33,3180,1544,1636,3008,1451,1557,172,93,79
3197,coquimbo,4,elqui,41,coquimbo,4102,34,3293,1555,1738,3127,1466,1661,166,89,77
3198,coquimbo,4,elqui,41,coquimbo,4102,35,3230,1541,1689,3059,1458,1601,171,83,88
3199,coquimbo,4,elqui,41,coquimbo,4102,36,3026,1415,1611,2844,1335,1509,182,80,102
3200,coquimbo,4,elqui,41,coquimbo,4102,37,2892,1341,1551,2741,1263,1478,151,78,73
3201,coquimbo,4,elqui,41,coquimbo,4102,38,2900,1365,1535,2734,1280,1454,166,85,81
3202,coquimbo,4,elqui,41,coquimbo,4102,39,2971,1360,1611,2803,1270,1533,168,90,78
3203,coquimbo,4,elqui,41,coquimbo,4102,40,3010,1432,1578,2824,1345,1479,186,87,99
3204,coquimbo,4,elqui,41,coquimbo,4102,41,2829,1309,1520,2654,1224,1430,175,85,90
3205,coquimbo,4,elqui,41,coquimbo,4102,42,3091,1482,1609,2904,1387,1517,187,95,92
3206,coquimbo,4,elqui,41,coquimbo,4102,43,3063,1487,1576,2866,1389,1477,197,98,99
3207,coquimbo,4,elqui,41,coquimbo,4102,44,3007,1431,1576,2816,1348,1468,191,83,108
3208,coquimbo,4,elqui,41,coquimbo,4102,45,2953,1397,1556,2758,1296,1462,195,101,94
3209,coquimbo,4,elqui,41,coquimbo,4102,46,2840,1371,1469,2653,1269,1384,187,102,85
3210,coquimbo,4,elqui,41,coquimbo,4102,47,2885,1357,1528,2700,1259,1441,185,98,87
3211,coquimbo,4,elqui,41,coquimbo,4102,48,2969,1368,1601,2765,1256,1509,204,112,92
3212,coquimbo,4,elqui,41,coquimbo,4102,49,2940,1406,1534,2766,1314,1452,174,92,82
3213,coquimbo,4,elqui,41,coquimbo,4102,50,2891,1329,1562,2709,1233,1476,182,96,86
3214,coquimbo,4,elqui,41,coquimbo,4102,51,2905,1372,1533,2735,1294,1441,170,78,92
3215,coquimbo,4,elqui,41,coquimbo,4102,52,2803,1283,1520,2638,1205,1433,165,78,87
3216,coquimbo,4,elqui,41,coquimbo,4102,53,2890,1308,1582,2701,1216,1485,189,92,97
3217,coquimbo,4,elqui,41,coquimbo,4102,54,2847,1341,1506,2661,1231,1430,186,110,76
3218,coquimbo,4,elqui,41,coquimbo,4102,55,2696,1258,1438,2549,1165,1384,147,93,54
3219,coquimbo,4,elqui,41,coquimbo,4102,56,2661,1261,1400,2491,1168,1323,170,93,77
3220,coquimbo,4,elqui,41,coquimbo,4102,57,2445,1122,1323,2282,1037,1245,163,85,78
3221,coquimbo,4,elqui,41,coquimbo,4102,58,2477,1097,1380,2323,1031,1292,154,66,88
3222,coquimbo,4,elqui,41,coquimbo,4102,59,2352,1112,1240,2215,1033,1182,137,79,58
3223,coquimbo,4,elqui,41,coquimbo,4102,60,2397,1149,1248,2244,1064,1180,153,85,68
3224,coquimbo,4,elqui,41,coquimbo,4102,61,2232,1047,1185,2087,969,1118,145,78,67
3225,coquimbo,4,elqui,41,coquimbo,4102,62,2162,983,1179,2035,919,1116,127,64,63
3226,coquimbo,4,elqui,41,coquimbo,4102,63,2047,940,1107,1901,853,1048,146,87,59
3227,coquimbo,4,elqui,41,coquimbo,4102,64,1977,914,1063,1862,860,1002,115,54,61
3228,coquimbo,4,elqui,41,coquimbo,4102,65,1816,845,971,1695,787,908,121,58,63
3229,coquimbo,4,elqui,41,coquimbo,4102,66,1659,735,924,1566,692,874,93,43,50
3230,coquimbo,4,elqui,41,coquimbo,4102,67,1608,771,837,1493,705,788,115,66,49
3231,coquimbo,4,elqui,41,coquimbo,4102,68,1527,730,797,1425,672,753,102,58,44
3232,coquimbo,4,elqui,41,coquimbo,4102,69,1469,693,776,1373,641,732,96,52,44
3233,coquimbo,4,elqui,41,coquimbo,4102,70,1331,610,721,1243,558,685,88,52,36
3234,coquimbo,4,elqui,41,coquimbo,4102,71,1420,668,752,1329,615,714,91,53,38
3235,coquimbo,4,elqui,41,coquimbo,4102,72,1245,590,655,1155,543,612,90,47,43
3236,coquimbo,4,elqui,41,coquimbo,4102,73,1095,514,581,1022,474,548,73,40,33
3237,coquimbo,4,elqui,41,coquimbo,4102,74,1170,537,633,1103,510,593,67,27,40
3238,coquimbo,4,elqui,41,coquimbo,4102,75,1064,467,597,997,436,561,67,31,36
3239,coquimbo,4,elqui,41,coquimbo,4102,76,957,426,531,894,393,501,63,33,30
3240,coquimbo,4,elqui,41,coquimbo,4102,77,871,375,496,820,345,475,51,30,21
3241,coquimbo,4,elqui,41,coquimbo,4102,78,689,291,398,653,272,381,36,19,17
3242,coquimbo,4,elqui,41,coquimbo,4102,79,694,290,404,646,268,378,48,22,26
3243,coquimbo,4,elqui,41,coquimbo,4102,80,652,270,382,618,254,364,34,16,18
3244,coquimbo,4,elqui,41,coquimbo,4102,81,639,262,377,599,238,361,40,24,16
3245,coquimbo,4,elqui,41,coquimbo,4102,82,527,217,310,494,201,293,33,16,17
3246,coquimbo,4,elqui,41,coquimbo,4102,83,484,181,303,470,178,292,14,3,11
3247,coquimbo,4,elqui,41,coquimbo,4102,84,497,191,306,477,184,293,20,7,13
3248,coquimbo,4,elqui,41,coquimbo,4102,85,433,171,262,410,157,253,23,14,9
3249,coquimbo,4,elqui,41,coquimbo,4102,86,411,145,266,390,131,259,21,14,7
3250,coquimbo,4,elqui,41,coquimbo,4102,87,336,124,212,314,115,199,22,9,13
3251,coquimbo,4,elqui,41,coquimbo,4102,88,305,106,199,283,99,184,22,7,15
3252,coquimbo,4,elqui,41,coquimbo,4102,89,309,98,211,288,91,197,21,7,14
3253,coquimbo,4,elqui,41,coquimbo,4102,90,198,67,131,183,57,126,15,10,5
3254,coquimbo,4,elqui,41,coquimbo,4102,91,167,56,111,164,55,109,3,1,2
3255,coquimbo,4,elqui,41,coquimbo,4102,92,120,44,76,114,42,72,6,2,4
3256,coquimbo,4,elqui,41,coquimbo,4102,93,91,36,55,88,34,54,3,2,1
3257,coquimbo,4,elqui,41,coquimbo,4102,94,84,28,56,80,27,53,4,1,3
3258,coquimbo,4,elqui,41,coquimbo,4102,95,59,11,48,58,10,48,1,1,0
3259,coquimbo,4,elqui,41,coquimbo,4102,96,40,14,26,37,13,24,3,1,2
3260,coquimbo,4,elqui,41,coquimbo,4102,97,33,10,23,32,10,22,1,0,1
3261,coquimbo,4,elqui,41,coquimbo,4102,98,30,7,23,29,7,22,1,0,1
3262,coquimbo,4,elqui,41,coquimbo,4102,99,12,1,11,12,1,11,0,0,0
3263,coquimbo,4,elqui,41,coquimbo,4102,100 o más,49,13,36,47,11,36,2,2,0
3264,coquimbo,4,elqui,41,andacollo,4103,total comuna,11044,5519,5525,10008,4976,5032,1036,543,493
3265,coquimbo,4,elqui,41,andacollo,4103,0,145,78,67,134,73,61,11,5,6
3266,coquimbo,4,elqui,41,andacollo,4103,1,160,99,61,149,95,54,11,4,7
3267,coquimbo,4,elqui,41,andacollo,4103,2,150,68,82,138,66,72,12,2,10
3268,coquimbo,4,elqui,41,andacollo,4103,3,173,99,74,164,95,69,9,4,5
3269,coquimbo,4,elqui,41,andacollo,4103,4,182,82,100,166,73,93,16,9,7
3270,coquimbo,4,elqui,41,andacollo,4103,5,161,66,95,151,63,88,10,3,7
3271,coquimbo,4,elqui,41,andacollo,4103,6,211,112,99,196,104,92,15,8,7
3272,coquimbo,4,elqui,41,andacollo,4103,7,177,94,83,158,85,73,19,9,10
3273,coquimbo,4,elqui,41,andacollo,4103,8,169,80,89,151,74,77,18,6,12
3274,coquimbo,4,elqui,41,andacollo,4103,9,146,70,76,136,65,71,10,5,5
3275,coquimbo,4,elqui,41,andacollo,4103,10,143,57,86,127,52,75,16,5,11
3276,coquimbo,4,elqui,41,andacollo,4103,11,169,86,83,159,80,79,10,6,4
3277,coquimbo,4,elqui,41,andacollo,4103,12,149,83,66,140,77,63,9,6,3
3278,coquimbo,4,elqui,41,andacollo,4103,13,153,83,70,139,76,63,14,7,7
3279,coquimbo,4,elqui,41,andacollo,4103,14,166,89,77,150,81,69,16,8,8
3280,coquimbo,4,elqui,41,andacollo,4103,15,150,89,61,136,80,56,14,9,5
3281,coquimbo,4,elqui,41,andacollo,4103,16,139,76,63,129,70,59,10,6,4
3282,coquimbo,4,elqui,41,andacollo,4103,17,142,79,63,132,73,59,10,6,4
3283,coquimbo,4,elqui,41,andacollo,4103,18,142,76,66,137,75,62,5,1,4
3284,coquimbo,4,elqui,41,andacollo,4103,19,151,76,75,134,72,62,17,4,13
3285,coquimbo,4,elqui,41,andacollo,4103,20,153,73,80,141,66,75,12,7,5
3286,coquimbo,4,elqui,41,andacollo,4103,21,148,82,66,138,75,63,10,7,3
3287,coquimbo,4,elqui,41,andacollo,4103,22,137,68,69,129,64,65,8,4,4
3288,coquimbo,4,elqui,41,andacollo,4103,23,156,78,78,149,77,72,7,1,6
3289,coquimbo,4,elqui,41,andacollo,4103,24,151,71,80,134,63,71,17,8,9
3290,coquimbo,4,elqui,41,andacollo,4103,25,152,65,87,145,62,83,7,3,4
3291,coquimbo,4,elqui,41,andacollo,4103,26,172,88,84,162,82,80,10,6,4
3292,coquimbo,4,elqui,41,andacollo,4103,27,164,82,82,154,77,77,10,5,5
3293,coquimbo,4,elqui,41,andacollo,4103,28,183,98,85,173,92,81,10,6,4
3294,coquimbo,4,elqui,41,andacollo,4103,29,144,66,78,129,58,71,15,8,7
3295,coquimbo,4,elqui,41,andacollo,4103,30,132,66,66,122,61,61,10,5,5
3296,coquimbo,4,elqui,41,andacollo,4103,31,140,69,71,126,64,62,14,5,9
3297,coquimbo,4,elqui,41,andacollo,4103,32,144,71,73,132,64,68,12,7,5
3298,coquimbo,4,elqui,41,andacollo,4103,33,133,64,69,124,61,63,9,3,6
3299,coquimbo,4,elqui,41,andacollo,4103,34,125,64,61,114,60,54,11,4,7
3300,coquimbo,4,elqui,41,andacollo,4103,35,131,67,64,118,60,58,13,7,6
3301,coquimbo,4,elqui,41,andacollo,4103,36,155,80,75,140,68,72,15,12,3
3302,coquimbo,4,elqui,41,andacollo,4103,37,117,60,57,109,55,54,8,5,3
3303,coquimbo,4,elqui,41,andacollo,4103,38,104,51,53,92,44,48,12,7,5
3304,coquimbo,4,elqui,41,andacollo,4103,39,113,65,48,106,59,47,7,6,1
3305,coquimbo,4,elqui,41,andacollo,4103,40,113,53,60,103,47,56,10,6,4
3306,coquimbo,4,elqui,41,andacollo,4103,41,144,74,70,135,70,65,9,4,5
3307,coquimbo,4,elqui,41,andacollo,4103,42,142,66,76,125,55,70,17,11,6
3308,coquimbo,4,elqui,41,andacollo,4103,43,150,72,78,131,61,70,19,11,8
3309,coquimbo,4,elqui,41,andacollo,4103,44,136,68,68,121,63,58,15,5,10
3310,coquimbo,4,elqui,41,andacollo,4103,45,153,77,76,140,69,71,13,8,5
3311,coquimbo,4,elqui,41,andacollo,4103,46,126,63,63,117,58,59,9,5,4
3312,coquimbo,4,elqui,41,andacollo,4103,47,152,66,86,138,56,82,14,10,4
3313,coquimbo,4,elqui,41,andacollo,4103,48,146,55,91,126,47,79,20,8,12
3314,coquimbo,4,elqui,41,andacollo,4103,49,179,93,86,168,88,80,11,5,6
3315,coquimbo,4,elqui,41,andacollo,4103,50,178,91,87,160,81,79,18,10,8
3316,coquimbo,4,elqui,41,andacollo,4103,51,163,82,81,146,70,76,17,12,5
3317,coquimbo,4,elqui,41,andacollo,4103,52,179,92,87,160,78,82,19,14,5
3318,coquimbo,4,elqui,41,andacollo,4103,53,129,60,69,121,57,64,8,3,5
3319,coquimbo,4,elqui,41,andacollo,4103,54,170,103,67,153,93,60,17,10,7
3320,coquimbo,4,elqui,41,andacollo,4103,55,151,77,74,132,66,66,19,11,8
3321,coquimbo,4,elqui,41,andacollo,4103,56,154,75,79,136,65,71,18,10,8
3322,coquimbo,4,elqui,41,andacollo,4103,57,140,71,69,126,64,62,14,7,7
3323,coquimbo,4,elqui,41,andacollo,4103,58,130,64,66,111,52,59,19,12,7
3324,coquimbo,4,elqui,41,andacollo,4103,59,125,57,68,114,51,63,11,6,5
3325,coquimbo,4,elqui,41,andacollo,4103,60,109,64,45,101,59,42,8,5,3
3326,coquimbo,4,elqui,41,andacollo,4103,61,114,60,54,95,49,46,19,11,8
3327,coquimbo,4,elqui,41,andacollo,4103,62,111,57,54,94,48,46,17,9,8
3328,coquimbo,4,elqui,41,andacollo,4103,63,106,57,49,87,48,39,19,9,10
3329,coquimbo,4,elqui,41,andacollo,4103,64,111,55,56,105,54,51,6,1,5
3330,coquimbo,4,elqui,41,andacollo,4103,65,96,45,51,79,36,43,17,9,8
3331,coquimbo,4,elqui,41,andacollo,4103,66,103,51,52,93,45,48,10,6,4
3332,coquimbo,4,elqui,41,andacollo,4103,67,86,41,45,73,34,39,13,7,6
3333,coquimbo,4,elqui,41,andacollo,4103,68,94,39,55,84,32,52,10,7,3
3334,coquimbo,4,elqui,41,andacollo,4103,69,81,33,48,69,25,44,12,8,4
3335,coquimbo,4,elqui,41,andacollo,4103,70,74,32,42,59,25,34,15,7,8
3336,coquimbo,4,elqui,41,andacollo,4103,71,85,40,45,76,36,40,9,4,5
3337,coquimbo,4,elqui,41,andacollo,4103,72,73,35,38,64,31,33,9,4,5
3338,coquimbo,4,elqui,41,andacollo,4103,73,65,26,39,58,24,34,7,2,5
3339,coquimbo,4,elqui,41,andacollo,4103,74,84,48,36,69,38,31,15,10,5
3340,coquimbo,4,elqui,41,andacollo,4103,75,67,29,38,65,28,37,2,1,1
3341,coquimbo,4,elqui,41,andacollo,4103,76,68,28,40,58,22,36,10,6,4
3342,coquimbo,4,elqui,41,andacollo,4103,77,63,33,30,55,29,26,8,4,4
3343,coquimbo,4,elqui,41,andacollo,4103,78,55,31,24,47,25,22,8,6,2
3344,coquimbo,4,elqui,41,andacollo,4103,79,50,25,25,43,22,21,7,3,4
3345,coquimbo,4,elqui,41,andacollo,4103,80,49,26,23,42,23,19,7,3,4
3346,coquimbo,4,elqui,41,andacollo,4103,81,55,19,36,46,15,31,9,4,5
3347,coquimbo,4,elqui,41,andacollo,4103,82,36,19,17,34,17,17,2,2,0
3348,coquimbo,4,elqui,41,andacollo,4103,83,40,19,21,35,17,18,5,2,3
3349,coquimbo,4,elqui,41,andacollo,4103,84,26,11,15,22,9,13,4,2,2
3350,coquimbo,4,elqui,41,andacollo,4103,85,19,14,5,16,11,5,3,3,0
3351,coquimbo,4,elqui,41,andacollo,4103,86,33,15,18,31,13,18,2,2,0
3352,coquimbo,4,elqui,41,andacollo,4103,87,9,3,6,8,2,6,1,1,0
3353,coquimbo,4,elqui,41,andacollo,4103,88,21,11,10,18,10,8,3,1,2
3354,coquimbo,4,elqui,41,andacollo,4103,89,16,3,13,14,3,11,2,0,2
3355,coquimbo,4,elqui,41,andacollo,4103,90,10,4,6,9,3,6,1,1,0
3356,coquimbo,4,elqui,41,andacollo,4103,91,6,2,4,5,2,3,1,0,1
3357,coquimbo,4,elqui,41,andacollo,4103,92,4,3,1,3,2,1,1,1,0
3358,coquimbo,4,elqui,41,andacollo,4103,93,9,3,6,8,2,6,1,1,0
3359,coquimbo,4,elqui,41,andacollo,4103,94,4,3,1,1,1,0,3,2,1
3360,coquimbo,4,elqui,41,andacollo,4103,95,6,2,4,6,2,4,0,0,0
3361,coquimbo,4,elqui,41,andacollo,4103,96,3,0,3,2,0,2,1,0,1
3362,coquimbo,4,elqui,41,andacollo,4103,97,4,2,2,2,0,2,2,2,0
3363,coquimbo,4,elqui,41,andacollo,4103,98,3,2,1,3,2,1,0,0,0
3364,coquimbo,4,elqui,41,andacollo,4103,99,0,0,0,0,0,0,0,0,0
3365,coquimbo,4,elqui,41,andacollo,4103,100 o más,4,0,4,3,0,3,1,0,1
3366,coquimbo,4,elqui,41,la higuera,4104,total comuna,4241,2236,2005,1293,629,664,2948,1607,1341
3367,coquimbo,4,elqui,41,la higuera,4104,0,53,25,28,18,9,9,35,16,19
3368,coquimbo,4,elqui,41,la higuera,4104,1,62,31,31,31,15,16,31,16,15
3369,coquimbo,4,elqui,41,la higuera,4104,2,78,45,33,27,13,14,51,32,19
3370,coquimbo,4,elqui,41,la higuera,4104,3,48,26,22,15,9,6,33,17,16
3371,coquimbo,4,elqui,41,la higuera,4104,4,78,43,35,35,20,15,43,23,20
3372,coquimbo,4,elqui,41,la higuera,4104,5,67,20,47,26,9,17,41,11,30
3373,coquimbo,4,elqui,41,la higuera,4104,6,72,35,37,24,11,13,48,24,24
3374,coquimbo,4,elqui,41,la higuera,4104,7,76,36,40,23,10,13,53,26,27
3375,coquimbo,4,elqui,41,la higuera,4104,8,62,39,23,24,16,8,38,23,15
3376,coquimbo,4,elqui,41,la higuera,4104,9,68,36,32,24,12,12,44,24,20
3377,coquimbo,4,elqui,41,la higuera,4104,10,72,37,35,31,13,18,41,24,17
3378,coquimbo,4,elqui,41,la higuera,4104,11,66,25,41,30,13,17,36,12,24
3379,coquimbo,4,elqui,41,la higuera,4104,12,52,27,25,14,7,7,38,20,18
3380,coquimbo,4,elqui,41,la higuera,4104,13,56,38,18,23,16,7,33,22,11
3381,coquimbo,4,elqui,41,la higuera,4104,14,51,24,27,20,9,11,31,15,16
3382,coquimbo,4,elqui,41,la higuera,4104,15,56,34,22,23,15,8,33,19,14
3383,coquimbo,4,elqui,41,la higuera,4104,16,52,32,20,22,13,9,30,19,11
3384,coquimbo,4,elqui,41,la higuera,4104,17,62,34,28,33,18,15,29,16,13
3385,coquimbo,4,elqui,41,la higuera,4104,18,44,21,23,16,9,7,28,12,16
3386,coquimbo,4,elqui,41,la higuera,4104,19,48,26,22,14,8,6,34,18,16
3387,coquimbo,4,elqui,41,la higuera,4104,20,37,16,21,11,4,7,26,12,14
3388,coquimbo,4,elqui,41,la higuera,4104,21,59,30,29,21,9,12,38,21,17
3389,coquimbo,4,elqui,41,la higuera,4104,22,66,37,29,23,13,10,43,24,19
3390,coquimbo,4,elqui,41,la higuera,4104,23,34,18,16,15,6,9,19,12,7
3391,coquimbo,4,elqui,41,la higuera,4104,24,57,29,28,21,11,10,36,18,18
3392,coquimbo,4,elqui,41,la higuera,4104,25,61,26,35,15,4,11,46,22,24
3393,coquimbo,4,elqui,41,la higuera,4104,26,54,24,30,13,5,8,41,19,22
3394,coquimbo,4,elqui,41,la higuera,4104,27,54,30,24,23,10,13,31,20,11
3395,coquimbo,4,elqui,41,la higuera,4104,28,51,24,27,15,6,9,36,18,18
3396,coquimbo,4,elqui,41,la higuera,4104,29,50,26,24,22,10,12,28,16,12
3397,coquimbo,4,elqui,41,la higuera,4104,30,45,20,25,14,6,8,31,14,17
3398,coquimbo,4,elqui,41,la higuera,4104,31,43,16,27,14,5,9,29,11,18
3399,coquimbo,4,elqui,41,la higuera,4104,32,50,19,31,16,6,10,34,13,21
3400,coquimbo,4,elqui,41,la higuera,4104,33,41,19,22,15,8,7,26,11,15
3401,coquimbo,4,elqui,41,la higuera,4104,34,52,29,23,18,11,7,34,18,16
3402,coquimbo,4,elqui,41,la higuera,4104,35,58,28,30,14,5,9,44,23,21
3403,coquimbo,4,elqui,41,la higuera,4104,36,57,31,26,16,8,8,41,23,18
3404,coquimbo,4,elqui,41,la higuera,4104,37,52,28,24,14,7,7,38,21,17
3405,coquimbo,4,elqui,41,la higuera,4104,38,49,28,21,12,6,6,37,22,15
3406,coquimbo,4,elqui,41,la higuera,4104,39,55,29,26,20,11,9,35,18,17
3407,coquimbo,4,elqui,41,la higuera,4104,40,58,27,31,20,9,11,38,18,20
3408,coquimbo,4,elqui,41,la higuera,4104,41,53,26,27,16,4,12,37,22,15
3409,coquimbo,4,elqui,41,la higuera,4104,42,62,34,28,16,8,8,46,26,20
3410,coquimbo,4,elqui,41,la higuera,4104,43,52,25,27,14,4,10,38,21,17
3411,coquimbo,4,elqui,41,la higuera,4104,44,65,37,28,18,9,9,47,28,19
3412,coquimbo,4,elqui,41,la higuera,4104,45,65,40,25,10,6,4,55,34,21
3413,coquimbo,4,elqui,41,la higuera,4104,46,50,30,20,12,8,4,38,22,16
3414,coquimbo,4,elqui,41,la higuera,4104,47,57,31,26,13,5,8,44,26,18
3415,coquimbo,4,elqui,41,la higuera,4104,48,60,30,30,14,6,8,46,24,22
3416,coquimbo,4,elqui,41,la higuera,4104,49,49,36,13,14,9,5,35,27,8
3417,coquimbo,4,elqui,41,la higuera,4104,50,71,33,38,15,4,11,56,29,27
3418,coquimbo,4,elqui,41,la higuera,4104,51,64,35,29,16,7,9,48,28,20
3419,coquimbo,4,elqui,41,la higuera,4104,52,66,35,31,15,6,9,51,29,22
3420,coquimbo,4,elqui,41,la higuera,4104,53,42,27,15,14,9,5,28,18,10
3421,coquimbo,4,elqui,41,la higuera,4104,54,79,47,32,23,12,11,56,35,21
3422,coquimbo,4,elqui,41,la higuera,4104,55,61,26,35,15,3,12,46,23,23
3423,coquimbo,4,elqui,41,la higuera,4104,56,58,35,23,18,11,7,40,24,16
3424,coquimbo,4,elqui,41,la higuera,4104,57,50,33,17,13,8,5,37,25,12
3425,coquimbo,4,elqui,41,la higuera,4104,58,69,43,26,13,7,6,56,36,20
3426,coquimbo,4,elqui,41,la higuera,4104,59,53,24,29,10,1,9,43,23,20
3427,coquimbo,4,elqui,41,la higuera,4104,60,57,36,21,9,8,1,48,28,20
3428,coquimbo,4,elqui,41,la higuera,4104,61,69,40,29,22,11,11,47,29,18
3429,coquimbo,4,elqui,41,la higuera,4104,62,33,22,11,6,4,2,27,18,9
3430,coquimbo,4,elqui,41,la higuera,4104,63,39,14,25,10,2,8,29,12,17
3431,coquimbo,4,elqui,41,la higuera,4104,64,44,25,19,15,7,8,29,18,11
3432,coquimbo,4,elqui,41,la higuera,4104,65,55,28,27,12,8,4,43,20,23
3433,coquimbo,4,elqui,41,la higuera,4104,66,48,25,23,10,3,7,38,22,16
3434,coquimbo,4,elqui,41,la higuera,4104,67,24,9,15,4,2,2,20,7,13
3435,coquimbo,4,elqui,41,la higuera,4104,68,44,26,18,7,2,5,37,24,13
3436,coquimbo,4,elqui,41,la higuera,4104,69,32,16,16,7,4,3,25,12,13
3437,coquimbo,4,elqui,41,la higuera,4104,70,30,17,13,5,3,2,25,14,11
3438,coquimbo,4,elqui,41,la higuera,4104,71,39,27,12,3,2,1,36,25,11
3439,coquimbo,4,elqui,41,la higuera,4104,72,29,23,6,5,5,0,24,18,6
3440,coquimbo,4,elqui,41,la higuera,4104,73,26,14,12,10,5,5,16,9,7
3441,coquimbo,4,elqui,41,la higuera,4104,74,34,19,15,7,4,3,27,15,12
3442,coquimbo,4,elqui,41,la higuera,4104,75,18,10,8,5,2,3,13,8,5
3443,coquimbo,4,elqui,41,la higuera,4104,76,26,11,15,4,1,3,22,10,12
3444,coquimbo,4,elqui,41,la higuera,4104,77,18,10,8,5,2,3,13,8,5
3445,coquimbo,4,elqui,41,la higuera,4104,78,15,9,6,4,3,1,11,6,5
3446,coquimbo,4,elqui,41,la higuera,4104,79,17,10,7,5,3,2,12,7,5
3447,coquimbo,4,elqui,41,la higuera,4104,80,16,8,8,4,2,2,12,6,6
3448,coquimbo,4,elqui,41,la higuera,4104,81,19,8,11,5,3,2,14,5,9
3449,coquimbo,4,elqui,41,la higuera,4104,82,12,3,9,2,0,2,10,3,7
3450,coquimbo,4,elqui,41,la higuera,4104,83,6,2,4,3,1,2,3,1,2
3451,coquimbo,4,elqui,41,la higuera,4104,84,9,3,6,4,0,4,5,3,2
3452,coquimbo,4,elqui,41,la higuera,4104,85,11,8,3,4,3,1,7,5,2
3453,coquimbo,4,elqui,41,la higuera,4104,86,7,4,3,2,2,0,5,2,3
3454,coquimbo,4,elqui,41,la higuera,4104,87,7,3,4,3,2,1,4,1,3
3455,coquimbo,4,elqui,41,la higuera,4104,88,5,3,2,2,1,1,3,2,1
3456,coquimbo,4,elqui,41,la higuera,4104,89,7,3,4,2,0,2,5,3,2
3457,coquimbo,4,elqui,41,la higuera,4104,90,4,2,2,0,0,0,4,2,2
3458,coquimbo,4,elqui,41,la higuera,4104,91,2,0,2,0,0,0,2,0,2
3459,coquimbo,4,elqui,41,la higuera,4104,92,2,1,1,0,0,0,2,1,1
3460,coquimbo,4,elqui,41,la higuera,4104,93,1,0,1,0,0,0,1,0,1
3461,coquimbo,4,elqui,41,la higuera,4104,94,1,1,0,1,1,0,0,0,0
3462,coquimbo,4,elqui,41,la higuera,4104,95,0,0,0,0,0,0,0,0,0
3463,coquimbo,4,elqui,41,la higuera,4104,96,1,0,1,1,0,1,0,0,0
3464,coquimbo,4,elqui,41,la higuera,4104,97,0,0,0,0,0,0,0,0,0
3465,coquimbo,4,elqui,41,la higuera,4104,98,1,1,0,1,1,0,0,0,0
3466,coquimbo,4,elqui,41,la higuera,4104,99,0,0,0,0,0,0,0,0,0
3467,coquimbo,4,elqui,41,la higuera,4104,100 o más,1,0,1,0,0,0,1,0,1
3468,coquimbo,4,elqui,41,paiguano,4105,total comuna,4497,2240,2257,0,0,0,4497,2240,2257
3469,coquimbo,4,elqui,41,paiguano,4105,0,39,12,27,0,0,0,39,12,27
3470,coquimbo,4,elqui,41,paiguano,4105,1,58,29,29,0,0,0,58,29,29
3471,coquimbo,4,elqui,41,paiguano,4105,2,49,24,25,0,0,0,49,24,25
3472,coquimbo,4,elqui,41,paiguano,4105,3,64,37,27,0,0,0,64,37,27
3473,coquimbo,4,elqui,41,paiguano,4105,4,58,25,33,0,0,0,58,25,33
3474,coquimbo,4,elqui,41,paiguano,4105,5,54,27,27,0,0,0,54,27,27
3475,coquimbo,4,elqui,41,paiguano,4105,6,62,33,29,0,0,0,62,33,29
3476,coquimbo,4,elqui,41,paiguano,4105,7,78,38,40,0,0,0,78,38,40
3477,coquimbo,4,elqui,41,paiguano,4105,8,58,25,33,0,0,0,58,25,33
3478,coquimbo,4,elqui,41,paiguano,4105,9,48,24,24,0,0,0,48,24,24
3479,coquimbo,4,elqui,41,paiguano,4105,10,64,24,40,0,0,0,64,24,40
3480,coquimbo,4,elqui,41,paiguano,4105,11,59,30,29,0,0,0,59,30,29
3481,coquimbo,4,elqui,41,paiguano,4105,12,51,25,26,0,0,0,51,25,26
3482,coquimbo,4,elqui,41,paiguano,4105,13,47,28,19,0,0,0,47,28,19
3483,coquimbo,4,elqui,41,paiguano,4105,14,53,29,24,0,0,0,53,29,24
3484,coquimbo,4,elqui,41,paiguano,4105,15,68,38,30,0,0,0,68,38,30
3485,coquimbo,4,elqui,41,paiguano,4105,16,58,26,32,0,0,0,58,26,32
3486,coquimbo,4,elqui,41,paiguano,4105,17,49,28,21,0,0,0,49,28,21
3487,coquimbo,4,elqui,41,paiguano,4105,18,35,12,23,0,0,0,35,12,23
3488,coquimbo,4,elqui,41,paiguano,4105,19,43,27,16,0,0,0,43,27,16
3489,coquimbo,4,elqui,41,paiguano,4105,20,46,24,22,0,0,0,46,24,22
3490,coquimbo,4,elqui,41,paiguano,4105,21,33,15,18,0,0,0,33,15,18
3491,coquimbo,4,elqui,41,paiguano,4105,22,59,25,34,0,0,0,59,25,34
3492,coquimbo,4,elqui,41,paiguano,4105,23,47,27,20,0,0,0,47,27,20
3493,coquimbo,4,elqui,41,paiguano,4105,24,69,35,34,0,0,0,69,35,34
3494,coquimbo,4,elqui,41,paiguano,4105,25,58,31,27,0,0,0,58,31,27
3495,coquimbo,4,elqui,41,paiguano,4105,26,79,38,41,0,0,0,79,38,41
3496,coquimbo,4,elqui,41,paiguano,4105,27,80,45,35,0,0,0,80,45,35
3497,coquimbo,4,elqui,41,paiguano,4105,28,65,30,35,0,0,0,65,30,35
3498,coquimbo,4,elqui,41,paiguano,4105,29,80,37,43,0,0,0,80,37,43
3499,coquimbo,4,elqui,41,paiguano,4105,30,71,25,46,0,0,0,71,25,46
3500,coquimbo,4,elqui,41,paiguano,4105,31,59,31,28,0,0,0,59,31,28
3501,coquimbo,4,elqui,41,paiguano,4105,32,61,31,30,0,0,0,61,31,30
3502,coquimbo,4,elqui,41,paiguano,4105,33,58,29,29,0,0,0,58,29,29
3503,coquimbo,4,elqui,41,paiguano,4105,34,66,26,40,0,0,0,66,26,40
3504,coquimbo,4,elqui,41,paiguano,4105,35,52,18,34,0,0,0,52,18,34
3505,coquimbo,4,elqui,41,paiguano,4105,36,51,29,22,0,0,0,51,29,22
3506,coquimbo,4,elqui,41,paiguano,4105,37,50,27,23,0,0,0,50,27,23
3507,coquimbo,4,elqui,41,paiguano,4105,38,50,27,23,0,0,0,50,27,23
3508,coquimbo,4,elqui,41,paiguano,4105,39,59,32,27,0,0,0,59,32,27
3509,coquimbo,4,elqui,41,paiguano,4105,40,47,21,26,0,0,0,47,21,26
3510,coquimbo,4,elqui,41,paiguano,4105,41,65,33,32,0,0,0,65,33,32
3511,coquimbo,4,elqui,41,paiguano,4105,42,59,35,24,0,0,0,59,35,24
3512,coquimbo,4,elqui,41,paiguano,4105,43,70,40,30,0,0,0,70,40,30
3513,coquimbo,4,elqui,41,paiguano,4105,44,53,27,26,0,0,0,53,27,26
3514,coquimbo,4,elqui,41,paiguano,4105,45,73,38,35,0,0,0,73,38,35
3515,coquimbo,4,elqui,41,paiguano,4105,46,69,40,29,0,0,0,69,40,29
3516,coquimbo,4,elqui,41,paiguano,4105,47,71,34,37,0,0,0,71,34,37
3517,coquimbo,4,elqui,41,paiguano,4105,48,72,32,40,0,0,0,72,32,40
3518,coquimbo,4,elqui,41,paiguano,4105,49,63,31,32,0,0,0,63,31,32
3519,coquimbo,4,elqui,41,paiguano,4105,50,65,25,40,0,0,0,65,25,40
3520,coquimbo,4,elqui,41,paiguano,4105,51,77,34,43,0,0,0,77,34,43
3521,coquimbo,4,elqui,41,paiguano,4105,52,73,30,43,0,0,0,73,30,43
3522,coquimbo,4,elqui,41,paiguano,4105,53,72,33,39,0,0,0,72,33,39
3523,coquimbo,4,elqui,41,paiguano,4105,54,67,28,39,0,0,0,67,28,39
3524,coquimbo,4,elqui,41,paiguano,4105,55,65,35,30,0,0,0,65,35,30
3525,coquimbo,4,elqui,41,paiguano,4105,56,62,36,26,0,0,0,62,36,26
3526,coquimbo,4,elqui,41,paiguano,4105,57,76,43,33,0,0,0,76,43,33
3527,coquimbo,4,elqui,41,paiguano,4105,58,51,33,18,0,0,0,51,33,18
3528,coquimbo,4,elqui,41,paiguano,4105,59,66,35,31,0,0,0,66,35,31
3529,coquimbo,4,elqui,41,paiguano,4105,60,42,28,14,0,0,0,42,28,14
3530,coquimbo,4,elqui,41,paiguano,4105,61,53,31,22,0,0,0,53,31,22
3531,coquimbo,4,elqui,41,paiguano,4105,62,51,27,24,0,0,0,51,27,24
3532,coquimbo,4,elqui,41,paiguano,4105,63,46,26,20,0,0,0,46,26,20
3533,coquimbo,4,elqui,41,paiguano,4105,64,46,22,24,0,0,0,46,22,24
3534,coquimbo,4,elqui,41,paiguano,4105,65,47,28,19,0,0,0,47,28,19
3535,coquimbo,4,elqui,41,paiguano,4105,66,43,26,17,0,0,0,43,26,17
3536,coquimbo,4,elqui,41,paiguano,4105,67,39,17,22,0,0,0,39,17,22
3537,coquimbo,4,elqui,41,paiguano,4105,68,25,15,10,0,0,0,25,15,10
3538,coquimbo,4,elqui,41,paiguano,4105,69,39,15,24,0,0,0,39,15,24
3539,coquimbo,4,elqui,41,paiguano,4105,70,28,16,12,0,0,0,28,16,12
3540,coquimbo,4,elqui,41,paiguano,4105,71,35,16,19,0,0,0,35,16,19
3541,coquimbo,4,elqui,41,paiguano,4105,72,41,18,23,0,0,0,41,18,23
3542,coquimbo,4,elqui,41,paiguano,4105,73,30,12,18,0,0,0,30,12,18
3543,coquimbo,4,elqui,41,paiguano,4105,74,28,13,15,0,0,0,28,13,15
3544,coquimbo,4,elqui,41,paiguano,4105,75,30,16,14,0,0,0,30,16,14
3545,coquimbo,4,elqui,41,paiguano,4105,76,29,14,15,0,0,0,29,14,15
3546,coquimbo,4,elqui,41,paiguano,4105,77,21,13,8,0,0,0,21,13,8
3547,coquimbo,4,elqui,41,paiguano,4105,78,22,13,9,0,0,0,22,13,9
3548,coquimbo,4,elqui,41,paiguano,4105,79,29,15,14,0,0,0,29,15,14
3549,coquimbo,4,elqui,41,paiguano,4105,80,12,5,7,0,0,0,12,5,7
3550,coquimbo,4,elqui,41,paiguano,4105,81,21,9,12,0,0,0,21,9,12
3551,coquimbo,4,elqui,41,paiguano,4105,82,18,6,12,0,0,0,18,6,12
3552,coquimbo,4,elqui,41,paiguano,4105,83,14,5,9,0,0,0,14,5,9
3553,coquimbo,4,elqui,41,paiguano,4105,84,9,5,4,0,0,0,9,5,4
3554,coquimbo,4,elqui,41,paiguano,4105,85,19,9,10,0,0,0,19,9,10
3555,coquimbo,4,elqui,41,paiguano,4105,86,14,7,7,0,0,0,14,7,7
3556,coquimbo,4,elqui,41,paiguano,4105,87,18,9,9,0,0,0,18,9,9
3557,coquimbo,4,elqui,41,paiguano,4105,88,7,4,3,0,0,0,7,4,3
3558,coquimbo,4,elqui,41,paiguano,4105,89,11,4,7,0,0,0,11,4,7
3559,coquimbo,4,elqui,41,paiguano,4105,90,4,1,3,0,0,0,4,1,3
3560,coquimbo,4,elqui,41,paiguano,4105,91,9,5,4,0,0,0,9,5,4
3561,coquimbo,4,elqui,41,paiguano,4105,92,4,1,3,0,0,0,4,1,3
3562,coquimbo,4,elqui,41,paiguano,4105,93,4,2,2,0,0,0,4,2,2
3563,coquimbo,4,elqui,41,paiguano,4105,94,4,0,4,0,0,0,4,0,4
3564,coquimbo,4,elqui,41,paiguano,4105,95,0,0,0,0,0,0,0,0,0
3565,coquimbo,4,elqui,41,paiguano,4105,96,0,0,0,0,0,0,0,0,0
3566,coquimbo,4,elqui,41,paiguano,4105,97,0,0,0,0,0,0,0,0,0
3567,coquimbo,4,elqui,41,paiguano,4105,98,0,0,0,0,0,0,0,0,0
3568,coquimbo,4,elqui,41,paiguano,4105,99,1,1,0,0,0,0,1,1,0
3569,coquimbo,4,elqui,41,paiguano,4105,100 o más,0,0,0,0,0,0,0,0,0
3570,coquimbo,4,elqui,41,vicuña,4106,total comuna,27771,13792,13979,16993,8184,8809,10778,5608,5170
3571,coquimbo,4,elqui,41,vicuña,4106,0,320,164,156,223,117,106,97,47,50
3572,coquimbo,4,elqui,41,vicuña,4106,1,352,161,191,236,107,129,116,54,62
3573,coquimbo,4,elqui,41,vicuña,4106,2,427,228,199,276,143,133,151,85,66
3574,coquimbo,4,elqui,41,vicuña,4106,3,400,207,193,252,129,123,148,78,70
3575,coquimbo,4,elqui,41,vicuña,4106,4,416,218,198,260,138,122,156,80,76
3576,coquimbo,4,elqui,41,vicuña,4106,5,456,240,216,298,148,150,158,92,66
3577,coquimbo,4,elqui,41,vicuña,4106,6,465,239,226,311,163,148,154,76,78
3578,coquimbo,4,elqui,41,vicuña,4106,7,438,240,198,287,161,126,151,79,72
3579,coquimbo,4,elqui,41,vicuña,4106,8,441,210,231,277,131,146,164,79,85
3580,coquimbo,4,elqui,41,vicuña,4106,9,398,193,205,274,139,135,124,54,70
3581,coquimbo,4,elqui,41,vicuña,4106,10,381,197,184,245,122,123,136,75,61
3582,coquimbo,4,elqui,41,vicuña,4106,11,405,209,196,265,137,128,140,72,68
3583,coquimbo,4,elqui,41,vicuña,4106,12,385,181,204,261,119,142,124,62,62
3584,coquimbo,4,elqui,41,vicuña,4106,13,393,193,200,255,121,134,138,72,66
3585,coquimbo,4,elqui,41,vicuña,4106,14,389,199,190,254,134,120,135,65,70
3586,coquimbo,4,elqui,41,vicuña,4106,15,398,203,195,259,134,125,139,69,70
3587,coquimbo,4,elqui,41,vicuña,4106,16,440,224,216,289,149,140,151,75,76
3588,coquimbo,4,elqui,41,vicuña,4106,17,394,198,196,257,136,121,137,62,75
3589,coquimbo,4,elqui,41,vicuña,4106,18,353,188,165,230,124,106,123,64,59
3590,coquimbo,4,elqui,41,vicuña,4106,19,365,177,188,240,116,124,125,61,64
3591,coquimbo,4,elqui,41,vicuña,4106,20,365,203,162,235,131,104,130,72,58
3592,coquimbo,4,elqui,41,vicuña,4106,21,356,185,171,211,115,96,145,70,75
3593,coquimbo,4,elqui,41,vicuña,4106,22,380,192,188,220,115,105,160,77,83
3594,coquimbo,4,elqui,41,vicuña,4106,23,382,185,197,241,110,131,141,75,66
3595,coquimbo,4,elqui,41,vicuña,4106,24,422,204,218,260,127,133,162,77,85
3596,coquimbo,4,elqui,41,vicuña,4106,25,415,200,215,261,129,132,154,71,83
3597,coquimbo,4,elqui,41,vicuña,4106,26,422,210,212,256,114,142,166,96,70
3598,coquimbo,4,elqui,41,vicuña,4106,27,440,226,214,288,147,141,152,79,73
3599,coquimbo,4,elqui,41,vicuña,4106,28,393,186,207,235,108,127,158,78,80
3600,coquimbo,4,elqui,41,vicuña,4106,29,419,210,209,268,124,144,151,86,65
3601,coquimbo,4,elqui,41,vicuña,4106,30,371,180,191,224,99,125,147,81,66
3602,coquimbo,4,elqui,41,vicuña,4106,31,394,188,206,253,112,141,141,76,65
3603,coquimbo,4,elqui,41,vicuña,4106,32,373,201,172,233,116,117,140,85,55
3604,coquimbo,4,elqui,41,vicuña,4106,33,373,184,189,249,123,126,124,61,63
3605,coquimbo,4,elqui,41,vicuña,4106,34,366,172,194,235,109,126,131,63,68
3606,coquimbo,4,elqui,41,vicuña,4106,35,360,172,188,228,100,128,132,72,60
3607,coquimbo,4,elqui,41,vicuña,4106,36,342,158,184,210,88,122,132,70,62
3608,coquimbo,4,elqui,41,vicuña,4106,37,348,165,183,192,77,115,156,88,68
3609,coquimbo,4,elqui,41,vicuña,4106,38,334,170,164,219,105,114,115,65,50
3610,coquimbo,4,elqui,41,vicuña,4106,39,346,152,194,196,75,121,150,77,73
3611,coquimbo,4,elqui,41,vicuña,4106,40,363,181,182,226,104,122,137,77,60
3612,coquimbo,4,elqui,41,vicuña,4106,41,373,178,195,226,105,121,147,73,74
3613,coquimbo,4,elqui,41,vicuña,4106,42,403,197,206,236,116,120,167,81,86
3614,coquimbo,4,elqui,41,vicuña,4106,43,369,182,187,213,107,106,156,75,81
3615,coquimbo,4,elqui,41,vicuña,4106,44,360,186,174,218,107,111,142,79,63
3616,coquimbo,4,elqui,41,vicuña,4106,45,382,186,196,231,99,132,151,87,64
3617,coquimbo,4,elqui,41,vicuña,4106,46,360,180,180,226,104,122,134,76,58
3618,coquimbo,4,elqui,41,vicuña,4106,47,359,177,182,193,94,99,166,83,83
3619,coquimbo,4,elqui,41,vicuña,4106,48,377,194,183,215,109,106,162,85,77
3620,coquimbo,4,elqui,41,vicuña,4106,49,428,210,218,245,120,125,183,90,93
3621,coquimbo,4,elqui,41,vicuña,4106,50,428,200,228,244,108,136,184,92,92
3622,coquimbo,4,elqui,41,vicuña,4106,51,373,201,172,213,108,105,160,93,67
3623,coquimbo,4,elqui,41,vicuña,4106,52,383,184,199,212,95,117,171,89,82
3624,coquimbo,4,elqui,41,vicuña,4106,53,375,191,184,208,99,109,167,92,75
3625,coquimbo,4,elqui,41,vicuña,4106,54,356,184,172,210,101,109,146,83,63
3626,coquimbo,4,elqui,41,vicuña,4106,55,359,181,178,203,99,104,156,82,74
3627,coquimbo,4,elqui,41,vicuña,4106,56,340,175,165,190,95,95,150,80,70
3628,coquimbo,4,elqui,41,vicuña,4106,57,336,151,185,197,84,113,139,67,72
3629,coquimbo,4,elqui,41,vicuña,4106,58,316,164,152,180,86,94,136,78,58
3630,coquimbo,4,elqui,41,vicuña,4106,59,301,154,147,171,82,89,130,72,58
3631,coquimbo,4,elqui,41,vicuña,4106,60,295,157,138,181,91,90,114,66,48
3632,coquimbo,4,elqui,41,vicuña,4106,61,315,174,141,186,99,87,129,75,54
3633,coquimbo,4,elqui,41,vicuña,4106,62,260,137,123,154,82,72,106,55,51
3634,coquimbo,4,elqui,41,vicuña,4106,63,275,137,138,163,77,86,112,60,52
3635,coquimbo,4,elqui,41,vicuña,4106,64,236,116,120,148,70,78,88,46,42
3636,coquimbo,4,elqui,41,vicuña,4106,65,223,111,112,130,58,72,93,53,40
3637,coquimbo,4,elqui,41,vicuña,4106,66,206,94,112,115,44,71,91,50,41
3638,coquimbo,4,elqui,41,vicuña,4106,67,199,88,111,113,48,65,86,40,46
3639,coquimbo,4,elqui,41,vicuña,4106,68,193,94,99,113,49,64,80,45,35
3640,coquimbo,4,elqui,41,vicuña,4106,69,210,106,104,114,56,58,96,50,46
3641,coquimbo,4,elqui,41,vicuña,4106,70,170,98,72,89,46,43,81,52,29
3642,coquimbo,4,elqui,41,vicuña,4106,71,205,95,110,103,46,57,102,49,53
3643,coquimbo,4,elqui,41,vicuña,4106,72,145,71,74,85,40,45,60,31,29
3644,coquimbo,4,elqui,41,vicuña,4106,73,184,81,103,106,46,60,78,35,43
3645,coquimbo,4,elqui,41,vicuña,4106,74,162,78,84,90,41,49,72,37,35
3646,coquimbo,4,elqui,41,vicuña,4106,75,165,67,98,94,36,58,71,31,40
3647,coquimbo,4,elqui,41,vicuña,4106,76,128,52,76,83,34,49,45,18,27
3648,coquimbo,4,elqui,41,vicuña,4106,77,126,58,68,74,33,41,52,25,27
3649,coquimbo,4,elqui,41,vicuña,4106,78,137,72,65,72,36,36,65,36,29
3650,coquimbo,4,elqui,41,vicuña,4106,79,121,48,73,71,25,46,50,23,27
3651,coquimbo,4,elqui,41,vicuña,4106,80,113,58,55,61,30,31,52,28,24
3652,coquimbo,4,elqui,41,vicuña,4106,81,95,50,45,52,27,25,43,23,20
3653,coquimbo,4,elqui,41,vicuña,4106,82,71,33,38,38,19,19,33,14,19
3654,coquimbo,4,elqui,41,vicuña,4106,83,78,28,50,45,16,29,33,12,21
3655,coquimbo,4,elqui,41,vicuña,4106,84,102,53,49,61,25,36,41,28,13
3656,coquimbo,4,elqui,41,vicuña,4106,85,74,37,37,43,25,18,31,12,19
3657,coquimbo,4,elqui,41,vicuña,4106,86,62,30,32,28,15,13,34,15,19
3658,coquimbo,4,elqui,41,vicuña,4106,87,39,16,23,23,9,14,16,7,9
3659,coquimbo,4,elqui,41,vicuña,4106,88,46,24,22,27,14,13,19,10,9
3660,coquimbo,4,elqui,41,vicuña,4106,89,40,13,27,23,7,16,17,6,11
3661,coquimbo,4,elqui,41,vicuña,4106,90,30,8,22,19,5,14,11,3,8
3662,coquimbo,4,elqui,41,vicuña,4106,91,21,7,14,10,2,8,11,5,6
3663,coquimbo,4,elqui,41,vicuña,4106,92,19,9,10,12,4,8,7,5,2
3664,coquimbo,4,elqui,41,vicuña,4106,93,23,10,13,17,6,11,6,4,2
3665,coquimbo,4,elqui,41,vicuña,4106,94,13,2,11,11,2,9,2,0,2
3666,coquimbo,4,elqui,41,vicuña,4106,95,7,5,2,4,4,0,3,1,2
3667,coquimbo,4,elqui,41,vicuña,4106,96,5,1,4,3,0,3,2,1,1
3668,coquimbo,4,elqui,41,vicuña,4106,97,9,2,7,5,0,5,4,2,2
3669,coquimbo,4,elqui,41,vicuña,4106,98,2,1,1,0,0,0,2,1,1
3670,coquimbo,4,elqui,41,vicuña,4106,99,3,0,3,2,0,2,1,0,1
3671,coquimbo,4,elqui,41,vicuña,4106,100 o más,6,3,3,5,3,2,1,0,1
3672,coquimbo,4,choapa,42,illapel,4201,total comuna,30848,14739,16109,21052,9761,11291,9796,4978,4818
3673,coquimbo,4,choapa,42,illapel,4201,0,361,178,183,244,122,122,117,56,61
3674,coquimbo,4,choapa,42,illapel,4201,1,444,234,210,320,176,144,124,58,66
3675,coquimbo,4,choapa,42,illapel,4201,2,472,234,238,321,156,165,151,78,73
3676,coquimbo,4,choapa,42,illapel,4201,3,444,214,230,313,154,159,131,60,71
3677,coquimbo,4,choapa,42,illapel,4201,4,424,223,201,297,158,139,127,65,62
3678,coquimbo,4,choapa,42,illapel,4201,5,499,245,254,354,178,176,145,67,78
3679,coquimbo,4,choapa,42,illapel,4201,6,470,242,228,325,152,173,145,90,55
3680,coquimbo,4,choapa,42,illapel,4201,7,461,215,246,326,148,178,135,67,68
3681,coquimbo,4,choapa,42,illapel,4201,8,453,216,237,314,146,168,139,70,69
3682,coquimbo,4,choapa,42,illapel,4201,9,457,237,220,303,151,152,154,86,68
3683,coquimbo,4,choapa,42,illapel,4201,10,438,226,212,304,155,149,134,71,63
3684,coquimbo,4,choapa,42,illapel,4201,11,468,217,251,327,156,171,141,61,80
3685,coquimbo,4,choapa,42,illapel,4201,12,419,213,206,288,145,143,131,68,63
3686,coquimbo,4,choapa,42,illapel,4201,13,439,226,213,308,155,153,131,71,60
3687,coquimbo,4,choapa,42,illapel,4201,14,512,253,259,387,187,200,125,66,59
3688,coquimbo,4,choapa,42,illapel,4201,15,528,282,246,377,205,172,151,77,74
3689,coquimbo,4,choapa,42,illapel,4201,16,557,290,267,425,207,218,132,83,49
3690,coquimbo,4,choapa,42,illapel,4201,17,465,219,246,355,165,190,110,54,56
3691,coquimbo,4,choapa,42,illapel,4201,18,326,169,157,230,120,110,96,49,47
3692,coquimbo,4,choapa,42,illapel,4201,19,250,133,117,182,94,88,68,39,29
3693,coquimbo,4,choapa,42,illapel,4201,20,282,147,135,206,108,98,76,39,37
3694,coquimbo,4,choapa,42,illapel,4201,21,302,165,137,211,115,96,91,50,41
3695,coquimbo,4,choapa,42,illapel,4201,22,373,185,188,275,135,140,98,50,48
3696,coquimbo,4,choapa,42,illapel,4201,23,351,176,175,246,127,119,105,49,56
3697,coquimbo,4,choapa,42,illapel,4201,24,390,203,187,280,142,138,110,61,49
3698,coquimbo,4,choapa,42,illapel,4201,25,410,185,225,301,133,168,109,52,57
3699,coquimbo,4,choapa,42,illapel,4201,26,435,194,241,316,145,171,119,49,70
3700,coquimbo,4,choapa,42,illapel,4201,27,402,172,230,294,124,170,108,48,60
3701,coquimbo,4,choapa,42,illapel,4201,28,456,216,240,325,155,170,131,61,70
3702,coquimbo,4,choapa,42,illapel,4201,29,437,198,239,310,145,165,127,53,74
3703,coquimbo,4,choapa,42,illapel,4201,30,417,203,214,314,148,166,103,55,48
3704,coquimbo,4,choapa,42,illapel,4201,31,434,196,238,316,145,171,118,51,67
3705,coquimbo,4,choapa,42,illapel,4201,32,445,204,241,304,140,164,141,64,77
3706,coquimbo,4,choapa,42,illapel,4201,33,401,181,220,282,125,157,119,56,63
3707,coquimbo,4,choapa,42,illapel,4201,34,415,194,221,280,130,150,135,64,71
3708,coquimbo,4,choapa,42,illapel,4201,35,429,195,234,298,128,170,131,67,64
3709,coquimbo,4,choapa,42,illapel,4201,36,409,166,243,285,115,170,124,51,73
3710,coquimbo,4,choapa,42,illapel,4201,37,364,183,181,252,126,126,112,57,55
3711,coquimbo,4,choapa,42,illapel,4201,38,369,166,203,245,115,130,124,51,73
3712,coquimbo,4,choapa,42,illapel,4201,39,363,170,193,252,110,142,111,60,51
3713,coquimbo,4,choapa,42,illapel,4201,40,379,181,198,269,118,151,110,63,47
3714,coquimbo,4,choapa,42,illapel,4201,41,332,144,188,229,96,133,103,48,55
3715,coquimbo,4,choapa,42,illapel,4201,42,397,184,213,274,122,152,123,62,61
3716,coquimbo,4,choapa,42,illapel,4201,43,429,193,236,291,120,171,138,73,65
3717,coquimbo,4,choapa,42,illapel,4201,44,348,182,166,220,112,108,128,70,58
3718,coquimbo,4,choapa,42,illapel,4201,45,412,200,212,262,120,142,150,80,70
3719,coquimbo,4,choapa,42,illapel,4201,46,383,169,214,265,111,154,118,58,60
3720,coquimbo,4,choapa,42,illapel,4201,47,454,228,226,310,152,158,144,76,68
3721,coquimbo,4,choapa,42,illapel,4201,48,418,207,211,265,128,137,153,79,74
3722,coquimbo,4,choapa,42,illapel,4201,49,443,211,232,295,123,172,148,88,60
3723,coquimbo,4,choapa,42,illapel,4201,50,430,200,230,269,117,152,161,83,78
3724,coquimbo,4,choapa,42,illapel,4201,51,446,188,258,299,120,179,147,68,79
3725,coquimbo,4,choapa,42,illapel,4201,52,403,200,203,261,124,137,142,76,66
3726,coquimbo,4,choapa,42,illapel,4201,53,411,216,195,268,133,135,143,83,60
3727,coquimbo,4,choapa,42,illapel,4201,54,415,188,227,267,121,146,148,67,81
3728,coquimbo,4,choapa,42,illapel,4201,55,446,232,214,290,145,145,156,87,69
3729,coquimbo,4,choapa,42,illapel,4201,56,429,204,225,294,129,165,135,75,60
3730,coquimbo,4,choapa,42,illapel,4201,57,373,190,183,245,117,128,128,73,55
3731,coquimbo,4,choapa,42,illapel,4201,58,357,170,187,237,108,129,120,62,58
3732,coquimbo,4,choapa,42,illapel,4201,59,425,219,206,262,125,137,163,94,69
3733,coquimbo,4,choapa,42,illapel,4201,60,374,177,197,244,117,127,130,60,70
3734,coquimbo,4,choapa,42,illapel,4201,61,325,154,171,213,93,120,112,61,51
3735,coquimbo,4,choapa,42,illapel,4201,62,309,140,169,197,82,115,112,58,54
3736,coquimbo,4,choapa,42,illapel,4201,63,334,162,172,216,100,116,118,62,56
3737,coquimbo,4,choapa,42,illapel,4201,64,295,128,167,187,75,112,108,53,55
3738,coquimbo,4,choapa,42,illapel,4201,65,302,134,168,196,93,103,106,41,65
3739,coquimbo,4,choapa,42,illapel,4201,66,301,141,160,192,85,107,109,56,53
3740,coquimbo,4,choapa,42,illapel,4201,67,308,138,170,187,73,114,121,65,56
3741,coquimbo,4,choapa,42,illapel,4201,68,270,127,143,177,77,100,93,50,43
3742,coquimbo,4,choapa,42,illapel,4201,69,236,120,116,152,71,81,84,49,35
3743,coquimbo,4,choapa,42,illapel,4201,70,231,112,119,148,68,80,83,44,39
3744,coquimbo,4,choapa,42,illapel,4201,71,221,107,114,132,53,79,89,54,35
3745,coquimbo,4,choapa,42,illapel,4201,72,223,114,109,139,62,77,84,52,32
3746,coquimbo,4,choapa,42,illapel,4201,73,215,95,120,127,50,77,88,45,43
3747,coquimbo,4,choapa,42,illapel,4201,74,194,95,99,126,56,70,68,39,29
3748,coquimbo,4,choapa,42,illapel,4201,75,191,84,107,107,42,65,84,42,42
3749,coquimbo,4,choapa,42,illapel,4201,76,174,69,105,107,40,67,67,29,38
3750,coquimbo,4,choapa,42,illapel,4201,77,172,71,101,114,46,68,58,25,33
3751,coquimbo,4,choapa,42,illapel,4201,78,135,64,71,79,36,43,56,28,28
3752,coquimbo,4,choapa,42,illapel,4201,79,112,49,63,67,27,40,45,22,23
3753,coquimbo,4,choapa,42,illapel,4201,80,115,53,62,65,24,41,50,29,21
3754,coquimbo,4,choapa,42,illapel,4201,81,120,47,73,83,26,57,37,21,16
3755,coquimbo,4,choapa,42,illapel,4201,82,107,44,63,67,25,42,40,19,21
3756,coquimbo,4,choapa,42,illapel,4201,83,95,39,56,70,28,42,25,11,14
3757,coquimbo,4,choapa,42,illapel,4201,84,100,57,43,62,32,30,38,25,13
3758,coquimbo,4,choapa,42,illapel,4201,85,80,25,55,55,17,38,25,8,17
3759,coquimbo,4,choapa,42,illapel,4201,86,63,18,45,45,15,30,18,3,15
3760,coquimbo,4,choapa,42,illapel,4201,87,74,25,49,48,13,35,26,12,14
3761,coquimbo,4,choapa,42,illapel,4201,88,61,24,37,43,16,27,18,8,10
3762,coquimbo,4,choapa,42,illapel,4201,89,46,12,34,37,10,27,9,2,7
3763,coquimbo,4,choapa,42,illapel,4201,90,30,10,20,25,9,16,5,1,4
3764,coquimbo,4,choapa,42,illapel,4201,91,18,2,16,9,1,8,9,1,8
3765,coquimbo,4,choapa,42,illapel,4201,92,33,9,24,17,3,14,16,6,10
3766,coquimbo,4,choapa,42,illapel,4201,93,21,8,13,13,6,7,8,2,6
3767,coquimbo,4,choapa,42,illapel,4201,94,15,2,13,9,1,8,6,1,5
3768,coquimbo,4,choapa,42,illapel,4201,95,17,4,13,12,2,10,5,2,3
3769,coquimbo,4,choapa,42,illapel,4201,96,11,3,8,9,3,6,2,0,2
3770,coquimbo,4,choapa,42,illapel,4201,97,6,1,5,4,0,4,2,1,1
3771,coquimbo,4,choapa,42,illapel,4201,98,3,1,2,1,1,0,2,0,2
3772,coquimbo,4,choapa,42,illapel,4201,99,3,1,2,2,0,2,1,1,0
3773,coquimbo,4,choapa,42,illapel,4201,100 o más,7,2,5,5,1,4,2,1,1
3774,coquimbo,4,choapa,42,canela,4202,total comuna,9093,4632,4461,1960,952,1008,7133,3680,3453
3775,coquimbo,4,choapa,42,canela,4202,0,84,47,37,29,14,15,55,33,22
3776,coquimbo,4,choapa,42,canela,4202,1,109,61,48,22,11,11,87,50,37
3777,coquimbo,4,choapa,42,canela,4202,2,109,55,54,20,11,9,89,44,45
3778,coquimbo,4,choapa,42,canela,4202,3,117,68,49,28,17,11,89,51,38
3779,coquimbo,4,choapa,42,canela,4202,4,108,54,54,24,14,10,84,40,44
3780,coquimbo,4,choapa,42,canela,4202,5,95,52,43,22,17,5,73,35,38
3781,coquimbo,4,choapa,42,canela,4202,6,131,63,68,30,12,18,101,51,50
3782,coquimbo,4,choapa,42,canela,4202,7,122,71,51,26,14,12,96,57,39
3783,coquimbo,4,choapa,42,canela,4202,8,112,72,40,31,17,14,81,55,26
3784,coquimbo,4,choapa,42,canela,4202,9,124,65,59,33,14,19,91,51,40
3785,coquimbo,4,choapa,42,canela,4202,10,106,58,48,21,12,9,85,46,39
3786,coquimbo,4,choapa,42,canela,4202,11,125,56,69,35,11,24,90,45,45
3787,coquimbo,4,choapa,42,canela,4202,12,101,59,42,25,16,9,76,43,33
3788,coquimbo,4,choapa,42,canela,4202,13,112,44,68,30,7,23,82,37,45
3789,coquimbo,4,choapa,42,canela,4202,14,105,58,47,22,13,9,83,45,38
3790,coquimbo,4,choapa,42,canela,4202,15,131,66,65,38,24,14,93,42,51
3791,coquimbo,4,choapa,42,canela,4202,16,94,46,48,20,9,11,74,37,37
3792,coquimbo,4,choapa,42,canela,4202,17,99,52,47,27,11,16,72,41,31
3793,coquimbo,4,choapa,42,canela,4202,18,69,42,27,10,6,4,59,36,23
3794,coquimbo,4,choapa,42,canela,4202,19,64,37,27,17,8,9,47,29,18
3795,coquimbo,4,choapa,42,canela,4202,20,85,41,44,22,10,12,63,31,32
3796,coquimbo,4,choapa,42,canela,4202,21,77,51,26,22,16,6,55,35,20
3797,coquimbo,4,choapa,42,canela,4202,22,109,57,52,20,6,14,89,51,38
3798,coquimbo,4,choapa,42,canela,4202,23,91,49,42,22,13,9,69,36,33
3799,coquimbo,4,choapa,42,canela,4202,24,111,62,49,28,14,14,83,48,35
3800,coquimbo,4,choapa,42,canela,4202,25,97,58,39,22,15,7,75,43,32
3801,coquimbo,4,choapa,42,canela,4202,26,120,68,52,31,20,11,89,48,41
3802,coquimbo,4,choapa,42,canela,4202,27,111,45,66,27,13,14,84,32,52
3803,coquimbo,4,choapa,42,canela,4202,28,113,52,61,27,10,17,86,42,44
3804,coquimbo,4,choapa,42,canela,4202,29,114,57,57,28,13,15,86,44,42
3805,coquimbo,4,choapa,42,canela,4202,30,98,48,50,27,7,20,71,41,30
3806,coquimbo,4,choapa,42,canela,4202,31,108,56,52,36,15,21,72,41,31
3807,coquimbo,4,choapa,42,canela,4202,32,86,41,45,15,6,9,71,35,36
3808,coquimbo,4,choapa,42,canela,4202,33,91,38,53,23,7,16,68,31,37
3809,coquimbo,4,choapa,42,canela,4202,34,100,52,48,23,9,14,77,43,34
3810,coquimbo,4,choapa,42,canela,4202,35,111,49,62,21,8,13,90,41,49
3811,coquimbo,4,choapa,42,canela,4202,36,102,49,53,16,7,9,86,42,44
3812,coquimbo,4,choapa,42,canela,4202,37,113,55,58,25,12,13,88,43,45
3813,coquimbo,4,choapa,42,canela,4202,38,104,46,58,20,9,11,84,37,47
3814,coquimbo,4,choapa,42,canela,4202,39,98,49,49,31,16,15,67,33,34
3815,coquimbo,4,choapa,42,canela,4202,40,117,62,55,23,15,8,94,47,47
3816,coquimbo,4,choapa,42,canela,4202,41,106,52,54,32,14,18,74,38,36
3817,coquimbo,4,choapa,42,canela,4202,42,122,56,66,26,12,14,96,44,52
3818,coquimbo,4,choapa,42,canela,4202,43,116,55,61,29,11,18,87,44,43
3819,coquimbo,4,choapa,42,canela,4202,44,111,59,52,24,14,10,87,45,42
3820,coquimbo,4,choapa,42,canela,4202,45,123,50,73,28,10,18,95,40,55
3821,coquimbo,4,choapa,42,canela,4202,46,104,53,51,29,19,10,75,34,41
3822,coquimbo,4,choapa,42,canela,4202,47,109,59,50,24,13,11,85,46,39
3823,coquimbo,4,choapa,42,canela,4202,48,126,68,58,29,18,11,97,50,47
3824,coquimbo,4,choapa,42,canela,4202,49,134,80,54,26,13,13,108,67,41
3825,coquimbo,4,choapa,42,canela,4202,50,158,73,85,42,17,25,116,56,60
3826,coquimbo,4,choapa,42,canela,4202,51,110,61,49,18,8,10,92,53,39
3827,coquimbo,4,choapa,42,canela,4202,52,174,89,85,38,19,19,136,70,66
3828,coquimbo,4,choapa,42,canela,4202,53,123,68,55,26,15,11,97,53,44
3829,coquimbo,4,choapa,42,canela,4202,54,148,68,80,34,16,18,114,52,62
3830,coquimbo,4,choapa,42,canela,4202,55,132,53,79,22,11,11,110,42,68
3831,coquimbo,4,choapa,42,canela,4202,56,134,64,70,27,16,11,107,48,59
3832,coquimbo,4,choapa,42,canela,4202,57,117,70,47,23,10,13,94,60,34
3833,coquimbo,4,choapa,42,canela,4202,58,154,75,79,30,14,16,124,61,63
3834,coquimbo,4,choapa,42,canela,4202,59,126,66,60,23,12,11,103,54,49
3835,coquimbo,4,choapa,42,canela,4202,60,127,60,67,27,14,13,100,46,54
3836,coquimbo,4,choapa,42,canela,4202,61,117,58,59,31,16,15,86,42,44
3837,coquimbo,4,choapa,42,canela,4202,62,108,58,50,19,8,11,89,50,39
3838,coquimbo,4,choapa,42,canela,4202,63,110,63,47,18,5,13,92,58,34
3839,coquimbo,4,choapa,42,canela,4202,64,110,61,49,19,11,8,91,50,41
3840,coquimbo,4,choapa,42,canela,4202,65,108,50,58,11,2,9,97,48,49
3841,coquimbo,4,choapa,42,canela,4202,66,115,66,49,19,10,9,96,56,40
3842,coquimbo,4,choapa,42,canela,4202,67,116,62,54,19,10,9,97,52,45
3843,coquimbo,4,choapa,42,canela,4202,68,104,53,51,18,10,8,86,43,43
3844,coquimbo,4,choapa,42,canela,4202,69,71,40,31,17,9,8,54,31,23
3845,coquimbo,4,choapa,42,canela,4202,70,87,50,37,17,9,8,70,41,29
3846,coquimbo,4,choapa,42,canela,4202,71,73,33,40,14,7,7,59,26,33
3847,coquimbo,4,choapa,42,canela,4202,72,73,38,35,14,6,8,59,32,27
3848,coquimbo,4,choapa,42,canela,4202,73,78,35,43,9,3,6,69,32,37
3849,coquimbo,4,choapa,42,canela,4202,74,76,36,40,11,5,6,65,31,34
3850,coquimbo,4,choapa,42,canela,4202,75,79,32,47,18,6,12,61,26,35
3851,coquimbo,4,choapa,42,canela,4202,76,77,37,40,12,4,8,65,33,32
3852,coquimbo,4,choapa,42,canela,4202,77,81,43,38,12,6,6,69,37,32
3853,coquimbo,4,choapa,42,canela,4202,78,68,36,32,5,1,4,63,35,28
3854,coquimbo,4,choapa,42,canela,4202,79,69,27,42,19,7,12,50,20,30
3855,coquimbo,4,choapa,42,canela,4202,80,71,35,36,10,4,6,61,31,30
3856,coquimbo,4,choapa,42,canela,4202,81,43,20,23,5,2,3,38,18,20
3857,coquimbo,4,choapa,42,canela,4202,82,52,24,28,13,6,7,39,18,21
3858,coquimbo,4,choapa,42,canela,4202,83,62,31,31,5,3,2,57,28,29
3859,coquimbo,4,choapa,42,canela,4202,84,53,25,28,7,3,4,46,22,24
3860,coquimbo,4,choapa,42,canela,4202,85,48,22,26,7,4,3,41,18,23
3861,coquimbo,4,choapa,42,canela,4202,86,43,18,25,9,4,5,34,14,20
3862,coquimbo,4,choapa,42,canela,4202,87,37,21,16,2,1,1,35,20,15
3863,coquimbo,4,choapa,42,canela,4202,88,44,21,23,9,5,4,35,16,19
3864,coquimbo,4,choapa,42,canela,4202,89,20,8,12,2,2,0,18,6,12
3865,coquimbo,4,choapa,42,canela,4202,90,19,12,7,6,4,2,13,8,5
3866,coquimbo,4,choapa,42,canela,4202,91,8,1,7,0,0,0,8,1,7
3867,coquimbo,4,choapa,42,canela,4202,92,13,10,3,2,1,1,11,9,2
3868,coquimbo,4,choapa,42,canela,4202,93,7,6,1,1,1,0,6,5,1
3869,coquimbo,4,choapa,42,canela,4202,94,8,3,5,0,0,0,8,3,5
3870,coquimbo,4,choapa,42,canela,4202,95,9,5,4,1,1,0,8,4,4
3871,coquimbo,4,choapa,42,canela,4202,96,4,0,4,0,0,0,4,0,4
3872,coquimbo,4,choapa,42,canela,4202,97,0,0,0,0,0,0,0,0,0
3873,coquimbo,4,choapa,42,canela,4202,98,0,0,0,0,0,0,0,0,0
3874,coquimbo,4,choapa,42,canela,4202,99,0,0,0,0,0,0,0,0,0
3875,coquimbo,4,choapa,42,canela,4202,100 o más,5,2,3,3,1,2,2,1,1
3876,coquimbo,4,choapa,42,los vilos,4203,total comuna,21382,11061,10321,17094,8707,8387,4288,2354,1934
3877,coquimbo,4,choapa,42,los vilos,4203,0,270,147,123,224,122,102,46,25,21
3878,coquimbo,4,choapa,42,los vilos,4203,1,324,182,142,249,138,111,75,44,31
3879,coquimbo,4,choapa,42,los vilos,4203,2,293,149,144,241,119,122,52,30,22
3880,coquimbo,4,choapa,42,los vilos,4203,3,297,159,138,251,136,115,46,23,23
3881,coquimbo,4,choapa,42,los vilos,4203,4,312,171,141,261,147,114,51,24,27
3882,coquimbo,4,choapa,42,los vilos,4203,5,317,154,163,251,122,129,66,32,34
3883,coquimbo,4,choapa,42,los vilos,4203,6,324,168,156,270,142,128,54,26,28
3884,coquimbo,4,choapa,42,los vilos,4203,7,328,175,153,268,143,125,60,32,28
3885,coquimbo,4,choapa,42,los vilos,4203,8,335,168,167,274,139,135,61,29,32
3886,coquimbo,4,choapa,42,los vilos,4203,9,288,147,141,252,125,127,36,22,14
3887,coquimbo,4,choapa,42,los vilos,4203,10,316,167,149,265,140,125,51,27,24
3888,coquimbo,4,choapa,42,los vilos,4203,11,291,159,132,236,129,107,55,30,25
3889,coquimbo,4,choapa,42,los vilos,4203,12,266,155,111,214,123,91,52,32,20
3890,coquimbo,4,choapa,42,los vilos,4203,13,277,149,128,227,126,101,50,23,27
3891,coquimbo,4,choapa,42,los vilos,4203,14,241,120,121,206,100,106,35,20,15
3892,coquimbo,4,choapa,42,los vilos,4203,15,287,148,139,239,122,117,48,26,22
3893,coquimbo,4,choapa,42,los vilos,4203,16,292,161,131,240,133,107,52,28,24
3894,coquimbo,4,choapa,42,los vilos,4203,17,253,126,127,202,99,103,51,27,24
3895,coquimbo,4,choapa,42,los vilos,4203,18,187,101,86,154,83,71,33,18,15
3896,coquimbo,4,choapa,42,los vilos,4203,19,199,114,85,162,92,70,37,22,15
3897,coquimbo,4,choapa,42,los vilos,4203,20,237,130,107,204,111,93,33,19,14
3898,coquimbo,4,choapa,42,los vilos,4203,21,236,135,101,188,109,79,48,26,22
3899,coquimbo,4,choapa,42,los vilos,4203,22,278,149,129,225,124,101,53,25,28
3900,coquimbo,4,choapa,42,los vilos,4203,23,300,164,136,254,138,116,46,26,20
3901,coquimbo,4,choapa,42,los vilos,4203,24,349,185,164,280,151,129,69,34,35
3902,coquimbo,4,choapa,42,los vilos,4203,25,290,147,143,238,118,120,52,29,23
3903,coquimbo,4,choapa,42,los vilos,4203,26,304,158,146,252,130,122,52,28,24
3904,coquimbo,4,choapa,42,los vilos,4203,27,358,191,167,305,162,143,53,29,24
3905,coquimbo,4,choapa,42,los vilos,4203,28,368,189,179,308,161,147,60,28,32
3906,coquimbo,4,choapa,42,los vilos,4203,29,345,179,166,270,138,132,75,41,34
3907,coquimbo,4,choapa,42,los vilos,4203,30,345,190,155,288,153,135,57,37,20
3908,coquimbo,4,choapa,42,los vilos,4203,31,333,178,155,278,149,129,55,29,26
3909,coquimbo,4,choapa,42,los vilos,4203,32,301,159,142,250,122,128,51,37,14
3910,coquimbo,4,choapa,42,los vilos,4203,33,317,178,139,257,149,108,60,29,31
3911,coquimbo,4,choapa,42,los vilos,4203,34,330,173,157,269,138,131,61,35,26
3912,coquimbo,4,choapa,42,los vilos,4203,35,304,158,146,253,133,120,51,25,26
3913,coquimbo,4,choapa,42,los vilos,4203,36,276,139,137,210,106,104,66,33,33
3914,coquimbo,4,choapa,42,los vilos,4203,37,289,140,149,222,105,117,67,35,32
3915,coquimbo,4,choapa,42,los vilos,4203,38,253,117,136,198,88,110,55,29,26
3916,coquimbo,4,choapa,42,los vilos,4203,39,289,148,141,238,120,118,51,28,23
3917,coquimbo,4,choapa,42,los vilos,4203,40,267,135,132,214,105,109,53,30,23
3918,coquimbo,4,choapa,42,los vilos,4203,41,264,121,143,206,91,115,58,30,28
3919,coquimbo,4,choapa,42,los vilos,4203,42,302,147,155,244,120,124,58,27,31
3920,coquimbo,4,choapa,42,los vilos,4203,43,306,165,141,246,129,117,60,36,24
3921,coquimbo,4,choapa,42,los vilos,4203,44,269,139,130,218,110,108,51,29,22
3922,coquimbo,4,choapa,42,los vilos,4203,45,265,151,114,204,113,91,61,38,23
3923,coquimbo,4,choapa,42,los vilos,4203,46,270,145,125,216,113,103,54,32,22
3924,coquimbo,4,choapa,42,los vilos,4203,47,273,150,123,216,113,103,57,37,20
3925,coquimbo,4,choapa,42,los vilos,4203,48,268,129,139,206,96,110,62,33,29
3926,coquimbo,4,choapa,42,los vilos,4203,49,298,165,133,233,126,107,65,39,26
3927,coquimbo,4,choapa,42,los vilos,4203,50,291,152,139,227,113,114,64,39,25
3928,coquimbo,4,choapa,42,los vilos,4203,51,287,147,140,224,109,115,63,38,25
3929,coquimbo,4,choapa,42,los vilos,4203,52,314,171,143,235,127,108,79,44,35
3930,coquimbo,4,choapa,42,los vilos,4203,53,308,154,154,249,120,129,59,34,25
3931,coquimbo,4,choapa,42,los vilos,4203,54,309,167,142,234,120,114,75,47,28
3932,coquimbo,4,choapa,42,los vilos,4203,55,276,140,136,210,101,109,66,39,27
3933,coquimbo,4,choapa,42,los vilos,4203,56,299,156,143,223,110,113,76,46,30
3934,coquimbo,4,choapa,42,los vilos,4203,57,278,141,137,229,117,112,49,24,25
3935,coquimbo,4,choapa,42,los vilos,4203,58,278,134,144,217,99,118,61,35,26
3936,coquimbo,4,choapa,42,los vilos,4203,59,275,140,135,219,110,109,56,30,26
3937,coquimbo,4,choapa,42,los vilos,4203,60,218,115,103,173,86,87,45,29,16
3938,coquimbo,4,choapa,42,los vilos,4203,61,243,113,130,190,86,104,53,27,26
3939,coquimbo,4,choapa,42,los vilos,4203,62,226,110,116,172,82,90,54,28,26
3940,coquimbo,4,choapa,42,los vilos,4203,63,227,122,105,172,88,84,55,34,21
3941,coquimbo,4,choapa,42,los vilos,4203,64,187,103,84,136,73,63,51,30,21
3942,coquimbo,4,choapa,42,los vilos,4203,65,193,104,89,163,88,75,30,16,14
3943,coquimbo,4,choapa,42,los vilos,4203,66,185,89,96,143,63,80,42,26,16
3944,coquimbo,4,choapa,42,los vilos,4203,67,182,89,93,148,69,79,34,20,14
3945,coquimbo,4,choapa,42,los vilos,4203,68,153,77,76,117,55,62,36,22,14
3946,coquimbo,4,choapa,42,los vilos,4203,69,150,79,71,117,56,61,33,23,10
3947,coquimbo,4,choapa,42,los vilos,4203,70,157,77,80,120,56,64,37,21,16
3948,coquimbo,4,choapa,42,los vilos,4203,71,156,67,89,114,45,69,42,22,20
3949,coquimbo,4,choapa,42,los vilos,4203,72,140,67,73,110,55,55,30,12,18
3950,coquimbo,4,choapa,42,los vilos,4203,73,136,59,77,107,45,62,29,14,15
3951,coquimbo,4,choapa,42,los vilos,4203,74,117,59,58,81,42,39,36,17,19
3952,coquimbo,4,choapa,42,los vilos,4203,75,123,52,71,94,41,53,29,11,18
3953,coquimbo,4,choapa,42,los vilos,4203,76,123,56,67,87,38,49,36,18,18
3954,coquimbo,4,choapa,42,los vilos,4203,77,103,45,58,75,32,43,28,13,15
3955,coquimbo,4,choapa,42,los vilos,4203,78,106,57,49,83,39,44,23,18,5
3956,coquimbo,4,choapa,42,los vilos,4203,79,92,58,34,68,39,29,24,19,5
3957,coquimbo,4,choapa,42,los vilos,4203,80,121,58,63,90,44,46,31,14,17
3958,coquimbo,4,choapa,42,los vilos,4203,81,89,38,51,60,25,35,29,13,16
3959,coquimbo,4,choapa,42,los vilos,4203,82,77,37,40,56,27,29,21,10,11
3960,coquimbo,4,choapa,42,los vilos,4203,83,53,21,32,39,13,26,14,8,6
3961,coquimbo,4,choapa,42,los vilos,4203,84,48,20,28,27,10,17,21,10,11
3962,coquimbo,4,choapa,42,los vilos,4203,85,50,21,29,37,16,21,13,5,8
3963,coquimbo,4,choapa,42,los vilos,4203,86,40,21,19,32,16,16,8,5,3
3964,coquimbo,4,choapa,42,los vilos,4203,87,47,22,25,37,15,22,10,7,3
3965,coquimbo,4,choapa,42,los vilos,4203,88,27,7,20,18,4,14,9,3,6
3966,coquimbo,4,choapa,42,los vilos,4203,89,24,10,14,17,8,9,7,2,5
3967,coquimbo,4,choapa,42,los vilos,4203,90,14,6,8,11,6,5,3,0,3
3968,coquimbo,4,choapa,42,los vilos,4203,91,11,2,9,10,2,8,1,0,1
3969,coquimbo,4,choapa,42,los vilos,4203,92,18,6,12,13,4,9,5,2,3
3970,coquimbo,4,choapa,42,los vilos,4203,93,13,4,9,12,3,9,1,1,0
3971,coquimbo,4,choapa,42,los vilos,4203,94,9,3,6,4,1,3,5,2,3
3972,coquimbo,4,choapa,42,los vilos,4203,95,10,4,6,9,4,5,1,0,1
3973,coquimbo,4,choapa,42,los vilos,4203,96,6,3,3,3,2,1,3,1,2
3974,coquimbo,4,choapa,42,los vilos,4203,97,2,0,2,0,0,0,2,0,2
3975,coquimbo,4,choapa,42,los vilos,4203,98,3,1,2,2,1,1,1,0,1
3976,coquimbo,4,choapa,42,los vilos,4203,99,2,1,1,1,0,1,1,1,0
3977,coquimbo,4,choapa,42,los vilos,4203,100 o más,5,2,3,3,1,2,2,1,1
3978,coquimbo,4,choapa,42,salamanca,4204,total comuna,29347,15712,13635,16803,8598,8205,12544,7114,5430
3979,coquimbo,4,choapa,42,salamanca,4204,0,322,162,160,199,100,99,123,62,61
3980,coquimbo,4,choapa,42,salamanca,4204,1,378,194,184,227,116,111,151,78,73
3981,coquimbo,4,choapa,42,salamanca,4204,2,367,196,171,225,118,107,142,78,64
3982,coquimbo,4,choapa,42,salamanca,4204,3,375,199,176,239,124,115,136,75,61
3983,coquimbo,4,choapa,42,salamanca,4204,4,389,198,191,238,114,124,151,84,67
3984,coquimbo,4,choapa,42,salamanca,4204,5,423,224,199,266,150,116,157,74,83
3985,coquimbo,4,choapa,42,salamanca,4204,6,437,226,211,273,140,133,164,86,78
3986,coquimbo,4,choapa,42,salamanca,4204,7,391,183,208,252,119,133,139,64,75
3987,coquimbo,4,choapa,42,salamanca,4204,8,412,211,201,254,125,129,158,86,72
3988,coquimbo,4,choapa,42,salamanca,4204,9,380,194,186,247,132,115,133,62,71
3989,coquimbo,4,choapa,42,salamanca,4204,10,358,184,174,228,113,115,130,71,59
3990,coquimbo,4,choapa,42,salamanca,4204,11,371,189,182,205,100,105,166,89,77
3991,coquimbo,4,choapa,42,salamanca,4204,12,381,205,176,250,137,113,131,68,63
3992,coquimbo,4,choapa,42,salamanca,4204,13,415,217,198,274,134,140,141,83,58
3993,coquimbo,4,choapa,42,salamanca,4204,14,360,193,167,230,124,106,130,69,61
3994,coquimbo,4,choapa,42,salamanca,4204,15,400,206,194,249,132,117,151,74,77
3995,coquimbo,4,choapa,42,salamanca,4204,16,376,180,196,264,127,137,112,53,59
3996,coquimbo,4,choapa,42,salamanca,4204,17,405,220,185,269,134,135,136,86,50
3997,coquimbo,4,choapa,42,salamanca,4204,18,234,125,109,157,85,72,77,40,37
3998,coquimbo,4,choapa,42,salamanca,4204,19,211,124,87,126,71,55,85,53,32
3999,coquimbo,4,choapa,42,salamanca,4204,20,266,140,126,152,77,75,114,63,51
4000,coquimbo,4,choapa,42,salamanca,4204,21,296,157,139,167,88,79,129,69,60
4001,coquimbo,4,choapa,42,salamanca,4204,22,363,200,163,220,124,96,143,76,67
4002,coquimbo,4,choapa,42,salamanca,4204,23,356,198,158,215,123,92,141,75,66
4003,coquimbo,4,choapa,42,salamanca,4204,24,381,195,186,214,109,105,167,86,81
4004,coquimbo,4,choapa,42,salamanca,4204,25,430,215,215,242,122,120,188,93,95
4005,coquimbo,4,choapa,42,salamanca,4204,26,487,295,192,278,154,124,209,141,68
4006,coquimbo,4,choapa,42,salamanca,4204,27,466,246,220,286,151,135,180,95,85
4007,coquimbo,4,choapa,42,salamanca,4204,28,470,248,222,281,145,136,189,103,86
4008,coquimbo,4,choapa,42,salamanca,4204,29,462,254,208,268,138,130,194,116,78
4009,coquimbo,4,choapa,42,salamanca,4204,30,489,280,209,285,149,136,204,131,73
4010,coquimbo,4,choapa,42,salamanca,4204,31,482,265,217,283,153,130,199,112,87
4011,coquimbo,4,choapa,42,salamanca,4204,32,481,271,210,265,143,122,216,128,88
4012,coquimbo,4,choapa,42,salamanca,4204,33,455,242,213,239,121,118,216,121,95
4013,coquimbo,4,choapa,42,salamanca,4204,34,452,243,209,256,126,130,196,117,79
4014,coquimbo,4,choapa,42,salamanca,4204,35,464,268,196,251,133,118,213,135,78
4015,coquimbo,4,choapa,42,salamanca,4204,36,391,212,179,222,103,119,169,109,60
4016,coquimbo,4,choapa,42,salamanca,4204,37,454,261,193,265,136,129,189,125,64
4017,coquimbo,4,choapa,42,salamanca,4204,38,423,235,188,240,127,113,183,108,75
4018,coquimbo,4,choapa,42,salamanca,4204,39,419,246,173,220,119,101,199,127,72
4019,coquimbo,4,choapa,42,salamanca,4204,40,431,220,211,240,119,121,191,101,90
4020,coquimbo,4,choapa,42,salamanca,4204,41,455,259,196,262,133,129,193,126,67
4021,coquimbo,4,choapa,42,salamanca,4204,42,462,249,213,255,116,139,207,133,74
4022,coquimbo,4,choapa,42,salamanca,4204,43,452,273,179,263,159,104,189,114,75
4023,coquimbo,4,choapa,42,salamanca,4204,44,431,252,179,242,134,108,189,118,71
4024,coquimbo,4,choapa,42,salamanca,4204,45,442,242,200,244,120,124,198,122,76
4025,coquimbo,4,choapa,42,salamanca,4204,46,437,258,179,251,138,113,186,120,66
4026,coquimbo,4,choapa,42,salamanca,4204,47,446,253,193,251,127,124,195,126,69
4027,coquimbo,4,choapa,42,salamanca,4204,48,433,255,178,224,129,95,209,126,83
4028,coquimbo,4,choapa,42,salamanca,4204,49,444,248,196,248,138,110,196,110,86
4029,coquimbo,4,choapa,42,salamanca,4204,50,441,243,198,234,124,110,207,119,88
4030,coquimbo,4,choapa,42,salamanca,4204,51,444,245,199,233,117,116,211,128,83
4031,coquimbo,4,choapa,42,salamanca,4204,52,409,243,166,207,122,85,202,121,81
4032,coquimbo,4,choapa,42,salamanca,4204,53,397,208,189,224,109,115,173,99,74
4033,coquimbo,4,choapa,42,salamanca,4204,54,387,221,166,202,105,97,185,116,69
4034,coquimbo,4,choapa,42,salamanca,4204,55,398,206,192,210,102,108,188,104,84
4035,coquimbo,4,choapa,42,salamanca,4204,56,402,233,169,213,120,93,189,113,76
4036,coquimbo,4,choapa,42,salamanca,4204,57,335,186,149,173,90,83,162,96,66
4037,coquimbo,4,choapa,42,salamanca,4204,58,326,179,147,191,97,94,135,82,53
4038,coquimbo,4,choapa,42,salamanca,4204,59,336,196,140,173,87,86,163,109,54
4039,coquimbo,4,choapa,42,salamanca,4204,60,339,193,146,170,97,73,169,96,73
4040,coquimbo,4,choapa,42,salamanca,4204,61,319,158,161,163,83,80,156,75,81
4041,coquimbo,4,choapa,42,salamanca,4204,62,299,167,132,154,74,80,145,93,52
4042,coquimbo,4,choapa,42,salamanca,4204,63,265,131,134,139,68,71,126,63,63
4043,coquimbo,4,choapa,42,salamanca,4204,64,264,139,125,142,67,75,122,72,50
4044,coquimbo,4,choapa,42,salamanca,4204,65,287,148,139,148,69,79,139,79,60
4045,coquimbo,4,choapa,42,salamanca,4204,66,227,119,108,120,58,62,107,61,46
4046,coquimbo,4,choapa,42,salamanca,4204,67,254,132,122,146,73,73,108,59,49
4047,coquimbo,4,choapa,42,salamanca,4204,68,210,105,105,110,51,59,100,54,46
4048,coquimbo,4,choapa,42,salamanca,4204,69,200,100,100,117,64,53,83,36,47
4049,coquimbo,4,choapa,42,salamanca,4204,70,185,90,95,98,43,55,87,47,40
4050,coquimbo,4,choapa,42,salamanca,4204,71,197,98,99,106,52,54,91,46,45
4051,coquimbo,4,choapa,42,salamanca,4204,72,220,105,115,123,53,70,97,52,45
4052,coquimbo,4,choapa,42,salamanca,4204,73,182,98,84,98,50,48,84,48,36
4053,coquimbo,4,choapa,42,salamanca,4204,74,169,76,93,102,44,58,67,32,35
4054,coquimbo,4,choapa,42,salamanca,4204,75,166,73,93,75,32,43,91,41,50
4055,coquimbo,4,choapa,42,salamanca,4204,76,151,80,71,87,43,44,64,37,27
4056,coquimbo,4,choapa,42,salamanca,4204,77,119,47,72,58,17,41,61,30,31
4057,coquimbo,4,choapa,42,salamanca,4204,78,116,47,69,54,19,35,62,28,34
4058,coquimbo,4,choapa,42,salamanca,4204,79,113,54,59,65,28,37,48,26,22
4059,coquimbo,4,choapa,42,salamanca,4204,80,110,50,60,64,28,36,46,22,24
4060,coquimbo,4,choapa,42,salamanca,4204,81,102,43,59,50,23,27,52,20,32
4061,coquimbo,4,choapa,42,salamanca,4204,82,101,51,50,54,26,28,47,25,22
4062,coquimbo,4,choapa,42,salamanca,4204,83,78,34,44,43,12,31,35,22,13
4063,coquimbo,4,choapa,42,salamanca,4204,84,68,33,35,36,17,19,32,16,16
4064,coquimbo,4,choapa,42,salamanca,4204,85,60,24,36,33,13,20,27,11,16
4065,coquimbo,4,choapa,42,salamanca,4204,86,76,35,41,32,13,19,44,22,22
4066,coquimbo,4,choapa,42,salamanca,4204,87,63,24,39,36,16,20,27,8,19
4067,coquimbo,4,choapa,42,salamanca,4204,88,46,20,26,20,7,13,26,13,13
4068,coquimbo,4,choapa,42,salamanca,4204,89,38,9,29,19,2,17,19,7,12
4069,coquimbo,4,choapa,42,salamanca,4204,90,26,8,18,15,5,10,11,3,8
4070,coquimbo,4,choapa,42,salamanca,4204,91,24,11,13,17,8,9,7,3,4
4071,coquimbo,4,choapa,42,salamanca,4204,92,17,7,10,7,3,4,10,4,6
4072,coquimbo,4,choapa,42,salamanca,4204,93,19,8,11,9,5,4,10,3,7
4073,coquimbo,4,choapa,42,salamanca,4204,94,17,11,6,13,8,5,4,3,1
4074,coquimbo,4,choapa,42,salamanca,4204,95,9,3,6,6,2,4,3,1,2
4075,coquimbo,4,choapa,42,salamanca,4204,96,7,2,5,2,0,2,5,2,3
4076,coquimbo,4,choapa,42,salamanca,4204,97,4,3,1,1,0,1,3,3,0
4077,coquimbo,4,choapa,42,salamanca,4204,98,5,1,4,5,1,4,0,0,0
4078,coquimbo,4,choapa,42,salamanca,4204,99,5,1,4,2,0,2,3,1,2
4079,coquimbo,4,choapa,42,salamanca,4204,100 o más,10,4,6,3,2,1,7,2,5
4080,coquimbo,4,limarí,43,ovalle,4301,total comuna,111272,53619,57653,87539,41236,46303,23733,12383,11350
4081,coquimbo,4,limarí,43,ovalle,4301,0,1493,773,720,1232,641,591,261,132,129
4082,coquimbo,4,limarí,43,ovalle,4301,1,1648,851,797,1318,678,640,330,173,157
4083,coquimbo,4,limarí,43,ovalle,4301,2,1739,893,846,1429,738,691,310,155,155
4084,coquimbo,4,limarí,43,ovalle,4301,3,1735,901,834,1416,724,692,319,177,142
4085,coquimbo,4,limarí,43,ovalle,4301,4,1801,896,905,1426,706,720,375,190,185
4086,coquimbo,4,limarí,43,ovalle,4301,5,1667,825,842,1338,646,692,329,179,150
4087,coquimbo,4,limarí,43,ovalle,4301,6,1797,952,845,1448,772,676,349,180,169
4088,coquimbo,4,limarí,43,ovalle,4301,7,1782,894,888,1422,721,701,360,173,187
4089,coquimbo,4,limarí,43,ovalle,4301,8,1710,858,852,1360,685,675,350,173,177
4090,coquimbo,4,limarí,43,ovalle,4301,9,1628,807,821,1306,647,659,322,160,162
4091,coquimbo,4,limarí,43,ovalle,4301,10,1582,823,759,1224,623,601,358,200,158
4092,coquimbo,4,limarí,43,ovalle,4301,11,1633,825,808,1303,652,651,330,173,157
4093,coquimbo,4,limarí,43,ovalle,4301,12,1559,800,759,1237,636,601,322,164,158
4094,coquimbo,4,limarí,43,ovalle,4301,13,1530,773,757,1217,590,627,313,183,130
4095,coquimbo,4,limarí,43,ovalle,4301,14,1582,822,760,1293,665,628,289,157,132
4096,coquimbo,4,limarí,43,ovalle,4301,15,1638,798,840,1325,625,700,313,173,140
4097,coquimbo,4,limarí,43,ovalle,4301,16,1803,930,873,1477,764,713,326,166,160
4098,coquimbo,4,limarí,43,ovalle,4301,17,1739,809,930,1418,633,785,321,176,145
4099,coquimbo,4,limarí,43,ovalle,4301,18,1345,705,640,1086,567,519,259,138,121
4100,coquimbo,4,limarí,43,ovalle,4301,19,1388,717,671,1147,585,562,241,132,109
4101,coquimbo,4,limarí,43,ovalle,4301,20,1454,753,701,1188,619,569,266,134,132
4102,coquimbo,4,limarí,43,ovalle,4301,21,1413,709,704,1125,546,579,288,163,125
4103,coquimbo,4,limarí,43,ovalle,4301,22,1594,780,814,1272,633,639,322,147,175
4104,coquimbo,4,limarí,43,ovalle,4301,23,1684,808,876,1369,639,730,315,169,146
4105,coquimbo,4,limarí,43,ovalle,4301,24,1723,855,868,1362,670,692,361,185,176
4106,coquimbo,4,limarí,43,ovalle,4301,25,1676,826,850,1352,662,690,324,164,160
4107,coquimbo,4,limarí,43,ovalle,4301,26,1728,816,912,1391,654,737,337,162,175
4108,coquimbo,4,limarí,43,ovalle,4301,27,1797,898,899,1458,730,728,339,168,171
4109,coquimbo,4,limarí,43,ovalle,4301,28,1808,844,964,1467,671,796,341,173,168
4110,coquimbo,4,limarí,43,ovalle,4301,29,1676,842,834,1373,681,692,303,161,142
4111,coquimbo,4,limarí,43,ovalle,4301,30,1629,754,875,1316,610,706,313,144,169
4112,coquimbo,4,limarí,43,ovalle,4301,31,1644,773,871,1305,620,685,339,153,186
4113,coquimbo,4,limarí,43,ovalle,4301,32,1500,696,804,1206,552,654,294,144,150
4114,coquimbo,4,limarí,43,ovalle,4301,33,1470,691,779,1184,538,646,286,153,133
4115,coquimbo,4,limarí,43,ovalle,4301,34,1497,703,794,1196,553,643,301,150,151
4116,coquimbo,4,limarí,43,ovalle,4301,35,1567,752,815,1230,588,642,337,164,173
4117,coquimbo,4,limarí,43,ovalle,4301,36,1415,654,761,1129,519,610,286,135,151
4118,coquimbo,4,limarí,43,ovalle,4301,37,1446,669,777,1152,519,633,294,150,144
4119,coquimbo,4,limarí,43,ovalle,4301,38,1410,621,789,1109,470,639,301,151,150
4120,coquimbo,4,limarí,43,ovalle,4301,39,1336,630,706,1068,489,579,268,141,127
4121,coquimbo,4,limarí,43,ovalle,4301,40,1408,671,737,1090,508,582,318,163,155
4122,coquimbo,4,limarí,43,ovalle,4301,41,1434,661,773,1157,520,637,277,141,136
4123,coquimbo,4,limarí,43,ovalle,4301,42,1581,787,794,1225,579,646,356,208,148
4124,coquimbo,4,limarí,43,ovalle,4301,43,1494,701,793,1194,552,642,300,149,151
4125,coquimbo,4,limarí,43,ovalle,4301,44,1497,693,804,1187,522,665,310,171,139
4126,coquimbo,4,limarí,43,ovalle,4301,45,1412,660,752,1120,505,615,292,155,137
4127,coquimbo,4,limarí,43,ovalle,4301,46,1324,595,729,1022,457,565,302,138,164
4128,coquimbo,4,limarí,43,ovalle,4301,47,1295,587,708,1007,438,569,288,149,139
4129,coquimbo,4,limarí,43,ovalle,4301,48,1497,682,815,1162,511,651,335,171,164
4130,coquimbo,4,limarí,43,ovalle,4301,49,1497,772,725,1157,567,590,340,205,135
4131,coquimbo,4,limarí,43,ovalle,4301,50,1476,671,805,1125,479,646,351,192,159
4132,coquimbo,4,limarí,43,ovalle,4301,51,1498,686,812,1147,506,641,351,180,171
4133,coquimbo,4,limarí,43,ovalle,4301,52,1560,721,839,1194,530,664,366,191,175
4134,coquimbo,4,limarí,43,ovalle,4301,53,1384,634,750,1082,473,609,302,161,141
4135,coquimbo,4,limarí,43,ovalle,4301,54,1488,698,790,1124,514,610,364,184,180
4136,coquimbo,4,limarí,43,ovalle,4301,55,1360,677,683,1050,506,544,310,171,139
4137,coquimbo,4,limarí,43,ovalle,4301,56,1364,685,679,1025,487,538,339,198,141
4138,coquimbo,4,limarí,43,ovalle,4301,57,1317,615,702,980,427,553,337,188,149
4139,coquimbo,4,limarí,43,ovalle,4301,58,1302,620,682,987,442,545,315,178,137
4140,coquimbo,4,limarí,43,ovalle,4301,59,1154,544,610,868,392,476,286,152,134
4141,coquimbo,4,limarí,43,ovalle,4301,60,1112,528,584,876,400,476,236,128,108
4142,coquimbo,4,limarí,43,ovalle,4301,61,1167,571,596,892,416,476,275,155,120
4143,coquimbo,4,limarí,43,ovalle,4301,62,1042,507,535,786,366,420,256,141,115
4144,coquimbo,4,limarí,43,ovalle,4301,63,1051,485,566,800,359,441,251,126,125
4145,coquimbo,4,limarí,43,ovalle,4301,64,941,445,496,737,327,410,204,118,86
4146,coquimbo,4,limarí,43,ovalle,4301,65,892,441,451,664,316,348,228,125,103
4147,coquimbo,4,limarí,43,ovalle,4301,66,869,397,472,669,293,376,200,104,96
4148,coquimbo,4,limarí,43,ovalle,4301,67,770,369,401,553,255,298,217,114,103
4149,coquimbo,4,limarí,43,ovalle,4301,68,768,378,390,549,258,291,219,120,99
4150,coquimbo,4,limarí,43,ovalle,4301,69,735,336,399,561,248,313,174,88,86
4151,coquimbo,4,limarí,43,ovalle,4301,70,656,297,359,454,191,263,202,106,96
4152,coquimbo,4,limarí,43,ovalle,4301,71,673,319,354,498,222,276,175,97,78
4153,coquimbo,4,limarí,43,ovalle,4301,72,691,326,365,506,226,280,185,100,85
4154,coquimbo,4,limarí,43,ovalle,4301,73,637,279,358,447,189,258,190,90,100
4155,coquimbo,4,limarí,43,ovalle,4301,74,635,302,333,472,216,256,163,86,77
4156,coquimbo,4,limarí,43,ovalle,4301,75,574,273,301,405,177,228,169,96,73
4157,coquimbo,4,limarí,43,ovalle,4301,76,550,245,305,424,177,247,126,68,58
4158,coquimbo,4,limarí,43,ovalle,4301,77,515,263,252,379,181,198,136,82,54
4159,coquimbo,4,limarí,43,ovalle,4301,78,415,172,243,310,127,183,105,45,60
4160,coquimbo,4,limarí,43,ovalle,4301,79,416,176,240,292,118,174,124,58,66
4161,coquimbo,4,limarí,43,ovalle,4301,80,401,168,233,299,109,190,102,59,43
4162,coquimbo,4,limarí,43,ovalle,4301,81,391,166,225,311,126,185,80,40,40
4163,coquimbo,4,limarí,43,ovalle,4301,82,360,150,210,275,107,168,85,43,42
4164,coquimbo,4,limarí,43,ovalle,4301,83,339,136,203,256,100,156,83,36,47
4165,coquimbo,4,limarí,43,ovalle,4301,84,329,137,192,241,101,140,88,36,52
4166,coquimbo,4,limarí,43,ovalle,4301,85,291,119,172,226,81,145,65,38,27
4167,coquimbo,4,limarí,43,ovalle,4301,86,280,106,174,217,76,141,63,30,33
4168,coquimbo,4,limarí,43,ovalle,4301,87,250,112,138,184,80,104,66,32,34
4169,coquimbo,4,limarí,43,ovalle,4301,88,169,61,108,125,39,86,44,22,22
4170,coquimbo,4,limarí,43,ovalle,4301,89,196,89,107,140,54,86,56,35,21
4171,coquimbo,4,limarí,43,ovalle,4301,90,97,30,67,70,19,51,27,11,16
4172,coquimbo,4,limarí,43,ovalle,4301,91,90,31,59,77,27,50,13,4,9
4173,coquimbo,4,limarí,43,ovalle,4301,92,90,26,64,61,14,47,29,12,17
4174,coquimbo,4,limarí,43,ovalle,4301,93,56,19,37,46,14,32,10,5,5
4175,coquimbo,4,limarí,43,ovalle,4301,94,52,14,38,39,8,31,13,6,7
4176,coquimbo,4,limarí,43,ovalle,4301,95,44,17,27,32,12,20,12,5,7
4177,coquimbo,4,limarí,43,ovalle,4301,96,32,12,20,21,7,14,11,5,6
4178,coquimbo,4,limarí,43,ovalle,4301,97,23,6,17,16,3,13,7,3,4
4179,coquimbo,4,limarí,43,ovalle,4301,98,20,7,13,14,5,9,6,2,4
4180,coquimbo,4,limarí,43,ovalle,4301,99,11,3,8,11,3,8,0,0,0
4181,coquimbo,4,limarí,43,ovalle,4301,100 o más,34,15,19,27,13,14,7,2,5
4182,coquimbo,4,limarí,43,combarbalá,4302,total comuna,13322,6656,6666,5998,2855,3143,7324,3801,3523
4183,coquimbo,4,limarí,43,combarbalá,4302,0,132,60,72,61,26,35,71,34,37
4184,coquimbo,4,limarí,43,combarbalá,4302,1,143,73,70,64,36,28,79,37,42
4185,coquimbo,4,limarí,43,combarbalá,4302,2,158,74,84,94,39,55,64,35,29
4186,coquimbo,4,limarí,43,combarbalá,4302,3,182,95,87,112,59,53,70,36,34
4187,coquimbo,4,limarí,43,combarbalá,4302,4,160,94,66,89,51,38,71,43,28
4188,coquimbo,4,limarí,43,combarbalá,4302,5,185,94,91,109,60,49,76,34,42
4189,coquimbo,4,limarí,43,combarbalá,4302,6,155,76,79,71,34,37,84,42,42
4190,coquimbo,4,limarí,43,combarbalá,4302,7,152,81,71,87,46,41,65,35,30
4191,coquimbo,4,limarí,43,combarbalá,4302,8,157,75,82,78,35,43,79,40,39
4192,coquimbo,4,limarí,43,combarbalá,4302,9,197,103,94,100,53,47,97,50,47
4193,coquimbo,4,limarí,43,combarbalá,4302,10,171,88,83,88,44,44,83,44,39
4194,coquimbo,4,limarí,43,combarbalá,4302,11,180,88,92,92,43,49,88,45,43
4195,coquimbo,4,limarí,43,combarbalá,4302,12,168,76,92,83,35,48,85,41,44
4196,coquimbo,4,limarí,43,combarbalá,4302,13,159,92,67,76,38,38,83,54,29
4197,coquimbo,4,limarí,43,combarbalá,4302,14,140,75,65,69,38,31,71,37,34
4198,coquimbo,4,limarí,43,combarbalá,4302,15,152,79,73,86,40,46,66,39,27
4199,coquimbo,4,limarí,43,combarbalá,4302,16,203,101,102,101,52,49,102,49,53
4200,coquimbo,4,limarí,43,combarbalá,4302,17,134,68,66,76,38,38,58,30,28
4201,coquimbo,4,limarí,43,combarbalá,4302,18,102,58,44,44,31,13,58,27,31
4202,coquimbo,4,limarí,43,combarbalá,4302,19,77,32,45,39,20,19,38,12,26
4203,coquimbo,4,limarí,43,combarbalá,4302,20,123,68,55,68,36,32,55,32,23
4204,coquimbo,4,limarí,43,combarbalá,4302,21,117,56,61,59,26,33,58,30,28
4205,coquimbo,4,limarí,43,combarbalá,4302,22,145,71,74,66,29,37,79,42,37
4206,coquimbo,4,limarí,43,combarbalá,4302,23,129,66,63,56,28,28,73,38,35
4207,coquimbo,4,limarí,43,combarbalá,4302,24,133,65,68,73,39,34,60,26,34
4208,coquimbo,4,limarí,43,combarbalá,4302,25,159,80,79,91,44,47,68,36,32
4209,coquimbo,4,limarí,43,combarbalá,4302,26,161,85,76,94,45,49,67,40,27
4210,coquimbo,4,limarí,43,combarbalá,4302,27,160,73,87,91,37,54,69,36,33
4211,coquimbo,4,limarí,43,combarbalá,4302,28,160,89,71,84,49,35,76,40,36
4212,coquimbo,4,limarí,43,combarbalá,4302,29,135,72,63,73,35,38,62,37,25
4213,coquimbo,4,limarí,43,combarbalá,4302,30,132,64,68,72,33,39,60,31,29
4214,coquimbo,4,limarí,43,combarbalá,4302,31,161,79,82,82,36,46,79,43,36
4215,coquimbo,4,limarí,43,combarbalá,4302,32,169,89,80,87,46,41,82,43,39
4216,coquimbo,4,limarí,43,combarbalá,4302,33,157,67,90,81,34,47,76,33,43
4217,coquimbo,4,limarí,43,combarbalá,4302,34,152,79,73,78,40,38,74,39,35
4218,coquimbo,4,limarí,43,combarbalá,4302,35,167,85,82,85,44,41,82,41,41
4219,coquimbo,4,limarí,43,combarbalá,4302,36,166,74,92,92,46,46,74,28,46
4220,coquimbo,4,limarí,43,combarbalá,4302,37,168,87,81,83,45,38,85,42,43
4221,coquimbo,4,limarí,43,combarbalá,4302,38,160,87,73,72,40,32,88,47,41
4222,coquimbo,4,limarí,43,combarbalá,4302,39,168,70,98,74,32,42,94,38,56
4223,coquimbo,4,limarí,43,combarbalá,4302,40,178,98,80,88,47,41,90,51,39
4224,coquimbo,4,limarí,43,combarbalá,4302,41,191,108,83,85,41,44,106,67,39
4225,coquimbo,4,limarí,43,combarbalá,4302,42,179,98,81,75,38,37,104,60,44
4226,coquimbo,4,limarí,43,combarbalá,4302,43,203,106,97,91,42,49,112,64,48
4227,coquimbo,4,limarí,43,combarbalá,4302,44,205,97,108,92,40,52,113,57,56
4228,coquimbo,4,limarí,43,combarbalá,4302,45,194,113,81,81,47,34,113,66,47
4229,coquimbo,4,limarí,43,combarbalá,4302,46,195,102,93,91,40,51,104,62,42
4230,coquimbo,4,limarí,43,combarbalá,4302,47,163,72,91,69,29,40,94,43,51
4231,coquimbo,4,limarí,43,combarbalá,4302,48,191,102,89,77,35,42,114,67,47
4232,coquimbo,4,limarí,43,combarbalá,4302,49,214,117,97,93,45,48,121,72,49
4233,coquimbo,4,limarí,43,combarbalá,4302,50,208,110,98,80,42,38,128,68,60
4234,coquimbo,4,limarí,43,combarbalá,4302,51,207,117,90,81,42,39,126,75,51
4235,coquimbo,4,limarí,43,combarbalá,4302,52,205,103,102,75,34,41,130,69,61
4236,coquimbo,4,limarí,43,combarbalá,4302,53,175,86,89,70,26,44,105,60,45
4237,coquimbo,4,limarí,43,combarbalá,4302,54,236,116,120,101,41,60,135,75,60
4238,coquimbo,4,limarí,43,combarbalá,4302,55,181,94,87,70,31,39,111,63,48
4239,coquimbo,4,limarí,43,combarbalá,4302,56,192,99,93,79,39,40,113,60,53
4240,coquimbo,4,limarí,43,combarbalá,4302,57,177,93,84,65,37,28,112,56,56
4241,coquimbo,4,limarí,43,combarbalá,4302,58,190,94,96,76,35,41,114,59,55
4242,coquimbo,4,limarí,43,combarbalá,4302,59,173,80,93,62,26,36,111,54,57
4243,coquimbo,4,limarí,43,combarbalá,4302,60,152,75,77,68,28,40,84,47,37
4244,coquimbo,4,limarí,43,combarbalá,4302,61,155,86,69,69,39,30,86,47,39
4245,coquimbo,4,limarí,43,combarbalá,4302,62,178,91,87,65,26,39,113,65,48
4246,coquimbo,4,limarí,43,combarbalá,4302,63,176,87,89,68,28,40,108,59,49
4247,coquimbo,4,limarí,43,combarbalá,4302,64,154,76,78,52,20,32,102,56,46
4248,coquimbo,4,limarí,43,combarbalá,4302,65,148,82,66,58,32,26,90,50,40
4249,coquimbo,4,limarí,43,combarbalá,4302,66,130,50,80,60,23,37,70,27,43
4250,coquimbo,4,limarí,43,combarbalá,4302,67,141,67,74,58,24,34,83,43,40
4251,coquimbo,4,limarí,43,combarbalá,4302,68,148,73,75,61,32,29,87,41,46
4252,coquimbo,4,limarí,43,combarbalá,4302,69,135,54,81,50,19,31,85,35,50
4253,coquimbo,4,limarí,43,combarbalá,4302,70,118,52,66,42,16,26,76,36,40
4254,coquimbo,4,limarí,43,combarbalá,4302,71,120,59,61,43,20,23,77,39,38
4255,coquimbo,4,limarí,43,combarbalá,4302,72,118,69,49,39,24,15,79,45,34
4256,coquimbo,4,limarí,43,combarbalá,4302,73,122,60,62,45,26,19,77,34,43
4257,coquimbo,4,limarí,43,combarbalá,4302,74,107,52,55,37,17,20,70,35,35
4258,coquimbo,4,limarí,43,combarbalá,4302,75,131,56,75,46,18,28,85,38,47
4259,coquimbo,4,limarí,43,combarbalá,4302,76,116,60,56,36,13,23,80,47,33
4260,coquimbo,4,limarí,43,combarbalá,4302,77,122,58,64,44,22,22,78,36,42
4261,coquimbo,4,limarí,43,combarbalá,4302,78,103,50,53,27,13,14,76,37,39
4262,coquimbo,4,limarí,43,combarbalá,4302,79,77,32,45,32,10,22,45,22,23
4263,coquimbo,4,limarí,43,combarbalá,4302,80,79,36,43,21,7,14,58,29,29
4264,coquimbo,4,limarí,43,combarbalá,4302,81,86,38,48,22,8,14,64,30,34
4265,coquimbo,4,limarí,43,combarbalá,4302,82,75,31,44,22,6,16,53,25,28
4266,coquimbo,4,limarí,43,combarbalá,4302,83,60,24,36,20,8,12,40,16,24
4267,coquimbo,4,limarí,43,combarbalá,4302,84,47,18,29,15,4,11,32,14,18
4268,coquimbo,4,limarí,43,combarbalá,4302,85,50,22,28,19,5,14,31,17,14
4269,coquimbo,4,limarí,43,combarbalá,4302,86,55,26,29,14,4,10,41,22,19
4270,coquimbo,4,limarí,43,combarbalá,4302,87,47,17,30,18,5,13,29,12,17
4271,coquimbo,4,limarí,43,combarbalá,4302,88,32,13,19,9,4,5,23,9,14
4272,coquimbo,4,limarí,43,combarbalá,4302,89,47,16,31,15,4,11,32,12,20
4273,coquimbo,4,limarí,43,combarbalá,4302,90,22,6,16,6,1,5,16,5,11
4274,coquimbo,4,limarí,43,combarbalá,4302,91,13,4,9,7,2,5,6,2,4
4275,coquimbo,4,limarí,43,combarbalá,4302,92,15,8,7,8,3,5,7,5,2
4276,coquimbo,4,limarí,43,combarbalá,4302,93,15,2,13,5,1,4,10,1,9
4277,coquimbo,4,limarí,43,combarbalá,4302,94,13,4,9,5,0,5,8,4,4
4278,coquimbo,4,limarí,43,combarbalá,4302,95,4,1,3,0,0,0,4,1,3
4279,coquimbo,4,limarí,43,combarbalá,4302,96,8,2,6,2,0,2,6,2,4
4280,coquimbo,4,limarí,43,combarbalá,4302,97,9,3,6,7,2,5,2,1,1
4281,coquimbo,4,limarí,43,combarbalá,4302,98,4,2,2,2,2,0,2,0,2
4282,coquimbo,4,limarí,43,combarbalá,4302,99,2,0,2,0,0,0,2,0,2
4283,coquimbo,4,limarí,43,combarbalá,4302,100 o más,2,1,1,0,0,0,2,1,1
4284,coquimbo,4,limarí,43,monte patria,4303,total comuna,30751,15270,15481,15338,7479,7859,15413,7791,7622
4285,coquimbo,4,limarí,43,monte patria,4303,0,360,180,180,194,102,92,166,78,88
4286,coquimbo,4,limarí,43,monte patria,4303,1,448,229,219,256,128,128,192,101,91
4287,coquimbo,4,limarí,43,monte patria,4303,2,525,286,239,275,141,134,250,145,105
4288,coquimbo,4,limarí,43,monte patria,4303,3,502,281,221,263,154,109,239,127,112
4289,coquimbo,4,limarí,43,monte patria,4303,4,497,247,250,272,144,128,225,103,122
4290,coquimbo,4,limarí,43,monte patria,4303,5,467,234,233,237,117,120,230,117,113
4291,coquimbo,4,limarí,43,monte patria,4303,6,461,215,246,280,128,152,181,87,94
4292,coquimbo,4,limarí,43,monte patria,4303,7,497,250,247,282,145,137,215,105,110
4293,coquimbo,4,limarí,43,monte patria,4303,8,482,257,225,264,144,120,218,113,105
4294,coquimbo,4,limarí,43,monte patria,4303,9,435,221,214,242,121,121,193,100,93
4295,coquimbo,4,limarí,43,monte patria,4303,10,432,219,213,227,124,103,205,95,110
4296,coquimbo,4,limarí,43,monte patria,4303,11,440,213,227,222,106,116,218,107,111
4297,coquimbo,4,limarí,43,monte patria,4303,12,409,200,209,230,116,114,179,84,95
4298,coquimbo,4,limarí,43,monte patria,4303,13,468,257,211,261,143,118,207,114,93
4299,coquimbo,4,limarí,43,monte patria,4303,14,416,234,182,232,122,110,184,112,72
4300,coquimbo,4,limarí,43,monte patria,4303,15,454,239,215,255,133,122,199,106,93
4301,coquimbo,4,limarí,43,monte patria,4303,16,486,261,225,238,131,107,248,130,118
4302,coquimbo,4,limarí,43,monte patria,4303,17,431,206,225,225,96,129,206,110,96
4303,coquimbo,4,limarí,43,monte patria,4303,18,382,200,182,197,103,94,185,97,88
4304,coquimbo,4,limarí,43,monte patria,4303,19,354,181,173,190,91,99,164,90,74
4305,coquimbo,4,limarí,43,monte patria,4303,20,378,183,195,202,98,104,176,85,91
4306,coquimbo,4,limarí,43,monte patria,4303,21,381,197,184,203,112,91,178,85,93
4307,coquimbo,4,limarí,43,monte patria,4303,22,425,208,217,229,107,122,196,101,95
4308,coquimbo,4,limarí,43,monte patria,4303,23,422,193,229,217,88,129,205,105,100
4309,coquimbo,4,limarí,43,monte patria,4303,24,448,238,210,242,135,107,206,103,103
4310,coquimbo,4,limarí,43,monte patria,4303,25,448,198,250,250,111,139,198,87,111
4311,coquimbo,4,limarí,43,monte patria,4303,26,461,228,233,249,121,128,212,107,105
4312,coquimbo,4,limarí,43,monte patria,4303,27,401,184,217,209,91,118,192,93,99
4313,coquimbo,4,limarí,43,monte patria,4303,28,432,202,230,245,124,121,187,78,109
4314,coquimbo,4,limarí,43,monte patria,4303,29,430,216,214,244,119,125,186,97,89
4315,coquimbo,4,limarí,43,monte patria,4303,30,433,203,230,232,122,110,201,81,120
4316,coquimbo,4,limarí,43,monte patria,4303,31,387,187,200,208,93,115,179,94,85
4317,coquimbo,4,limarí,43,monte patria,4303,32,384,179,205,207,95,112,177,84,93
4318,coquimbo,4,limarí,43,monte patria,4303,33,369,184,185,213,102,111,156,82,74
4319,coquimbo,4,limarí,43,monte patria,4303,34,374,164,210,188,84,104,186,80,106
4320,coquimbo,4,limarí,43,monte patria,4303,35,407,181,226,216,100,116,191,81,110
4321,coquimbo,4,limarí,43,monte patria,4303,36,386,163,223,193,73,120,193,90,103
4322,coquimbo,4,limarí,43,monte patria,4303,37,385,204,181,200,99,101,185,105,80
4323,coquimbo,4,limarí,43,monte patria,4303,38,376,189,187,189,92,97,187,97,90
4324,coquimbo,4,limarí,43,monte patria,4303,39,364,180,184,184,87,97,180,93,87
4325,coquimbo,4,limarí,43,monte patria,4303,40,362,171,191,180,80,100,182,91,91
4326,coquimbo,4,limarí,43,monte patria,4303,41,402,200,202,188,89,99,214,111,103
4327,coquimbo,4,limarí,43,monte patria,4303,42,417,194,223,218,100,118,199,94,105
4328,coquimbo,4,limarí,43,monte patria,4303,43,435,207,228,220,99,121,215,108,107
4329,coquimbo,4,limarí,43,monte patria,4303,44,375,181,194,183,81,102,192,100,92
4330,coquimbo,4,limarí,43,monte patria,4303,45,394,194,200,193,96,97,201,98,103
4331,coquimbo,4,limarí,43,monte patria,4303,46,417,200,217,198,95,103,219,105,114
4332,coquimbo,4,limarí,43,monte patria,4303,47,442,218,224,210,97,113,232,121,111
4333,coquimbo,4,limarí,43,monte patria,4303,48,432,222,210,221,113,108,211,109,102
4334,coquimbo,4,limarí,43,monte patria,4303,49,477,245,232,237,115,122,240,130,110
4335,coquimbo,4,limarí,43,monte patria,4303,50,453,236,217,218,112,106,235,124,111
4336,coquimbo,4,limarí,43,monte patria,4303,51,437,211,226,208,96,112,229,115,114
4337,coquimbo,4,limarí,43,monte patria,4303,52,426,208,218,204,90,114,222,118,104
4338,coquimbo,4,limarí,43,monte patria,4303,53,409,197,212,193,90,103,216,107,109
4339,coquimbo,4,limarí,43,monte patria,4303,54,429,240,189,203,109,94,226,131,95
4340,coquimbo,4,limarí,43,monte patria,4303,55,368,174,194,173,85,88,195,89,106
4341,coquimbo,4,limarí,43,monte patria,4303,56,410,199,211,194,87,107,216,112,104
4342,coquimbo,4,limarí,43,monte patria,4303,57,366,179,187,173,76,97,193,103,90
4343,coquimbo,4,limarí,43,monte patria,4303,58,388,208,180,181,95,86,207,113,94
4344,coquimbo,4,limarí,43,monte patria,4303,59,341,172,169,153,75,78,188,97,91
4345,coquimbo,4,limarí,43,monte patria,4303,60,311,158,153,138,62,76,173,96,77
4346,coquimbo,4,limarí,43,monte patria,4303,61,293,148,145,123,64,59,170,84,86
4347,coquimbo,4,limarí,43,monte patria,4303,62,321,164,157,140,63,77,181,101,80
4348,coquimbo,4,limarí,43,monte patria,4303,63,284,155,129,130,73,57,154,82,72
4349,coquimbo,4,limarí,43,monte patria,4303,64,256,148,108,109,66,43,147,82,65
4350,coquimbo,4,limarí,43,monte patria,4303,65,266,141,125,107,57,50,159,84,75
4351,coquimbo,4,limarí,43,monte patria,4303,66,236,118,118,101,44,57,135,74,61
4352,coquimbo,4,limarí,43,monte patria,4303,67,235,111,124,111,45,66,124,66,58
4353,coquimbo,4,limarí,43,monte patria,4303,68,225,115,110,91,45,46,134,70,64
4354,coquimbo,4,limarí,43,monte patria,4303,69,201,107,94,70,37,33,131,70,61
4355,coquimbo,4,limarí,43,monte patria,4303,70,216,117,99,81,40,41,135,77,58
4356,coquimbo,4,limarí,43,monte patria,4303,71,213,103,110,84,42,42,129,61,68
4357,coquimbo,4,limarí,43,monte patria,4303,72,224,108,116,88,45,43,136,63,73
4358,coquimbo,4,limarí,43,monte patria,4303,73,182,95,87,79,41,38,103,54,49
4359,coquimbo,4,limarí,43,monte patria,4303,74,212,97,115,75,34,41,137,63,74
4360,coquimbo,4,limarí,43,monte patria,4303,75,196,108,88,77,43,34,119,65,54
4361,coquimbo,4,limarí,43,monte patria,4303,76,158,80,78,68,32,36,90,48,42
4362,coquimbo,4,limarí,43,monte patria,4303,77,152,69,83,57,22,35,95,47,48
4363,coquimbo,4,limarí,43,monte patria,4303,78,157,74,83,54,24,30,103,50,53
4364,coquimbo,4,limarí,43,monte patria,4303,79,142,65,77,49,21,28,93,44,49
4365,coquimbo,4,limarí,43,monte patria,4303,80,144,65,79,51,24,27,93,41,52
4366,coquimbo,4,limarí,43,monte patria,4303,81,111,44,67,48,13,35,63,31,32
4367,coquimbo,4,limarí,43,monte patria,4303,82,101,48,53,39,16,23,62,32,30
4368,coquimbo,4,limarí,43,monte patria,4303,83,108,49,59,40,15,25,68,34,34
4369,coquimbo,4,limarí,43,monte patria,4303,84,92,39,53,33,17,16,59,22,37
4370,coquimbo,4,limarí,43,monte patria,4303,85,80,44,36,38,20,18,42,24,18
4371,coquimbo,4,limarí,43,monte patria,4303,86,60,26,34,18,10,8,42,16,26
4372,coquimbo,4,limarí,43,monte patria,4303,87,82,34,48,30,12,18,52,22,30
4373,coquimbo,4,limarí,43,monte patria,4303,88,47,16,31,17,3,14,30,13,17
4374,coquimbo,4,limarí,43,monte patria,4303,89,74,27,47,29,9,20,45,18,27
4375,coquimbo,4,limarí,43,monte patria,4303,90,31,10,21,10,4,6,21,6,15
4376,coquimbo,4,limarí,43,monte patria,4303,91,11,5,6,4,2,2,7,3,4
4377,coquimbo,4,limarí,43,monte patria,4303,92,26,6,20,8,3,5,18,3,15
4378,coquimbo,4,limarí,43,monte patria,4303,93,27,10,17,8,5,3,19,5,14
4379,coquimbo,4,limarí,43,monte patria,4303,94,16,2,14,7,0,7,9,2,7
4380,coquimbo,4,limarí,43,monte patria,4303,95,18,6,12,8,1,7,10,5,5
4381,coquimbo,4,limarí,43,monte patria,4303,96,6,2,4,4,2,2,2,0,2
4382,coquimbo,4,limarí,43,monte patria,4303,97,7,3,4,2,0,2,5,3,2
4383,coquimbo,4,limarí,43,monte patria,4303,98,6,2,4,2,1,1,4,1,3
4384,coquimbo,4,limarí,43,monte patria,4303,99,2,0,2,0,0,0,2,0,2
4385,coquimbo,4,limarí,43,monte patria,4303,100 o más,5,4,1,0,0,0,5,4,1
4386,coquimbo,4,limarí,43,punitaqui,4304,total comuna,10956,5452,5504,5848,2786,3062,5108,2666,2442
4387,coquimbo,4,limarí,43,punitaqui,4304,0,124,62,62,71,36,35,53,26,27
4388,coquimbo,4,limarí,43,punitaqui,4304,1,140,69,71,82,44,38,58,25,33
4389,coquimbo,4,limarí,43,punitaqui,4304,2,174,86,88,107,47,60,67,39,28
4390,coquimbo,4,limarí,43,punitaqui,4304,3,166,85,81,100,50,50,66,35,31
4391,coquimbo,4,limarí,43,punitaqui,4304,4,193,97,96,104,49,55,89,48,41
4392,coquimbo,4,limarí,43,punitaqui,4304,5,153,83,70,93,49,44,60,34,26
4393,coquimbo,4,limarí,43,punitaqui,4304,6,173,84,89,121,63,58,52,21,31
4394,coquimbo,4,limarí,43,punitaqui,4304,7,189,104,85,117,60,57,72,44,28
4395,coquimbo,4,limarí,43,punitaqui,4304,8,195,102,93,120,67,53,75,35,40
4396,coquimbo,4,limarí,43,punitaqui,4304,9,162,85,77,91,50,41,71,35,36
4397,coquimbo,4,limarí,43,punitaqui,4304,10,174,86,88,112,55,57,62,31,31
4398,coquimbo,4,limarí,43,punitaqui,4304,11,176,94,82,99,49,50,77,45,32
4399,coquimbo,4,limarí,43,punitaqui,4304,12,155,82,73,95,44,51,60,38,22
4400,coquimbo,4,limarí,43,punitaqui,4304,13,173,82,91,106,46,60,67,36,31
4401,coquimbo,4,limarí,43,punitaqui,4304,14,138,71,67,80,45,35,58,26,32
4402,coquimbo,4,limarí,43,punitaqui,4304,15,160,77,83,103,49,54,57,28,29
4403,coquimbo,4,limarí,43,punitaqui,4304,16,163,89,74,112,61,51,51,28,23
4404,coquimbo,4,limarí,43,punitaqui,4304,17,172,85,87,97,42,55,75,43,32
4405,coquimbo,4,limarí,43,punitaqui,4304,18,114,51,63,58,25,33,56,26,30
4406,coquimbo,4,limarí,43,punitaqui,4304,19,104,46,58,70,30,40,34,16,18
4407,coquimbo,4,limarí,43,punitaqui,4304,20,113,60,53,73,39,34,40,21,19
4408,coquimbo,4,limarí,43,punitaqui,4304,21,116,44,72,66,27,39,50,17,33
4409,coquimbo,4,limarí,43,punitaqui,4304,22,130,70,60,66,35,31,64,35,29
4410,coquimbo,4,limarí,43,punitaqui,4304,23,124,80,44,69,41,28,55,39,16
4411,coquimbo,4,limarí,43,punitaqui,4304,24,140,62,78,89,41,48,51,21,30
4412,coquimbo,4,limarí,43,punitaqui,4304,25,153,68,85,98,42,56,55,26,29
4413,coquimbo,4,limarí,43,punitaqui,4304,26,145,64,81,87,36,51,58,28,30
4414,coquimbo,4,limarí,43,punitaqui,4304,27,165,82,83,93,44,49,72,38,34
4415,coquimbo,4,limarí,43,punitaqui,4304,28,141,67,74,89,34,55,52,33,19
4416,coquimbo,4,limarí,43,punitaqui,4304,29,143,69,74,78,35,43,65,34,31
4417,coquimbo,4,limarí,43,punitaqui,4304,30,149,73,76,87,46,41,62,27,35
4418,coquimbo,4,limarí,43,punitaqui,4304,31,153,66,87,82,31,51,71,35,36
4419,coquimbo,4,limarí,43,punitaqui,4304,32,137,70,67,69,33,36,68,37,31
4420,coquimbo,4,limarí,43,punitaqui,4304,33,146,73,73,88,44,44,58,29,29
4421,coquimbo,4,limarí,43,punitaqui,4304,34,147,66,81,91,41,50,56,25,31
4422,coquimbo,4,limarí,43,punitaqui,4304,35,142,67,75,88,40,48,54,27,27
4423,coquimbo,4,limarí,43,punitaqui,4304,36,148,72,76,85,37,48,63,35,28
4424,coquimbo,4,limarí,43,punitaqui,4304,37,124,76,48,69,42,27,55,34,21
4425,coquimbo,4,limarí,43,punitaqui,4304,38,145,66,79,80,35,45,65,31,34
4426,coquimbo,4,limarí,43,punitaqui,4304,39,114,55,59,66,27,39,48,28,20
4427,coquimbo,4,limarí,43,punitaqui,4304,40,148,70,78,78,36,42,70,34,36
4428,coquimbo,4,limarí,43,punitaqui,4304,41,141,63,78,68,28,40,73,35,38
4429,coquimbo,4,limarí,43,punitaqui,4304,42,136,67,69,69,33,36,67,34,33
4430,coquimbo,4,limarí,43,punitaqui,4304,43,155,74,81,88,37,51,67,37,30
4431,coquimbo,4,limarí,43,punitaqui,4304,44,133,51,82,69,27,42,64,24,40
4432,coquimbo,4,limarí,43,punitaqui,4304,45,134,68,66,62,29,33,72,39,33
4433,coquimbo,4,limarí,43,punitaqui,4304,46,129,57,72,71,34,37,58,23,35
4434,coquimbo,4,limarí,43,punitaqui,4304,47,146,66,80,79,29,50,67,37,30
4435,coquimbo,4,limarí,43,punitaqui,4304,48,126,76,50,64,33,31,62,43,19
4436,coquimbo,4,limarí,43,punitaqui,4304,49,159,77,82,83,42,41,76,35,41
4437,coquimbo,4,limarí,43,punitaqui,4304,50,168,86,82,70,36,34,98,50,48
4438,coquimbo,4,limarí,43,punitaqui,4304,51,140,72,68,64,31,33,76,41,35
4439,coquimbo,4,limarí,43,punitaqui,4304,52,142,72,70,61,25,36,81,47,34
4440,coquimbo,4,limarí,43,punitaqui,4304,53,124,63,61,63,29,34,61,34,27
4441,coquimbo,4,limarí,43,punitaqui,4304,54,133,72,61,56,30,26,77,42,35
4442,coquimbo,4,limarí,43,punitaqui,4304,55,123,57,66,58,23,35,65,34,31
4443,coquimbo,4,limarí,43,punitaqui,4304,56,135,72,63,62,35,27,73,37,36
4444,coquimbo,4,limarí,43,punitaqui,4304,57,134,63,71,73,33,40,61,30,31
4445,coquimbo,4,limarí,43,punitaqui,4304,58,122,63,59,59,27,32,63,36,27
4446,coquimbo,4,limarí,43,punitaqui,4304,59,139,71,68,63,26,37,76,45,31
4447,coquimbo,4,limarí,43,punitaqui,4304,60,107,49,58,43,18,25,64,31,33
4448,coquimbo,4,limarí,43,punitaqui,4304,61,134,77,57,63,31,32,71,46,25
4449,coquimbo,4,limarí,43,punitaqui,4304,62,121,57,64,56,30,26,65,27,38
4450,coquimbo,4,limarí,43,punitaqui,4304,63,109,51,58,43,17,26,66,34,32
4451,coquimbo,4,limarí,43,punitaqui,4304,64,109,64,45,52,26,26,57,38,19
4452,coquimbo,4,limarí,43,punitaqui,4304,65,100,55,45,31,16,15,69,39,30
4453,coquimbo,4,limarí,43,punitaqui,4304,66,117,49,68,44,20,24,73,29,44
4454,coquimbo,4,limarí,43,punitaqui,4304,67,107,53,54,49,24,25,58,29,29
4455,coquimbo,4,limarí,43,punitaqui,4304,68,122,65,57,59,32,27,63,33,30
4456,coquimbo,4,limarí,43,punitaqui,4304,69,92,46,46,27,15,12,65,31,34
4457,coquimbo,4,limarí,43,punitaqui,4304,70,67,37,30,27,13,14,40,24,16
4458,coquimbo,4,limarí,43,punitaqui,4304,71,82,41,41,31,13,18,51,28,23
4459,coquimbo,4,limarí,43,punitaqui,4304,72,87,50,37,39,25,14,48,25,23
4460,coquimbo,4,limarí,43,punitaqui,4304,73,93,52,41,39,21,18,54,31,23
4461,coquimbo,4,limarí,43,punitaqui,4304,74,76,38,38,35,16,19,41,22,19
4462,coquimbo,4,limarí,43,punitaqui,4304,75,62,36,26,28,16,12,34,20,14
4463,coquimbo,4,limarí,43,punitaqui,4304,76,63,35,28,29,13,16,34,22,12
4464,coquimbo,4,limarí,43,punitaqui,4304,77,70,37,33,30,16,14,40,21,19
4465,coquimbo,4,limarí,43,punitaqui,4304,78,58,27,31,28,12,16,30,15,15
4466,coquimbo,4,limarí,43,punitaqui,4304,79,51,28,23,25,16,9,26,12,14
4467,coquimbo,4,limarí,43,punitaqui,4304,80,45,24,21,15,7,8,30,17,13
4468,coquimbo,4,limarí,43,punitaqui,4304,81,53,26,27,26,13,13,27,13,14
4469,coquimbo,4,limarí,43,punitaqui,4304,82,50,22,28,23,10,13,27,12,15
4470,coquimbo,4,limarí,43,punitaqui,4304,83,47,24,23,18,10,8,29,14,15
4471,coquimbo,4,limarí,43,punitaqui,4304,84,26,16,10,10,4,6,16,12,4
4472,coquimbo,4,limarí,43,punitaqui,4304,85,30,14,16,11,4,7,19,10,9
4473,coquimbo,4,limarí,43,punitaqui,4304,86,18,7,11,4,2,2,14,5,9
4474,coquimbo,4,limarí,43,punitaqui,4304,87,18,7,11,7,2,5,11,5,6
4475,coquimbo,4,limarí,43,punitaqui,4304,88,22,7,15,9,1,8,13,6,7
4476,coquimbo,4,limarí,43,punitaqui,4304,89,18,6,12,7,1,6,11,5,6
4477,coquimbo,4,limarí,43,punitaqui,4304,90,9,3,6,7,3,4,2,0,2
4478,coquimbo,4,limarí,43,punitaqui,4304,91,10,7,3,3,1,2,7,6,1
4479,coquimbo,4,limarí,43,punitaqui,4304,92,10,3,7,4,1,3,6,2,4
4480,coquimbo,4,limarí,43,punitaqui,4304,93,5,2,3,0,0,0,5,2,3
4481,coquimbo,4,limarí,43,punitaqui,4304,94,11,3,8,6,1,5,5,2,3
4482,coquimbo,4,limarí,43,punitaqui,4304,95,4,0,4,3,0,3,1,0,1
4483,coquimbo,4,limarí,43,punitaqui,4304,96,3,1,2,2,0,2,1,1,0
4484,coquimbo,4,limarí,43,punitaqui,4304,97,2,1,1,0,0,0,2,1,1
4485,coquimbo,4,limarí,43,punitaqui,4304,98,5,1,4,2,1,1,3,0,3
4486,coquimbo,4,limarí,43,punitaqui,4304,99,0,0,0,0,0,0,0,0,0
4487,coquimbo,4,limarí,43,punitaqui,4304,100 o más,3,1,2,2,1,1,1,0,1
4488,coquimbo,4,limarí,43,río hurtado,4305,total comuna,4278,2138,2140,0,0,0,4278,2138,2140
4489,coquimbo,4,limarí,43,río hurtado,4305,0,34,10,24,0,0,0,34,10,24
4490,coquimbo,4,limarí,43,río hurtado,4305,1,45,22,23,0,0,0,45,22,23
4491,coquimbo,4,limarí,43,río hurtado,4305,2,36,15,21,0,0,0,36,15,21
4492,coquimbo,4,limarí,43,río hurtado,4305,3,46,21,25,0,0,0,46,21,25
4493,coquimbo,4,limarí,43,río hurtado,4305,4,53,24,29,0,0,0,53,24,29
4494,coquimbo,4,limarí,43,río hurtado,4305,5,52,25,27,0,0,0,52,25,27
4495,coquimbo,4,limarí,43,río hurtado,4305,6,65,31,34,0,0,0,65,31,34
4496,coquimbo,4,limarí,43,río hurtado,4305,7,41,18,23,0,0,0,41,18,23
4497,coquimbo,4,limarí,43,río hurtado,4305,8,45,22,23,0,0,0,45,22,23
4498,coquimbo,4,limarí,43,río hurtado,4305,9,49,27,22,0,0,0,49,27,22
4499,coquimbo,4,limarí,43,río hurtado,4305,10,63,34,29,0,0,0,63,34,29
4500,coquimbo,4,limarí,43,río hurtado,4305,11,51,28,23,0,0,0,51,28,23
4501,coquimbo,4,limarí,43,río hurtado,4305,12,66,33,33,0,0,0,66,33,33
4502,coquimbo,4,limarí,43,río hurtado,4305,13,63,36,27,0,0,0,63,36,27
4503,coquimbo,4,limarí,43,río hurtado,4305,14,45,23,22,0,0,0,45,23,22
4504,coquimbo,4,limarí,43,río hurtado,4305,15,60,24,36,0,0,0,60,24,36
4505,coquimbo,4,limarí,43,río hurtado,4305,16,42,24,18,0,0,0,42,24,18
4506,coquimbo,4,limarí,43,río hurtado,4305,17,45,25,20,0,0,0,45,25,20
4507,coquimbo,4,limarí,43,río hurtado,4305,18,28,15,13,0,0,0,28,15,13
4508,coquimbo,4,limarí,43,río hurtado,4305,19,41,22,19,0,0,0,41,22,19
4509,coquimbo,4,limarí,43,río hurtado,4305,20,22,13,9,0,0,0,22,13,9
4510,coquimbo,4,limarí,43,río hurtado,4305,21,47,24,23,0,0,0,47,24,23
4511,coquimbo,4,limarí,43,río hurtado,4305,22,44,19,25,0,0,0,44,19,25
4512,coquimbo,4,limarí,43,río hurtado,4305,23,53,31,22,0,0,0,53,31,22
4513,coquimbo,4,limarí,43,río hurtado,4305,24,59,30,29,0,0,0,59,30,29
4514,coquimbo,4,limarí,43,río hurtado,4305,25,52,28,24,0,0,0,52,28,24
4515,coquimbo,4,limarí,43,río hurtado,4305,26,51,30,21,0,0,0,51,30,21
4516,coquimbo,4,limarí,43,río hurtado,4305,27,44,22,22,0,0,0,44,22,22
4517,coquimbo,4,limarí,43,río hurtado,4305,28,60,24,36,0,0,0,60,24,36
4518,coquimbo,4,limarí,43,río hurtado,4305,29,55,28,27,0,0,0,55,28,27
4519,coquimbo,4,limarí,43,río hurtado,4305,30,53,28,25,0,0,0,53,28,25
4520,coquimbo,4,limarí,43,río hurtado,4305,31,57,30,27,0,0,0,57,30,27
4521,coquimbo,4,limarí,43,río hurtado,4305,32,62,32,30,0,0,0,62,32,30
4522,coquimbo,4,limarí,43,río hurtado,4305,33,53,28,25,0,0,0,53,28,25
4523,coquimbo,4,limarí,43,río hurtado,4305,34,46,22,24,0,0,0,46,22,24
4524,coquimbo,4,limarí,43,río hurtado,4305,35,50,25,25,0,0,0,50,25,25
4525,coquimbo,4,limarí,43,río hurtado,4305,36,36,22,14,0,0,0,36,22,14
4526,coquimbo,4,limarí,43,río hurtado,4305,37,47,22,25,0,0,0,47,22,25
4527,coquimbo,4,limarí,43,río hurtado,4305,38,51,28,23,0,0,0,51,28,23
4528,coquimbo,4,limarí,43,río hurtado,4305,39,46,22,24,0,0,0,46,22,24
4529,coquimbo,4,limarí,43,río hurtado,4305,40,57,30,27,0,0,0,57,30,27
4530,coquimbo,4,limarí,43,río hurtado,4305,41,55,29,26,0,0,0,55,29,26
4531,coquimbo,4,limarí,43,río hurtado,4305,42,52,24,28,0,0,0,52,24,28
4532,coquimbo,4,limarí,43,río hurtado,4305,43,44,25,19,0,0,0,44,25,19
4533,coquimbo,4,limarí,43,río hurtado,4305,44,52,20,32,0,0,0,52,20,32
4534,coquimbo,4,limarí,43,río hurtado,4305,45,45,24,21,0,0,0,45,24,21
4535,coquimbo,4,limarí,43,río hurtado,4305,46,43,20,23,0,0,0,43,20,23
4536,coquimbo,4,limarí,43,río hurtado,4305,47,55,33,22,0,0,0,55,33,22
4537,coquimbo,4,limarí,43,río hurtado,4305,48,61,34,27,0,0,0,61,34,27
4538,coquimbo,4,limarí,43,río hurtado,4305,49,73,31,42,0,0,0,73,31,42
4539,coquimbo,4,limarí,43,río hurtado,4305,50,57,28,29,0,0,0,57,28,29
4540,coquimbo,4,limarí,43,río hurtado,4305,51,57,29,28,0,0,0,57,29,28
4541,coquimbo,4,limarí,43,río hurtado,4305,52,74,39,35,0,0,0,74,39,35
4542,coquimbo,4,limarí,43,río hurtado,4305,53,59,35,24,0,0,0,59,35,24
4543,coquimbo,4,limarí,43,río hurtado,4305,54,72,31,41,0,0,0,72,31,41
4544,coquimbo,4,limarí,43,río hurtado,4305,55,68,30,38,0,0,0,68,30,38
4545,coquimbo,4,limarí,43,río hurtado,4305,56,60,34,26,0,0,0,60,34,26
4546,coquimbo,4,limarí,43,río hurtado,4305,57,67,37,30,0,0,0,67,37,30
4547,coquimbo,4,limarí,43,río hurtado,4305,58,64,36,28,0,0,0,64,36,28
4548,coquimbo,4,limarí,43,río hurtado,4305,59,55,28,27,0,0,0,55,28,27
4549,coquimbo,4,limarí,43,río hurtado,4305,60,67,40,27,0,0,0,67,40,27
4550,coquimbo,4,limarí,43,río hurtado,4305,61,55,28,27,0,0,0,55,28,27
4551,coquimbo,4,limarí,43,río hurtado,4305,62,65,37,28,0,0,0,65,37,28
4552,coquimbo,4,limarí,43,río hurtado,4305,63,61,35,26,0,0,0,61,35,26
4553,coquimbo,4,limarí,43,río hurtado,4305,64,59,26,33,0,0,0,59,26,33
4554,coquimbo,4,limarí,43,río hurtado,4305,65,47,20,27,0,0,0,47,20,27
4555,coquimbo,4,limarí,43,río hurtado,4305,66,37,16,21,0,0,0,37,16,21
4556,coquimbo,4,limarí,43,río hurtado,4305,67,52,26,26,0,0,0,52,26,26
4557,coquimbo,4,limarí,43,río hurtado,4305,68,52,23,29,0,0,0,52,23,29
4558,coquimbo,4,limarí,43,río hurtado,4305,69,38,20,18,0,0,0,38,20,18
4559,coquimbo,4,limarí,43,río hurtado,4305,70,50,24,26,0,0,0,50,24,26
4560,coquimbo,4,limarí,43,río hurtado,4305,71,48,21,27,0,0,0,48,21,27
4561,coquimbo,4,limarí,43,río hurtado,4305,72,57,23,34,0,0,0,57,23,34
4562,coquimbo,4,limarí,43,río hurtado,4305,73,39,21,18,0,0,0,39,21,18
4563,coquimbo,4,limarí,43,río hurtado,4305,74,38,19,19,0,0,0,38,19,19
4564,coquimbo,4,limarí,43,río hurtado,4305,75,40,23,17,0,0,0,40,23,17
4565,coquimbo,4,limarí,43,río hurtado,4305,76,38,14,24,0,0,0,38,14,24
4566,coquimbo,4,limarí,43,río hurtado,4305,77,32,14,18,0,0,0,32,14,18
4567,coquimbo,4,limarí,43,río hurtado,4305,78,37,16,21,0,0,0,37,16,21
4568,coquimbo,4,limarí,43,río hurtado,4305,79,26,14,12,0,0,0,26,14,12
4569,coquimbo,4,limarí,43,río hurtado,4305,80,20,10,10,0,0,0,20,10,10
4570,coquimbo,4,limarí,43,río hurtado,4305,81,23,10,13,0,0,0,23,10,13
4571,coquimbo,4,limarí,43,río hurtado,4305,82,25,8,17,0,0,0,25,8,17
4572,coquimbo,4,limarí,43,río hurtado,4305,83,19,3,16,0,0,0,19,3,16
4573,coquimbo,4,limarí,43,río hurtado,4305,84,12,6,6,0,0,0,12,6,6
4574,coquimbo,4,limarí,43,río hurtado,4305,85,12,6,6,0,0,0,12,6,6
4575,coquimbo,4,limarí,43,río hurtado,4305,86,29,13,16,0,0,0,29,13,16
4576,coquimbo,4,limarí,43,río hurtado,4305,87,7,5,2,0,0,0,7,5,2
4577,coquimbo,4,limarí,43,río hurtado,4305,88,11,8,3,0,0,0,11,8,3
4578,coquimbo,4,limarí,43,río hurtado,4305,89,13,4,9,0,0,0,13,4,9
4579,coquimbo,4,limarí,43,río hurtado,4305,90,7,4,3,0,0,0,7,4,3
4580,coquimbo,4,limarí,43,río hurtado,4305,91,7,4,3,0,0,0,7,4,3
4581,coquimbo,4,limarí,43,río hurtado,4305,92,5,2,3,0,0,0,5,2,3
4582,coquimbo,4,limarí,43,río hurtado,4305,93,5,2,3,0,0,0,5,2,3
4583,coquimbo,4,limarí,43,río hurtado,4305,94,2,1,1,0,0,0,2,1,1
4584,coquimbo,4,limarí,43,río hurtado,4305,95,5,3,2,0,0,0,5,3,2
4585,coquimbo,4,limarí,43,río hurtado,4305,96,5,2,3,0,0,0,5,2,3
4586,coquimbo,4,limarí,43,río hurtado,4305,97,1,1,0,0,0,0,1,1,0
4587,coquimbo,4,limarí,43,río hurtado,4305,98,2,0,2,0,0,0,2,0,2
4588,coquimbo,4,limarí,43,río hurtado,4305,99,1,1,0,0,0,0,1,1,0
4589,coquimbo,4,limarí,43,río hurtado,4305,100 o más,1,1,0,0,0,0,1,1,0
4590,valparaíso,5,valparaíso,51,valparaíso,5101,total comuna,296655,144945,151710,295918,144509,151409,737,436,301
4591,valparaíso,5,valparaíso,51,valparaíso,5101,0,3087,1579,1508,3083,1577,1506,4,2,2
4592,valparaíso,5,valparaíso,51,valparaíso,5101,1,3594,1875,1719,3576,1866,1710,18,9,9
4593,valparaíso,5,valparaíso,51,valparaíso,5101,2,3765,1955,1810,3761,1952,1809,4,3,1
4594,valparaíso,5,valparaíso,51,valparaíso,5101,3,3640,1792,1848,3628,1786,1842,12,6,6
4595,valparaíso,5,valparaíso,51,valparaíso,5101,4,3652,1928,1724,3648,1925,1723,4,3,1
4596,valparaíso,5,valparaíso,51,valparaíso,5101,5,3631,1873,1758,3622,1868,1754,9,5,4
4597,valparaíso,5,valparaíso,51,valparaíso,5101,6,3598,1812,1786,3589,1809,1780,9,3,6
4598,valparaíso,5,valparaíso,51,valparaíso,5101,7,3593,1805,1788,3581,1800,1781,12,5,7
4599,valparaíso,5,valparaíso,51,valparaíso,5101,8,3506,1829,1677,3498,1826,1672,8,3,5
4600,valparaíso,5,valparaíso,51,valparaíso,5101,9,3476,1799,1677,3470,1797,1673,6,2,4
4601,valparaíso,5,valparaíso,51,valparaíso,5101,10,3420,1700,1720,3414,1696,1718,6,4,2
4602,valparaíso,5,valparaíso,51,valparaíso,5101,11,3339,1719,1620,3329,1714,1615,10,5,5
4603,valparaíso,5,valparaíso,51,valparaíso,5101,12,3351,1720,1631,3343,1716,1627,8,4,4
4604,valparaíso,5,valparaíso,51,valparaíso,5101,13,3410,1714,1696,3403,1709,1694,7,5,2
4605,valparaíso,5,valparaíso,51,valparaíso,5101,14,3636,1885,1751,3630,1882,1748,6,3,3
4606,valparaíso,5,valparaíso,51,valparaíso,5101,15,3755,1918,1837,3744,1912,1832,11,6,5
4607,valparaíso,5,valparaíso,51,valparaíso,5101,16,3855,1961,1894,3847,1956,1891,8,5,3
4608,valparaíso,5,valparaíso,51,valparaíso,5101,17,3950,2003,1947,3941,1998,1943,9,5,4
4609,valparaíso,5,valparaíso,51,valparaíso,5101,18,4985,2591,2394,4973,2583,2390,12,8,4
4610,valparaíso,5,valparaíso,51,valparaíso,5101,19,5465,2818,2647,5453,2808,2645,12,10,2
4611,valparaíso,5,valparaíso,51,valparaíso,5101,20,5673,2953,2720,5662,2947,2715,11,6,5
4612,valparaíso,5,valparaíso,51,valparaíso,5101,21,5508,2892,2616,5500,2889,2611,8,3,5
4613,valparaíso,5,valparaíso,51,valparaíso,5101,22,5678,2985,2693,5673,2981,2692,5,4,1
4614,valparaíso,5,valparaíso,51,valparaíso,5101,23,5738,2998,2740,5731,2994,2737,7,4,3
4615,valparaíso,5,valparaíso,51,valparaíso,5101,24,5602,2971,2631,5590,2964,2626,12,7,5
4616,valparaíso,5,valparaíso,51,valparaíso,5101,25,5502,2883,2619,5495,2880,2615,7,3,4
4617,valparaíso,5,valparaíso,51,valparaíso,5101,26,5507,2852,2655,5497,2849,2648,10,3,7
4618,valparaíso,5,valparaíso,51,valparaíso,5101,27,5383,2821,2562,5377,2819,2558,6,2,4
4619,valparaíso,5,valparaíso,51,valparaíso,5101,28,4903,2536,2367,4897,2531,2366,6,5,1
4620,valparaíso,5,valparaíso,51,valparaíso,5101,29,4679,2415,2264,4675,2413,2262,4,2,2
4621,valparaíso,5,valparaíso,51,valparaíso,5101,30,4436,2332,2104,4428,2326,2102,8,6,2
4622,valparaíso,5,valparaíso,51,valparaíso,5101,31,4226,2111,2115,4214,2104,2110,12,7,5
4623,valparaíso,5,valparaíso,51,valparaíso,5101,32,4055,2086,1969,4050,2082,1968,5,4,1
4624,valparaíso,5,valparaíso,51,valparaíso,5101,33,4058,2035,2023,4045,2026,2019,13,9,4
4625,valparaíso,5,valparaíso,51,valparaíso,5101,34,4132,2033,2099,4122,2027,2095,10,6,4
4626,valparaíso,5,valparaíso,51,valparaíso,5101,35,4150,2142,2008,4139,2137,2002,11,5,6
4627,valparaíso,5,valparaíso,51,valparaíso,5101,36,3859,1945,1914,3850,1940,1910,9,5,4
4628,valparaíso,5,valparaíso,51,valparaíso,5101,37,3862,1962,1900,3848,1954,1894,14,8,6
4629,valparaíso,5,valparaíso,51,valparaíso,5101,38,3577,1743,1834,3568,1738,1830,9,5,4
4630,valparaíso,5,valparaíso,51,valparaíso,5101,39,3447,1728,1719,3439,1723,1716,8,5,3
4631,valparaíso,5,valparaíso,51,valparaíso,5101,40,3519,1758,1761,3502,1746,1756,17,12,5
4632,valparaíso,5,valparaíso,51,valparaíso,5101,41,3633,1762,1871,3619,1751,1868,14,11,3
4633,valparaíso,5,valparaíso,51,valparaíso,5101,42,3665,1797,1868,3653,1790,1863,12,7,5
4634,valparaíso,5,valparaíso,51,valparaíso,5101,43,3653,1798,1855,3641,1791,1850,12,7,5
4635,valparaíso,5,valparaíso,51,valparaíso,5101,44,3639,1751,1888,3628,1741,1887,11,10,1
4636,valparaíso,5,valparaíso,51,valparaíso,5101,45,3527,1733,1794,3520,1729,1791,7,4,3
4637,valparaíso,5,valparaíso,51,valparaíso,5101,46,3433,1622,1811,3422,1618,1804,11,4,7
4638,valparaíso,5,valparaíso,51,valparaíso,5101,47,3524,1706,1818,3512,1701,1811,12,5,7
4639,valparaíso,5,valparaíso,51,valparaíso,5101,48,3591,1757,1834,3583,1754,1829,8,3,5
4640,valparaíso,5,valparaíso,51,valparaíso,5101,49,3716,1743,1973,3707,1738,1969,9,5,4
4641,valparaíso,5,valparaíso,51,valparaíso,5101,50,3867,1889,1978,3853,1878,1975,14,11,3
4642,valparaíso,5,valparaíso,51,valparaíso,5101,51,3843,1873,1970,3827,1866,1961,16,7,9
4643,valparaíso,5,valparaíso,51,valparaíso,5101,52,3767,1808,1959,3753,1799,1954,14,9,5
4644,valparaíso,5,valparaíso,51,valparaíso,5101,53,3805,1795,2010,3794,1790,2004,11,5,6
4645,valparaíso,5,valparaíso,51,valparaíso,5101,54,3890,1839,2051,3877,1829,2048,13,10,3
4646,valparaíso,5,valparaíso,51,valparaíso,5101,55,3796,1796,2000,3785,1791,1994,11,5,6
4647,valparaíso,5,valparaíso,51,valparaíso,5101,56,3649,1731,1918,3633,1717,1916,16,14,2
4648,valparaíso,5,valparaíso,51,valparaíso,5101,57,3616,1629,1987,3604,1622,1982,12,7,5
4649,valparaíso,5,valparaíso,51,valparaíso,5101,58,3545,1682,1863,3534,1675,1859,11,7,4
4650,valparaíso,5,valparaíso,51,valparaíso,5101,59,3476,1596,1880,3459,1586,1873,17,10,7
4651,valparaíso,5,valparaíso,51,valparaíso,5101,60,3413,1590,1823,3402,1584,1818,11,6,5
4652,valparaíso,5,valparaíso,51,valparaíso,5101,61,3139,1402,1737,3131,1398,1733,8,4,4
4653,valparaíso,5,valparaíso,51,valparaíso,5101,62,2836,1367,1469,2827,1363,1464,9,4,5
4654,valparaíso,5,valparaíso,51,valparaíso,5101,63,3005,1384,1621,2995,1377,1618,10,7,3
4655,valparaíso,5,valparaíso,51,valparaíso,5101,64,2802,1250,1552,2795,1245,1550,7,5,2
4656,valparaíso,5,valparaíso,51,valparaíso,5101,65,2671,1224,1447,2663,1218,1445,8,6,2
4657,valparaíso,5,valparaíso,51,valparaíso,5101,66,2436,1099,1337,2429,1093,1336,7,6,1
4658,valparaíso,5,valparaíso,51,valparaíso,5101,67,2466,1134,1332,2459,1130,1329,7,4,3
4659,valparaíso,5,valparaíso,51,valparaíso,5101,68,2379,1055,1324,2374,1052,1322,5,3,2
4660,valparaíso,5,valparaíso,51,valparaíso,5101,69,2410,1060,1350,2405,1058,1347,5,2,3
4661,valparaíso,5,valparaíso,51,valparaíso,5101,70,2302,1038,1264,2294,1033,1261,8,5,3
4662,valparaíso,5,valparaíso,51,valparaíso,5101,71,2119,929,1190,2109,924,1185,10,5,5
4663,valparaíso,5,valparaíso,51,valparaíso,5101,72,1998,857,1141,1995,856,1139,3,1,2
4664,valparaíso,5,valparaíso,51,valparaíso,5101,73,1952,884,1068,1941,875,1066,11,9,2
4665,valparaíso,5,valparaíso,51,valparaíso,5101,74,1810,774,1036,1808,773,1035,2,1,1
4666,valparaíso,5,valparaíso,51,valparaíso,5101,75,1632,668,964,1628,665,963,4,3,1
4667,valparaíso,5,valparaíso,51,valparaíso,5101,76,1517,611,906,1513,608,905,4,3,1
4668,valparaíso,5,valparaíso,51,valparaíso,5101,77,1439,561,878,1437,559,878,2,2,0
4669,valparaíso,5,valparaíso,51,valparaíso,5101,78,1285,511,774,1280,507,773,5,4,1
4670,valparaíso,5,valparaíso,51,valparaíso,5101,79,1211,472,739,1208,471,737,3,1,2
4671,valparaíso,5,valparaíso,51,valparaíso,5101,80,1152,420,732,1151,420,731,1,0,1
4672,valparaíso,5,valparaíso,51,valparaíso,5101,81,1040,369,671,1039,368,671,1,1,0
4673,valparaíso,5,valparaíso,51,valparaíso,5101,82,937,356,581,934,353,581,3,3,0
4674,valparaíso,5,valparaíso,51,valparaíso,5101,83,904,353,551,904,353,551,0,0,0
4675,valparaíso,5,valparaíso,51,valparaíso,5101,84,897,296,601,897,296,601,0,0,0
4676,valparaíso,5,valparaíso,51,valparaíso,5101,85,856,288,568,856,288,568,0,0,0
4677,valparaíso,5,valparaíso,51,valparaíso,5101,86,812,271,541,810,270,540,2,1,1
4678,valparaíso,5,valparaíso,51,valparaíso,5101,87,698,214,484,697,213,484,1,1,0
4679,valparaíso,5,valparaíso,51,valparaíso,5101,88,565,154,411,565,154,411,0,0,0
4680,valparaíso,5,valparaíso,51,valparaíso,5101,89,467,132,335,467,132,335,0,0,0
4681,valparaíso,5,valparaíso,51,valparaíso,5101,90,398,117,281,398,117,281,0,0,0
4682,valparaíso,5,valparaíso,51,valparaíso,5101,91,282,76,206,280,75,205,2,1,1
4683,valparaíso,5,valparaíso,51,valparaíso,5101,92,248,74,174,248,74,174,0,0,0
4684,valparaíso,5,valparaíso,51,valparaíso,5101,93,173,45,128,173,45,128,0,0,0
4685,valparaíso,5,valparaíso,51,valparaíso,5101,94,152,41,111,152,41,111,0,0,0
4686,valparaíso,5,valparaíso,51,valparaíso,5101,95,99,24,75,99,24,75,0,0,0
4687,valparaíso,5,valparaíso,51,valparaíso,5101,96,99,19,80,99,19,80,0,0,0
4688,valparaíso,5,valparaíso,51,valparaíso,5101,97,57,16,41,57,16,41,0,0,0
4689,valparaíso,5,valparaíso,51,valparaíso,5101,98,29,5,24,29,5,24,0,0,0
4690,valparaíso,5,valparaíso,51,valparaíso,5101,99,34,8,26,34,8,26,0,0,0
4691,valparaíso,5,valparaíso,51,valparaíso,5101,100 o más,97,33,64,97,33,64,0,0,0
4692,valparaíso,5,valparaíso,51,casablanca,5102,total comuna,26867,13346,13521,18002,8707,9295,8865,4639,4226
4693,valparaíso,5,valparaíso,51,casablanca,5102,0,281,157,124,201,114,87,80,43,37
4694,valparaíso,5,valparaíso,51,casablanca,5102,1,378,207,171,254,127,127,124,80,44
4695,valparaíso,5,valparaíso,51,casablanca,5102,2,374,196,178,269,142,127,105,54,51
4696,valparaíso,5,valparaíso,51,casablanca,5102,3,377,192,185,258,133,125,119,59,60
4697,valparaíso,5,valparaíso,51,casablanca,5102,4,376,188,188,257,124,133,119,64,55
4698,valparaíso,5,valparaíso,51,casablanca,5102,5,385,184,201,260,123,137,125,61,64
4699,valparaíso,5,valparaíso,51,casablanca,5102,6,363,165,198,255,122,133,108,43,65
4700,valparaíso,5,valparaíso,51,casablanca,5102,7,378,186,192,254,122,132,124,64,60
4701,valparaíso,5,valparaíso,51,casablanca,5102,8,354,183,171,247,121,126,107,62,45
4702,valparaíso,5,valparaíso,51,casablanca,5102,9,371,182,189,262,125,137,109,57,52
4703,valparaíso,5,valparaíso,51,casablanca,5102,10,365,188,177,260,131,129,105,57,48
4704,valparaíso,5,valparaíso,51,casablanca,5102,11,352,164,188,253,117,136,99,47,52
4705,valparaíso,5,valparaíso,51,casablanca,5102,12,343,176,167,237,125,112,106,51,55
4706,valparaíso,5,valparaíso,51,casablanca,5102,13,339,177,162,232,121,111,107,56,51
4707,valparaíso,5,valparaíso,51,casablanca,5102,14,362,170,192,260,127,133,102,43,59
4708,valparaíso,5,valparaíso,51,casablanca,5102,15,367,186,181,255,126,129,112,60,52
4709,valparaíso,5,valparaíso,51,casablanca,5102,16,402,214,188,276,151,125,126,63,63
4710,valparaíso,5,valparaíso,51,casablanca,5102,17,368,175,193,269,127,142,99,48,51
4711,valparaíso,5,valparaíso,51,casablanca,5102,18,374,186,188,271,137,134,103,49,54
4712,valparaíso,5,valparaíso,51,casablanca,5102,19,387,173,214,269,120,149,118,53,65
4713,valparaíso,5,valparaíso,51,casablanca,5102,20,385,192,193,265,127,138,120,65,55
4714,valparaíso,5,valparaíso,51,casablanca,5102,21,393,208,185,285,149,136,108,59,49
4715,valparaíso,5,valparaíso,51,casablanca,5102,22,420,228,192,302,169,133,118,59,59
4716,valparaíso,5,valparaíso,51,casablanca,5102,23,402,216,186,291,157,134,111,59,52
4717,valparaíso,5,valparaíso,51,casablanca,5102,24,404,216,188,292,161,131,112,55,57
4718,valparaíso,5,valparaíso,51,casablanca,5102,25,428,235,193,307,165,142,121,70,51
4719,valparaíso,5,valparaíso,51,casablanca,5102,26,436,230,206,323,174,149,113,56,57
4720,valparaíso,5,valparaíso,51,casablanca,5102,27,420,207,213,289,142,147,131,65,66
4721,valparaíso,5,valparaíso,51,casablanca,5102,28,427,215,212,299,150,149,128,65,63
4722,valparaíso,5,valparaíso,51,casablanca,5102,29,405,195,210,291,131,160,114,64,50
4723,valparaíso,5,valparaíso,51,casablanca,5102,30,385,182,203,271,125,146,114,57,57
4724,valparaíso,5,valparaíso,51,casablanca,5102,31,359,185,174,248,133,115,111,52,59
4725,valparaíso,5,valparaíso,51,casablanca,5102,32,353,181,172,241,117,124,112,64,48
4726,valparaíso,5,valparaíso,51,casablanca,5102,33,369,174,195,254,121,133,115,53,62
4727,valparaíso,5,valparaíso,51,casablanca,5102,34,336,160,176,222,100,122,114,60,54
4728,valparaíso,5,valparaíso,51,casablanca,5102,35,393,183,210,269,124,145,124,59,65
4729,valparaíso,5,valparaíso,51,casablanca,5102,36,357,186,171,238,112,126,119,74,45
4730,valparaíso,5,valparaíso,51,casablanca,5102,37,394,187,207,264,128,136,130,59,71
4731,valparaíso,5,valparaíso,51,casablanca,5102,38,336,157,179,201,103,98,135,54,81
4732,valparaíso,5,valparaíso,51,casablanca,5102,39,331,165,166,225,104,121,106,61,45
4733,valparaíso,5,valparaíso,51,casablanca,5102,40,336,160,176,219,93,126,117,67,50
4734,valparaíso,5,valparaíso,51,casablanca,5102,41,387,208,179,261,133,128,126,75,51
4735,valparaíso,5,valparaíso,51,casablanca,5102,42,360,183,177,234,110,124,126,73,53
4736,valparaíso,5,valparaíso,51,casablanca,5102,43,396,198,198,276,128,148,120,70,50
4737,valparaíso,5,valparaíso,51,casablanca,5102,44,378,185,193,253,115,138,125,70,55
4738,valparaíso,5,valparaíso,51,casablanca,5102,45,363,174,189,240,114,126,123,60,63
4739,valparaíso,5,valparaíso,51,casablanca,5102,46,381,202,179,280,143,137,101,59,42
4740,valparaíso,5,valparaíso,51,casablanca,5102,47,366,183,183,248,121,127,118,62,56
4741,valparaíso,5,valparaíso,51,casablanca,5102,48,370,184,186,247,117,130,123,67,56
4742,valparaíso,5,valparaíso,51,casablanca,5102,49,381,187,194,241,121,120,140,66,74
4743,valparaíso,5,valparaíso,51,casablanca,5102,50,407,194,213,270,128,142,137,66,71
4744,valparaíso,5,valparaíso,51,casablanca,5102,51,370,183,187,254,124,130,116,59,57
4745,valparaíso,5,valparaíso,51,casablanca,5102,52,392,189,203,236,93,143,156,96,60
4746,valparaíso,5,valparaíso,51,casablanca,5102,53,347,172,175,233,105,128,114,67,47
4747,valparaíso,5,valparaíso,51,casablanca,5102,54,404,229,175,242,134,108,162,95,67
4748,valparaíso,5,valparaíso,51,casablanca,5102,55,360,187,173,218,109,109,142,78,64
4749,valparaíso,5,valparaíso,51,casablanca,5102,56,345,175,170,217,112,105,128,63,65
4750,valparaíso,5,valparaíso,51,casablanca,5102,57,344,162,182,212,96,116,132,66,66
4751,valparaíso,5,valparaíso,51,casablanca,5102,58,340,166,174,209,97,112,131,69,62
4752,valparaíso,5,valparaíso,51,casablanca,5102,59,311,162,149,187,89,98,124,73,51
4753,valparaíso,5,valparaíso,51,casablanca,5102,60,267,126,141,154,64,90,113,62,51
4754,valparaíso,5,valparaíso,51,casablanca,5102,61,262,147,115,154,88,66,108,59,49
4755,valparaíso,5,valparaíso,51,casablanca,5102,62,235,114,121,153,70,83,82,44,38
4756,valparaíso,5,valparaíso,51,casablanca,5102,63,247,113,134,156,69,87,91,44,47
4757,valparaíso,5,valparaíso,51,casablanca,5102,64,237,105,132,147,60,87,90,45,45
4758,valparaíso,5,valparaíso,51,casablanca,5102,65,246,122,124,148,72,76,98,50,48
4759,valparaíso,5,valparaíso,51,casablanca,5102,66,215,108,107,132,65,67,83,43,40
4760,valparaíso,5,valparaíso,51,casablanca,5102,67,203,99,104,126,58,68,77,41,36
4761,valparaíso,5,valparaíso,51,casablanca,5102,68,186,81,105,101,41,60,85,40,45
4762,valparaíso,5,valparaíso,51,casablanca,5102,69,170,85,85,101,48,53,69,37,32
4763,valparaíso,5,valparaíso,51,casablanca,5102,70,155,69,86,88,33,55,67,36,31
4764,valparaíso,5,valparaíso,51,casablanca,5102,71,168,87,81,95,43,52,73,44,29
4765,valparaíso,5,valparaíso,51,casablanca,5102,72,147,76,71,88,37,51,59,39,20
4766,valparaíso,5,valparaíso,51,casablanca,5102,73,155,69,86,91,36,55,64,33,31
4767,valparaíso,5,valparaíso,51,casablanca,5102,74,159,67,92,101,37,64,58,30,28
4768,valparaíso,5,valparaíso,51,casablanca,5102,75,166,74,92,98,41,57,68,33,35
4769,valparaíso,5,valparaíso,51,casablanca,5102,76,118,58,60,67,34,33,51,24,27
4770,valparaíso,5,valparaíso,51,casablanca,5102,77,133,61,72,75,26,49,58,35,23
4771,valparaíso,5,valparaíso,51,casablanca,5102,78,124,68,56,78,42,36,46,26,20
4772,valparaíso,5,valparaíso,51,casablanca,5102,79,91,43,48,53,26,27,38,17,21
4773,valparaíso,5,valparaíso,51,casablanca,5102,80,107,50,57,68,31,37,39,19,20
4774,valparaíso,5,valparaíso,51,casablanca,5102,81,88,44,44,54,25,29,34,19,15
4775,valparaíso,5,valparaíso,51,casablanca,5102,82,80,33,47,49,13,36,31,20,11
4776,valparaíso,5,valparaíso,51,casablanca,5102,83,90,42,48,61,22,39,29,20,9
4777,valparaíso,5,valparaíso,51,casablanca,5102,84,65,20,45,43,10,33,22,10,12
4778,valparaíso,5,valparaíso,51,casablanca,5102,85,58,23,35,38,16,22,20,7,13
4779,valparaíso,5,valparaíso,51,casablanca,5102,86,51,23,28,33,13,20,18,10,8
4780,valparaíso,5,valparaíso,51,casablanca,5102,87,48,14,34,38,12,26,10,2,8
4781,valparaíso,5,valparaíso,51,casablanca,5102,88,53,26,27,37,17,20,16,9,7
4782,valparaíso,5,valparaíso,51,casablanca,5102,89,39,15,24,28,12,16,11,3,8
4783,valparaíso,5,valparaíso,51,casablanca,5102,90,36,15,21,24,10,14,12,5,7
4784,valparaíso,5,valparaíso,51,casablanca,5102,91,23,6,17,19,5,14,4,1,3
4785,valparaíso,5,valparaíso,51,casablanca,5102,92,12,7,5,7,6,1,5,1,4
4786,valparaíso,5,valparaíso,51,casablanca,5102,93,13,4,9,9,3,6,4,1,3
4787,valparaíso,5,valparaíso,51,casablanca,5102,94,9,4,5,6,3,3,3,1,2
4788,valparaíso,5,valparaíso,51,casablanca,5102,95,12,6,6,8,5,3,4,1,3
4789,valparaíso,5,valparaíso,51,casablanca,5102,96,10,4,6,7,3,4,3,1,2
4790,valparaíso,5,valparaíso,51,casablanca,5102,97,5,1,4,4,1,3,1,0,1
4791,valparaíso,5,valparaíso,51,casablanca,5102,98,5,2,3,4,1,3,1,1,0
4792,valparaíso,5,valparaíso,51,casablanca,5102,99,3,0,3,2,0,2,1,0,1
4793,valparaíso,5,valparaíso,51,casablanca,5102,100 o más,9,1,8,4,0,4,5,1,4
4794,valparaíso,5,valparaíso,51,concón,5103,total comuna,42152,20321,21831,39409,18818,20591,2743,1503,1240
4795,valparaíso,5,valparaíso,51,concón,5103,0,498,252,246,454,229,225,44,23,21
4796,valparaíso,5,valparaíso,51,concón,5103,1,533,280,253,503,263,240,30,17,13
4797,valparaíso,5,valparaíso,51,concón,5103,2,532,267,265,499,249,250,33,18,15
4798,valparaíso,5,valparaíso,51,concón,5103,3,513,261,252,479,243,236,34,18,16
4799,valparaíso,5,valparaíso,51,concón,5103,4,550,269,281,504,244,260,46,25,21
4800,valparaíso,5,valparaíso,51,concón,5103,5,595,298,297,547,272,275,48,26,22
4801,valparaíso,5,valparaíso,51,concón,5103,6,536,272,264,498,253,245,38,19,19
4802,valparaíso,5,valparaíso,51,concón,5103,7,580,314,266,540,292,248,40,22,18
4803,valparaíso,5,valparaíso,51,concón,5103,8,588,315,273,549,300,249,39,15,24
4804,valparaíso,5,valparaíso,51,concón,5103,9,557,274,283,523,259,264,34,15,19
4805,valparaíso,5,valparaíso,51,concón,5103,10,558,312,246,515,287,228,43,25,18
4806,valparaíso,5,valparaíso,51,concón,5103,11,502,251,251,475,237,238,27,14,13
4807,valparaíso,5,valparaíso,51,concón,5103,12,504,265,239,478,250,228,26,15,11
4808,valparaíso,5,valparaíso,51,concón,5103,13,575,302,273,538,281,257,37,21,16
4809,valparaíso,5,valparaíso,51,concón,5103,14,583,309,274,539,285,254,44,24,20
4810,valparaíso,5,valparaíso,51,concón,5103,15,597,286,311,555,267,288,42,19,23
4811,valparaíso,5,valparaíso,51,concón,5103,16,648,329,319,607,308,299,41,21,20
4812,valparaíso,5,valparaíso,51,concón,5103,17,689,325,364,645,307,338,44,18,26
4813,valparaíso,5,valparaíso,51,concón,5103,18,657,335,322,614,315,299,43,20,23
4814,valparaíso,5,valparaíso,51,concón,5103,19,677,346,331,623,308,315,54,38,16
4815,valparaíso,5,valparaíso,51,concón,5103,20,726,404,322,669,361,308,57,43,14
4816,valparaíso,5,valparaíso,51,concón,5103,21,686,356,330,617,309,308,69,47,22
4817,valparaíso,5,valparaíso,51,concón,5103,22,705,391,314,647,350,297,58,41,17
4818,valparaíso,5,valparaíso,51,concón,5103,23,677,354,323,623,313,310,54,41,13
4819,valparaíso,5,valparaíso,51,concón,5103,24,623,320,303,566,280,286,57,40,17
4820,valparaíso,5,valparaíso,51,concón,5103,25,665,348,317,606,310,296,59,38,21
4821,valparaíso,5,valparaíso,51,concón,5103,26,646,313,333,592,287,305,54,26,28
4822,valparaíso,5,valparaíso,51,concón,5103,27,680,346,334,625,313,312,55,33,22
4823,valparaíso,5,valparaíso,51,concón,5103,28,665,322,343,612,288,324,53,34,19
4824,valparaíso,5,valparaíso,51,concón,5103,29,583,279,304,541,257,284,42,22,20
4825,valparaíso,5,valparaíso,51,concón,5103,30,581,298,283,538,269,269,43,29,14
4826,valparaíso,5,valparaíso,51,concón,5103,31,499,238,261,469,224,245,30,14,16
4827,valparaíso,5,valparaíso,51,concón,5103,32,538,276,262,506,256,250,32,20,12
4828,valparaíso,5,valparaíso,51,concón,5103,33,499,262,237,464,242,222,35,20,15
4829,valparaíso,5,valparaíso,51,concón,5103,34,589,269,320,554,250,304,35,19,16
4830,valparaíso,5,valparaíso,51,concón,5103,35,555,258,297,503,231,272,52,27,25
4831,valparaíso,5,valparaíso,51,concón,5103,36,534,250,284,503,233,270,31,17,14
4832,valparaíso,5,valparaíso,51,concón,5103,37,570,289,281,530,275,255,40,14,26
4833,valparaíso,5,valparaíso,51,concón,5103,38,537,245,292,503,225,278,34,20,14
4834,valparaíso,5,valparaíso,51,concón,5103,39,471,228,243,436,209,227,35,19,16
4835,valparaíso,5,valparaíso,51,concón,5103,40,559,248,311,525,233,292,34,15,19
4836,valparaíso,5,valparaíso,51,concón,5103,41,576,272,304,532,246,286,44,26,18
4837,valparaíso,5,valparaíso,51,concón,5103,42,564,257,307,532,244,288,32,13,19
4838,valparaíso,5,valparaíso,51,concón,5103,43,601,271,330,572,253,319,29,18,11
4839,valparaíso,5,valparaíso,51,concón,5103,44,564,259,305,523,242,281,41,17,24
4840,valparaíso,5,valparaíso,51,concón,5103,45,612,295,317,569,274,295,43,21,22
4841,valparaíso,5,valparaíso,51,concón,5103,46,581,255,326,539,236,303,42,19,23
4842,valparaíso,5,valparaíso,51,concón,5103,47,532,263,269,502,248,254,30,15,15
4843,valparaíso,5,valparaíso,51,concón,5103,48,584,284,300,547,258,289,37,26,11
4844,valparaíso,5,valparaíso,51,concón,5103,49,590,257,333,555,239,316,35,18,17
4845,valparaíso,5,valparaíso,51,concón,5103,50,591,271,320,547,254,293,44,17,27
4846,valparaíso,5,valparaíso,51,concón,5103,51,603,279,324,570,261,309,33,18,15
4847,valparaíso,5,valparaíso,51,concón,5103,52,637,302,335,602,284,318,35,18,17
4848,valparaíso,5,valparaíso,51,concón,5103,53,618,286,332,582,268,314,36,18,18
4849,valparaíso,5,valparaíso,51,concón,5103,54,630,300,330,595,281,314,35,19,16
4850,valparaíso,5,valparaíso,51,concón,5103,55,580,259,321,545,241,304,35,18,17
4851,valparaíso,5,valparaíso,51,concón,5103,56,557,251,306,530,239,291,27,12,15
4852,valparaíso,5,valparaíso,51,concón,5103,57,570,277,293,538,256,282,32,21,11
4853,valparaíso,5,valparaíso,51,concón,5103,58,532,238,294,502,222,280,30,16,14
4854,valparaíso,5,valparaíso,51,concón,5103,59,515,224,291,483,209,274,32,15,17
4855,valparaíso,5,valparaíso,51,concón,5103,60,513,244,269,492,234,258,21,10,11
4856,valparaíso,5,valparaíso,51,concón,5103,61,466,203,263,436,192,244,30,11,19
4857,valparaíso,5,valparaíso,51,concón,5103,62,406,181,225,382,168,214,24,13,11
4858,valparaíso,5,valparaíso,51,concón,5103,63,393,189,204,370,174,196,23,15,8
4859,valparaíso,5,valparaíso,51,concón,5103,64,382,174,208,358,162,196,24,12,12
4860,valparaíso,5,valparaíso,51,concón,5103,65,345,146,199,324,136,188,21,10,11
4861,valparaíso,5,valparaíso,51,concón,5103,66,296,150,146,284,146,138,12,4,8
4862,valparaíso,5,valparaíso,51,concón,5103,67,327,156,171,311,145,166,16,11,5
4863,valparaíso,5,valparaíso,51,concón,5103,68,324,139,185,309,130,179,15,9,6
4864,valparaíso,5,valparaíso,51,concón,5103,69,292,127,165,272,112,160,20,15,5
4865,valparaíso,5,valparaíso,51,concón,5103,70,317,137,180,310,134,176,7,3,4
4866,valparaíso,5,valparaíso,51,concón,5103,71,257,118,139,242,109,133,15,9,6
4867,valparaíso,5,valparaíso,51,concón,5103,72,270,126,144,260,122,138,10,4,6
4868,valparaíso,5,valparaíso,51,concón,5103,73,240,116,124,230,113,117,10,3,7
4869,valparaíso,5,valparaíso,51,concón,5103,74,239,103,136,225,95,130,14,8,6
4870,valparaíso,5,valparaíso,51,concón,5103,75,216,87,129,206,83,123,10,4,6
4871,valparaíso,5,valparaíso,51,concón,5103,76,195,88,107,187,84,103,8,4,4
4872,valparaíso,5,valparaíso,51,concón,5103,77,167,56,111,163,54,109,4,2,2
4873,valparaíso,5,valparaíso,51,concón,5103,78,165,69,96,162,68,94,3,1,2
4874,valparaíso,5,valparaíso,51,concón,5103,79,146,55,91,140,53,87,6,2,4
4875,valparaíso,5,valparaíso,51,concón,5103,80,160,70,90,159,69,90,1,1,0
4876,valparaíso,5,valparaíso,51,concón,5103,81,101,46,55,99,45,54,2,1,1
4877,valparaíso,5,valparaíso,51,concón,5103,82,119,51,68,114,49,65,5,2,3
4878,valparaíso,5,valparaíso,51,concón,5103,83,105,37,68,96,33,63,9,4,5
4879,valparaíso,5,valparaíso,51,concón,5103,84,111,35,76,108,34,74,3,1,2
4880,valparaíso,5,valparaíso,51,concón,5103,85,82,36,46,79,33,46,3,3,0
4881,valparaíso,5,valparaíso,51,concón,5103,86,74,25,49,74,25,49,0,0,0
4882,valparaíso,5,valparaíso,51,concón,5103,87,64,20,44,64,20,44,0,0,0
4883,valparaíso,5,valparaíso,51,concón,5103,88,63,20,43,60,19,41,3,1,2
4884,valparaíso,5,valparaíso,51,concón,5103,89,47,16,31,46,15,31,1,1,0
4885,valparaíso,5,valparaíso,51,concón,5103,90,36,13,23,34,12,22,2,1,1
4886,valparaíso,5,valparaíso,51,concón,5103,91,38,7,31,37,7,30,1,0,1
4887,valparaíso,5,valparaíso,51,concón,5103,92,33,6,27,32,6,26,1,0,1
4888,valparaíso,5,valparaíso,51,concón,5103,93,17,8,9,16,7,9,1,1,0
4889,valparaíso,5,valparaíso,51,concón,5103,94,13,3,10,13,3,10,0,0,0
4890,valparaíso,5,valparaíso,51,concón,5103,95,12,5,7,12,5,7,0,0,0
4891,valparaíso,5,valparaíso,51,concón,5103,96,9,0,9,9,0,9,0,0,0
4892,valparaíso,5,valparaíso,51,concón,5103,97,4,1,3,4,1,3,0,0,0
4893,valparaíso,5,valparaíso,51,concón,5103,98,3,1,2,3,1,2,0,0,0
4894,valparaíso,5,valparaíso,51,concón,5103,99,4,1,3,4,1,3,0,0,0
4895,valparaíso,5,valparaíso,51,concón,5103,100 o más,4,0,4,4,0,4,0,0,0
4896,valparaíso,5,valparaíso,51,juan fernández,5104,total comuna,926,499,427,0,0,0,926,499,427
4897,valparaíso,5,valparaíso,51,juan fernández,5104,0,7,4,3,0,0,0,7,4,3
4898,valparaíso,5,valparaíso,51,juan fernández,5104,1,11,6,5,0,0,0,11,6,5
4899,valparaíso,5,valparaíso,51,juan fernández,5104,2,16,7,9,0,0,0,16,7,9
4900,valparaíso,5,valparaíso,51,juan fernández,5104,3,14,7,7,0,0,0,14,7,7
4901,valparaíso,5,valparaíso,51,juan fernández,5104,4,16,10,6,0,0,0,16,10,6
4902,valparaíso,5,valparaíso,51,juan fernández,5104,5,14,10,4,0,0,0,14,10,4
4903,valparaíso,5,valparaíso,51,juan fernández,5104,6,10,5,5,0,0,0,10,5,5
4904,valparaíso,5,valparaíso,51,juan fernández,5104,7,14,7,7,0,0,0,14,7,7
4905,valparaíso,5,valparaíso,51,juan fernández,5104,8,13,7,6,0,0,0,13,7,6
4906,valparaíso,5,valparaíso,51,juan fernández,5104,9,17,8,9,0,0,0,17,8,9
4907,valparaíso,5,valparaíso,51,juan fernández,5104,10,15,8,7,0,0,0,15,8,7
4908,valparaíso,5,valparaíso,51,juan fernández,5104,11,13,5,8,0,0,0,13,5,8
4909,valparaíso,5,valparaíso,51,juan fernández,5104,12,14,6,8,0,0,0,14,6,8
4910,valparaíso,5,valparaíso,51,juan fernández,5104,13,5,3,2,0,0,0,5,3,2
4911,valparaíso,5,valparaíso,51,juan fernández,5104,14,12,6,6,0,0,0,12,6,6
4912,valparaíso,5,valparaíso,51,juan fernández,5104,15,11,3,8,0,0,0,11,3,8
4913,valparaíso,5,valparaíso,51,juan fernández,5104,16,11,3,8,0,0,0,11,3,8
4914,valparaíso,5,valparaíso,51,juan fernández,5104,17,9,3,6,0,0,0,9,3,6
4915,valparaíso,5,valparaíso,51,juan fernández,5104,18,4,4,0,0,0,0,4,4,0
4916,valparaíso,5,valparaíso,51,juan fernández,5104,19,9,7,2,0,0,0,9,7,2
4917,valparaíso,5,valparaíso,51,juan fernández,5104,20,2,1,1,0,0,0,2,1,1
4918,valparaíso,5,valparaíso,51,juan fernández,5104,21,5,3,2,0,0,0,5,3,2
4919,valparaíso,5,valparaíso,51,juan fernández,5104,22,9,6,3,0,0,0,9,6,3
4920,valparaíso,5,valparaíso,51,juan fernández,5104,23,3,3,0,0,0,0,3,3,0
4921,valparaíso,5,valparaíso,51,juan fernández,5104,24,13,7,6,0,0,0,13,7,6
4922,valparaíso,5,valparaíso,51,juan fernández,5104,25,15,7,8,0,0,0,15,7,8
4923,valparaíso,5,valparaíso,51,juan fernández,5104,26,18,11,7,0,0,0,18,11,7
4924,valparaíso,5,valparaíso,51,juan fernández,5104,27,21,14,7,0,0,0,21,14,7
4925,valparaíso,5,valparaíso,51,juan fernández,5104,28,21,11,10,0,0,0,21,11,10
4926,valparaíso,5,valparaíso,51,juan fernández,5104,29,20,11,9,0,0,0,20,11,9
4927,valparaíso,5,valparaíso,51,juan fernández,5104,30,20,10,10,0,0,0,20,10,10
4928,valparaíso,5,valparaíso,51,juan fernández,5104,31,30,11,19,0,0,0,30,11,19
4929,valparaíso,5,valparaíso,51,juan fernández,5104,32,22,15,7,0,0,0,22,15,7
4930,valparaíso,5,valparaíso,51,juan fernández,5104,33,15,11,4,0,0,0,15,11,4
4931,valparaíso,5,valparaíso,51,juan fernández,5104,34,13,5,8,0,0,0,13,5,8
4932,valparaíso,5,valparaíso,51,juan fernández,5104,35,22,12,10,0,0,0,22,12,10
4933,valparaíso,5,valparaíso,51,juan fernández,5104,36,16,7,9,0,0,0,16,7,9
4934,valparaíso,5,valparaíso,51,juan fernández,5104,37,15,8,7,0,0,0,15,8,7
4935,valparaíso,5,valparaíso,51,juan fernández,5104,38,14,7,7,0,0,0,14,7,7
4936,valparaíso,5,valparaíso,51,juan fernández,5104,39,17,11,6,0,0,0,17,11,6
4937,valparaíso,5,valparaíso,51,juan fernández,5104,40,15,10,5,0,0,0,15,10,5
4938,valparaíso,5,valparaíso,51,juan fernández,5104,41,13,7,6,0,0,0,13,7,6
4939,valparaíso,5,valparaíso,51,juan fernández,5104,42,11,5,6,0,0,0,11,5,6
4940,valparaíso,5,valparaíso,51,juan fernández,5104,43,10,6,4,0,0,0,10,6,4
4941,valparaíso,5,valparaíso,51,juan fernández,5104,44,16,9,7,0,0,0,16,9,7
4942,valparaíso,5,valparaíso,51,juan fernández,5104,45,12,10,2,0,0,0,12,10,2
4943,valparaíso,5,valparaíso,51,juan fernández,5104,46,15,8,7,0,0,0,15,8,7
4944,valparaíso,5,valparaíso,51,juan fernández,5104,47,10,5,5,0,0,0,10,5,5
4945,valparaíso,5,valparaíso,51,juan fernández,5104,48,9,6,3,0,0,0,9,6,3
4946,valparaíso,5,valparaíso,51,juan fernández,5104,49,15,9,6,0,0,0,15,9,6
4947,valparaíso,5,valparaíso,51,juan fernández,5104,50,11,4,7,0,0,0,11,4,7
4948,valparaíso,5,valparaíso,51,juan fernández,5104,51,11,7,4,0,0,0,11,7,4
4949,valparaíso,5,valparaíso,51,juan fernández,5104,52,10,9,1,0,0,0,10,9,1
4950,valparaíso,5,valparaíso,51,juan fernández,5104,53,18,7,11,0,0,0,18,7,11
4951,valparaíso,5,valparaíso,51,juan fernández,5104,54,12,7,5,0,0,0,12,7,5
4952,valparaíso,5,valparaíso,51,juan fernández,5104,55,4,1,3,0,0,0,4,1,3
4953,valparaíso,5,valparaíso,51,juan fernández,5104,56,11,5,6,0,0,0,11,5,6
4954,valparaíso,5,valparaíso,51,juan fernández,5104,57,10,4,6,0,0,0,10,4,6
4955,valparaíso,5,valparaíso,51,juan fernández,5104,58,18,9,9,0,0,0,18,9,9
4956,valparaíso,5,valparaíso,51,juan fernández,5104,59,13,6,7,0,0,0,13,6,7
4957,valparaíso,5,valparaíso,51,juan fernández,5104,60,12,6,6,0,0,0,12,6,6
4958,valparaíso,5,valparaíso,51,juan fernández,5104,61,13,7,6,0,0,0,13,7,6
4959,valparaíso,5,valparaíso,51,juan fernández,5104,62,10,7,3,0,0,0,10,7,3
4960,valparaíso,5,valparaíso,51,juan fernández,5104,63,6,3,3,0,0,0,6,3,3
4961,valparaíso,5,valparaíso,51,juan fernández,5104,64,15,7,8,0,0,0,15,7,8
4962,valparaíso,5,valparaíso,51,juan fernández,5104,65,12,9,3,0,0,0,12,9,3
4963,valparaíso,5,valparaíso,51,juan fernández,5104,66,8,5,3,0,0,0,8,5,3
4964,valparaíso,5,valparaíso,51,juan fernández,5104,67,6,3,3,0,0,0,6,3,3
4965,valparaíso,5,valparaíso,51,juan fernández,5104,68,4,3,1,0,0,0,4,3,1
4966,valparaíso,5,valparaíso,51,juan fernández,5104,69,3,3,0,0,0,0,3,3,0
4967,valparaíso,5,valparaíso,51,juan fernández,5104,70,1,0,1,0,0,0,1,0,1
4968,valparaíso,5,valparaíso,51,juan fernández,5104,71,5,2,3,0,0,0,5,2,3
4969,valparaíso,5,valparaíso,51,juan fernández,5104,72,2,1,1,0,0,0,2,1,1
4970,valparaíso,5,valparaíso,51,juan fernández,5104,73,7,5,2,0,0,0,7,5,2
4971,valparaíso,5,valparaíso,51,juan fernández,5104,74,3,1,2,0,0,0,3,1,2
4972,valparaíso,5,valparaíso,51,juan fernández,5104,75,1,1,0,0,0,0,1,1,0
4973,valparaíso,5,valparaíso,51,juan fernández,5104,76,5,3,2,0,0,0,5,3,2
4974,valparaíso,5,valparaíso,51,juan fernández,5104,77,5,1,4,0,0,0,5,1,4
4975,valparaíso,5,valparaíso,51,juan fernández,5104,78,3,0,3,0,0,0,3,0,3
4976,valparaíso,5,valparaíso,51,juan fernández,5104,79,1,0,1,0,0,0,1,0,1
4977,valparaíso,5,valparaíso,51,juan fernández,5104,80,0,0,0,0,0,0,0,0,0
4978,valparaíso,5,valparaíso,51,juan fernández,5104,81,0,0,0,0,0,0,0,0,0
4979,valparaíso,5,valparaíso,51,juan fernández,5104,82,3,2,1,0,0,0,3,2,1
4980,valparaíso,5,valparaíso,51,juan fernández,5104,83,1,1,0,0,0,0,1,1,0
4981,valparaíso,5,valparaíso,51,juan fernández,5104,84,1,1,0,0,0,0,1,1,0
4982,valparaíso,5,valparaíso,51,juan fernández,5104,85,1,0,1,0,0,0,1,0,1
4983,valparaíso,5,valparaíso,51,juan fernández,5104,86,2,1,1,0,0,0,2,1,1
4984,valparaíso,5,valparaíso,51,juan fernández,5104,87,2,2,0,0,0,0,2,2,0
4985,valparaíso,5,valparaíso,51,juan fernández,5104,88,0,0,0,0,0,0,0,0,0
4986,valparaíso,5,valparaíso,51,juan fernández,5104,89,0,0,0,0,0,0,0,0,0
4987,valparaíso,5,valparaíso,51,juan fernández,5104,90,0,0,0,0,0,0,0,0,0
4988,valparaíso,5,valparaíso,51,juan fernández,5104,91,1,0,1,0,0,0,1,0,1
4989,valparaíso,5,valparaíso,51,juan fernández,5104,92,1,0,1,0,0,0,1,0,1
4990,valparaíso,5,valparaíso,51,juan fernández,5104,93,0,0,0,0,0,0,0,0,0
4991,valparaíso,5,valparaíso,51,juan fernández,5104,94,1,0,1,0,0,0,1,0,1
4992,valparaíso,5,valparaíso,51,juan fernández,5104,95,0,0,0,0,0,0,0,0,0
4993,valparaíso,5,valparaíso,51,juan fernández,5104,96,0,0,0,0,0,0,0,0,0
4994,valparaíso,5,valparaíso,51,juan fernández,5104,97,0,0,0,0,0,0,0,0,0
4995,valparaíso,5,valparaíso,51,juan fernández,5104,98,0,0,0,0,0,0,0,0,0
4996,valparaíso,5,valparaíso,51,juan fernández,5104,99,0,0,0,0,0,0,0,0,0
4997,valparaíso,5,valparaíso,51,juan fernández,5104,100 o más,1,1,0,0,0,0,1,1,0
4998,valparaíso,5,valparaíso,51,puchuncaví,5105,total comuna,18546,9358,9188,15859,7961,7898,2687,1397,1290
4999,valparaíso,5,valparaíso,51,puchuncaví,5105,0,210,107,103,181,93,88,29,14,15
5000,valparaíso,5,valparaíso,51,puchuncaví,5105,1,254,118,136,221,101,120,33,17,16
5001,valparaíso,5,valparaíso,51,puchuncaví,5105,2,238,131,107,208,117,91,30,14,16
5002,valparaíso,5,valparaíso,51,puchuncaví,5105,3,264,135,129,227,118,109,37,17,20
5003,valparaíso,5,valparaíso,51,puchuncaví,5105,4,248,131,117,205,113,92,43,18,25
5004,valparaíso,5,valparaíso,51,puchuncaví,5105,5,214,106,108,181,93,88,33,13,20
5005,valparaíso,5,valparaíso,51,puchuncaví,5105,6,292,166,126,257,148,109,35,18,17
5006,valparaíso,5,valparaíso,51,puchuncaví,5105,7,235,131,104,191,103,88,44,28,16
5007,valparaíso,5,valparaíso,51,puchuncaví,5105,8,264,128,136,223,112,111,41,16,25
5008,valparaíso,5,valparaíso,51,puchuncaví,5105,9,262,134,128,227,120,107,35,14,21
5009,valparaíso,5,valparaíso,51,puchuncaví,5105,10,248,127,121,210,107,103,38,20,18
5010,valparaíso,5,valparaíso,51,puchuncaví,5105,11,256,132,124,215,111,104,41,21,20
5011,valparaíso,5,valparaíso,51,puchuncaví,5105,12,230,123,107,197,105,92,33,18,15
5012,valparaíso,5,valparaíso,51,puchuncaví,5105,13,229,133,96,198,115,83,31,18,13
5013,valparaíso,5,valparaíso,51,puchuncaví,5105,14,244,121,123,203,98,105,41,23,18
5014,valparaíso,5,valparaíso,51,puchuncaví,5105,15,245,129,116,217,117,100,28,12,16
5015,valparaíso,5,valparaíso,51,puchuncaví,5105,16,235,113,122,203,92,111,32,21,11
5016,valparaíso,5,valparaíso,51,puchuncaví,5105,17,243,131,112,203,107,96,40,24,16
5017,valparaíso,5,valparaíso,51,puchuncaví,5105,18,229,124,105,207,112,95,22,12,10
5018,valparaíso,5,valparaíso,51,puchuncaví,5105,19,211,102,109,181,85,96,30,17,13
5019,valparaíso,5,valparaíso,51,puchuncaví,5105,20,221,120,101,195,104,91,26,16,10
5020,valparaíso,5,valparaíso,51,puchuncaví,5105,21,244,127,117,214,111,103,30,16,14
5021,valparaíso,5,valparaíso,51,puchuncaví,5105,22,259,127,132,225,111,114,34,16,18
5022,valparaíso,5,valparaíso,51,puchuncaví,5105,23,244,128,116,217,113,104,27,15,12
5023,valparaíso,5,valparaíso,51,puchuncaví,5105,24,268,149,119,235,134,101,33,15,18
5024,valparaíso,5,valparaíso,51,puchuncaví,5105,25,274,139,135,236,112,124,38,27,11
5025,valparaíso,5,valparaíso,51,puchuncaví,5105,26,287,125,162,252,107,145,35,18,17
5026,valparaíso,5,valparaíso,51,puchuncaví,5105,27,272,143,129,244,132,112,28,11,17
5027,valparaíso,5,valparaíso,51,puchuncaví,5105,28,267,128,139,233,110,123,34,18,16
5028,valparaíso,5,valparaíso,51,puchuncaví,5105,29,233,115,118,205,101,104,28,14,14
5029,valparaíso,5,valparaíso,51,puchuncaví,5105,30,239,132,107,204,114,90,35,18,17
5030,valparaíso,5,valparaíso,51,puchuncaví,5105,31,254,134,120,219,115,104,35,19,16
5031,valparaíso,5,valparaíso,51,puchuncaví,5105,32,254,149,105,213,122,91,41,27,14
5032,valparaíso,5,valparaíso,51,puchuncaví,5105,33,251,107,144,202,87,115,49,20,29
5033,valparaíso,5,valparaíso,51,puchuncaví,5105,34,267,148,119,226,125,101,41,23,18
5034,valparaíso,5,valparaíso,51,puchuncaví,5105,35,282,139,143,246,122,124,36,17,19
5035,valparaíso,5,valparaíso,51,puchuncaví,5105,36,228,107,121,205,101,104,23,6,17
5036,valparaíso,5,valparaíso,51,puchuncaví,5105,37,216,114,102,182,94,88,34,20,14
5037,valparaíso,5,valparaíso,51,puchuncaví,5105,38,231,109,122,204,97,107,27,12,15
5038,valparaíso,5,valparaíso,51,puchuncaví,5105,39,216,97,119,190,85,105,26,12,14
5039,valparaíso,5,valparaíso,51,puchuncaví,5105,40,236,118,118,208,100,108,28,18,10
5040,valparaíso,5,valparaíso,51,puchuncaví,5105,41,227,117,110,182,98,84,45,19,26
5041,valparaíso,5,valparaíso,51,puchuncaví,5105,42,256,138,118,212,115,97,44,23,21
5042,valparaíso,5,valparaíso,51,puchuncaví,5105,43,245,129,116,222,116,106,23,13,10
5043,valparaíso,5,valparaíso,51,puchuncaví,5105,44,256,125,131,222,106,116,34,19,15
5044,valparaíso,5,valparaíso,51,puchuncaví,5105,45,226,123,103,196,103,93,30,20,10
5045,valparaíso,5,valparaíso,51,puchuncaví,5105,46,253,139,114,216,122,94,37,17,20
5046,valparaíso,5,valparaíso,51,puchuncaví,5105,47,218,94,124,177,71,106,41,23,18
5047,valparaíso,5,valparaíso,51,puchuncaví,5105,48,247,136,111,204,108,96,43,28,15
5048,valparaíso,5,valparaíso,51,puchuncaví,5105,49,256,140,116,220,119,101,36,21,15
5049,valparaíso,5,valparaíso,51,puchuncaví,5105,50,258,133,125,223,117,106,35,16,19
5050,valparaíso,5,valparaíso,51,puchuncaví,5105,51,251,129,122,215,108,107,36,21,15
5051,valparaíso,5,valparaíso,51,puchuncaví,5105,52,277,138,139,229,116,113,48,22,26
5052,valparaíso,5,valparaíso,51,puchuncaví,5105,53,266,129,137,224,110,114,42,19,23
5053,valparaíso,5,valparaíso,51,puchuncaví,5105,54,256,128,128,225,113,112,31,15,16
5054,valparaíso,5,valparaíso,51,puchuncaví,5105,55,277,143,134,240,122,118,37,21,16
5055,valparaíso,5,valparaíso,51,puchuncaví,5105,56,257,134,123,226,121,105,31,13,18
5056,valparaíso,5,valparaíso,51,puchuncaví,5105,57,226,110,116,193,94,99,33,16,17
5057,valparaíso,5,valparaíso,51,puchuncaví,5105,58,255,129,126,210,102,108,45,27,18
5058,valparaíso,5,valparaíso,51,puchuncaví,5105,59,232,109,123,197,90,107,35,19,16
5059,valparaíso,5,valparaíso,51,puchuncaví,5105,60,223,105,118,190,87,103,33,18,15
5060,valparaíso,5,valparaíso,51,puchuncaví,5105,61,228,110,118,186,92,94,42,18,24
5061,valparaíso,5,valparaíso,51,puchuncaví,5105,62,204,110,94,164,82,82,40,28,12
5062,valparaíso,5,valparaíso,51,puchuncaví,5105,63,202,86,116,173,72,101,29,14,15
5063,valparaíso,5,valparaíso,51,puchuncaví,5105,64,184,95,89,153,77,76,31,18,13
5064,valparaíso,5,valparaíso,51,puchuncaví,5105,65,184,82,102,152,69,83,32,13,19
5065,valparaíso,5,valparaíso,51,puchuncaví,5105,66,193,86,107,164,73,91,29,13,16
5066,valparaíso,5,valparaíso,51,puchuncaví,5105,67,152,83,69,131,71,60,21,12,9
5067,valparaíso,5,valparaíso,51,puchuncaví,5105,68,177,86,91,141,63,78,36,23,13
5068,valparaíso,5,valparaíso,51,puchuncaví,5105,69,166,84,82,139,71,68,27,13,14
5069,valparaíso,5,valparaíso,51,puchuncaví,5105,70,161,89,72,134,74,60,27,15,12
5070,valparaíso,5,valparaíso,51,puchuncaví,5105,71,150,65,85,124,53,71,26,12,14
5071,valparaíso,5,valparaíso,51,puchuncaví,5105,72,132,67,65,108,53,55,24,14,10
5072,valparaíso,5,valparaíso,51,puchuncaví,5105,73,129,58,71,114,52,62,15,6,9
5073,valparaíso,5,valparaíso,51,puchuncaví,5105,74,131,57,74,111,46,65,20,11,9
5074,valparaíso,5,valparaíso,51,puchuncaví,5105,75,121,52,69,98,42,56,23,10,13
5075,valparaíso,5,valparaíso,51,puchuncaví,5105,76,99,63,36,85,52,33,14,11,3
5076,valparaíso,5,valparaíso,51,puchuncaví,5105,77,86,39,47,73,33,40,13,6,7
5077,valparaíso,5,valparaíso,51,puchuncaví,5105,78,78,28,50,65,22,43,13,6,7
5078,valparaíso,5,valparaíso,51,puchuncaví,5105,79,100,55,45,85,45,40,15,10,5
5079,valparaíso,5,valparaíso,51,puchuncaví,5105,80,87,32,55,71,24,47,16,8,8
5080,valparaíso,5,valparaíso,51,puchuncaví,5105,81,88,42,46,73,33,40,15,9,6
5081,valparaíso,5,valparaíso,51,puchuncaví,5105,82,58,26,32,53,25,28,5,1,4
5082,valparaíso,5,valparaíso,51,puchuncaví,5105,83,61,27,34,48,21,27,13,6,7
5083,valparaíso,5,valparaíso,51,puchuncaví,5105,84,62,27,35,54,23,31,8,4,4
5084,valparaíso,5,valparaíso,51,puchuncaví,5105,85,45,23,22,37,18,19,8,5,3
5085,valparaíso,5,valparaíso,51,puchuncaví,5105,86,52,22,30,48,20,28,4,2,2
5086,valparaíso,5,valparaíso,51,puchuncaví,5105,87,38,15,23,33,15,18,5,0,5
5087,valparaíso,5,valparaíso,51,puchuncaví,5105,88,30,11,19,28,10,18,2,1,1
5088,valparaíso,5,valparaíso,51,puchuncaví,5105,89,17,10,7,15,9,6,2,1,1
5089,valparaíso,5,valparaíso,51,puchuncaví,5105,90,24,8,16,21,6,15,3,2,1
5090,valparaíso,5,valparaíso,51,puchuncaví,5105,91,9,4,5,8,4,4,1,0,1
5091,valparaíso,5,valparaíso,51,puchuncaví,5105,92,13,4,9,12,4,8,1,0,1
5092,valparaíso,5,valparaíso,51,puchuncaví,5105,93,9,4,5,6,2,4,3,2,1
5093,valparaíso,5,valparaíso,51,puchuncaví,5105,94,4,0,4,4,0,4,0,0,0
5094,valparaíso,5,valparaíso,51,puchuncaví,5105,95,5,1,4,4,1,3,1,0,1
5095,valparaíso,5,valparaíso,51,puchuncaví,5105,96,4,0,4,4,0,4,0,0,0
5096,valparaíso,5,valparaíso,51,puchuncaví,5105,97,5,1,4,5,1,4,0,0,0
5097,valparaíso,5,valparaíso,51,puchuncaví,5105,98,0,0,0,0,0,0,0,0,0
5098,valparaíso,5,valparaíso,51,puchuncaví,5105,99,1,0,1,1,0,1,0,0,0
5099,valparaíso,5,valparaíso,51,puchuncaví,5105,100 o más,1,1,0,1,1,0,0,0,0
5100,valparaíso,5,valparaíso,51,quintero,5107,total comuna,31923,15834,16089,26884,13255,13629,5039,2579,2460
5101,valparaíso,5,valparaíso,51,quintero,5107,0,383,194,189,333,169,164,50,25,25
5102,valparaíso,5,valparaíso,51,quintero,5107,1,471,242,229,395,201,194,76,41,35
5103,valparaíso,5,valparaíso,51,quintero,5107,2,444,231,213,371,197,174,73,34,39
5104,valparaíso,5,valparaíso,51,quintero,5107,3,428,228,200,366,194,172,62,34,28
5105,valparaíso,5,valparaíso,51,quintero,5107,4,468,227,241,395,193,202,73,34,39
5106,valparaíso,5,valparaíso,51,quintero,5107,5,434,212,222,373,179,194,61,33,28
5107,valparaíso,5,valparaíso,51,quintero,5107,6,466,245,221,384,207,177,82,38,44
5108,valparaíso,5,valparaíso,51,quintero,5107,7,495,262,233,425,223,202,70,39,31
5109,valparaíso,5,valparaíso,51,quintero,5107,8,474,264,210,397,220,177,77,44,33
5110,valparaíso,5,valparaíso,51,quintero,5107,9,454,238,216,377,193,184,77,45,32
5111,valparaíso,5,valparaíso,51,quintero,5107,10,400,196,204,324,160,164,76,36,40
5112,valparaíso,5,valparaíso,51,quintero,5107,11,427,224,203,349,183,166,78,41,37
5113,valparaíso,5,valparaíso,51,quintero,5107,12,412,200,212,333,160,173,79,40,39
5114,valparaíso,5,valparaíso,51,quintero,5107,13,440,223,217,355,175,180,85,48,37
5115,valparaíso,5,valparaíso,51,quintero,5107,14,428,238,190,361,201,160,67,37,30
5116,valparaíso,5,valparaíso,51,quintero,5107,15,437,221,216,372,190,182,65,31,34
5117,valparaíso,5,valparaíso,51,quintero,5107,16,476,229,247,406,196,210,70,33,37
5118,valparaíso,5,valparaíso,51,quintero,5107,17,472,239,233,399,194,205,73,45,28
5119,valparaíso,5,valparaíso,51,quintero,5107,18,467,218,249,397,181,216,70,37,33
5120,valparaíso,5,valparaíso,51,quintero,5107,19,468,242,226,389,197,192,79,45,34
5121,valparaíso,5,valparaíso,51,quintero,5107,20,481,234,247,416,209,207,65,25,40
5122,valparaíso,5,valparaíso,51,quintero,5107,21,464,230,234,407,202,205,57,28,29
5123,valparaíso,5,valparaíso,51,quintero,5107,22,469,242,227,414,206,208,55,36,19
5124,valparaíso,5,valparaíso,51,quintero,5107,23,487,243,244,414,207,207,73,36,37
5125,valparaíso,5,valparaíso,51,quintero,5107,24,478,255,223,420,226,194,58,29,29
5126,valparaíso,5,valparaíso,51,quintero,5107,25,429,227,202,380,203,177,49,24,25
5127,valparaíso,5,valparaíso,51,quintero,5107,26,500,275,225,440,238,202,60,37,23
5128,valparaíso,5,valparaíso,51,quintero,5107,27,473,254,219,429,231,198,44,23,21
5129,valparaíso,5,valparaíso,51,quintero,5107,28,459,225,234,397,198,199,62,27,35
5130,valparaíso,5,valparaíso,51,quintero,5107,29,404,212,192,351,186,165,53,26,27
5131,valparaíso,5,valparaíso,51,quintero,5107,30,454,237,217,398,214,184,56,23,33
5132,valparaíso,5,valparaíso,51,quintero,5107,31,419,208,211,353,179,174,66,29,37
5133,valparaíso,5,valparaíso,51,quintero,5107,32,384,183,201,332,160,172,52,23,29
5134,valparaíso,5,valparaíso,51,quintero,5107,33,428,205,223,363,174,189,65,31,34
5135,valparaíso,5,valparaíso,51,quintero,5107,34,463,233,230,381,198,183,82,35,47
5136,valparaíso,5,valparaíso,51,quintero,5107,35,409,190,219,342,161,181,67,29,38
5137,valparaíso,5,valparaíso,51,quintero,5107,36,393,187,206,327,156,171,66,31,35
5138,valparaíso,5,valparaíso,51,quintero,5107,37,393,198,195,327,162,165,66,36,30
5139,valparaíso,5,valparaíso,51,quintero,5107,38,407,201,206,337,167,170,70,34,36
5140,valparaíso,5,valparaíso,51,quintero,5107,39,401,191,210,328,158,170,73,33,40
5141,valparaíso,5,valparaíso,51,quintero,5107,40,398,201,197,325,154,171,73,47,26
5142,valparaíso,5,valparaíso,51,quintero,5107,41,402,208,194,324,175,149,78,33,45
5143,valparaíso,5,valparaíso,51,quintero,5107,42,384,186,198,311,149,162,73,37,36
5144,valparaíso,5,valparaíso,51,quintero,5107,43,421,214,207,346,174,172,75,40,35
5145,valparaíso,5,valparaíso,51,quintero,5107,44,421,203,218,318,154,164,103,49,54
5146,valparaíso,5,valparaíso,51,quintero,5107,45,447,216,231,353,178,175,94,38,56
5147,valparaíso,5,valparaíso,51,quintero,5107,46,392,222,170,308,170,138,84,52,32
5148,valparaíso,5,valparaíso,51,quintero,5107,47,372,183,189,303,145,158,69,38,31
5149,valparaíso,5,valparaíso,51,quintero,5107,48,418,215,203,340,176,164,78,39,39
5150,valparaíso,5,valparaíso,51,quintero,5107,49,434,213,221,357,170,187,77,43,34
5151,valparaíso,5,valparaíso,51,quintero,5107,50,440,226,214,363,185,178,77,41,36
5152,valparaíso,5,valparaíso,51,quintero,5107,51,417,210,207,354,176,178,63,34,29
5153,valparaíso,5,valparaíso,51,quintero,5107,52,445,214,231,355,167,188,90,47,43
5154,valparaíso,5,valparaíso,51,quintero,5107,53,422,208,214,347,169,178,75,39,36
5155,valparaíso,5,valparaíso,51,quintero,5107,54,456,224,232,379,185,194,77,39,38
5156,valparaíso,5,valparaíso,51,quintero,5107,55,443,200,243,382,164,218,61,36,25
5157,valparaíso,5,valparaíso,51,quintero,5107,56,427,205,222,340,159,181,87,46,41
5158,valparaíso,5,valparaíso,51,quintero,5107,57,407,198,209,331,164,167,76,34,42
5159,valparaíso,5,valparaíso,51,quintero,5107,58,390,175,215,318,141,177,72,34,38
5160,valparaíso,5,valparaíso,51,quintero,5107,59,361,183,178,300,152,148,61,31,30
5161,valparaíso,5,valparaíso,51,quintero,5107,60,370,191,179,304,155,149,66,36,30
5162,valparaíso,5,valparaíso,51,quintero,5107,61,332,168,164,276,137,139,56,31,25
5163,valparaíso,5,valparaíso,51,quintero,5107,62,342,157,185,282,127,155,60,30,30
5164,valparaíso,5,valparaíso,51,quintero,5107,63,296,150,146,239,117,122,57,33,24
5165,valparaíso,5,valparaíso,51,quintero,5107,64,289,130,159,241,103,138,48,27,21
5166,valparaíso,5,valparaíso,51,quintero,5107,65,295,148,147,256,126,130,39,22,17
5167,valparaíso,5,valparaíso,51,quintero,5107,66,279,117,162,233,92,141,46,25,21
5168,valparaíso,5,valparaíso,51,quintero,5107,67,260,118,142,220,102,118,40,16,24
5169,valparaíso,5,valparaíso,51,quintero,5107,68,254,124,130,206,95,111,48,29,19
5170,valparaíso,5,valparaíso,51,quintero,5107,69,247,128,119,215,114,101,32,14,18
5171,valparaíso,5,valparaíso,51,quintero,5107,70,222,112,110,189,96,93,33,16,17
5172,valparaíso,5,valparaíso,51,quintero,5107,71,248,111,137,219,92,127,29,19,10
5173,valparaíso,5,valparaíso,51,quintero,5107,72,231,99,132,209,86,123,22,13,9
5174,valparaíso,5,valparaíso,51,quintero,5107,73,213,101,112,177,76,101,36,25,11
5175,valparaíso,5,valparaíso,51,quintero,5107,74,216,94,122,202,86,116,14,8,6
5176,valparaíso,5,valparaíso,51,quintero,5107,75,212,103,109,185,89,96,27,14,13
5177,valparaíso,5,valparaíso,51,quintero,5107,76,199,88,111,177,77,100,22,11,11
5178,valparaíso,5,valparaíso,51,quintero,5107,77,183,87,96,161,75,86,22,12,10
5179,valparaíso,5,valparaíso,51,quintero,5107,78,140,71,69,128,66,62,12,5,7
5180,valparaíso,5,valparaíso,51,quintero,5107,79,121,58,63,114,55,59,7,3,4
5181,valparaíso,5,valparaíso,51,quintero,5107,80,134,55,79,120,45,75,14,10,4
5182,valparaíso,5,valparaíso,51,quintero,5107,81,98,42,56,90,40,50,8,2,6
5183,valparaíso,5,valparaíso,51,quintero,5107,82,99,43,56,86,40,46,13,3,10
5184,valparaíso,5,valparaíso,51,quintero,5107,83,88,28,60,79,25,54,9,3,6
5185,valparaíso,5,valparaíso,51,quintero,5107,84,103,37,66,94,34,60,9,3,6
5186,valparaíso,5,valparaíso,51,quintero,5107,85,72,35,37,61,32,29,11,3,8
5187,valparaíso,5,valparaíso,51,quintero,5107,86,70,32,38,65,28,37,5,4,1
5188,valparaíso,5,valparaíso,51,quintero,5107,87,71,28,43,64,25,39,7,3,4
5189,valparaíso,5,valparaíso,51,quintero,5107,88,40,16,24,39,16,23,1,0,1
5190,valparaíso,5,valparaíso,51,quintero,5107,89,34,14,20,27,11,16,7,3,4
5191,valparaíso,5,valparaíso,51,quintero,5107,90,28,13,15,25,11,14,3,2,1
5192,valparaíso,5,valparaíso,51,quintero,5107,91,29,12,17,24,11,13,5,1,4
5193,valparaíso,5,valparaíso,51,quintero,5107,92,16,3,13,16,3,13,0,0,0
5194,valparaíso,5,valparaíso,51,quintero,5107,93,12,4,8,11,4,7,1,0,1
5195,valparaíso,5,valparaíso,51,quintero,5107,94,9,0,9,8,0,8,1,0,1
5196,valparaíso,5,valparaíso,51,quintero,5107,95,11,4,7,10,4,6,1,0,1
5197,valparaíso,5,valparaíso,51,quintero,5107,96,11,2,9,11,2,9,0,0,0
5198,valparaíso,5,valparaíso,51,quintero,5107,97,5,3,2,4,2,2,1,1,0
5199,valparaíso,5,valparaíso,51,quintero,5107,98,5,1,4,3,1,2,2,0,2
5200,valparaíso,5,valparaíso,51,quintero,5107,99,0,0,0,0,0,0,0,0,0
5201,valparaíso,5,valparaíso,51,quintero,5107,100 o más,3,0,3,3,0,3,0,0,0
5202,valparaíso,5,valparaíso,51,viña del mar,5109,total comuna,334248,158669,175579,334248,158669,175579,0,0,0
5203,valparaíso,5,valparaíso,51,viña del mar,5109,0,3432,1764,1668,3432,1764,1668,0,0,0
5204,valparaíso,5,valparaíso,51,viña del mar,5109,1,3828,1940,1888,3828,1940,1888,0,0,0
5205,valparaíso,5,valparaíso,51,viña del mar,5109,2,3822,1909,1913,3822,1909,1913,0,0,0
5206,valparaíso,5,valparaíso,51,viña del mar,5109,3,3653,1872,1781,3653,1872,1781,0,0,0
5207,valparaíso,5,valparaíso,51,viña del mar,5109,4,3709,1930,1779,3709,1930,1779,0,0,0
5208,valparaíso,5,valparaíso,51,viña del mar,5109,5,3842,1970,1872,3842,1970,1872,0,0,0
5209,valparaíso,5,valparaíso,51,viña del mar,5109,6,3790,1926,1864,3790,1926,1864,0,0,0
5210,valparaíso,5,valparaíso,51,viña del mar,5109,7,3784,1896,1888,3784,1896,1888,0,0,0
5211,valparaíso,5,valparaíso,51,viña del mar,5109,8,3766,1894,1872,3766,1894,1872,0,0,0
5212,valparaíso,5,valparaíso,51,viña del mar,5109,9,3580,1783,1797,3580,1783,1797,0,0,0
5213,valparaíso,5,valparaíso,51,viña del mar,5109,10,3488,1733,1755,3488,1733,1755,0,0,0
5214,valparaíso,5,valparaíso,51,viña del mar,5109,11,3530,1836,1694,3530,1836,1694,0,0,0
5215,valparaíso,5,valparaíso,51,viña del mar,5109,12,3580,1818,1762,3580,1818,1762,0,0,0
5216,valparaíso,5,valparaíso,51,viña del mar,5109,13,3571,1840,1731,3571,1840,1731,0,0,0
5217,valparaíso,5,valparaíso,51,viña del mar,5109,14,3811,1978,1833,3811,1978,1833,0,0,0
5218,valparaíso,5,valparaíso,51,viña del mar,5109,15,4156,2100,2056,4156,2100,2056,0,0,0
5219,valparaíso,5,valparaíso,51,viña del mar,5109,16,4120,2089,2031,4120,2089,2031,0,0,0
5220,valparaíso,5,valparaíso,51,viña del mar,5109,17,4231,2147,2084,4231,2147,2084,0,0,0
5221,valparaíso,5,valparaíso,51,viña del mar,5109,18,5746,2852,2894,5746,2852,2894,0,0,0
5222,valparaíso,5,valparaíso,51,viña del mar,5109,19,6692,3489,3203,6692,3489,3203,0,0,0
5223,valparaíso,5,valparaíso,51,viña del mar,5109,20,6974,3644,3330,6974,3644,3330,0,0,0
5224,valparaíso,5,valparaíso,51,viña del mar,5109,21,6823,3478,3345,6823,3478,3345,0,0,0
5225,valparaíso,5,valparaíso,51,viña del mar,5109,22,6705,3401,3304,6705,3401,3304,0,0,0
5226,valparaíso,5,valparaíso,51,viña del mar,5109,23,6252,3261,2991,6252,3261,2991,0,0,0
5227,valparaíso,5,valparaíso,51,viña del mar,5109,24,6180,3161,3019,6180,3161,3019,0,0,0
5228,valparaíso,5,valparaíso,51,viña del mar,5109,25,6033,2971,3062,6033,2971,3062,0,0,0
5229,valparaíso,5,valparaíso,51,viña del mar,5109,26,6128,3125,3003,6128,3125,3003,0,0,0
5230,valparaíso,5,valparaíso,51,viña del mar,5109,27,5986,3081,2905,5986,3081,2905,0,0,0
5231,valparaíso,5,valparaíso,51,viña del mar,5109,28,5590,2807,2783,5590,2807,2783,0,0,0
5232,valparaíso,5,valparaíso,51,viña del mar,5109,29,5185,2618,2567,5185,2618,2567,0,0,0
5233,valparaíso,5,valparaíso,51,viña del mar,5109,30,5005,2522,2483,5005,2522,2483,0,0,0
5234,valparaíso,5,valparaíso,51,viña del mar,5109,31,4810,2386,2424,4810,2386,2424,0,0,0
5235,valparaíso,5,valparaíso,51,viña del mar,5109,32,4431,2187,2244,4431,2187,2244,0,0,0
5236,valparaíso,5,valparaíso,51,viña del mar,5109,33,4427,2135,2292,4427,2135,2292,0,0,0
5237,valparaíso,5,valparaíso,51,viña del mar,5109,34,4616,2314,2302,4616,2314,2302,0,0,0
5238,valparaíso,5,valparaíso,51,viña del mar,5109,35,4519,2174,2345,4519,2174,2345,0,0,0
5239,valparaíso,5,valparaíso,51,viña del mar,5109,36,4157,2014,2143,4157,2014,2143,0,0,0
5240,valparaíso,5,valparaíso,51,viña del mar,5109,37,4095,2035,2060,4095,2035,2060,0,0,0
5241,valparaíso,5,valparaíso,51,viña del mar,5109,38,3987,1966,2021,3987,1966,2021,0,0,0
5242,valparaíso,5,valparaíso,51,viña del mar,5109,39,3751,1860,1891,3751,1860,1891,0,0,0
5243,valparaíso,5,valparaíso,51,viña del mar,5109,40,3924,1889,2035,3924,1889,2035,0,0,0
5244,valparaíso,5,valparaíso,51,viña del mar,5109,41,3814,1804,2010,3814,1804,2010,0,0,0
5245,valparaíso,5,valparaíso,51,viña del mar,5109,42,3929,1862,2067,3929,1862,2067,0,0,0
5246,valparaíso,5,valparaíso,51,viña del mar,5109,43,3926,1875,2051,3926,1875,2051,0,0,0
5247,valparaíso,5,valparaíso,51,viña del mar,5109,44,3854,1840,2014,3854,1840,2014,0,0,0
5248,valparaíso,5,valparaíso,51,viña del mar,5109,45,3796,1795,2001,3796,1795,2001,0,0,0
5249,valparaíso,5,valparaíso,51,viña del mar,5109,46,3708,1721,1987,3708,1721,1987,0,0,0
5250,valparaíso,5,valparaíso,51,viña del mar,5109,47,3705,1745,1960,3705,1745,1960,0,0,0
5251,valparaíso,5,valparaíso,51,viña del mar,5109,48,3909,1772,2137,3909,1772,2137,0,0,0
5252,valparaíso,5,valparaíso,51,viña del mar,5109,49,3979,1829,2150,3979,1829,2150,0,0,0
5253,valparaíso,5,valparaíso,51,viña del mar,5109,50,4232,1947,2285,4232,1947,2285,0,0,0
5254,valparaíso,5,valparaíso,51,viña del mar,5109,51,4111,1925,2186,4111,1925,2186,0,0,0
5255,valparaíso,5,valparaíso,51,viña del mar,5109,52,4423,2009,2414,4423,2009,2414,0,0,0
5256,valparaíso,5,valparaíso,51,viña del mar,5109,53,4338,1951,2387,4338,1951,2387,0,0,0
5257,valparaíso,5,valparaíso,51,viña del mar,5109,54,4506,1997,2509,4506,1997,2509,0,0,0
5258,valparaíso,5,valparaíso,51,viña del mar,5109,55,4299,1910,2389,4299,1910,2389,0,0,0
5259,valparaíso,5,valparaíso,51,viña del mar,5109,56,4221,1858,2363,4221,1858,2363,0,0,0
5260,valparaíso,5,valparaíso,51,viña del mar,5109,57,4163,1871,2292,4163,1871,2292,0,0,0
5261,valparaíso,5,valparaíso,51,viña del mar,5109,58,4141,1795,2346,4141,1795,2346,0,0,0
5262,valparaíso,5,valparaíso,51,viña del mar,5109,59,4105,1813,2292,4105,1813,2292,0,0,0
5263,valparaíso,5,valparaíso,51,viña del mar,5109,60,4029,1772,2257,4029,1772,2257,0,0,0
5264,valparaíso,5,valparaíso,51,viña del mar,5109,61,3682,1615,2067,3682,1615,2067,0,0,0
5265,valparaíso,5,valparaíso,51,viña del mar,5109,62,3455,1522,1933,3455,1522,1933,0,0,0
5266,valparaíso,5,valparaíso,51,viña del mar,5109,63,3433,1536,1897,3433,1536,1897,0,0,0
5267,valparaíso,5,valparaíso,51,viña del mar,5109,64,3153,1396,1757,3153,1396,1757,0,0,0
5268,valparaíso,5,valparaíso,51,viña del mar,5109,65,3084,1362,1722,3084,1362,1722,0,0,0
5269,valparaíso,5,valparaíso,51,viña del mar,5109,66,2750,1215,1535,2750,1215,1535,0,0,0
5270,valparaíso,5,valparaíso,51,viña del mar,5109,67,2953,1340,1613,2953,1340,1613,0,0,0
5271,valparaíso,5,valparaíso,51,viña del mar,5109,68,2871,1218,1653,2871,1218,1653,0,0,0
5272,valparaíso,5,valparaíso,51,viña del mar,5109,69,2666,1121,1545,2666,1121,1545,0,0,0
5273,valparaíso,5,valparaíso,51,viña del mar,5109,70,2654,1114,1540,2654,1114,1540,0,0,0
5274,valparaíso,5,valparaíso,51,viña del mar,5109,71,2505,1050,1455,2505,1050,1455,0,0,0
5275,valparaíso,5,valparaíso,51,viña del mar,5109,72,2471,1064,1407,2471,1064,1407,0,0,0
5276,valparaíso,5,valparaíso,51,viña del mar,5109,73,2377,1032,1345,2377,1032,1345,0,0,0
5277,valparaíso,5,valparaíso,51,viña del mar,5109,74,2202,911,1291,2202,911,1291,0,0,0
5278,valparaíso,5,valparaíso,51,viña del mar,5109,75,2087,847,1240,2087,847,1240,0,0,0
5279,valparaíso,5,valparaíso,51,viña del mar,5109,76,2045,820,1225,2045,820,1225,0,0,0
5280,valparaíso,5,valparaíso,51,viña del mar,5109,77,1878,729,1149,1878,729,1149,0,0,0
5281,valparaíso,5,valparaíso,51,viña del mar,5109,78,1658,650,1008,1658,650,1008,0,0,0
5282,valparaíso,5,valparaíso,51,viña del mar,5109,79,1544,591,953,1544,591,953,0,0,0
5283,valparaíso,5,valparaíso,51,viña del mar,5109,80,1556,599,957,1556,599,957,0,0,0
5284,valparaíso,5,valparaíso,51,viña del mar,5109,81,1507,584,923,1507,584,923,0,0,0
5285,valparaíso,5,valparaíso,51,viña del mar,5109,82,1270,481,789,1270,481,789,0,0,0
5286,valparaíso,5,valparaíso,51,viña del mar,5109,83,1302,455,847,1302,455,847,0,0,0
5287,valparaíso,5,valparaíso,51,viña del mar,5109,84,1220,437,783,1220,437,783,0,0,0
5288,valparaíso,5,valparaíso,51,viña del mar,5109,85,1141,382,759,1141,382,759,0,0,0
5289,valparaíso,5,valparaíso,51,viña del mar,5109,86,1091,368,723,1091,368,723,0,0,0
5290,valparaíso,5,valparaíso,51,viña del mar,5109,87,944,285,659,944,285,659,0,0,0
5291,valparaíso,5,valparaíso,51,viña del mar,5109,88,774,258,516,774,258,516,0,0,0
5292,valparaíso,5,valparaíso,51,viña del mar,5109,89,715,216,499,715,216,499,0,0,0
5293,valparaíso,5,valparaíso,51,viña del mar,5109,90,508,153,355,508,153,355,0,0,0
5294,valparaíso,5,valparaíso,51,viña del mar,5109,91,418,110,308,418,110,308,0,0,0
5295,valparaíso,5,valparaíso,51,viña del mar,5109,92,355,89,266,355,89,266,0,0,0
5296,valparaíso,5,valparaíso,51,viña del mar,5109,93,281,57,224,281,57,224,0,0,0
5297,valparaíso,5,valparaíso,51,viña del mar,5109,94,214,44,170,214,44,170,0,0,0
5298,valparaíso,5,valparaíso,51,viña del mar,5109,95,161,36,125,161,36,125,0,0,0
5299,valparaíso,5,valparaíso,51,viña del mar,5109,96,126,28,98,126,28,98,0,0,0
5300,valparaíso,5,valparaíso,51,viña del mar,5109,97,85,19,66,85,19,66,0,0,0
5301,valparaíso,5,valparaíso,51,viña del mar,5109,98,57,15,42,57,15,42,0,0,0
5302,valparaíso,5,valparaíso,51,viña del mar,5109,99,40,8,32,40,8,32,0,0,0
5303,valparaíso,5,valparaíso,51,viña del mar,5109,100 o más,118,26,92,118,26,92,0,0,0
5304,valparaíso,5,isla de pascua,52,isla de pascua,5201,total comuna,7750,3819,3931,7322,3594,3728,428,225,203
5305,valparaíso,5,isla de pascua,52,isla de pascua,5201,0,92,47,45,86,44,42,6,3,3
5306,valparaíso,5,isla de pascua,52,isla de pascua,5201,1,122,59,63,113,53,60,9,6,3
5307,valparaíso,5,isla de pascua,52,isla de pascua,5201,2,133,70,63,125,66,59,8,4,4
5308,valparaíso,5,isla de pascua,52,isla de pascua,5201,3,107,44,63,100,40,60,7,4,3
5309,valparaíso,5,isla de pascua,52,isla de pascua,5201,4,105,52,53,97,51,46,8,1,7
5310,valparaíso,5,isla de pascua,52,isla de pascua,5201,5,112,58,54,94,47,47,18,11,7
5311,valparaíso,5,isla de pascua,52,isla de pascua,5201,6,88,46,42,85,44,41,3,2,1
5312,valparaíso,5,isla de pascua,52,isla de pascua,5201,7,125,62,63,115,56,59,10,6,4
5313,valparaíso,5,isla de pascua,52,isla de pascua,5201,8,124,62,62,116,56,60,8,6,2
5314,valparaíso,5,isla de pascua,52,isla de pascua,5201,9,131,67,64,127,66,61,4,1,3
5315,valparaíso,5,isla de pascua,52,isla de pascua,5201,10,109,48,61,100,44,56,9,4,5
5316,valparaíso,5,isla de pascua,52,isla de pascua,5201,11,88,48,40,85,47,38,3,1,2
5317,valparaíso,5,isla de pascua,52,isla de pascua,5201,12,108,71,37,102,65,37,6,6,0
5318,valparaíso,5,isla de pascua,52,isla de pascua,5201,13,102,50,52,98,49,49,4,1,3
5319,valparaíso,5,isla de pascua,52,isla de pascua,5201,14,96,43,53,84,38,46,12,5,7
5320,valparaíso,5,isla de pascua,52,isla de pascua,5201,15,117,64,53,110,61,49,7,3,4
5321,valparaíso,5,isla de pascua,52,isla de pascua,5201,16,86,49,37,86,49,37,0,0,0
5322,valparaíso,5,isla de pascua,52,isla de pascua,5201,17,84,48,36,77,43,34,7,5,2
5323,valparaíso,5,isla de pascua,52,isla de pascua,5201,18,58,30,28,55,28,27,3,2,1
5324,valparaíso,5,isla de pascua,52,isla de pascua,5201,19,77,44,33,76,43,33,1,1,0
5325,valparaíso,5,isla de pascua,52,isla de pascua,5201,20,70,37,33,67,37,30,3,0,3
5326,valparaíso,5,isla de pascua,52,isla de pascua,5201,21,84,42,42,80,40,40,4,2,2
5327,valparaíso,5,isla de pascua,52,isla de pascua,5201,22,97,52,45,91,49,42,6,3,3
5328,valparaíso,5,isla de pascua,52,isla de pascua,5201,23,89,40,49,85,37,48,4,3,1
5329,valparaíso,5,isla de pascua,52,isla de pascua,5201,24,136,71,65,129,65,64,7,6,1
5330,valparaíso,5,isla de pascua,52,isla de pascua,5201,25,140,62,78,132,61,71,8,1,7
5331,valparaíso,5,isla de pascua,52,isla de pascua,5201,26,184,98,86,176,94,82,8,4,4
5332,valparaíso,5,isla de pascua,52,isla de pascua,5201,27,191,75,116,185,71,114,6,4,2
5333,valparaíso,5,isla de pascua,52,isla de pascua,5201,28,195,87,108,182,82,100,13,5,8
5334,valparaíso,5,isla de pascua,52,isla de pascua,5201,29,185,82,103,176,75,101,9,7,2
5335,valparaíso,5,isla de pascua,52,isla de pascua,5201,30,188,87,101,174,81,93,14,6,8
5336,valparaíso,5,isla de pascua,52,isla de pascua,5201,31,168,78,90,162,75,87,6,3,3
5337,valparaíso,5,isla de pascua,52,isla de pascua,5201,32,163,73,90,150,68,82,13,5,8
5338,valparaíso,5,isla de pascua,52,isla de pascua,5201,33,164,79,85,152,73,79,12,6,6
5339,valparaíso,5,isla de pascua,52,isla de pascua,5201,34,164,83,81,150,78,72,14,5,9
5340,valparaíso,5,isla de pascua,52,isla de pascua,5201,35,156,71,85,143,66,77,13,5,8
5341,valparaíso,5,isla de pascua,52,isla de pascua,5201,36,144,74,70,132,67,65,12,7,5
5342,valparaíso,5,isla de pascua,52,isla de pascua,5201,37,133,58,75,123,53,70,10,5,5
5343,valparaíso,5,isla de pascua,52,isla de pascua,5201,38,134,76,58,123,67,56,11,9,2
5344,valparaíso,5,isla de pascua,52,isla de pascua,5201,39,121,61,60,112,55,57,9,6,3
5345,valparaíso,5,isla de pascua,52,isla de pascua,5201,40,132,63,69,126,61,65,6,2,4
5346,valparaíso,5,isla de pascua,52,isla de pascua,5201,41,124,63,61,120,59,61,4,4,0
5347,valparaíso,5,isla de pascua,52,isla de pascua,5201,42,138,69,69,127,66,61,11,3,8
5348,valparaíso,5,isla de pascua,52,isla de pascua,5201,43,114,63,51,110,60,50,4,3,1
5349,valparaíso,5,isla de pascua,52,isla de pascua,5201,44,111,50,61,110,49,61,1,1,0
5350,valparaíso,5,isla de pascua,52,isla de pascua,5201,45,111,51,60,108,49,59,3,2,1
5351,valparaíso,5,isla de pascua,52,isla de pascua,5201,46,95,61,34,84,56,28,11,5,6
5352,valparaíso,5,isla de pascua,52,isla de pascua,5201,47,92,46,46,86,43,43,6,3,3
5353,valparaíso,5,isla de pascua,52,isla de pascua,5201,48,90,34,56,87,33,54,3,1,2
5354,valparaíso,5,isla de pascua,52,isla de pascua,5201,49,98,50,48,93,47,46,5,3,2
5355,valparaíso,5,isla de pascua,52,isla de pascua,5201,50,100,55,45,98,55,43,2,0,2
5356,valparaíso,5,isla de pascua,52,isla de pascua,5201,51,112,62,50,109,59,50,3,3,0
5357,valparaíso,5,isla de pascua,52,isla de pascua,5201,52,90,41,49,87,38,49,3,3,0
5358,valparaíso,5,isla de pascua,52,isla de pascua,5201,53,93,53,40,89,51,38,4,2,2
5359,valparaíso,5,isla de pascua,52,isla de pascua,5201,54,105,40,65,100,38,62,5,2,3
5360,valparaíso,5,isla de pascua,52,isla de pascua,5201,55,78,41,37,77,40,37,1,1,0
5361,valparaíso,5,isla de pascua,52,isla de pascua,5201,56,88,43,45,85,41,44,3,2,1
5362,valparaíso,5,isla de pascua,52,isla de pascua,5201,57,63,34,29,62,33,29,1,1,0
5363,valparaíso,5,isla de pascua,52,isla de pascua,5201,58,69,33,36,67,32,35,2,1,1
5364,valparaíso,5,isla de pascua,52,isla de pascua,5201,59,79,30,49,73,28,45,6,2,4
5365,valparaíso,5,isla de pascua,52,isla de pascua,5201,60,78,42,36,74,41,33,4,1,3
5366,valparaíso,5,isla de pascua,52,isla de pascua,5201,61,67,31,36,65,29,36,2,2,0
5367,valparaíso,5,isla de pascua,52,isla de pascua,5201,62,69,27,42,66,25,41,3,2,1
5368,valparaíso,5,isla de pascua,52,isla de pascua,5201,63,61,34,27,60,33,27,1,1,0
5369,valparaíso,5,isla de pascua,52,isla de pascua,5201,64,48,26,22,47,25,22,1,1,0
5370,valparaíso,5,isla de pascua,52,isla de pascua,5201,65,47,23,24,44,21,23,3,2,1
5371,valparaíso,5,isla de pascua,52,isla de pascua,5201,66,54,32,22,53,32,21,1,0,1
5372,valparaíso,5,isla de pascua,52,isla de pascua,5201,67,43,21,22,43,21,22,0,0,0
5373,valparaíso,5,isla de pascua,52,isla de pascua,5201,68,40,11,29,38,10,28,2,1,1
5374,valparaíso,5,isla de pascua,52,isla de pascua,5201,69,42,26,16,40,24,16,2,2,0
5375,valparaíso,5,isla de pascua,52,isla de pascua,5201,70,36,16,20,34,15,19,2,1,1
5376,valparaíso,5,isla de pascua,52,isla de pascua,5201,71,26,18,8,24,16,8,2,2,0
5377,valparaíso,5,isla de pascua,52,isla de pascua,5201,72,27,16,11,27,16,11,0,0,0
5378,valparaíso,5,isla de pascua,52,isla de pascua,5201,73,19,6,13,16,5,11,3,1,2
5379,valparaíso,5,isla de pascua,52,isla de pascua,5201,74,23,12,11,23,12,11,0,0,0
5380,valparaíso,5,isla de pascua,52,isla de pascua,5201,75,17,10,7,17,10,7,0,0,0
5381,valparaíso,5,isla de pascua,52,isla de pascua,5201,76,16,7,9,16,7,9,0,0,0
5382,valparaíso,5,isla de pascua,52,isla de pascua,5201,77,11,5,6,11,5,6,0,0,0
5383,valparaíso,5,isla de pascua,52,isla de pascua,5201,78,10,4,6,10,4,6,0,0,0
5384,valparaíso,5,isla de pascua,52,isla de pascua,5201,79,12,7,5,12,7,5,0,0,0
5385,valparaíso,5,isla de pascua,52,isla de pascua,5201,80,10,5,5,10,5,5,0,0,0
5386,valparaíso,5,isla de pascua,52,isla de pascua,5201,81,6,0,6,6,0,6,0,0,0
5387,valparaíso,5,isla de pascua,52,isla de pascua,5201,82,4,1,3,4,1,3,0,0,0
5388,valparaíso,5,isla de pascua,52,isla de pascua,5201,83,10,4,6,9,4,5,1,0,1
5389,valparaíso,5,isla de pascua,52,isla de pascua,5201,84,3,2,1,3,2,1,0,0,0
5390,valparaíso,5,isla de pascua,52,isla de pascua,5201,85,4,1,3,4,1,3,0,0,0
5391,valparaíso,5,isla de pascua,52,isla de pascua,5201,86,4,0,4,3,0,3,1,0,1
5392,valparaíso,5,isla de pascua,52,isla de pascua,5201,87,4,1,3,4,1,3,0,0,0
5393,valparaíso,5,isla de pascua,52,isla de pascua,5201,88,3,0,3,3,0,3,0,0,0
5394,valparaíso,5,isla de pascua,52,isla de pascua,5201,89,0,0,0,0,0,0,0,0,0
5395,valparaíso,5,isla de pascua,52,isla de pascua,5201,90,1,0,1,1,0,1,0,0,0
5396,valparaíso,5,isla de pascua,52,isla de pascua,5201,91,2,0,2,2,0,2,0,0,0
5397,valparaíso,5,isla de pascua,52,isla de pascua,5201,92,0,0,0,0,0,0,0,0,0
5398,valparaíso,5,isla de pascua,52,isla de pascua,5201,93,0,0,0,0,0,0,0,0,0
5399,valparaíso,5,isla de pascua,52,isla de pascua,5201,94,0,0,0,0,0,0,0,0,0
5400,valparaíso,5,isla de pascua,52,isla de pascua,5201,95,0,0,0,0,0,0,0,0,0
5401,valparaíso,5,isla de pascua,52,isla de pascua,5201,96,1,1,0,0,0,0,1,1,0
5402,valparaíso,5,isla de pascua,52,isla de pascua,5201,97,0,0,0,0,0,0,0,0,0
5403,valparaíso,5,isla de pascua,52,isla de pascua,5201,98,0,0,0,0,0,0,0,0,0
5404,valparaíso,5,isla de pascua,52,isla de pascua,5201,99,0,0,0,0,0,0,0,0,0
5405,valparaíso,5,isla de pascua,52,isla de pascua,5201,100 o más,0,0,0,0,0,0,0,0,0
5406,valparaíso,5,los andes,53,los andes,5301,total comuna,66708,33289,33419,61017,29686,31331,5691,3603,2088
5407,valparaíso,5,los andes,53,los andes,5301,0,787,404,383,737,383,354,50,21,29
5408,valparaíso,5,los andes,53,los andes,5301,1,942,474,468,894,451,443,48,23,25
5409,valparaíso,5,los andes,53,los andes,5301,2,968,481,487,915,450,465,53,31,22
5410,valparaíso,5,los andes,53,los andes,5301,3,880,451,429,840,431,409,40,20,20
5411,valparaíso,5,los andes,53,los andes,5301,4,854,398,456,793,372,421,61,26,35
5412,valparaíso,5,los andes,53,los andes,5301,5,906,473,433,851,445,406,55,28,27
5413,valparaíso,5,los andes,53,los andes,5301,6,929,488,441,876,468,408,53,20,33
5414,valparaíso,5,los andes,53,los andes,5301,7,919,427,492,866,407,459,53,20,33
5415,valparaíso,5,los andes,53,los andes,5301,8,867,443,424,811,410,401,56,33,23
5416,valparaíso,5,los andes,53,los andes,5301,9,875,424,451,812,394,418,63,30,33
5417,valparaíso,5,los andes,53,los andes,5301,10,806,426,380,768,403,365,38,23,15
5418,valparaíso,5,los andes,53,los andes,5301,11,932,465,467,876,438,438,56,27,29
5419,valparaíso,5,los andes,53,los andes,5301,12,855,416,439,792,384,408,63,32,31
5420,valparaíso,5,los andes,53,los andes,5301,13,843,432,411,785,402,383,58,30,28
5421,valparaíso,5,los andes,53,los andes,5301,14,907,457,450,861,436,425,46,21,25
5422,valparaíso,5,los andes,53,los andes,5301,15,919,450,469,847,416,431,72,34,38
5423,valparaíso,5,los andes,53,los andes,5301,16,960,484,476,909,456,453,51,28,23
5424,valparaíso,5,los andes,53,los andes,5301,17,1075,574,501,1005,540,465,70,34,36
5425,valparaíso,5,los andes,53,los andes,5301,18,1023,589,434,954,555,399,69,34,35
5426,valparaíso,5,los andes,53,los andes,5301,19,907,520,387,839,479,360,68,41,27
5427,valparaíso,5,los andes,53,los andes,5301,20,853,459,394,791,422,369,62,37,25
5428,valparaíso,5,los andes,53,los andes,5301,21,923,478,445,851,434,417,72,44,28
5429,valparaíso,5,los andes,53,los andes,5301,22,930,461,469,853,415,438,77,46,31
5430,valparaíso,5,los andes,53,los andes,5301,23,987,486,501,903,434,469,84,52,32
5431,valparaíso,5,los andes,53,los andes,5301,24,1027,566,461,931,502,429,96,64,32
5432,valparaíso,5,los andes,53,los andes,5301,25,989,512,477,889,438,451,100,74,26
5433,valparaíso,5,los andes,53,los andes,5301,26,1025,572,453,925,502,423,100,70,30
5434,valparaíso,5,los andes,53,los andes,5301,27,1099,579,520,965,481,484,134,98,36
5435,valparaíso,5,los andes,53,los andes,5301,28,1067,575,492,951,486,465,116,89,27
5436,valparaíso,5,los andes,53,los andes,5301,29,1030,541,489,913,456,457,117,85,32
5437,valparaíso,5,los andes,53,los andes,5301,30,984,512,472,889,446,443,95,66,29
5438,valparaíso,5,los andes,53,los andes,5301,31,987,514,473,880,445,435,107,69,38
5439,valparaíso,5,los andes,53,los andes,5301,32,891,452,439,801,389,412,90,63,27
5440,valparaíso,5,los andes,53,los andes,5301,33,880,426,454,793,369,424,87,57,30
5441,valparaíso,5,los andes,53,los andes,5301,34,1006,513,493,902,433,469,104,80,24
5442,valparaíso,5,los andes,53,los andes,5301,35,969,503,466,864,422,442,105,81,24
5443,valparaíso,5,los andes,53,los andes,5301,36,1015,551,464,878,456,422,137,95,42
5444,valparaíso,5,los andes,53,los andes,5301,37,982,511,471,877,431,446,105,80,25
5445,valparaíso,5,los andes,53,los andes,5301,38,933,494,439,813,406,407,120,88,32
5446,valparaíso,5,los andes,53,los andes,5301,39,957,510,447,850,432,418,107,78,29
5447,valparaíso,5,los andes,53,los andes,5301,40,895,461,434,801,391,410,94,70,24
5448,valparaíso,5,los andes,53,los andes,5301,41,937,465,472,831,392,439,106,73,33
5449,valparaíso,5,los andes,53,los andes,5301,42,933,481,452,823,399,424,110,82,28
5450,valparaíso,5,los andes,53,los andes,5301,43,951,501,450,863,438,425,88,63,25
5451,valparaíso,5,los andes,53,los andes,5301,44,953,489,464,852,412,440,101,77,24
5452,valparaíso,5,los andes,53,los andes,5301,45,880,435,445,799,375,424,81,60,21
5453,valparaíso,5,los andes,53,los andes,5301,46,926,448,478,830,383,447,96,65,31
5454,valparaíso,5,los andes,53,los andes,5301,47,831,406,425,739,346,393,92,60,32
5455,valparaíso,5,los andes,53,los andes,5301,48,914,449,465,817,381,436,97,68,29
5456,valparaíso,5,los andes,53,los andes,5301,49,886,419,467,786,361,425,100,58,42
5457,valparaíso,5,los andes,53,los andes,5301,50,868,437,431,764,372,392,104,65,39
5458,valparaíso,5,los andes,53,los andes,5301,51,855,425,430,756,353,403,99,72,27
5459,valparaíso,5,los andes,53,los andes,5301,52,879,421,458,776,354,422,103,67,36
5460,valparaíso,5,los andes,53,los andes,5301,53,877,451,426,770,374,396,107,77,30
5461,valparaíso,5,los andes,53,los andes,5301,54,971,475,496,862,404,458,109,71,38
5462,valparaíso,5,los andes,53,los andes,5301,55,896,439,457,801,384,417,95,55,40
5463,valparaíso,5,los andes,53,los andes,5301,56,813,391,422,737,343,394,76,48,28
5464,valparaíso,5,los andes,53,los andes,5301,57,806,375,431,732,327,405,74,48,26
5465,valparaíso,5,los andes,53,los andes,5301,58,787,362,425,715,320,395,72,42,30
5466,valparaíso,5,los andes,53,los andes,5301,59,701,324,377,639,289,350,62,35,27
5467,valparaíso,5,los andes,53,los andes,5301,60,796,364,432,735,329,406,61,35,26
5468,valparaíso,5,los andes,53,los andes,5301,61,675,319,356,624,288,336,51,31,20
5469,valparaíso,5,los andes,53,los andes,5301,62,675,316,359,644,299,345,31,17,14
5470,valparaíso,5,los andes,53,los andes,5301,63,646,279,367,599,251,348,47,28,19
5471,valparaíso,5,los andes,53,los andes,5301,64,645,312,333,592,280,312,53,32,21
5472,valparaíso,5,los andes,53,los andes,5301,65,594,295,299,552,274,278,42,21,21
5473,valparaíso,5,los andes,53,los andes,5301,66,547,275,272,514,252,262,33,23,10
5474,valparaíso,5,los andes,53,los andes,5301,67,537,273,264,506,254,252,31,19,12
5475,valparaíso,5,los andes,53,los andes,5301,68,504,231,273,467,213,254,37,18,19
5476,valparaíso,5,los andes,53,los andes,5301,69,507,212,295,478,198,280,29,14,15
5477,valparaíso,5,los andes,53,los andes,5301,70,497,226,271,472,210,262,25,16,9
5478,valparaíso,5,los andes,53,los andes,5301,71,473,232,241,456,224,232,17,8,9
5479,valparaíso,5,los andes,53,los andes,5301,72,439,222,217,410,206,204,29,16,13
5480,valparaíso,5,los andes,53,los andes,5301,73,395,187,208,373,175,198,22,12,10
5481,valparaíso,5,los andes,53,los andes,5301,74,351,159,192,326,148,178,25,11,14
5482,valparaíso,5,los andes,53,los andes,5301,75,374,165,209,352,155,197,22,10,12
5483,valparaíso,5,los andes,53,los andes,5301,76,279,122,157,271,118,153,8,4,4
5484,valparaíso,5,los andes,53,los andes,5301,77,263,113,150,245,103,142,18,10,8
5485,valparaíso,5,los andes,53,los andes,5301,78,211,96,115,202,92,110,9,4,5
5486,valparaíso,5,los andes,53,los andes,5301,79,210,88,122,199,83,116,11,5,6
5487,valparaíso,5,los andes,53,los andes,5301,80,205,77,128,196,73,123,9,4,5
5488,valparaíso,5,los andes,53,los andes,5301,81,195,77,118,183,71,112,12,6,6
5489,valparaíso,5,los andes,53,los andes,5301,82,168,56,112,159,50,109,9,6,3
5490,valparaíso,5,los andes,53,los andes,5301,83,167,71,96,162,69,93,5,2,3
5491,valparaíso,5,los andes,53,los andes,5301,84,169,58,111,162,55,107,7,3,4
5492,valparaíso,5,los andes,53,los andes,5301,85,149,55,94,144,53,91,5,2,3
5493,valparaíso,5,los andes,53,los andes,5301,86,147,52,95,136,48,88,11,4,7
5494,valparaíso,5,los andes,53,los andes,5301,87,126,51,75,119,46,73,7,5,2
5495,valparaíso,5,los andes,53,los andes,5301,88,102,38,64,100,37,63,2,1,1
5496,valparaíso,5,los andes,53,los andes,5301,89,109,33,76,102,31,71,7,2,5
5497,valparaíso,5,los andes,53,los andes,5301,90,63,19,44,62,19,43,1,0,1
5498,valparaíso,5,los andes,53,los andes,5301,91,50,15,35,44,12,32,6,3,3
5499,valparaíso,5,los andes,53,los andes,5301,92,37,12,25,36,11,25,1,1,0
5500,valparaíso,5,los andes,53,los andes,5301,93,27,10,17,25,9,16,2,1,1
5501,valparaíso,5,los andes,53,los andes,5301,94,32,8,24,32,8,24,0,0,0
5502,valparaíso,5,los andes,53,los andes,5301,95,29,3,26,28,3,25,1,0,1
5503,valparaíso,5,los andes,53,los andes,5301,96,18,8,10,17,7,10,1,1,0
5504,valparaíso,5,los andes,53,los andes,5301,97,11,2,9,11,2,9,0,0,0
5505,valparaíso,5,los andes,53,los andes,5301,98,6,2,4,6,2,4,0,0,0
5506,valparaíso,5,los andes,53,los andes,5301,99,8,2,6,8,2,6,0,0,0
5507,valparaíso,5,los andes,53,los andes,5301,100 o más,25,9,16,25,9,16,0,0,0
5508,valparaíso,5,los andes,53,calle larga,5302,total comuna,14832,7328,7504,10691,5196,5495,4141,2132,2009
5509,valparaíso,5,los andes,53,calle larga,5302,0,223,116,107,165,82,83,58,34,24
5510,valparaíso,5,los andes,53,calle larga,5302,1,253,132,121,192,100,92,61,32,29
5511,valparaíso,5,los andes,53,calle larga,5302,2,235,110,125,182,85,97,53,25,28
5512,valparaíso,5,los andes,53,calle larga,5302,3,208,114,94,156,84,72,52,30,22
5513,valparaíso,5,los andes,53,calle larga,5302,4,236,107,129,180,81,99,56,26,30
5514,valparaíso,5,los andes,53,calle larga,5302,5,252,124,128,189,88,101,63,36,27
5515,valparaíso,5,los andes,53,calle larga,5302,6,241,132,109,177,98,79,64,34,30
5516,valparaíso,5,los andes,53,calle larga,5302,7,240,123,117,174,90,84,66,33,33
5517,valparaíso,5,los andes,53,calle larga,5302,8,225,123,102,165,95,70,60,28,32
5518,valparaíso,5,los andes,53,calle larga,5302,9,222,103,119,173,80,93,49,23,26
5519,valparaíso,5,los andes,53,calle larga,5302,10,219,117,102,152,84,68,67,33,34
5520,valparaíso,5,los andes,53,calle larga,5302,11,198,100,98,146,77,69,52,23,29
5521,valparaíso,5,los andes,53,calle larga,5302,12,202,101,101,157,75,82,45,26,19
5522,valparaíso,5,los andes,53,calle larga,5302,13,200,102,98,143,74,69,57,28,29
5523,valparaíso,5,los andes,53,calle larga,5302,14,205,106,99,147,77,70,58,29,29
5524,valparaíso,5,los andes,53,calle larga,5302,15,201,106,95,147,72,75,54,34,20
5525,valparaíso,5,los andes,53,calle larga,5302,16,218,110,108,158,81,77,60,29,31
5526,valparaíso,5,los andes,53,calle larga,5302,17,211,109,102,149,75,74,62,34,28
5527,valparaíso,5,los andes,53,calle larga,5302,18,209,113,96,157,86,71,52,27,25
5528,valparaíso,5,los andes,53,calle larga,5302,19,178,102,76,139,76,63,39,26,13
5529,valparaíso,5,los andes,53,calle larga,5302,20,184,102,82,129,68,61,55,34,21
5530,valparaíso,5,los andes,53,calle larga,5302,21,190,97,93,138,73,65,52,24,28
5531,valparaíso,5,los andes,53,calle larga,5302,22,179,92,87,132,68,64,47,24,23
5532,valparaíso,5,los andes,53,calle larga,5302,23,201,98,103,152,74,78,49,24,25
5533,valparaíso,5,los andes,53,calle larga,5302,24,205,86,119,157,67,90,48,19,29
5534,valparaíso,5,los andes,53,calle larga,5302,25,223,107,116,156,70,86,67,37,30
5535,valparaíso,5,los andes,53,calle larga,5302,26,224,109,115,170,86,84,54,23,31
5536,valparaíso,5,los andes,53,calle larga,5302,27,252,131,121,180,97,83,72,34,38
5537,valparaíso,5,los andes,53,calle larga,5302,28,271,142,129,205,108,97,66,34,32
5538,valparaíso,5,los andes,53,calle larga,5302,29,247,122,125,189,84,105,58,38,20
5539,valparaíso,5,los andes,53,calle larga,5302,30,222,106,116,172,81,91,50,25,25
5540,valparaíso,5,los andes,53,calle larga,5302,31,228,100,128,182,81,101,46,19,27
5541,valparaíso,5,los andes,53,calle larga,5302,32,190,85,105,152,67,85,38,18,20
5542,valparaíso,5,los andes,53,calle larga,5302,33,194,97,97,154,77,77,40,20,20
5543,valparaíso,5,los andes,53,calle larga,5302,34,228,106,122,172,78,94,56,28,28
5544,valparaíso,5,los andes,53,calle larga,5302,35,233,122,111,184,95,89,49,27,22
5545,valparaíso,5,los andes,53,calle larga,5302,36,239,112,127,200,93,107,39,19,20
5546,valparaíso,5,los andes,53,calle larga,5302,37,193,89,104,139,66,73,54,23,31
5547,valparaíso,5,los andes,53,calle larga,5302,38,192,84,108,134,55,79,58,29,29
5548,valparaíso,5,los andes,53,calle larga,5302,39,174,92,82,121,62,59,53,30,23
5549,valparaíso,5,los andes,53,calle larga,5302,40,203,96,107,148,61,87,55,35,20
5550,valparaíso,5,los andes,53,calle larga,5302,41,185,90,95,143,71,72,42,19,23
5551,valparaíso,5,los andes,53,calle larga,5302,42,190,86,104,147,63,84,43,23,20
5552,valparaíso,5,los andes,53,calle larga,5302,43,190,98,92,143,81,62,47,17,30
5553,valparaíso,5,los andes,53,calle larga,5302,44,177,95,82,135,73,62,42,22,20
5554,valparaíso,5,los andes,53,calle larga,5302,45,196,84,112,135,55,80,61,29,32
5555,valparaíso,5,los andes,53,calle larga,5302,46,206,94,112,137,67,70,69,27,42
5556,valparaíso,5,los andes,53,calle larga,5302,47,199,94,105,139,65,74,60,29,31
5557,valparaíso,5,los andes,53,calle larga,5302,48,174,70,104,117,43,74,57,27,30
5558,valparaíso,5,los andes,53,calle larga,5302,49,207,102,105,134,60,74,73,42,31
5559,valparaíso,5,los andes,53,calle larga,5302,50,197,96,101,143,69,74,54,27,27
5560,valparaíso,5,los andes,53,calle larga,5302,51,217,114,103,141,71,70,76,43,33
5561,valparaíso,5,los andes,53,calle larga,5302,52,200,92,108,133,64,69,67,28,39
5562,valparaíso,5,los andes,53,calle larga,5302,53,223,115,108,146,71,75,77,44,33
5563,valparaíso,5,los andes,53,calle larga,5302,54,203,95,108,133,66,67,70,29,41
5564,valparaíso,5,los andes,53,calle larga,5302,55,199,102,97,130,65,65,69,37,32
5565,valparaíso,5,los andes,53,calle larga,5302,56,164,84,80,110,55,55,54,29,25
5566,valparaíso,5,los andes,53,calle larga,5302,57,166,82,84,108,56,52,58,26,32
5567,valparaíso,5,los andes,53,calle larga,5302,58,202,94,108,137,58,79,65,36,29
5568,valparaíso,5,los andes,53,calle larga,5302,59,164,75,89,100,43,57,64,32,32
5569,valparaíso,5,los andes,53,calle larga,5302,60,142,69,73,101,47,54,41,22,19
5570,valparaíso,5,los andes,53,calle larga,5302,61,133,66,67,84,40,44,49,26,23
5571,valparaíso,5,los andes,53,calle larga,5302,62,125,63,62,80,38,42,45,25,20
5572,valparaíso,5,los andes,53,calle larga,5302,63,124,62,62,81,42,39,43,20,23
5573,valparaíso,5,los andes,53,calle larga,5302,64,121,63,58,86,39,47,35,24,11
5574,valparaíso,5,los andes,53,calle larga,5302,65,124,62,62,77,32,45,47,30,17
5575,valparaíso,5,los andes,53,calle larga,5302,66,114,61,53,84,39,45,30,22,8
5576,valparaíso,5,los andes,53,calle larga,5302,67,112,64,48,78,42,36,34,22,12
5577,valparaíso,5,los andes,53,calle larga,5302,68,100,49,51,75,38,37,25,11,14
5578,valparaíso,5,los andes,53,calle larga,5302,69,97,47,50,67,32,35,30,15,15
5579,valparaíso,5,los andes,53,calle larga,5302,70,93,50,43,59,31,28,34,19,15
5580,valparaíso,5,los andes,53,calle larga,5302,71,77,46,31,51,32,19,26,14,12
5581,valparaíso,5,los andes,53,calle larga,5302,72,96,51,45,73,37,36,23,14,9
5582,valparaíso,5,los andes,53,calle larga,5302,73,89,48,41,61,32,29,28,16,12
5583,valparaíso,5,los andes,53,calle larga,5302,74,90,45,45,58,24,34,32,21,11
5584,valparaíso,5,los andes,53,calle larga,5302,75,71,36,35,54,27,27,17,9,8
5585,valparaíso,5,los andes,53,calle larga,5302,76,80,30,50,56,22,34,24,8,16
5586,valparaíso,5,los andes,53,calle larga,5302,77,49,23,26,29,11,18,20,12,8
5587,valparaíso,5,los andes,53,calle larga,5302,78,53,23,30,38,15,23,15,8,7
5588,valparaíso,5,los andes,53,calle larga,5302,79,49,24,25,34,17,17,15,7,8
5589,valparaíso,5,los andes,53,calle larga,5302,80,48,24,24,32,16,16,16,8,8
5590,valparaíso,5,los andes,53,calle larga,5302,81,36,18,18,21,10,11,15,8,7
5591,valparaíso,5,los andes,53,calle larga,5302,82,41,16,25,22,6,16,19,10,9
5592,valparaíso,5,los andes,53,calle larga,5302,83,44,22,22,29,16,13,15,6,9
5593,valparaíso,5,los andes,53,calle larga,5302,84,38,10,28,20,4,16,18,6,12
5594,valparaíso,5,los andes,53,calle larga,5302,85,24,7,17,16,3,13,8,4,4
5595,valparaíso,5,los andes,53,calle larga,5302,86,25,7,18,18,4,14,7,3,4
5596,valparaíso,5,los andes,53,calle larga,5302,87,21,7,14,16,5,11,5,2,3
5597,valparaíso,5,los andes,53,calle larga,5302,88,24,13,11,16,9,7,8,4,4
5598,valparaíso,5,los andes,53,calle larga,5302,89,21,9,12,12,6,6,9,3,6
5599,valparaíso,5,los andes,53,calle larga,5302,90,9,6,3,4,2,2,5,4,1
5600,valparaíso,5,los andes,53,calle larga,5302,91,12,5,7,7,2,5,5,3,2
5601,valparaíso,5,los andes,53,calle larga,5302,92,8,4,4,4,3,1,4,1,3
5602,valparaíso,5,los andes,53,calle larga,5302,93,5,3,2,1,1,0,4,2,2
5603,valparaíso,5,los andes,53,calle larga,5302,94,5,1,4,3,0,3,2,1,1
5604,valparaíso,5,los andes,53,calle larga,5302,95,4,1,3,4,1,3,0,0,0
5605,valparaíso,5,los andes,53,calle larga,5302,96,5,1,4,5,1,4,0,0,0
5606,valparaíso,5,los andes,53,calle larga,5302,97,1,0,1,1,0,1,0,0,0
5607,valparaíso,5,los andes,53,calle larga,5302,98,5,1,4,2,0,2,3,1,2
5608,valparaíso,5,los andes,53,calle larga,5302,99,1,1,0,0,0,0,1,1,0
5609,valparaíso,5,los andes,53,calle larga,5302,100 o más,9,3,6,7,3,4,2,0,2
5610,valparaíso,5,los andes,53,rinconada,5303,total comuna,10207,5134,5073,8065,4026,4039,2142,1108,1034
5611,valparaíso,5,los andes,53,rinconada,5303,0,132,66,66,106,53,53,26,13,13
5612,valparaíso,5,los andes,53,rinconada,5303,1,169,91,78,140,78,62,29,13,16
5613,valparaíso,5,los andes,53,rinconada,5303,2,143,80,63,103,60,43,40,20,20
5614,valparaíso,5,los andes,53,rinconada,5303,3,150,76,74,128,68,60,22,8,14
5615,valparaíso,5,los andes,53,rinconada,5303,4,167,94,73,143,81,62,24,13,11
5616,valparaíso,5,los andes,53,rinconada,5303,5,177,99,78,146,82,64,31,17,14
5617,valparaíso,5,los andes,53,rinconada,5303,6,208,113,95,167,93,74,41,20,21
5618,valparaíso,5,los andes,53,rinconada,5303,7,169,92,77,139,77,62,30,15,15
5619,valparaíso,5,los andes,53,rinconada,5303,8,172,88,84,142,73,69,30,15,15
5620,valparaíso,5,los andes,53,rinconada,5303,9,161,77,84,128,63,65,33,14,19
5621,valparaíso,5,los andes,53,rinconada,5303,10,137,79,58,109,61,48,28,18,10
5622,valparaíso,5,los andes,53,rinconada,5303,11,144,72,72,116,60,56,28,12,16
5623,valparaíso,5,los andes,53,rinconada,5303,12,153,76,77,126,66,60,27,10,17
5624,valparaíso,5,los andes,53,rinconada,5303,13,131,62,69,99,48,51,32,14,18
5625,valparaíso,5,los andes,53,rinconada,5303,14,148,82,66,118,63,55,30,19,11
5626,valparaíso,5,los andes,53,rinconada,5303,15,134,78,56,106,60,46,28,18,10
5627,valparaíso,5,los andes,53,rinconada,5303,16,150,80,70,122,64,58,28,16,12
5628,valparaíso,5,los andes,53,rinconada,5303,17,142,71,71,116,60,56,26,11,15
5629,valparaíso,5,los andes,53,rinconada,5303,18,135,78,57,98,55,43,37,23,14
5630,valparaíso,5,los andes,53,rinconada,5303,19,111,52,59,94,43,51,17,9,8
5631,valparaíso,5,los andes,53,rinconada,5303,20,109,53,56,83,41,42,26,12,14
5632,valparaíso,5,los andes,53,rinconada,5303,21,136,73,63,113,60,53,23,13,10
5633,valparaíso,5,los andes,53,rinconada,5303,22,121,59,62,102,52,50,19,7,12
5634,valparaíso,5,los andes,53,rinconada,5303,23,130,57,73,107,49,58,23,8,15
5635,valparaíso,5,los andes,53,rinconada,5303,24,127,63,64,107,50,57,20,13,7
5636,valparaíso,5,los andes,53,rinconada,5303,25,148,72,76,117,58,59,31,14,17
5637,valparaíso,5,los andes,53,rinconada,5303,26,166,62,104,124,44,80,42,18,24
5638,valparaíso,5,los andes,53,rinconada,5303,27,160,88,72,142,77,65,18,11,7
5639,valparaíso,5,los andes,53,rinconada,5303,28,170,82,88,137,66,71,33,16,17
5640,valparaíso,5,los andes,53,rinconada,5303,29,164,77,87,136,61,75,28,16,12
5641,valparaíso,5,los andes,53,rinconada,5303,30,120,59,61,93,44,49,27,15,12
5642,valparaíso,5,los andes,53,rinconada,5303,31,139,63,76,119,51,68,20,12,8
5643,valparaíso,5,los andes,53,rinconada,5303,32,171,78,93,148,69,79,23,9,14
5644,valparaíso,5,los andes,53,rinconada,5303,33,115,63,52,87,47,40,28,16,12
5645,valparaíso,5,los andes,53,rinconada,5303,34,140,70,70,110,56,54,30,14,16
5646,valparaíso,5,los andes,53,rinconada,5303,35,150,65,85,125,56,69,25,9,16
5647,valparaíso,5,los andes,53,rinconada,5303,36,171,82,89,133,60,73,38,22,16
5648,valparaíso,5,los andes,53,rinconada,5303,37,169,82,87,130,65,65,39,17,22
5649,valparaíso,5,los andes,53,rinconada,5303,38,158,82,76,130,62,68,28,20,8
5650,valparaíso,5,los andes,53,rinconada,5303,39,146,68,78,111,50,61,35,18,17
5651,valparaíso,5,los andes,53,rinconada,5303,40,150,79,71,121,62,59,29,17,12
5652,valparaíso,5,los andes,53,rinconada,5303,41,124,61,63,90,41,49,34,20,14
5653,valparaíso,5,los andes,53,rinconada,5303,42,144,76,68,113,60,53,31,16,15
5654,valparaíso,5,los andes,53,rinconada,5303,43,146,72,74,117,60,57,29,12,17
5655,valparaíso,5,los andes,53,rinconada,5303,44,139,64,75,111,50,61,28,14,14
5656,valparaíso,5,los andes,53,rinconada,5303,45,138,76,62,112,56,56,26,20,6
5657,valparaíso,5,los andes,53,rinconada,5303,46,170,81,89,128,65,63,42,16,26
5658,valparaíso,5,los andes,53,rinconada,5303,47,136,73,63,102,54,48,34,19,15
5659,valparaíso,5,los andes,53,rinconada,5303,48,147,78,69,119,61,58,28,17,11
5660,valparaíso,5,los andes,53,rinconada,5303,49,154,62,92,122,46,76,32,16,16
5661,valparaíso,5,los andes,53,rinconada,5303,50,156,84,72,121,65,56,35,19,16
5662,valparaíso,5,los andes,53,rinconada,5303,51,141,65,76,102,47,55,39,18,21
5663,valparaíso,5,los andes,53,rinconada,5303,52,144,67,77,107,51,56,37,16,21
5664,valparaíso,5,los andes,53,rinconada,5303,53,128,62,66,94,45,49,34,17,17
5665,valparaíso,5,los andes,53,rinconada,5303,54,127,61,66,104,52,52,23,9,14
5666,valparaíso,5,los andes,53,rinconada,5303,55,121,63,58,85,42,43,36,21,15
5667,valparaíso,5,los andes,53,rinconada,5303,56,108,65,43,84,50,34,24,15,9
5668,valparaíso,5,los andes,53,rinconada,5303,57,107,59,48,79,42,37,28,17,11
5669,valparaíso,5,los andes,53,rinconada,5303,58,114,56,58,79,37,42,35,19,16
5670,valparaíso,5,los andes,53,rinconada,5303,59,101,59,42,76,44,32,25,15,10
5671,valparaíso,5,los andes,53,rinconada,5303,60,109,53,56,76,40,36,33,13,20
5672,valparaíso,5,los andes,53,rinconada,5303,61,90,47,43,70,38,32,20,9,11
5673,valparaíso,5,los andes,53,rinconada,5303,62,85,42,43,61,27,34,24,15,9
5674,valparaíso,5,los andes,53,rinconada,5303,63,87,48,39,66,33,33,21,15,6
5675,valparaíso,5,los andes,53,rinconada,5303,64,80,36,44,63,29,34,17,7,10
5676,valparaíso,5,los andes,53,rinconada,5303,65,85,40,45,69,31,38,16,9,7
5677,valparaíso,5,los andes,53,rinconada,5303,66,78,38,40,54,26,28,24,12,12
5678,valparaíso,5,los andes,53,rinconada,5303,67,72,42,30,55,31,24,17,11,6
5679,valparaíso,5,los andes,53,rinconada,5303,68,68,34,34,55,25,30,13,9,4
5680,valparaíso,5,los andes,53,rinconada,5303,69,65,34,31,51,25,26,14,9,5
5681,valparaíso,5,los andes,53,rinconada,5303,70,72,36,36,58,30,28,14,6,8
5682,valparaíso,5,los andes,53,rinconada,5303,71,57,24,33,42,15,27,15,9,6
5683,valparaíso,5,los andes,53,rinconada,5303,72,59,31,28,47,23,24,12,8,4
5684,valparaíso,5,los andes,53,rinconada,5303,73,53,23,30,43,20,23,10,3,7
5685,valparaíso,5,los andes,53,rinconada,5303,74,59,29,30,44,19,25,15,10,5
5686,valparaíso,5,los andes,53,rinconada,5303,75,43,25,18,35,19,16,8,6,2
5687,valparaíso,5,los andes,53,rinconada,5303,76,43,18,25,32,15,17,11,3,8
5688,valparaíso,5,los andes,53,rinconada,5303,77,43,16,27,35,13,22,8,3,5
5689,valparaíso,5,los andes,53,rinconada,5303,78,39,20,19,31,15,16,8,5,3
5690,valparaíso,5,los andes,53,rinconada,5303,79,41,22,19,28,15,13,13,7,6
5691,valparaíso,5,los andes,53,rinconada,5303,80,30,13,17,23,9,14,7,4,3
5692,valparaíso,5,los andes,53,rinconada,5303,81,32,19,13,28,17,11,4,2,2
5693,valparaíso,5,los andes,53,rinconada,5303,82,33,16,17,23,10,13,10,6,4
5694,valparaíso,5,los andes,53,rinconada,5303,83,22,12,10,18,9,9,4,3,1
5695,valparaíso,5,los andes,53,rinconada,5303,84,21,7,14,16,4,12,5,3,2
5696,valparaíso,5,los andes,53,rinconada,5303,85,24,14,10,19,11,8,5,3,2
5697,valparaíso,5,los andes,53,rinconada,5303,86,16,5,11,13,4,9,3,1,2
5698,valparaíso,5,los andes,53,rinconada,5303,87,10,4,6,6,2,4,4,2,2
5699,valparaíso,5,los andes,53,rinconada,5303,88,10,6,4,9,5,4,1,1,0
5700,valparaíso,5,los andes,53,rinconada,5303,89,8,1,7,6,1,5,2,0,2
5701,valparaíso,5,los andes,53,rinconada,5303,90,7,3,4,6,3,3,1,0,1
5702,valparaíso,5,los andes,53,rinconada,5303,91,6,2,4,5,2,3,1,0,1
5703,valparaíso,5,los andes,53,rinconada,5303,92,6,2,4,3,1,2,3,1,2
5704,valparaíso,5,los andes,53,rinconada,5303,93,3,1,2,2,1,1,1,0,1
5705,valparaíso,5,los andes,53,rinconada,5303,94,1,1,0,1,1,0,0,0,0
5706,valparaíso,5,los andes,53,rinconada,5303,95,5,0,5,1,0,1,4,0,4
5707,valparaíso,5,los andes,53,rinconada,5303,96,1,0,1,1,0,1,0,0,0
5708,valparaíso,5,los andes,53,rinconada,5303,97,2,1,1,1,0,1,1,1,0
5709,valparaíso,5,los andes,53,rinconada,5303,98,2,1,1,1,0,1,1,1,0
5710,valparaíso,5,los andes,53,rinconada,5303,99,0,0,0,0,0,0,0,0,0
5711,valparaíso,5,los andes,53,rinconada,5303,100 o más,2,1,1,2,1,1,0,0,0
5712,valparaíso,5,los andes,53,san esteban,5304,total comuna,18855,9303,9552,11372,5456,5916,7483,3847,3636
5713,valparaíso,5,los andes,53,san esteban,5304,0,210,110,100,144,76,68,66,34,32
5714,valparaíso,5,los andes,53,san esteban,5304,1,261,134,127,168,81,87,93,53,40
5715,valparaíso,5,los andes,53,san esteban,5304,2,314,156,158,224,111,113,90,45,45
5716,valparaíso,5,los andes,53,san esteban,5304,3,298,135,163,214,98,116,84,37,47
5717,valparaíso,5,los andes,53,san esteban,5304,4,296,144,152,187,92,95,109,52,57
5718,valparaíso,5,los andes,53,san esteban,5304,5,319,170,149,205,110,95,114,60,54
5719,valparaíso,5,los andes,53,san esteban,5304,6,292,157,135,185,98,87,107,59,48
5720,valparaíso,5,los andes,53,san esteban,5304,7,268,149,119,169,97,72,99,52,47
5721,valparaíso,5,los andes,53,san esteban,5304,8,312,158,154,212,107,105,100,51,49
5722,valparaíso,5,los andes,53,san esteban,5304,9,257,133,124,167,82,85,90,51,39
5723,valparaíso,5,los andes,53,san esteban,5304,10,271,132,139,170,88,82,101,44,57
5724,valparaíso,5,los andes,53,san esteban,5304,11,247,114,133,164,81,83,83,33,50
5725,valparaíso,5,los andes,53,san esteban,5304,12,248,125,123,147,73,74,101,52,49
5726,valparaíso,5,los andes,53,san esteban,5304,13,258,128,130,172,92,80,86,36,50
5727,valparaíso,5,los andes,53,san esteban,5304,14,259,151,108,179,106,73,80,45,35
5728,valparaíso,5,los andes,53,san esteban,5304,15,255,120,135,161,75,86,94,45,49
5729,valparaíso,5,los andes,53,san esteban,5304,16,275,155,120,162,89,73,113,66,47
5730,valparaíso,5,los andes,53,san esteban,5304,17,281,155,126,172,95,77,109,60,49
5731,valparaíso,5,los andes,53,san esteban,5304,18,231,131,100,124,70,54,107,61,46
5732,valparaíso,5,los andes,53,san esteban,5304,19,222,104,118,117,56,61,105,48,57
5733,valparaíso,5,los andes,53,san esteban,5304,20,238,120,118,135,68,67,103,52,51
5734,valparaíso,5,los andes,53,san esteban,5304,21,257,122,135,153,65,88,104,57,47
5735,valparaíso,5,los andes,53,san esteban,5304,22,247,133,114,121,66,55,126,67,59
5736,valparaíso,5,los andes,53,san esteban,5304,23,231,111,120,154,76,78,77,35,42
5737,valparaíso,5,los andes,53,san esteban,5304,24,253,128,125,150,76,74,103,52,51
5738,valparaíso,5,los andes,53,san esteban,5304,25,230,105,125,140,65,75,90,40,50
5739,valparaíso,5,los andes,53,san esteban,5304,26,274,122,152,151,57,94,123,65,58
5740,valparaíso,5,los andes,53,san esteban,5304,27,306,140,166,193,87,106,113,53,60
5741,valparaíso,5,los andes,53,san esteban,5304,28,289,139,150,181,81,100,108,58,50
5742,valparaíso,5,los andes,53,san esteban,5304,29,277,137,140,189,87,102,88,50,38
5743,valparaíso,5,los andes,53,san esteban,5304,30,264,139,125,174,86,88,90,53,37
5744,valparaíso,5,los andes,53,san esteban,5304,31,288,139,149,202,90,112,86,49,37
5745,valparaíso,5,los andes,53,san esteban,5304,32,251,131,120,161,84,77,90,47,43
5746,valparaíso,5,los andes,53,san esteban,5304,33,255,114,141,188,79,109,67,35,32
5747,valparaíso,5,los andes,53,san esteban,5304,34,279,139,140,185,88,97,94,51,43
5748,valparaíso,5,los andes,53,san esteban,5304,35,304,145,159,206,94,112,98,51,47
5749,valparaíso,5,los andes,53,san esteban,5304,36,250,125,125,164,86,78,86,39,47
5750,valparaíso,5,los andes,53,san esteban,5304,37,238,116,122,152,77,75,86,39,47
5751,valparaíso,5,los andes,53,san esteban,5304,38,246,112,134,159,69,90,87,43,44
5752,valparaíso,5,los andes,53,san esteban,5304,39,234,94,140,146,59,87,88,35,53
5753,valparaíso,5,los andes,53,san esteban,5304,40,254,118,136,170,76,94,84,42,42
5754,valparaíso,5,los andes,53,san esteban,5304,41,254,122,132,159,74,85,95,48,47
5755,valparaíso,5,los andes,53,san esteban,5304,42,279,131,148,165,71,94,114,60,54
5756,valparaíso,5,los andes,53,san esteban,5304,43,287,141,146,181,96,85,106,45,61
5757,valparaíso,5,los andes,53,san esteban,5304,44,255,133,122,167,81,86,88,52,36
5758,valparaíso,5,los andes,53,san esteban,5304,45,246,122,124,148,72,76,98,50,48
5759,valparaíso,5,los andes,53,san esteban,5304,46,269,132,137,172,83,89,97,49,48
5760,valparaíso,5,los andes,53,san esteban,5304,47,236,117,119,129,58,71,107,59,48
5761,valparaíso,5,los andes,53,san esteban,5304,48,251,118,133,140,59,81,111,59,52
5762,valparaíso,5,los andes,53,san esteban,5304,49,285,121,164,156,63,93,129,58,71
5763,valparaíso,5,los andes,53,san esteban,5304,50,265,119,146,149,65,84,116,54,62
5764,valparaíso,5,los andes,53,san esteban,5304,51,288,136,152,158,74,84,130,62,68
5765,valparaíso,5,los andes,53,san esteban,5304,52,250,129,121,134,62,72,116,67,49
5766,valparaíso,5,los andes,53,san esteban,5304,53,288,147,141,153,76,77,135,71,64
5767,valparaíso,5,los andes,53,san esteban,5304,54,282,143,139,150,67,83,132,76,56
5768,valparaíso,5,los andes,53,san esteban,5304,55,261,137,124,126,64,62,135,73,62
5769,valparaíso,5,los andes,53,san esteban,5304,56,252,126,126,143,72,71,109,54,55
5770,valparaíso,5,los andes,53,san esteban,5304,57,226,105,121,116,47,69,110,58,52
5771,valparaíso,5,los andes,53,san esteban,5304,58,200,92,108,106,38,68,94,54,40
5772,valparaíso,5,los andes,53,san esteban,5304,59,185,103,82,98,50,48,87,53,34
5773,valparaíso,5,los andes,53,san esteban,5304,60,211,103,108,129,60,69,82,43,39
5774,valparaíso,5,los andes,53,san esteban,5304,61,198,100,98,116,54,62,82,46,36
5775,valparaíso,5,los andes,53,san esteban,5304,62,182,88,94,95,46,49,87,42,45
5776,valparaíso,5,los andes,53,san esteban,5304,63,155,82,73,88,43,45,67,39,28
5777,valparaíso,5,los andes,53,san esteban,5304,64,162,78,84,94,40,54,68,38,30
5778,valparaíso,5,los andes,53,san esteban,5304,65,166,91,75,90,50,40,76,41,35
5779,valparaíso,5,los andes,53,san esteban,5304,66,144,83,61,88,50,38,56,33,23
5780,valparaíso,5,los andes,53,san esteban,5304,67,152,77,75,85,40,45,67,37,30
5781,valparaíso,5,los andes,53,san esteban,5304,68,137,67,70,71,33,38,66,34,32
5782,valparaíso,5,los andes,53,san esteban,5304,69,128,66,62,59,27,32,69,39,30
5783,valparaíso,5,los andes,53,san esteban,5304,70,129,79,50,71,40,31,58,39,19
5784,valparaíso,5,los andes,53,san esteban,5304,71,126,51,75,67,30,37,59,21,38
5785,valparaíso,5,los andes,53,san esteban,5304,72,120,49,71,68,27,41,52,22,30
5786,valparaíso,5,los andes,53,san esteban,5304,73,118,59,59,55,28,27,63,31,32
5787,valparaíso,5,los andes,53,san esteban,5304,74,99,55,44,51,25,26,48,30,18
5788,valparaíso,5,los andes,53,san esteban,5304,75,86,44,42,42,19,23,44,25,19
5789,valparaíso,5,los andes,53,san esteban,5304,76,90,36,54,40,16,24,50,20,30
5790,valparaíso,5,los andes,53,san esteban,5304,77,79,36,43,37,14,23,42,22,20
5791,valparaíso,5,los andes,53,san esteban,5304,78,81,38,43,35,17,18,46,21,25
5792,valparaíso,5,los andes,53,san esteban,5304,79,78,32,46,43,18,25,35,14,21
5793,valparaíso,5,los andes,53,san esteban,5304,80,73,26,47,36,14,22,37,12,25
5794,valparaíso,5,los andes,53,san esteban,5304,81,53,22,31,31,12,19,22,10,12
5795,valparaíso,5,los andes,53,san esteban,5304,82,54,21,33,30,9,21,24,12,12
5796,valparaíso,5,los andes,53,san esteban,5304,83,45,19,26,26,11,15,19,8,11
5797,valparaíso,5,los andes,53,san esteban,5304,84,34,22,12,15,7,8,19,15,4
5798,valparaíso,5,los andes,53,san esteban,5304,85,47,23,24,26,14,12,21,9,12
5799,valparaíso,5,los andes,53,san esteban,5304,86,39,23,16,21,11,10,18,12,6
5800,valparaíso,5,los andes,53,san esteban,5304,87,42,18,24,22,7,15,20,11,9
5801,valparaíso,5,los andes,53,san esteban,5304,88,26,9,17,14,5,9,12,4,8
5802,valparaíso,5,los andes,53,san esteban,5304,89,20,5,15,7,1,6,13,4,9
5803,valparaíso,5,los andes,53,san esteban,5304,90,16,6,10,7,3,4,9,3,6
5804,valparaíso,5,los andes,53,san esteban,5304,91,8,3,5,7,2,5,1,1,0
5805,valparaíso,5,los andes,53,san esteban,5304,92,18,7,11,8,3,5,10,4,6
5806,valparaíso,5,los andes,53,san esteban,5304,93,12,6,6,9,5,4,3,1,2
5807,valparaíso,5,los andes,53,san esteban,5304,94,8,3,5,5,1,4,3,2,1
5808,valparaíso,5,los andes,53,san esteban,5304,95,6,2,4,5,2,3,1,0,1
5809,valparaíso,5,los andes,53,san esteban,5304,96,1,0,1,1,0,1,0,0,0
5810,valparaíso,5,los andes,53,san esteban,5304,97,5,3,2,3,1,2,2,2,0
5811,valparaíso,5,los andes,53,san esteban,5304,98,1,1,0,0,0,0,1,1,0
5812,valparaíso,5,los andes,53,san esteban,5304,99,2,1,1,2,1,1,0,0,0
5813,valparaíso,5,los andes,53,san esteban,5304,100 o más,6,5,1,6,5,1,0,0,0
5814,valparaíso,5,petorca,54,la ligua,5401,total comuna,35390,17340,18050,26009,12495,13514,9381,4845,4536
5815,valparaíso,5,petorca,54,la ligua,5401,0,448,202,246,337,156,181,111,46,65
5816,valparaíso,5,petorca,54,la ligua,5401,1,465,218,247,355,171,184,110,47,63
5817,valparaíso,5,petorca,54,la ligua,5401,2,504,251,253,394,202,192,110,49,61
5818,valparaíso,5,petorca,54,la ligua,5401,3,471,228,243,361,176,185,110,52,58
5819,valparaíso,5,petorca,54,la ligua,5401,4,511,256,255,389,186,203,122,70,52
5820,valparaíso,5,petorca,54,la ligua,5401,5,459,256,203,363,196,167,96,60,36
5821,valparaíso,5,petorca,54,la ligua,5401,6,479,242,237,383,201,182,96,41,55
5822,valparaíso,5,petorca,54,la ligua,5401,7,514,262,252,386,194,192,128,68,60
5823,valparaíso,5,petorca,54,la ligua,5401,8,480,252,228,374,197,177,106,55,51
5824,valparaíso,5,petorca,54,la ligua,5401,9,504,258,246,381,198,183,123,60,63
5825,valparaíso,5,petorca,54,la ligua,5401,10,446,224,222,333,167,166,113,57,56
5826,valparaíso,5,petorca,54,la ligua,5401,11,464,251,213,350,190,160,114,61,53
5827,valparaíso,5,petorca,54,la ligua,5401,12,458,222,236,338,163,175,120,59,61
5828,valparaíso,5,petorca,54,la ligua,5401,13,462,233,229,351,172,179,111,61,50
5829,valparaíso,5,petorca,54,la ligua,5401,14,484,231,253,357,161,196,127,70,57
5830,valparaíso,5,petorca,54,la ligua,5401,15,518,273,245,391,208,183,127,65,62
5831,valparaíso,5,petorca,54,la ligua,5401,16,533,272,261,389,196,193,144,76,68
5832,valparaíso,5,petorca,54,la ligua,5401,17,473,243,230,358,188,170,115,55,60
5833,valparaíso,5,petorca,54,la ligua,5401,18,365,201,164,283,157,126,82,44,38
5834,valparaíso,5,petorca,54,la ligua,5401,19,330,174,156,256,133,123,74,41,33
5835,valparaíso,5,petorca,54,la ligua,5401,20,382,195,187,290,148,142,92,47,45
5836,valparaíso,5,petorca,54,la ligua,5401,21,372,190,182,283,148,135,89,42,47
5837,valparaíso,5,petorca,54,la ligua,5401,22,445,238,207,332,175,157,113,63,50
5838,valparaíso,5,petorca,54,la ligua,5401,23,470,216,254,363,168,195,107,48,59
5839,valparaíso,5,petorca,54,la ligua,5401,24,463,236,227,348,172,176,115,64,51
5840,valparaíso,5,petorca,54,la ligua,5401,25,478,229,249,350,159,191,128,70,58
5841,valparaíso,5,petorca,54,la ligua,5401,26,569,279,290,421,194,227,148,85,63
5842,valparaíso,5,petorca,54,la ligua,5401,27,508,243,265,366,174,192,142,69,73
5843,valparaíso,5,petorca,54,la ligua,5401,28,560,269,291,417,196,221,143,73,70
5844,valparaíso,5,petorca,54,la ligua,5401,29,514,255,259,397,199,198,117,56,61
5845,valparaíso,5,petorca,54,la ligua,5401,30,490,257,233,369,187,182,121,70,51
5846,valparaíso,5,petorca,54,la ligua,5401,31,508,224,284,405,181,224,103,43,60
5847,valparaíso,5,petorca,54,la ligua,5401,32,500,235,265,383,177,206,117,58,59
5848,valparaíso,5,petorca,54,la ligua,5401,33,501,245,256,381,184,197,120,61,59
5849,valparaíso,5,petorca,54,la ligua,5401,34,474,217,257,375,172,203,99,45,54
5850,valparaíso,5,petorca,54,la ligua,5401,35,475,251,224,353,186,167,122,65,57
5851,valparaíso,5,petorca,54,la ligua,5401,36,455,226,229,340,159,181,115,67,48
5852,valparaíso,5,petorca,54,la ligua,5401,37,377,194,183,293,143,150,84,51,33
5853,valparaíso,5,petorca,54,la ligua,5401,38,443,213,230,339,160,179,104,53,51
5854,valparaíso,5,petorca,54,la ligua,5401,39,404,207,197,315,160,155,89,47,42
5855,valparaíso,5,petorca,54,la ligua,5401,40,469,238,231,349,174,175,120,64,56
5856,valparaíso,5,petorca,54,la ligua,5401,41,456,203,253,336,147,189,120,56,64
5857,valparaíso,5,petorca,54,la ligua,5401,42,507,245,262,373,176,197,134,69,65
5858,valparaíso,5,petorca,54,la ligua,5401,43,505,241,264,371,175,196,134,66,68
5859,valparaíso,5,petorca,54,la ligua,5401,44,516,234,282,370,163,207,146,71,75
5860,valparaíso,5,petorca,54,la ligua,5401,45,490,226,264,360,164,196,130,62,68
5861,valparaíso,5,petorca,54,la ligua,5401,46,473,227,246,343,154,189,130,73,57
5862,valparaíso,5,petorca,54,la ligua,5401,47,447,226,221,322,168,154,125,58,67
5863,valparaíso,5,petorca,54,la ligua,5401,48,463,212,251,324,140,184,139,72,67
5864,valparaíso,5,petorca,54,la ligua,5401,49,523,265,258,368,180,188,155,85,70
5865,valparaíso,5,petorca,54,la ligua,5401,50,527,262,265,385,188,197,142,74,68
5866,valparaíso,5,petorca,54,la ligua,5401,51,543,256,287,406,183,223,137,73,64
5867,valparaíso,5,petorca,54,la ligua,5401,52,544,259,285,401,176,225,143,83,60
5868,valparaíso,5,petorca,54,la ligua,5401,53,587,296,291,432,210,222,155,86,69
5869,valparaíso,5,petorca,54,la ligua,5401,54,576,262,314,434,191,243,142,71,71
5870,valparaíso,5,petorca,54,la ligua,5401,55,488,235,253,331,149,182,157,86,71
5871,valparaíso,5,petorca,54,la ligua,5401,56,491,248,243,354,169,185,137,79,58
5872,valparaíso,5,petorca,54,la ligua,5401,57,488,236,252,350,162,188,138,74,64
5873,valparaíso,5,petorca,54,la ligua,5401,58,440,227,213,327,166,161,113,61,52
5874,valparaíso,5,petorca,54,la ligua,5401,59,412,203,209,289,142,147,123,61,62
5875,valparaíso,5,petorca,54,la ligua,5401,60,422,211,211,292,141,151,130,70,60
5876,valparaíso,5,petorca,54,la ligua,5401,61,389,189,200,285,132,153,104,57,47
5877,valparaíso,5,petorca,54,la ligua,5401,62,398,190,208,264,124,140,134,66,68
5878,valparaíso,5,petorca,54,la ligua,5401,63,358,180,178,253,121,132,105,59,46
5879,valparaíso,5,petorca,54,la ligua,5401,64,324,145,179,218,98,120,106,47,59
5880,valparaíso,5,petorca,54,la ligua,5401,65,315,168,147,215,111,104,100,57,43
5881,valparaíso,5,petorca,54,la ligua,5401,66,330,139,191,248,105,143,82,34,48
5882,valparaíso,5,petorca,54,la ligua,5401,67,292,150,142,187,98,89,105,52,53
5883,valparaíso,5,petorca,54,la ligua,5401,68,300,160,140,189,102,87,111,58,53
5884,valparaíso,5,petorca,54,la ligua,5401,69,278,136,142,184,87,97,94,49,45
5885,valparaíso,5,petorca,54,la ligua,5401,70,269,136,133,167,78,89,102,58,44
5886,valparaíso,5,petorca,54,la ligua,5401,71,239,106,133,164,74,90,75,32,43
5887,valparaíso,5,petorca,54,la ligua,5401,72,233,115,118,158,75,83,75,40,35
5888,valparaíso,5,petorca,54,la ligua,5401,73,241,114,127,169,73,96,72,41,31
5889,valparaíso,5,petorca,54,la ligua,5401,74,235,110,125,164,72,92,71,38,33
5890,valparaíso,5,petorca,54,la ligua,5401,75,248,121,127,176,83,93,72,38,34
5891,valparaíso,5,petorca,54,la ligua,5401,76,205,93,112,137,58,79,68,35,33
5892,valparaíso,5,petorca,54,la ligua,5401,77,192,80,112,118,44,74,74,36,38
5893,valparaíso,5,petorca,54,la ligua,5401,78,159,68,91,100,44,56,59,24,35
5894,valparaíso,5,petorca,54,la ligua,5401,79,167,72,95,109,42,67,58,30,28
5895,valparaíso,5,petorca,54,la ligua,5401,80,174,88,86,113,56,57,61,32,29
5896,valparaíso,5,petorca,54,la ligua,5401,81,144,58,86,83,30,53,61,28,33
5897,valparaíso,5,petorca,54,la ligua,5401,82,115,51,64,72,32,40,43,19,24
5898,valparaíso,5,petorca,54,la ligua,5401,83,93,47,46,67,32,35,26,15,11
5899,valparaíso,5,petorca,54,la ligua,5401,84,96,49,47,75,34,41,21,15,6
5900,valparaíso,5,petorca,54,la ligua,5401,85,94,38,56,64,24,40,30,14,16
5901,valparaíso,5,petorca,54,la ligua,5401,86,80,28,52,62,20,42,18,8,10
5902,valparaíso,5,petorca,54,la ligua,5401,87,72,33,39,46,16,30,26,17,9
5903,valparaíso,5,petorca,54,la ligua,5401,88,48,24,24,30,12,18,18,12,6
5904,valparaíso,5,petorca,54,la ligua,5401,89,47,22,25,33,14,19,14,8,6
5905,valparaíso,5,petorca,54,la ligua,5401,90,38,18,20,29,11,18,9,7,2
5906,valparaíso,5,petorca,54,la ligua,5401,91,15,3,12,10,2,8,5,1,4
5907,valparaíso,5,petorca,54,la ligua,5401,92,24,9,15,17,5,12,7,4,3
5908,valparaíso,5,petorca,54,la ligua,5401,93,14,8,6,11,7,4,3,1,2
5909,valparaíso,5,petorca,54,la ligua,5401,94,11,5,6,6,2,4,5,3,2
5910,valparaíso,5,petorca,54,la ligua,5401,95,7,2,5,6,2,4,1,0,1
5911,valparaíso,5,petorca,54,la ligua,5401,96,8,2,6,4,2,2,4,0,4
5912,valparaíso,5,petorca,54,la ligua,5401,97,3,0,3,3,0,3,0,0,0
5913,valparaíso,5,petorca,54,la ligua,5401,98,2,1,1,2,1,1,0,0,0
5914,valparaíso,5,petorca,54,la ligua,5401,99,0,0,0,0,0,0,0,0,0
5915,valparaíso,5,petorca,54,la ligua,5401,100 o más,10,2,8,5,0,5,5,2,3
5916,valparaíso,5,petorca,54,cabildo,5402,total comuna,19388,9467,9921,12173,5774,6399,7215,3693,3522
5917,valparaíso,5,petorca,54,cabildo,5402,0,233,117,116,152,79,73,81,38,43
5918,valparaíso,5,petorca,54,cabildo,5402,1,280,151,129,184,104,80,96,47,49
5919,valparaíso,5,petorca,54,cabildo,5402,2,268,124,144,177,86,91,91,38,53
5920,valparaíso,5,petorca,54,cabildo,5402,3,258,135,123,177,90,87,81,45,36
5921,valparaíso,5,petorca,54,cabildo,5402,4,293,149,144,194,98,96,99,51,48
5922,valparaíso,5,petorca,54,cabildo,5402,5,274,151,123,180,97,83,94,54,40
5923,valparaíso,5,petorca,54,cabildo,5402,6,291,148,143,181,92,89,110,56,54
5924,valparaíso,5,petorca,54,cabildo,5402,7,298,150,148,182,92,90,116,58,58
5925,valparaíso,5,petorca,54,cabildo,5402,8,321,163,158,209,104,105,112,59,53
5926,valparaíso,5,petorca,54,cabildo,5402,9,285,147,138,178,91,87,107,56,51
5927,valparaíso,5,petorca,54,cabildo,5402,10,307,141,166,194,92,102,113,49,64
5928,valparaíso,5,petorca,54,cabildo,5402,11,273,132,141,172,81,91,101,51,50
5929,valparaíso,5,petorca,54,cabildo,5402,12,320,170,150,202,103,99,118,67,51
5930,valparaíso,5,petorca,54,cabildo,5402,13,278,147,131,179,94,85,99,53,46
5931,valparaíso,5,petorca,54,cabildo,5402,14,293,140,153,186,83,103,107,57,50
5932,valparaíso,5,petorca,54,cabildo,5402,15,302,148,154,194,96,98,108,52,56
5933,valparaíso,5,petorca,54,cabildo,5402,16,300,153,147,184,90,94,116,63,53
5934,valparaíso,5,petorca,54,cabildo,5402,17,316,160,156,195,98,97,121,62,59
5935,valparaíso,5,petorca,54,cabildo,5402,18,214,119,95,137,72,65,77,47,30
5936,valparaíso,5,petorca,54,cabildo,5402,19,197,98,99,123,57,66,74,41,33
5937,valparaíso,5,petorca,54,cabildo,5402,20,229,101,128,154,66,88,75,35,40
5938,valparaíso,5,petorca,54,cabildo,5402,21,225,126,99,144,80,64,81,46,35
5939,valparaíso,5,petorca,54,cabildo,5402,22,247,113,134,171,75,96,76,38,38
5940,valparaíso,5,petorca,54,cabildo,5402,23,238,110,128,150,68,82,88,42,46
5941,valparaíso,5,petorca,54,cabildo,5402,24,260,134,126,170,88,82,90,46,44
5942,valparaíso,5,petorca,54,cabildo,5402,25,286,129,157,184,83,101,102,46,56
5943,valparaíso,5,petorca,54,cabildo,5402,26,301,153,148,198,105,93,103,48,55
5944,valparaíso,5,petorca,54,cabildo,5402,27,274,132,142,182,91,91,92,41,51
5945,valparaíso,5,petorca,54,cabildo,5402,28,285,122,163,179,76,103,106,46,60
5946,valparaíso,5,petorca,54,cabildo,5402,29,250,120,130,164,75,89,86,45,41
5947,valparaíso,5,petorca,54,cabildo,5402,30,292,143,149,175,87,88,117,56,61
5948,valparaíso,5,petorca,54,cabildo,5402,31,247,137,110,143,73,70,104,64,40
5949,valparaíso,5,petorca,54,cabildo,5402,32,248,99,149,158,58,100,90,41,49
5950,valparaíso,5,petorca,54,cabildo,5402,33,274,114,160,163,64,99,111,50,61
5951,valparaíso,5,petorca,54,cabildo,5402,34,261,124,137,149,71,78,112,53,59
5952,valparaíso,5,petorca,54,cabildo,5402,35,301,139,162,188,90,98,113,49,64
5953,valparaíso,5,petorca,54,cabildo,5402,36,261,135,126,159,81,78,102,54,48
5954,valparaíso,5,petorca,54,cabildo,5402,37,243,122,121,138,62,76,105,60,45
5955,valparaíso,5,petorca,54,cabildo,5402,38,238,123,115,145,73,72,93,50,43
5956,valparaíso,5,petorca,54,cabildo,5402,39,232,112,120,148,69,79,84,43,41
5957,valparaíso,5,petorca,54,cabildo,5402,40,212,103,109,121,55,66,91,48,43
5958,valparaíso,5,petorca,54,cabildo,5402,41,261,125,136,165,78,87,96,47,49
5959,valparaíso,5,petorca,54,cabildo,5402,42,256,118,138,158,67,91,98,51,47
5960,valparaíso,5,petorca,54,cabildo,5402,43,273,132,141,169,76,93,104,56,48
5961,valparaíso,5,petorca,54,cabildo,5402,44,227,89,138,140,53,87,87,36,51
5962,valparaíso,5,petorca,54,cabildo,5402,45,282,120,162,173,77,96,109,43,66
5963,valparaíso,5,petorca,54,cabildo,5402,46,280,136,144,184,91,93,96,45,51
5964,valparaíso,5,petorca,54,cabildo,5402,47,226,105,121,147,58,89,79,47,32
5965,valparaíso,5,petorca,54,cabildo,5402,48,260,114,146,149,58,91,111,56,55
5966,valparaíso,5,petorca,54,cabildo,5402,49,281,137,144,176,82,94,105,55,50
5967,valparaíso,5,petorca,54,cabildo,5402,50,252,126,126,156,77,79,96,49,47
5968,valparaíso,5,petorca,54,cabildo,5402,51,280,148,132,170,82,88,110,66,44
5969,valparaíso,5,petorca,54,cabildo,5402,52,276,135,141,173,81,92,103,54,49
5970,valparaíso,5,petorca,54,cabildo,5402,53,288,141,147,177,82,95,111,59,52
5971,valparaíso,5,petorca,54,cabildo,5402,54,268,132,136,163,79,84,105,53,52
5972,valparaíso,5,petorca,54,cabildo,5402,55,268,130,138,155,72,83,113,58,55
5973,valparaíso,5,petorca,54,cabildo,5402,56,249,121,128,157,70,87,92,51,41
5974,valparaíso,5,petorca,54,cabildo,5402,57,243,117,126,153,70,83,90,47,43
5975,valparaíso,5,petorca,54,cabildo,5402,58,238,110,128,153,72,81,85,38,47
5976,valparaíso,5,petorca,54,cabildo,5402,59,237,111,126,157,69,88,80,42,38
5977,valparaíso,5,petorca,54,cabildo,5402,60,207,114,93,131,72,59,76,42,34
5978,valparaíso,5,petorca,54,cabildo,5402,61,218,113,105,125,65,60,93,48,45
5979,valparaíso,5,petorca,54,cabildo,5402,62,222,105,117,141,60,81,81,45,36
5980,valparaíso,5,petorca,54,cabildo,5402,63,201,106,95,122,59,63,79,47,32
5981,valparaíso,5,petorca,54,cabildo,5402,64,165,76,89,95,47,48,70,29,41
5982,valparaíso,5,petorca,54,cabildo,5402,65,153,64,89,108,43,65,45,21,24
5983,valparaíso,5,petorca,54,cabildo,5402,66,157,74,83,100,45,55,57,29,28
5984,valparaíso,5,petorca,54,cabildo,5402,67,156,95,61,103,61,42,53,34,19
5985,valparaíso,5,petorca,54,cabildo,5402,68,179,88,91,114,52,62,65,36,29
5986,valparaíso,5,petorca,54,cabildo,5402,69,141,66,75,91,38,53,50,28,22
5987,valparaíso,5,petorca,54,cabildo,5402,70,137,83,54,89,46,43,48,37,11
5988,valparaíso,5,petorca,54,cabildo,5402,71,135,75,60,80,38,42,55,37,18
5989,valparaíso,5,petorca,54,cabildo,5402,72,130,66,64,77,38,39,53,28,25
5990,valparaíso,5,petorca,54,cabildo,5402,73,119,57,62,68,30,38,51,27,24
5991,valparaíso,5,petorca,54,cabildo,5402,74,98,56,42,64,38,26,34,18,16
5992,valparaíso,5,petorca,54,cabildo,5402,75,113,56,57,65,37,28,48,19,29
5993,valparaíso,5,petorca,54,cabildo,5402,76,97,48,49,66,24,42,31,24,7
5994,valparaíso,5,petorca,54,cabildo,5402,77,87,38,49,52,20,32,35,18,17
5995,valparaíso,5,petorca,54,cabildo,5402,78,72,36,36,45,22,23,27,14,13
5996,valparaíso,5,petorca,54,cabildo,5402,79,96,38,58,57,22,35,39,16,23
5997,valparaíso,5,petorca,54,cabildo,5402,80,68,33,35,36,18,18,32,15,17
5998,valparaíso,5,petorca,54,cabildo,5402,81,66,33,33,47,23,24,19,10,9
5999,valparaíso,5,petorca,54,cabildo,5402,82,65,30,35,49,20,29,16,10,6
6000,valparaíso,5,petorca,54,cabildo,5402,83,58,25,33,31,16,15,27,9,18
6001,valparaíso,5,petorca,54,cabildo,5402,84,48,20,28,26,9,17,22,11,11
6002,valparaíso,5,petorca,54,cabildo,5402,85,41,21,20,24,10,14,17,11,6
6003,valparaíso,5,petorca,54,cabildo,5402,86,37,13,24,25,9,16,12,4,8
6004,valparaíso,5,petorca,54,cabildo,5402,87,38,17,21,25,10,15,13,7,6
6005,valparaíso,5,petorca,54,cabildo,5402,88,25,9,16,13,3,10,12,6,6
6006,valparaíso,5,petorca,54,cabildo,5402,89,21,8,13,12,3,9,9,5,4
6007,valparaíso,5,petorca,54,cabildo,5402,90,23,7,16,15,5,10,8,2,6
6008,valparaíso,5,petorca,54,cabildo,5402,91,16,5,11,8,1,7,8,4,4
6009,valparaíso,5,petorca,54,cabildo,5402,92,17,2,15,13,2,11,4,0,4
6010,valparaíso,5,petorca,54,cabildo,5402,93,6,1,5,2,0,2,4,1,3
6011,valparaíso,5,petorca,54,cabildo,5402,94,7,0,7,1,0,1,6,0,6
6012,valparaíso,5,petorca,54,cabildo,5402,95,5,2,3,4,1,3,1,1,0
6013,valparaíso,5,petorca,54,cabildo,5402,96,4,1,3,3,1,2,1,0,1
6014,valparaíso,5,petorca,54,cabildo,5402,97,4,2,2,3,1,2,1,1,0
6015,valparaíso,5,petorca,54,cabildo,5402,98,1,0,1,1,0,1,0,0,0
6016,valparaíso,5,petorca,54,cabildo,5402,99,1,1,0,1,1,0,0,0,0
6017,valparaíso,5,petorca,54,cabildo,5402,100 o más,4,2,2,3,1,2,1,1,0
6018,valparaíso,5,petorca,54,papudo,5403,total comuna,6356,3341,3015,5414,2722,2692,942,619,323
6019,valparaíso,5,petorca,54,papudo,5403,0,65,31,34,65,31,34,0,0,0
6020,valparaíso,5,petorca,54,papudo,5403,1,81,40,41,80,40,40,1,0,1
6021,valparaíso,5,petorca,54,papudo,5403,2,79,41,38,76,40,36,3,1,2
6022,valparaíso,5,petorca,54,papudo,5403,3,75,40,35,69,36,33,6,4,2
6023,valparaíso,5,petorca,54,papudo,5403,4,69,38,31,66,35,31,3,3,0
6024,valparaíso,5,petorca,54,papudo,5403,5,90,49,41,86,47,39,4,2,2
6025,valparaíso,5,petorca,54,papudo,5403,6,64,31,33,60,28,32,4,3,1
6026,valparaíso,5,petorca,54,papudo,5403,7,63,30,33,56,26,30,7,4,3
6027,valparaíso,5,petorca,54,papudo,5403,8,67,33,34,59,28,31,8,5,3
6028,valparaíso,5,petorca,54,papudo,5403,9,69,35,34,66,35,31,3,0,3
6029,valparaíso,5,petorca,54,papudo,5403,10,69,33,36,64,31,33,5,2,3
6030,valparaíso,5,petorca,54,papudo,5403,11,85,41,44,80,40,40,5,1,4
6031,valparaíso,5,petorca,54,papudo,5403,12,77,40,37,74,38,36,3,2,1
6032,valparaíso,5,petorca,54,papudo,5403,13,79,36,43,75,35,40,4,1,3
6033,valparaíso,5,petorca,54,papudo,5403,14,75,42,33,69,36,33,6,6,0
6034,valparaíso,5,petorca,54,papudo,5403,15,80,51,29,74,45,29,6,6,0
6035,valparaíso,5,petorca,54,papudo,5403,16,77,46,31,70,44,26,7,2,5
6036,valparaíso,5,petorca,54,papudo,5403,17,151,82,69,87,37,50,64,45,19
6037,valparaíso,5,petorca,54,papudo,5403,18,307,202,105,68,32,36,239,170,69
6038,valparaíso,5,petorca,54,papudo,5403,19,138,89,49,49,22,27,89,67,22
6039,valparaíso,5,petorca,54,papudo,5403,20,81,45,36,61,29,32,20,16,4
6040,valparaíso,5,petorca,54,papudo,5403,21,71,40,31,53,29,24,18,11,7
6041,valparaíso,5,petorca,54,papudo,5403,22,75,41,34,66,36,30,9,5,4
6042,valparaíso,5,petorca,54,papudo,5403,23,95,44,51,84,37,47,11,7,4
6043,valparaíso,5,petorca,54,papudo,5403,24,85,53,32,72,45,27,13,8,5
6044,valparaíso,5,petorca,54,papudo,5403,25,100,49,51,90,44,46,10,5,5
6045,valparaíso,5,petorca,54,papudo,5403,26,85,46,39,75,40,35,10,6,4
6046,valparaíso,5,petorca,54,papudo,5403,27,105,54,51,88,41,47,17,13,4
6047,valparaíso,5,petorca,54,papudo,5403,28,93,53,40,77,41,36,16,12,4
6048,valparaíso,5,petorca,54,papudo,5403,29,87,48,39,78,41,37,9,7,2
6049,valparaíso,5,petorca,54,papudo,5403,30,87,46,41,74,37,37,13,9,4
6050,valparaíso,5,petorca,54,papudo,5403,31,88,43,45,84,40,44,4,3,1
6051,valparaíso,5,petorca,54,papudo,5403,32,80,47,33,70,40,30,10,7,3
6052,valparaíso,5,petorca,54,papudo,5403,33,99,53,46,94,49,45,5,4,1
6053,valparaíso,5,petorca,54,papudo,5403,34,76,42,34,67,35,32,9,7,2
6054,valparaíso,5,petorca,54,papudo,5403,35,93,43,50,83,36,47,10,7,3
6055,valparaíso,5,petorca,54,papudo,5403,36,88,46,42,80,41,39,8,5,3
6056,valparaíso,5,petorca,54,papudo,5403,37,70,30,40,65,28,37,5,2,3
6057,valparaíso,5,petorca,54,papudo,5403,38,73,42,31,66,37,29,7,5,2
6058,valparaíso,5,petorca,54,papudo,5403,39,64,33,31,60,30,30,4,3,1
6059,valparaíso,5,petorca,54,papudo,5403,40,74,33,41,69,29,40,5,4,1
6060,valparaíso,5,petorca,54,papudo,5403,41,78,43,35,69,37,32,9,6,3
6061,valparaíso,5,petorca,54,papudo,5403,42,95,46,49,85,38,47,10,8,2
6062,valparaíso,5,petorca,54,papudo,5403,43,65,34,31,55,26,29,10,8,2
6063,valparaíso,5,petorca,54,papudo,5403,44,78,44,34,69,39,30,9,5,4
6064,valparaíso,5,petorca,54,papudo,5403,45,85,41,44,79,38,41,6,3,3
6065,valparaíso,5,petorca,54,papudo,5403,46,78,41,37,73,40,33,5,1,4
6066,valparaíso,5,petorca,54,papudo,5403,47,79,37,42,69,30,39,10,7,3
6067,valparaíso,5,petorca,54,papudo,5403,48,65,38,27,54,33,21,11,5,6
6068,valparaíso,5,petorca,54,papudo,5403,49,94,50,44,84,43,41,10,7,3
6069,valparaíso,5,petorca,54,papudo,5403,50,88,52,36,81,47,34,7,5,2
6070,valparaíso,5,petorca,54,papudo,5403,51,118,57,61,108,52,56,10,5,5
6071,valparaíso,5,petorca,54,papudo,5403,52,96,52,44,90,49,41,6,3,3
6072,valparaíso,5,petorca,54,papudo,5403,53,102,57,45,91,52,39,11,5,6
6073,valparaíso,5,petorca,54,papudo,5403,54,97,52,45,89,47,42,8,5,3
6074,valparaíso,5,petorca,54,papudo,5403,55,80,48,32,72,45,27,8,3,5
6075,valparaíso,5,petorca,54,papudo,5403,56,68,34,34,58,28,30,10,6,4
6076,valparaíso,5,petorca,54,papudo,5403,57,80,36,44,73,31,42,7,5,2
6077,valparaíso,5,petorca,54,papudo,5403,58,88,39,49,80,34,46,8,5,3
6078,valparaíso,5,petorca,54,papudo,5403,59,83,42,41,79,40,39,4,2,2
6079,valparaíso,5,petorca,54,papudo,5403,60,75,42,33,68,38,30,7,4,3
6080,valparaíso,5,petorca,54,papudo,5403,61,69,33,36,63,29,34,6,4,2
6081,valparaíso,5,petorca,54,papudo,5403,62,64,28,36,60,27,33,4,1,3
6082,valparaíso,5,petorca,54,papudo,5403,63,65,28,37,54,24,30,11,4,7
6083,valparaíso,5,petorca,54,papudo,5403,64,53,27,26,46,23,23,7,4,3
6084,valparaíso,5,petorca,54,papudo,5403,65,61,35,26,56,31,25,5,4,1
6085,valparaíso,5,petorca,54,papudo,5403,66,50,27,23,47,26,21,3,1,2
6086,valparaíso,5,petorca,54,papudo,5403,67,51,28,23,42,25,17,9,3,6
6087,valparaíso,5,petorca,54,papudo,5403,68,55,26,29,47,22,25,8,4,4
6088,valparaíso,5,petorca,54,papudo,5403,69,46,18,28,40,15,25,6,3,3
6089,valparaíso,5,petorca,54,papudo,5403,70,34,14,20,33,13,20,1,1,0
6090,valparaíso,5,petorca,54,papudo,5403,71,39,20,19,34,17,17,5,3,2
6091,valparaíso,5,petorca,54,papudo,5403,72,46,21,25,44,20,24,2,1,1
6092,valparaíso,5,petorca,54,papudo,5403,73,45,25,20,42,22,20,3,3,0
6093,valparaíso,5,petorca,54,papudo,5403,74,32,16,16,28,14,14,4,2,2
6094,valparaíso,5,petorca,54,papudo,5403,75,28,12,16,23,11,12,5,1,4
6095,valparaíso,5,petorca,54,papudo,5403,76,42,17,25,41,17,24,1,0,1
6096,valparaíso,5,petorca,54,papudo,5403,77,32,19,13,29,16,13,3,3,0
6097,valparaíso,5,petorca,54,papudo,5403,78,24,12,12,22,11,11,2,1,1
6098,valparaíso,5,petorca,54,papudo,5403,79,23,12,11,18,9,9,5,3,2
6099,valparaíso,5,petorca,54,papudo,5403,80,24,14,10,23,13,10,1,1,0
6100,valparaíso,5,petorca,54,papudo,5403,81,12,3,9,12,3,9,0,0,0
6101,valparaíso,5,petorca,54,papudo,5403,82,24,14,10,23,13,10,1,1,0
6102,valparaíso,5,petorca,54,papudo,5403,83,11,5,6,10,4,6,1,1,0
6103,valparaíso,5,petorca,54,papudo,5403,84,13,4,9,13,4,9,0,0,0
6104,valparaíso,5,petorca,54,papudo,5403,85,16,4,12,16,4,12,0,0,0
6105,valparaíso,5,petorca,54,papudo,5403,86,17,9,8,17,9,8,0,0,0
6106,valparaíso,5,petorca,54,papudo,5403,87,12,5,7,12,5,7,0,0,0
6107,valparaíso,5,petorca,54,papudo,5403,88,12,6,6,11,5,6,1,1,0
6108,valparaíso,5,petorca,54,papudo,5403,89,7,2,5,7,2,5,0,0,0
6109,valparaíso,5,petorca,54,papudo,5403,90,8,3,5,7,2,5,1,1,0
6110,valparaíso,5,petorca,54,papudo,5403,91,3,2,1,3,2,1,0,0,0
6111,valparaíso,5,petorca,54,papudo,5403,92,2,1,1,1,1,0,1,0,1
6112,valparaíso,5,petorca,54,papudo,5403,93,4,1,3,4,1,3,0,0,0
6113,valparaíso,5,petorca,54,papudo,5403,94,2,1,1,2,1,1,0,0,0
6114,valparaíso,5,petorca,54,papudo,5403,95,2,1,1,2,1,1,0,0,0
6115,valparaíso,5,petorca,54,papudo,5403,96,3,0,3,3,0,3,0,0,0
6116,valparaíso,5,petorca,54,papudo,5403,97,1,0,1,1,0,1,0,0,0
6117,valparaíso,5,petorca,54,papudo,5403,98,1,1,0,1,1,0,0,0,0
6118,valparaíso,5,petorca,54,papudo,5403,99,0,0,0,0,0,0,0,0,0
6119,valparaíso,5,petorca,54,papudo,5403,100 o más,2,1,1,2,1,1,0,0,0
6120,valparaíso,5,petorca,54,petorca,5404,total comuna,9826,4889,4937,4103,2024,2079,5723,2865,2858
6121,valparaíso,5,petorca,54,petorca,5404,0,94,55,39,41,23,18,53,32,21
6122,valparaíso,5,petorca,54,petorca,5404,1,128,66,62,56,28,28,72,38,34
6123,valparaíso,5,petorca,54,petorca,5404,2,117,65,52,54,34,20,63,31,32
6124,valparaíso,5,petorca,54,petorca,5404,3,121,53,68,56,20,36,65,33,32
6125,valparaíso,5,petorca,54,petorca,5404,4,123,67,56,54,28,26,69,39,30
6126,valparaíso,5,petorca,54,petorca,5404,5,136,59,77,63,32,31,73,27,46
6127,valparaíso,5,petorca,54,petorca,5404,6,118,63,55,51,26,25,67,37,30
6128,valparaíso,5,petorca,54,petorca,5404,7,136,79,57,59,40,19,77,39,38
6129,valparaíso,5,petorca,54,petorca,5404,8,141,72,69,63,30,33,78,42,36
6130,valparaíso,5,petorca,54,petorca,5404,9,143,90,53,55,41,14,88,49,39
6131,valparaíso,5,petorca,54,petorca,5404,10,130,66,64,60,31,29,70,35,35
6132,valparaíso,5,petorca,54,petorca,5404,11,137,69,68,51,22,29,86,47,39
6133,valparaíso,5,petorca,54,petorca,5404,12,119,56,63,50,25,25,69,31,38
6134,valparaíso,5,petorca,54,petorca,5404,13,122,66,56,43,26,17,79,40,39
6135,valparaíso,5,petorca,54,petorca,5404,14,121,67,54,48,25,23,73,42,31
6136,valparaíso,5,petorca,54,petorca,5404,15,139,72,67,63,30,33,76,42,34
6137,valparaíso,5,petorca,54,petorca,5404,16,130,58,72,63,24,39,67,34,33
6138,valparaíso,5,petorca,54,petorca,5404,17,143,69,74,57,31,26,86,38,48
6139,valparaíso,5,petorca,54,petorca,5404,18,92,47,45,32,18,14,60,29,31
6140,valparaíso,5,petorca,54,petorca,5404,19,63,36,27,31,16,15,32,20,12
6141,valparaíso,5,petorca,54,petorca,5404,20,109,50,59,42,17,25,67,33,34
6142,valparaíso,5,petorca,54,petorca,5404,21,88,55,33,38,27,11,50,28,22
6143,valparaíso,5,petorca,54,petorca,5404,22,124,55,69,51,24,27,73,31,42
6144,valparaíso,5,petorca,54,petorca,5404,23,137,75,62,61,35,26,76,40,36
6145,valparaíso,5,petorca,54,petorca,5404,24,153,68,85,66,32,34,87,36,51
6146,valparaíso,5,petorca,54,petorca,5404,25,150,83,67,75,36,39,75,47,28
6147,valparaíso,5,petorca,54,petorca,5404,26,172,75,97,73,35,38,99,40,59
6148,valparaíso,5,petorca,54,petorca,5404,27,149,69,80,74,37,37,75,32,43
6149,valparaíso,5,petorca,54,petorca,5404,28,150,78,72,64,29,35,86,49,37
6150,valparaíso,5,petorca,54,petorca,5404,29,142,68,74,73,35,38,69,33,36
6151,valparaíso,5,petorca,54,petorca,5404,30,114,59,55,54,27,27,60,32,28
6152,valparaíso,5,petorca,54,petorca,5404,31,141,62,79,57,29,28,84,33,51
6153,valparaíso,5,petorca,54,petorca,5404,32,120,45,75,62,26,36,58,19,39
6154,valparaíso,5,petorca,54,petorca,5404,33,125,53,72,56,19,37,69,34,35
6155,valparaíso,5,petorca,54,petorca,5404,34,131,75,56,63,31,32,68,44,24
6156,valparaíso,5,petorca,54,petorca,5404,35,132,66,66,61,35,26,71,31,40
6157,valparaíso,5,petorca,54,petorca,5404,36,115,60,55,50,25,25,65,35,30
6158,valparaíso,5,petorca,54,petorca,5404,37,125,65,60,55,30,25,70,35,35
6159,valparaíso,5,petorca,54,petorca,5404,38,118,59,59,50,24,26,68,35,33
6160,valparaíso,5,petorca,54,petorca,5404,39,131,64,67,59,30,29,72,34,38
6161,valparaíso,5,petorca,54,petorca,5404,40,132,59,73,54,23,31,78,36,42
6162,valparaíso,5,petorca,54,petorca,5404,41,122,65,57,47,29,18,75,36,39
6163,valparaíso,5,petorca,54,petorca,5404,42,120,62,58,43,21,22,77,41,36
6164,valparaíso,5,petorca,54,petorca,5404,43,110,60,50,48,24,24,62,36,26
6165,valparaíso,5,petorca,54,petorca,5404,44,143,59,84,50,24,26,93,35,58
6166,valparaíso,5,petorca,54,petorca,5404,45,138,73,65,51,29,22,87,44,43
6167,valparaíso,5,petorca,54,petorca,5404,46,130,60,70,56,23,33,74,37,37
6168,valparaíso,5,petorca,54,petorca,5404,47,125,56,69,46,21,25,79,35,44
6169,valparaíso,5,petorca,54,petorca,5404,48,145,62,83,61,26,35,84,36,48
6170,valparaíso,5,petorca,54,petorca,5404,49,159,78,81,56,23,33,103,55,48
6171,valparaíso,5,petorca,54,petorca,5404,50,150,81,69,62,27,35,88,54,34
6172,valparaíso,5,petorca,54,petorca,5404,51,149,75,74,71,36,35,78,39,39
6173,valparaíso,5,petorca,54,petorca,5404,52,161,79,82,73,29,44,88,50,38
6174,valparaíso,5,petorca,54,petorca,5404,53,133,70,63,49,32,17,84,38,46
6175,valparaíso,5,petorca,54,petorca,5404,54,146,75,71,55,28,27,91,47,44
6176,valparaíso,5,petorca,54,petorca,5404,55,149,73,76,63,26,37,86,47,39
6177,valparaíso,5,petorca,54,petorca,5404,56,138,71,67,57,27,30,81,44,37
6178,valparaíso,5,petorca,54,petorca,5404,57,132,67,65,58,32,26,74,35,39
6179,valparaíso,5,petorca,54,petorca,5404,58,108,52,56,41,18,23,67,34,33
6180,valparaíso,5,petorca,54,petorca,5404,59,129,65,64,48,23,25,81,42,39
6181,valparaíso,5,petorca,54,petorca,5404,60,108,54,54,39,18,21,69,36,33
6182,valparaíso,5,petorca,54,petorca,5404,61,117,58,59,48,19,29,69,39,30
6183,valparaíso,5,petorca,54,petorca,5404,62,112,48,64,51,23,28,61,25,36
6184,valparaíso,5,petorca,54,petorca,5404,63,114,69,45,55,32,23,59,37,22
6185,valparaíso,5,petorca,54,petorca,5404,64,115,56,59,50,21,29,65,35,30
6186,valparaíso,5,petorca,54,petorca,5404,65,99,49,50,41,23,18,58,26,32
6187,valparaíso,5,petorca,54,petorca,5404,66,89,41,48,32,17,15,57,24,33
6188,valparaíso,5,petorca,54,petorca,5404,67,99,45,54,35,15,20,64,30,34
6189,valparaíso,5,petorca,54,petorca,5404,68,83,46,37,35,18,17,48,28,20
6190,valparaíso,5,petorca,54,petorca,5404,69,84,39,45,27,14,13,57,25,32
6191,valparaíso,5,petorca,54,petorca,5404,70,63,35,28,29,15,14,34,20,14
6192,valparaíso,5,petorca,54,petorca,5404,71,83,47,36,24,12,12,59,35,24
6193,valparaíso,5,petorca,54,petorca,5404,72,80,34,46,33,16,17,47,18,29
6194,valparaíso,5,petorca,54,petorca,5404,73,68,39,29,13,7,6,55,32,23
6195,valparaíso,5,petorca,54,petorca,5404,74,76,44,32,31,20,11,45,24,21
6196,valparaíso,5,petorca,54,petorca,5404,75,61,34,27,21,12,9,40,22,18
6197,valparaíso,5,petorca,54,petorca,5404,76,62,27,35,26,9,17,36,18,18
6198,valparaíso,5,petorca,54,petorca,5404,77,48,21,27,15,8,7,33,13,20
6199,valparaíso,5,petorca,54,petorca,5404,78,58,26,32,13,4,9,45,22,23
6200,valparaíso,5,petorca,54,petorca,5404,79,54,25,29,19,8,11,35,17,18
6201,valparaíso,5,petorca,54,petorca,5404,80,41,22,19,17,11,6,24,11,13
6202,valparaíso,5,petorca,54,petorca,5404,81,39,21,18,13,9,4,26,12,14
6203,valparaíso,5,petorca,54,petorca,5404,82,37,21,16,16,9,7,21,12,9
6204,valparaíso,5,petorca,54,petorca,5404,83,36,16,20,18,6,12,18,10,8
6205,valparaíso,5,petorca,54,petorca,5404,84,34,14,20,13,3,10,21,11,10
6206,valparaíso,5,petorca,54,petorca,5404,85,32,10,22,11,4,7,21,6,15
6207,valparaíso,5,petorca,54,petorca,5404,86,30,10,20,10,2,8,20,8,12
6208,valparaíso,5,petorca,54,petorca,5404,87,20,8,12,10,3,7,10,5,5
6209,valparaíso,5,petorca,54,petorca,5404,88,18,9,9,5,4,1,13,5,8
6210,valparaíso,5,petorca,54,petorca,5404,89,12,6,6,5,3,2,7,3,4
6211,valparaíso,5,petorca,54,petorca,5404,90,12,3,9,6,0,6,6,3,3
6212,valparaíso,5,petorca,54,petorca,5404,91,11,3,8,4,1,3,7,2,5
6213,valparaíso,5,petorca,54,petorca,5404,92,6,2,4,3,2,1,3,0,3
6214,valparaíso,5,petorca,54,petorca,5404,93,9,2,7,6,0,6,3,2,1
6215,valparaíso,5,petorca,54,petorca,5404,94,4,1,3,0,0,0,4,1,3
6216,valparaíso,5,petorca,54,petorca,5404,95,3,0,3,1,0,1,2,0,2
6217,valparaíso,5,petorca,54,petorca,5404,96,4,1,3,2,1,1,2,0,2
6218,valparaíso,5,petorca,54,petorca,5404,97,0,0,0,0,0,0,0,0,0
6219,valparaíso,5,petorca,54,petorca,5404,98,4,0,4,1,0,1,3,0,3
6220,valparaíso,5,petorca,54,petorca,5404,99,2,1,1,2,1,1,0,0,0
6221,valparaíso,5,petorca,54,petorca,5404,100 o más,1,1,0,0,0,0,1,1,0
6222,valparaíso,5,petorca,54,zapallar,5405,total comuna,7339,3704,3635,5013,2464,2549,2326,1240,1086
6223,valparaíso,5,petorca,54,zapallar,5405,0,75,38,37,48,21,27,27,17,10
6224,valparaíso,5,petorca,54,zapallar,5405,1,88,41,47,61,29,32,27,12,15
6225,valparaíso,5,petorca,54,zapallar,5405,2,110,68,42,69,40,29,41,28,13
6226,valparaíso,5,petorca,54,zapallar,5405,3,110,56,54,77,36,41,33,20,13
6227,valparaíso,5,petorca,54,zapallar,5405,4,97,41,56,63,24,39,34,17,17
6228,valparaíso,5,petorca,54,zapallar,5405,5,89,38,51,68,25,43,21,13,8
6229,valparaíso,5,petorca,54,zapallar,5405,6,99,54,45,66,37,29,33,17,16
6230,valparaíso,5,petorca,54,zapallar,5405,7,89,37,52,61,23,38,28,14,14
6231,valparaíso,5,petorca,54,zapallar,5405,8,77,37,40,56,29,27,21,8,13
6232,valparaíso,5,petorca,54,zapallar,5405,9,97,41,56,74,35,39,23,6,17
6233,valparaíso,5,petorca,54,zapallar,5405,10,83,49,34,55,31,24,28,18,10
6234,valparaíso,5,petorca,54,zapallar,5405,11,81,37,44,56,25,31,25,12,13
6235,valparaíso,5,petorca,54,zapallar,5405,12,77,40,37,59,31,28,18,9,9
6236,valparaíso,5,petorca,54,zapallar,5405,13,75,32,43,50,17,33,25,15,10
6237,valparaíso,5,petorca,54,zapallar,5405,14,85,44,41,62,32,30,23,12,11
6238,valparaíso,5,petorca,54,zapallar,5405,15,88,45,43,69,36,33,19,9,10
6239,valparaíso,5,petorca,54,zapallar,5405,16,104,63,41,65,42,23,39,21,18
6240,valparaíso,5,petorca,54,zapallar,5405,17,90,43,47,71,36,35,19,7,12
6241,valparaíso,5,petorca,54,zapallar,5405,18,92,52,40,69,41,28,23,11,12
6242,valparaíso,5,petorca,54,zapallar,5405,19,71,30,41,49,18,31,22,12,10
6243,valparaíso,5,petorca,54,zapallar,5405,20,72,45,27,38,21,17,34,24,10
6244,valparaíso,5,petorca,54,zapallar,5405,21,79,32,47,54,20,34,25,12,13
6245,valparaíso,5,petorca,54,zapallar,5405,22,88,54,34,62,39,23,26,15,11
6246,valparaíso,5,petorca,54,zapallar,5405,23,100,57,43,69,36,33,31,21,10
6247,valparaíso,5,petorca,54,zapallar,5405,24,104,58,46,79,45,34,25,13,12
6248,valparaíso,5,petorca,54,zapallar,5405,25,108,55,53,67,37,30,41,18,23
6249,valparaíso,5,petorca,54,zapallar,5405,26,118,57,61,87,34,53,31,23,8
6250,valparaíso,5,petorca,54,zapallar,5405,27,120,62,58,87,48,39,33,14,19
6251,valparaíso,5,petorca,54,zapallar,5405,28,105,55,50,81,44,37,24,11,13
6252,valparaíso,5,petorca,54,zapallar,5405,29,112,59,53,83,45,38,29,14,15
6253,valparaíso,5,petorca,54,zapallar,5405,30,99,49,50,69,33,36,30,16,14
6254,valparaíso,5,petorca,54,zapallar,5405,31,101,44,57,78,33,45,23,11,12
6255,valparaíso,5,petorca,54,zapallar,5405,32,100,54,46,70,37,33,30,17,13
6256,valparaíso,5,petorca,54,zapallar,5405,33,98,49,49,62,31,31,36,18,18
6257,valparaíso,5,petorca,54,zapallar,5405,34,115,52,63,85,35,50,30,17,13
6258,valparaíso,5,petorca,54,zapallar,5405,35,103,58,45,62,36,26,41,22,19
6259,valparaíso,5,petorca,54,zapallar,5405,36,92,47,45,65,35,30,27,12,15
6260,valparaíso,5,petorca,54,zapallar,5405,37,113,58,55,76,36,40,37,22,15
6261,valparaíso,5,petorca,54,zapallar,5405,38,88,36,52,64,26,38,24,10,14
6262,valparaíso,5,petorca,54,zapallar,5405,39,92,51,41,63,33,30,29,18,11
6263,valparaíso,5,petorca,54,zapallar,5405,40,116,59,57,81,42,39,35,17,18
6264,valparaíso,5,petorca,54,zapallar,5405,41,98,55,43,61,29,32,37,26,11
6265,valparaíso,5,petorca,54,zapallar,5405,42,103,45,58,69,32,37,34,13,21
6266,valparaíso,5,petorca,54,zapallar,5405,43,93,50,43,63,29,34,30,21,9
6267,valparaíso,5,petorca,54,zapallar,5405,44,107,53,54,71,34,37,36,19,17
6268,valparaíso,5,petorca,54,zapallar,5405,45,91,52,39,60,35,25,31,17,14
6269,valparaíso,5,petorca,54,zapallar,5405,46,96,50,46,68,36,32,28,14,14
6270,valparaíso,5,petorca,54,zapallar,5405,47,101,50,51,65,30,35,36,20,16
6271,valparaíso,5,petorca,54,zapallar,5405,48,83,42,41,62,30,32,21,12,9
6272,valparaíso,5,petorca,54,zapallar,5405,49,84,47,37,54,30,24,30,17,13
6273,valparaíso,5,petorca,54,zapallar,5405,50,102,52,50,61,29,32,41,23,18
6274,valparaíso,5,petorca,54,zapallar,5405,51,100,57,43,70,39,31,30,18,12
6275,valparaíso,5,petorca,54,zapallar,5405,52,101,50,51,67,32,35,34,18,16
6276,valparaíso,5,petorca,54,zapallar,5405,53,114,61,53,82,39,43,32,22,10
6277,valparaíso,5,petorca,54,zapallar,5405,54,123,69,54,86,46,40,37,23,14
6278,valparaíso,5,petorca,54,zapallar,5405,55,104,60,44,72,40,32,32,20,12
6279,valparaíso,5,petorca,54,zapallar,5405,56,116,64,52,86,47,39,30,17,13
6280,valparaíso,5,petorca,54,zapallar,5405,57,114,60,54,80,46,34,34,14,20
6281,valparaíso,5,petorca,54,zapallar,5405,58,95,50,45,63,34,29,32,16,16
6282,valparaíso,5,petorca,54,zapallar,5405,59,116,53,63,84,37,47,32,16,16
6283,valparaíso,5,petorca,54,zapallar,5405,60,99,40,59,67,26,41,32,14,18
6284,valparaíso,5,petorca,54,zapallar,5405,61,79,45,34,53,29,24,26,16,10
6285,valparaíso,5,petorca,54,zapallar,5405,62,76,31,45,49,16,33,27,15,12
6286,valparaíso,5,petorca,54,zapallar,5405,63,87,50,37,55,29,26,32,21,11
6287,valparaíso,5,petorca,54,zapallar,5405,64,82,42,40,49,26,23,33,16,17
6288,valparaíso,5,petorca,54,zapallar,5405,65,76,35,41,45,23,22,31,12,19
6289,valparaíso,5,petorca,54,zapallar,5405,66,68,26,42,46,17,29,22,9,13
6290,valparaíso,5,petorca,54,zapallar,5405,67,74,39,35,46,21,25,28,18,10
6291,valparaíso,5,petorca,54,zapallar,5405,68,60,28,32,35,17,18,25,11,14
6292,valparaíso,5,petorca,54,zapallar,5405,69,60,35,25,42,24,18,18,11,7
6293,valparaíso,5,petorca,54,zapallar,5405,70,53,31,22,25,17,8,28,14,14
6294,valparaíso,5,petorca,54,zapallar,5405,71,65,30,35,44,17,27,21,13,8
6295,valparaíso,5,petorca,54,zapallar,5405,72,59,25,34,45,18,27,14,7,7
6296,valparaíso,5,petorca,54,zapallar,5405,73,61,31,30,38,18,20,23,13,10
6297,valparaíso,5,petorca,54,zapallar,5405,74,71,37,34,38,19,19,33,18,15
6298,valparaíso,5,petorca,54,zapallar,5405,75,33,17,16,15,8,7,18,9,9
6299,valparaíso,5,petorca,54,zapallar,5405,76,34,15,19,23,12,11,11,3,8
6300,valparaíso,5,petorca,54,zapallar,5405,77,36,13,23,23,7,16,13,6,7
6301,valparaíso,5,petorca,54,zapallar,5405,78,36,16,20,25,10,15,11,6,5
6302,valparaíso,5,petorca,54,zapallar,5405,79,43,17,26,29,13,16,14,4,10
6303,valparaíso,5,petorca,54,zapallar,5405,80,36,21,15,22,13,9,14,8,6
6304,valparaíso,5,petorca,54,zapallar,5405,81,15,8,7,11,6,5,4,2,2
6305,valparaíso,5,petorca,54,zapallar,5405,82,27,11,16,15,6,9,12,5,7
6306,valparaíso,5,petorca,54,zapallar,5405,83,25,10,15,18,6,12,7,4,3
6307,valparaíso,5,petorca,54,zapallar,5405,84,20,7,13,14,5,9,6,2,4
6308,valparaíso,5,petorca,54,zapallar,5405,85,20,10,10,16,8,8,4,2,2
6309,valparaíso,5,petorca,54,zapallar,5405,86,22,11,11,16,8,8,6,3,3
6310,valparaíso,5,petorca,54,zapallar,5405,87,15,5,10,11,3,8,4,2,2
6311,valparaíso,5,petorca,54,zapallar,5405,88,15,3,12,8,2,6,7,1,6
6312,valparaíso,5,petorca,54,zapallar,5405,89,12,2,10,5,1,4,7,1,6
6313,valparaíso,5,petorca,54,zapallar,5405,90,7,3,4,7,3,4,0,0,0
6314,valparaíso,5,petorca,54,zapallar,5405,91,6,2,4,5,2,3,1,0,1
6315,valparaíso,5,petorca,54,zapallar,5405,92,9,3,6,6,1,5,3,2,1
6316,valparaíso,5,petorca,54,zapallar,5405,93,4,2,2,3,1,2,1,1,0
6317,valparaíso,5,petorca,54,zapallar,5405,94,5,2,3,5,2,3,0,0,0
6318,valparaíso,5,petorca,54,zapallar,5405,95,2,1,1,2,1,1,0,0,0
6319,valparaíso,5,petorca,54,zapallar,5405,96,0,0,0,0,0,0,0,0,0
6320,valparaíso,5,petorca,54,zapallar,5405,97,1,1,0,0,0,0,1,1,0
6321,valparaíso,5,petorca,54,zapallar,5405,98,0,0,0,0,0,0,0,0,0
6322,valparaíso,5,petorca,54,zapallar,5405,99,0,0,0,0,0,0,0,0,0
6323,valparaíso,5,petorca,54,zapallar,5405,100 o más,5,2,3,3,1,2,2,1,1
6324,valparaíso,5,quillota,55,quillota,5501,total comuna,90517,43537,46980,78331,37248,41083,12186,6289,5897
6325,valparaíso,5,quillota,55,quillota,5501,0,1030,529,501,900,465,435,130,64,66
6326,valparaíso,5,quillota,55,quillota,5501,1,1187,598,589,1049,532,517,138,66,72
6327,valparaíso,5,quillota,55,quillota,5501,2,1207,601,606,1058,528,530,149,73,76
6328,valparaíso,5,quillota,55,quillota,5501,3,1164,567,597,1004,488,516,160,79,81
6329,valparaíso,5,quillota,55,quillota,5501,4,1279,644,635,1109,564,545,170,80,90
6330,valparaíso,5,quillota,55,quillota,5501,5,1312,653,659,1165,581,584,147,72,75
6331,valparaíso,5,quillota,55,quillota,5501,6,1313,689,624,1158,607,551,155,82,73
6332,valparaíso,5,quillota,55,quillota,5501,7,1311,649,662,1140,565,575,171,84,87
6333,valparaíso,5,quillota,55,quillota,5501,8,1181,583,598,1017,499,518,164,84,80
6334,valparaíso,5,quillota,55,quillota,5501,9,1278,614,664,1127,540,587,151,74,77
6335,valparaíso,5,quillota,55,quillota,5501,10,1143,557,586,996,487,509,147,70,77
6336,valparaíso,5,quillota,55,quillota,5501,11,1214,645,569,1050,566,484,164,79,85
6337,valparaíso,5,quillota,55,quillota,5501,12,1157,615,542,1015,545,470,142,70,72
6338,valparaíso,5,quillota,55,quillota,5501,13,1143,583,560,999,509,490,144,74,70
6339,valparaíso,5,quillota,55,quillota,5501,14,1222,611,611,1034,520,514,188,91,97
6340,valparaíso,5,quillota,55,quillota,5501,15,1255,645,610,1072,540,532,183,105,78
6341,valparaíso,5,quillota,55,quillota,5501,16,1362,678,684,1171,592,579,191,86,105
6342,valparaíso,5,quillota,55,quillota,5501,17,1334,712,622,1131,580,551,203,132,71
6343,valparaíso,5,quillota,55,quillota,5501,18,1295,679,616,1068,514,554,227,165,62
6344,valparaíso,5,quillota,55,quillota,5501,19,1270,687,583,1070,554,516,200,133,67
6345,valparaíso,5,quillota,55,quillota,5501,20,1354,688,666,1181,582,599,173,106,67
6346,valparaíso,5,quillota,55,quillota,5501,21,1298,670,628,1130,580,550,168,90,78
6347,valparaíso,5,quillota,55,quillota,5501,22,1385,705,680,1218,608,610,167,97,70
6348,valparaíso,5,quillota,55,quillota,5501,23,1323,674,649,1169,592,577,154,82,72
6349,valparaíso,5,quillota,55,quillota,5501,24,1407,726,681,1221,613,608,186,113,73
6350,valparaíso,5,quillota,55,quillota,5501,25,1408,690,718,1237,607,630,171,83,88
6351,valparaíso,5,quillota,55,quillota,5501,26,1381,679,702,1208,591,617,173,88,85
6352,valparaíso,5,quillota,55,quillota,5501,27,1393,695,698,1206,609,597,187,86,101
6353,valparaíso,5,quillota,55,quillota,5501,28,1416,738,678,1244,644,600,172,94,78
6354,valparaíso,5,quillota,55,quillota,5501,29,1389,657,732,1235,582,653,154,75,79
6355,valparaíso,5,quillota,55,quillota,5501,30,1355,675,680,1190,589,601,165,86,79
6356,valparaíso,5,quillota,55,quillota,5501,31,1314,605,709,1161,534,627,153,71,82
6357,valparaíso,5,quillota,55,quillota,5501,32,1230,599,631,1086,527,559,144,72,72
6358,valparaíso,5,quillota,55,quillota,5501,33,1290,646,644,1126,553,573,164,93,71
6359,valparaíso,5,quillota,55,quillota,5501,34,1342,684,658,1176,603,573,166,81,85
6360,valparaíso,5,quillota,55,quillota,5501,35,1276,610,666,1105,535,570,171,75,96
6361,valparaíso,5,quillota,55,quillota,5501,36,1168,554,614,1039,489,550,129,65,64
6362,valparaíso,5,quillota,55,quillota,5501,37,1171,576,595,1010,497,513,161,79,82
6363,valparaíso,5,quillota,55,quillota,5501,38,1110,506,604,972,439,533,138,67,71
6364,valparaíso,5,quillota,55,quillota,5501,39,1104,543,561,957,465,492,147,78,69
6365,valparaíso,5,quillota,55,quillota,5501,40,1104,520,584,948,452,496,156,68,88
6366,valparaíso,5,quillota,55,quillota,5501,41,1081,499,582,917,418,499,164,81,83
6367,valparaíso,5,quillota,55,quillota,5501,42,1155,549,606,962,454,508,193,95,98
6368,valparaíso,5,quillota,55,quillota,5501,43,1171,567,604,1011,483,528,160,84,76
6369,valparaíso,5,quillota,55,quillota,5501,44,1180,530,650,1006,450,556,174,80,94
6370,valparaíso,5,quillota,55,quillota,5501,45,1086,504,582,913,425,488,173,79,94
6371,valparaíso,5,quillota,55,quillota,5501,46,1100,539,561,936,446,490,164,93,71
6372,valparaíso,5,quillota,55,quillota,5501,47,1058,529,529,907,446,461,151,83,68
6373,valparaíso,5,quillota,55,quillota,5501,48,1045,498,547,890,415,475,155,83,72
6374,valparaíso,5,quillota,55,quillota,5501,49,1065,492,573,921,422,499,144,70,74
6375,valparaíso,5,quillota,55,quillota,5501,50,1213,564,649,1046,485,561,167,79,88
6376,valparaíso,5,quillota,55,quillota,5501,51,1224,545,679,1046,457,589,178,88,90
6377,valparaíso,5,quillota,55,quillota,5501,52,1258,593,665,1066,507,559,192,86,106
6378,valparaíso,5,quillota,55,quillota,5501,53,1178,573,605,1006,478,528,172,95,77
6379,valparaíso,5,quillota,55,quillota,5501,54,1289,571,718,1121,478,643,168,93,75
6380,valparaíso,5,quillota,55,quillota,5501,55,1229,600,629,1055,512,543,174,88,86
6381,valparaíso,5,quillota,55,quillota,5501,56,1183,553,630,1010,456,554,173,97,76
6382,valparaíso,5,quillota,55,quillota,5501,57,1144,487,657,964,400,564,180,87,93
6383,valparaíso,5,quillota,55,quillota,5501,58,1103,538,565,943,446,497,160,92,68
6384,valparaíso,5,quillota,55,quillota,5501,59,1087,493,594,921,412,509,166,81,85
6385,valparaíso,5,quillota,55,quillota,5501,60,1036,474,562,881,381,500,155,93,62
6386,valparaíso,5,quillota,55,quillota,5501,61,1016,459,557,885,388,497,131,71,60
6387,valparaíso,5,quillota,55,quillota,5501,62,981,451,530,834,375,459,147,76,71
6388,valparaíso,5,quillota,55,quillota,5501,63,929,419,510,810,361,449,119,58,61
6389,valparaíso,5,quillota,55,quillota,5501,64,850,407,443,715,350,365,135,57,78
6390,valparaíso,5,quillota,55,quillota,5501,65,844,409,435,732,348,384,112,61,51
6391,valparaíso,5,quillota,55,quillota,5501,66,763,361,402,663,298,365,100,63,37
6392,valparaíso,5,quillota,55,quillota,5501,67,742,324,418,627,265,362,115,59,56
6393,valparaíso,5,quillota,55,quillota,5501,68,706,341,365,582,283,299,124,58,66
6394,valparaíso,5,quillota,55,quillota,5501,69,711,317,394,607,265,342,104,52,52
6395,valparaíso,5,quillota,55,quillota,5501,70,677,321,356,602,280,322,75,41,34
6396,valparaíso,5,quillota,55,quillota,5501,71,636,301,335,550,248,302,86,53,33
6397,valparaíso,5,quillota,55,quillota,5501,72,615,259,356,531,218,313,84,41,43
6398,valparaíso,5,quillota,55,quillota,5501,73,585,243,342,500,204,296,85,39,46
6399,valparaíso,5,quillota,55,quillota,5501,74,516,237,279,464,210,254,52,27,25
6400,valparaíso,5,quillota,55,quillota,5501,75,489,230,259,427,198,229,62,32,30
6401,valparaíso,5,quillota,55,quillota,5501,76,475,223,252,420,193,227,55,30,25
6402,valparaíso,5,quillota,55,quillota,5501,77,410,166,244,348,132,216,62,34,28
6403,valparaíso,5,quillota,55,quillota,5501,78,387,146,241,343,128,215,44,18,26
6404,valparaíso,5,quillota,55,quillota,5501,79,351,146,205,295,121,174,56,25,31
6405,valparaíso,5,quillota,55,quillota,5501,80,391,149,242,335,125,210,56,24,32
6406,valparaíso,5,quillota,55,quillota,5501,81,312,128,184,272,104,168,40,24,16
6407,valparaíso,5,quillota,55,quillota,5501,82,303,120,183,276,108,168,27,12,15
6408,valparaíso,5,quillota,55,quillota,5501,83,290,101,189,255,85,170,35,16,19
6409,valparaíso,5,quillota,55,quillota,5501,84,250,91,159,225,80,145,25,11,14
6410,valparaíso,5,quillota,55,quillota,5501,85,236,85,151,206,71,135,30,14,16
6411,valparaíso,5,quillota,55,quillota,5501,86,260,96,164,233,87,146,27,9,18
6412,valparaíso,5,quillota,55,quillota,5501,87,201,76,125,188,70,118,13,6,7
6413,valparaíso,5,quillota,55,quillota,5501,88,169,63,106,145,53,92,24,10,14
6414,valparaíso,5,quillota,55,quillota,5501,89,149,44,105,133,34,99,16,10,6
6415,valparaíso,5,quillota,55,quillota,5501,90,124,34,90,109,27,82,15,7,8
6416,valparaíso,5,quillota,55,quillota,5501,91,77,27,50,68,25,43,9,2,7
6417,valparaíso,5,quillota,55,quillota,5501,92,85,28,57,75,26,49,10,2,8
6418,valparaíso,5,quillota,55,quillota,5501,93,53,14,39,46,11,35,7,3,4
6419,valparaíso,5,quillota,55,quillota,5501,94,56,14,42,54,14,40,2,0,2
6420,valparaíso,5,quillota,55,quillota,5501,95,38,12,26,32,11,21,6,1,5
6421,valparaíso,5,quillota,55,quillota,5501,96,18,3,15,17,3,14,1,0,1
6422,valparaíso,5,quillota,55,quillota,5501,97,21,3,18,16,2,14,5,1,4
6423,valparaíso,5,quillota,55,quillota,5501,98,7,2,5,7,2,5,0,0,0
6424,valparaíso,5,quillota,55,quillota,5501,99,6,1,5,6,1,5,0,0,0
6425,valparaíso,5,quillota,55,quillota,5501,100 o más,28,9,19,24,6,18,4,3,1
6426,valparaíso,5,quillota,55,calera,5502,total comuna,50554,24462,26092,48668,23488,25180,1886,974,912
6427,valparaíso,5,quillota,55,calera,5502,0,562,288,274,545,278,267,17,10,7
6428,valparaíso,5,quillota,55,calera,5502,1,664,321,343,639,307,332,25,14,11
6429,valparaíso,5,quillota,55,calera,5502,2,662,354,308,637,338,299,25,16,9
6430,valparaíso,5,quillota,55,calera,5502,3,682,333,349,655,320,335,27,13,14
6431,valparaíso,5,quillota,55,calera,5502,4,693,363,330,669,346,323,24,17,7
6432,valparaíso,5,quillota,55,calera,5502,5,760,399,361,737,388,349,23,11,12
6433,valparaíso,5,quillota,55,calera,5502,6,753,391,362,720,378,342,33,13,20
6434,valparaíso,5,quillota,55,calera,5502,7,710,366,344,678,347,331,32,19,13
6435,valparaíso,5,quillota,55,calera,5502,8,701,381,320,667,369,298,34,12,22
6436,valparaíso,5,quillota,55,calera,5502,9,756,361,395,726,344,382,30,17,13
6437,valparaíso,5,quillota,55,calera,5502,10,696,335,361,670,326,344,26,9,17
6438,valparaíso,5,quillota,55,calera,5502,11,712,371,341,693,363,330,19,8,11
6439,valparaíso,5,quillota,55,calera,5502,12,669,349,320,644,334,310,25,15,10
6440,valparaíso,5,quillota,55,calera,5502,13,670,347,323,638,327,311,32,20,12
6441,valparaíso,5,quillota,55,calera,5502,14,715,362,353,689,349,340,26,13,13
6442,valparaíso,5,quillota,55,calera,5502,15,692,360,332,668,347,321,24,13,11
6443,valparaíso,5,quillota,55,calera,5502,16,776,413,363,751,397,354,25,16,9
6444,valparaíso,5,quillota,55,calera,5502,17,802,417,385,770,399,371,32,18,14
6445,valparaíso,5,quillota,55,calera,5502,18,788,391,397,764,378,386,24,13,11
6446,valparaíso,5,quillota,55,calera,5502,19,759,386,373,730,372,358,29,14,15
6447,valparaíso,5,quillota,55,calera,5502,20,715,362,353,691,352,339,24,10,14
6448,valparaíso,5,quillota,55,calera,5502,21,719,382,337,695,365,330,24,17,7
6449,valparaíso,5,quillota,55,calera,5502,22,715,350,365,679,328,351,36,22,14
6450,valparaíso,5,quillota,55,calera,5502,23,825,413,412,807,407,400,18,6,12
6451,valparaíso,5,quillota,55,calera,5502,24,780,377,403,748,361,387,32,16,16
6452,valparaíso,5,quillota,55,calera,5502,25,769,386,383,739,369,370,30,17,13
6453,valparaíso,5,quillota,55,calera,5502,26,794,371,423,767,361,406,27,10,17
6454,valparaíso,5,quillota,55,calera,5502,27,791,377,414,766,363,403,25,14,11
6455,valparaíso,5,quillota,55,calera,5502,28,738,385,353,705,366,339,33,19,14
6456,valparaíso,5,quillota,55,calera,5502,29,749,378,371,723,366,357,26,12,14
6457,valparaíso,5,quillota,55,calera,5502,30,703,355,348,680,345,335,23,10,13
6458,valparaíso,5,quillota,55,calera,5502,31,702,328,374,671,312,359,31,16,15
6459,valparaíso,5,quillota,55,calera,5502,32,642,323,319,624,315,309,18,8,10
6460,valparaíso,5,quillota,55,calera,5502,33,666,337,329,646,329,317,20,8,12
6461,valparaíso,5,quillota,55,calera,5502,34,756,373,383,724,360,364,32,13,19
6462,valparaíso,5,quillota,55,calera,5502,35,711,316,395,686,303,383,25,13,12
6463,valparaíso,5,quillota,55,calera,5502,36,660,322,338,641,313,328,19,9,10
6464,valparaíso,5,quillota,55,calera,5502,37,580,285,295,556,275,281,24,10,14
6465,valparaíso,5,quillota,55,calera,5502,38,565,279,286,542,269,273,23,10,13
6466,valparaíso,5,quillota,55,calera,5502,39,560,270,290,536,256,280,24,14,10
6467,valparaíso,5,quillota,55,calera,5502,40,612,294,318,591,284,307,21,10,11
6468,valparaíso,5,quillota,55,calera,5502,41,623,296,327,590,281,309,33,15,18
6469,valparaíso,5,quillota,55,calera,5502,42,633,297,336,608,286,322,25,11,14
6470,valparaíso,5,quillota,55,calera,5502,43,705,313,392,676,298,378,29,15,14
6471,valparaíso,5,quillota,55,calera,5502,44,646,311,335,619,295,324,27,16,11
6472,valparaíso,5,quillota,55,calera,5502,45,633,293,340,602,277,325,31,16,15
6473,valparaíso,5,quillota,55,calera,5502,46,568,274,294,545,260,285,23,14,9
6474,valparaíso,5,quillota,55,calera,5502,47,610,280,330,582,266,316,28,14,14
6475,valparaíso,5,quillota,55,calera,5502,48,613,280,333,582,264,318,31,16,15
6476,valparaíso,5,quillota,55,calera,5502,49,617,304,313,587,287,300,30,17,13
6477,valparaíso,5,quillota,55,calera,5502,50,653,314,339,632,303,329,21,11,10
6478,valparaíso,5,quillota,55,calera,5502,51,731,356,375,698,341,357,33,15,18
6479,valparaíso,5,quillota,55,calera,5502,52,703,315,388,672,300,372,31,15,16
6480,valparaíso,5,quillota,55,calera,5502,53,684,315,369,664,304,360,20,11,9
6481,valparaíso,5,quillota,55,calera,5502,54,683,322,361,650,302,348,33,20,13
6482,valparaíso,5,quillota,55,calera,5502,55,694,312,382,673,301,372,21,11,10
6483,valparaíso,5,quillota,55,calera,5502,56,620,294,326,602,285,317,18,9,9
6484,valparaíso,5,quillota,55,calera,5502,57,635,271,364,614,258,356,21,13,8
6485,valparaíso,5,quillota,55,calera,5502,58,615,285,330,596,277,319,19,8,11
6486,valparaíso,5,quillota,55,calera,5502,59,580,277,303,560,266,294,20,11,9
6487,valparaíso,5,quillota,55,calera,5502,60,634,304,330,612,290,322,22,14,8
6488,valparaíso,5,quillota,55,calera,5502,61,532,257,275,515,248,267,17,9,8
6489,valparaíso,5,quillota,55,calera,5502,62,542,267,275,522,254,268,20,13,7
6490,valparaíso,5,quillota,55,calera,5502,63,526,253,273,511,244,267,15,9,6
6491,valparaíso,5,quillota,55,calera,5502,64,496,241,255,481,234,247,15,7,8
6492,valparaíso,5,quillota,55,calera,5502,65,437,201,236,423,196,227,14,5,9
6493,valparaíso,5,quillota,55,calera,5502,66,417,195,222,404,188,216,13,7,6
6494,valparaíso,5,quillota,55,calera,5502,67,416,177,239,398,166,232,18,11,7
6495,valparaíso,5,quillota,55,calera,5502,68,409,185,224,389,175,214,20,10,10
6496,valparaíso,5,quillota,55,calera,5502,69,390,175,215,376,170,206,14,5,9
6497,valparaíso,5,quillota,55,calera,5502,70,355,153,202,335,142,193,20,11,9
6498,valparaíso,5,quillota,55,calera,5502,71,346,159,187,338,158,180,8,1,7
6499,valparaíso,5,quillota,55,calera,5502,72,364,158,206,350,153,197,14,5,9
6500,valparaíso,5,quillota,55,calera,5502,73,358,164,194,348,160,188,10,4,6
6501,valparaíso,5,quillota,55,calera,5502,74,282,130,152,271,123,148,11,7,4
6502,valparaíso,5,quillota,55,calera,5502,75,295,138,157,284,134,150,11,4,7
6503,valparaíso,5,quillota,55,calera,5502,76,291,134,157,279,126,153,12,8,4
6504,valparaíso,5,quillota,55,calera,5502,77,264,118,146,252,114,138,12,4,8
6505,valparaíso,5,quillota,55,calera,5502,78,217,105,112,207,98,109,10,7,3
6506,valparaíso,5,quillota,55,calera,5502,79,223,91,132,214,83,131,9,8,1
6507,valparaíso,5,quillota,55,calera,5502,80,215,94,121,209,91,118,6,3,3
6508,valparaíso,5,quillota,55,calera,5502,81,169,58,111,167,58,109,2,0,2
6509,valparaíso,5,quillota,55,calera,5502,82,155,57,98,151,53,98,4,4,0
6510,valparaíso,5,quillota,55,calera,5502,83,118,52,66,115,50,65,3,2,1
6511,valparaíso,5,quillota,55,calera,5502,84,137,61,76,134,59,75,3,2,1
6512,valparaíso,5,quillota,55,calera,5502,85,128,60,68,124,58,66,4,2,2
6513,valparaíso,5,quillota,55,calera,5502,86,129,51,78,125,49,76,4,2,2
6514,valparaíso,5,quillota,55,calera,5502,87,101,33,68,98,32,66,3,1,2
6515,valparaíso,5,quillota,55,calera,5502,88,92,30,62,90,28,62,2,2,0
6516,valparaíso,5,quillota,55,calera,5502,89,76,30,46,73,29,44,3,1,2
6517,valparaíso,5,quillota,55,calera,5502,90,48,22,26,47,21,26,1,1,0
6518,valparaíso,5,quillota,55,calera,5502,91,46,17,29,44,17,27,2,0,2
6519,valparaíso,5,quillota,55,calera,5502,92,46,11,35,44,10,34,2,1,1
6520,valparaíso,5,quillota,55,calera,5502,93,20,5,15,20,5,15,0,0,0
6521,valparaíso,5,quillota,55,calera,5502,94,16,4,12,16,4,12,0,0,0
6522,valparaíso,5,quillota,55,calera,5502,95,12,4,8,12,4,8,0,0,0
6523,valparaíso,5,quillota,55,calera,5502,96,7,1,6,7,1,6,0,0,0
6524,valparaíso,5,quillota,55,calera,5502,97,3,1,2,3,1,2,0,0,0
6525,valparaíso,5,quillota,55,calera,5502,98,2,0,2,2,0,2,0,0,0
6526,valparaíso,5,quillota,55,calera,5502,99,2,1,1,2,1,1,0,0,0
6527,valparaíso,5,quillota,55,calera,5502,100 o más,18,5,13,17,4,13,1,1,0
6528,valparaíso,5,quillota,55,hijuelas,5503,total comuna,17988,9037,8951,11735,5800,5935,6253,3237,3016
6529,valparaíso,5,quillota,55,hijuelas,5503,0,208,112,96,137,76,61,71,36,35
6530,valparaíso,5,quillota,55,hijuelas,5503,1,239,116,123,155,75,80,84,41,43
6531,valparaíso,5,quillota,55,hijuelas,5503,2,226,126,100,159,91,68,67,35,32
6532,valparaíso,5,quillota,55,hijuelas,5503,3,244,119,125,173,87,86,71,32,39
6533,valparaíso,5,quillota,55,hijuelas,5503,4,277,163,114,183,112,71,94,51,43
6534,valparaíso,5,quillota,55,hijuelas,5503,5,261,118,143,169,80,89,92,38,54
6535,valparaíso,5,quillota,55,hijuelas,5503,6,273,136,137,174,88,86,99,48,51
6536,valparaíso,5,quillota,55,hijuelas,5503,7,244,113,131,153,69,84,91,44,47
6537,valparaíso,5,quillota,55,hijuelas,5503,8,272,136,136,181,95,86,91,41,50
6538,valparaíso,5,quillota,55,hijuelas,5503,9,251,127,124,164,77,87,87,50,37
6539,valparaíso,5,quillota,55,hijuelas,5503,10,257,126,131,157,76,81,100,50,50
6540,valparaíso,5,quillota,55,hijuelas,5503,11,218,112,106,148,76,72,70,36,34
6541,valparaíso,5,quillota,55,hijuelas,5503,12,247,135,112,171,92,79,76,43,33
6542,valparaíso,5,quillota,55,hijuelas,5503,13,240,131,109,152,79,73,88,52,36
6543,valparaíso,5,quillota,55,hijuelas,5503,14,262,135,127,170,87,83,92,48,44
6544,valparaíso,5,quillota,55,hijuelas,5503,15,276,149,127,181,102,79,95,47,48
6545,valparaíso,5,quillota,55,hijuelas,5503,16,269,128,141,189,86,103,80,42,38
6546,valparaíso,5,quillota,55,hijuelas,5503,17,241,139,102,152,86,66,89,53,36
6547,valparaíso,5,quillota,55,hijuelas,5503,18,245,125,120,169,83,86,76,42,34
6548,valparaíso,5,quillota,55,hijuelas,5503,19,246,139,107,160,98,62,86,41,45
6549,valparaíso,5,quillota,55,hijuelas,5503,20,252,129,123,168,88,80,84,41,43
6550,valparaíso,5,quillota,55,hijuelas,5503,21,250,128,122,162,81,81,88,47,41
6551,valparaíso,5,quillota,55,hijuelas,5503,22,282,148,134,180,92,88,102,56,46
6552,valparaíso,5,quillota,55,hijuelas,5503,23,289,153,136,188,101,87,101,52,49
6553,valparaíso,5,quillota,55,hijuelas,5503,24,286,132,154,193,81,112,93,51,42
6554,valparaíso,5,quillota,55,hijuelas,5503,25,273,122,151,195,93,102,78,29,49
6555,valparaíso,5,quillota,55,hijuelas,5503,26,265,118,147,176,74,102,89,44,45
6556,valparaíso,5,quillota,55,hijuelas,5503,27,291,143,148,192,97,95,99,46,53
6557,valparaíso,5,quillota,55,hijuelas,5503,28,262,133,129,187,94,93,75,39,36
6558,valparaíso,5,quillota,55,hijuelas,5503,29,254,143,111,179,97,82,75,46,29
6559,valparaíso,5,quillota,55,hijuelas,5503,30,234,107,127,145,70,75,89,37,52
6560,valparaíso,5,quillota,55,hijuelas,5503,31,251,118,133,171,84,87,80,34,46
6561,valparaíso,5,quillota,55,hijuelas,5503,32,230,133,97,144,89,55,86,44,42
6562,valparaíso,5,quillota,55,hijuelas,5503,33,242,123,119,151,79,72,91,44,47
6563,valparaíso,5,quillota,55,hijuelas,5503,34,268,142,126,183,94,89,85,48,37
6564,valparaíso,5,quillota,55,hijuelas,5503,35,266,126,140,166,79,87,100,47,53
6565,valparaíso,5,quillota,55,hijuelas,5503,36,195,109,86,114,68,46,81,41,40
6566,valparaíso,5,quillota,55,hijuelas,5503,37,232,116,116,149,69,80,83,47,36
6567,valparaíso,5,quillota,55,hijuelas,5503,38,218,99,119,138,57,81,80,42,38
6568,valparaíso,5,quillota,55,hijuelas,5503,39,213,107,106,148,70,78,65,37,28
6569,valparaíso,5,quillota,55,hijuelas,5503,40,245,123,122,159,76,83,86,47,39
6570,valparaíso,5,quillota,55,hijuelas,5503,41,262,118,144,159,69,90,103,49,54
6571,valparaíso,5,quillota,55,hijuelas,5503,42,234,109,125,158,74,84,76,35,41
6572,valparaíso,5,quillota,55,hijuelas,5503,43,237,129,108,155,88,67,82,41,41
6573,valparaíso,5,quillota,55,hijuelas,5503,44,264,108,156,175,69,106,89,39,50
6574,valparaíso,5,quillota,55,hijuelas,5503,45,248,125,123,153,76,77,95,49,46
6575,valparaíso,5,quillota,55,hijuelas,5503,46,245,123,122,141,62,79,104,61,43
6576,valparaíso,5,quillota,55,hijuelas,5503,47,218,113,105,148,78,70,70,35,35
6577,valparaíso,5,quillota,55,hijuelas,5503,48,221,125,96,141,76,65,80,49,31
6578,valparaíso,5,quillota,55,hijuelas,5503,49,247,125,122,159,80,79,88,45,43
6579,valparaíso,5,quillota,55,hijuelas,5503,50,258,110,148,165,66,99,93,44,49
6580,valparaíso,5,quillota,55,hijuelas,5503,51,301,150,151,186,92,94,115,58,57
6581,valparaíso,5,quillota,55,hijuelas,5503,52,266,143,123,161,78,83,105,65,40
6582,valparaíso,5,quillota,55,hijuelas,5503,53,294,135,159,197,81,116,97,54,43
6583,valparaíso,5,quillota,55,hijuelas,5503,54,245,127,118,158,78,80,87,49,38
6584,valparaíso,5,quillota,55,hijuelas,5503,55,259,133,126,169,85,84,90,48,42
6585,valparaíso,5,quillota,55,hijuelas,5503,56,249,119,130,154,77,77,95,42,53
6586,valparaíso,5,quillota,55,hijuelas,5503,57,238,124,114,167,87,80,71,37,34
6587,valparaíso,5,quillota,55,hijuelas,5503,58,198,105,93,130,65,65,68,40,28
6588,valparaíso,5,quillota,55,hijuelas,5503,59,196,106,90,120,62,58,76,44,32
6589,valparaíso,5,quillota,55,hijuelas,5503,60,185,94,91,110,53,57,75,41,34
6590,valparaíso,5,quillota,55,hijuelas,5503,61,185,93,92,114,52,62,71,41,30
6591,valparaíso,5,quillota,55,hijuelas,5503,62,181,82,99,110,53,57,71,29,42
6592,valparaíso,5,quillota,55,hijuelas,5503,63,163,78,85,106,48,58,57,30,27
6593,valparaíso,5,quillota,55,hijuelas,5503,64,176,98,78,105,55,50,71,43,28
6594,valparaíso,5,quillota,55,hijuelas,5503,65,153,76,77,95,42,53,58,34,24
6595,valparaíso,5,quillota,55,hijuelas,5503,66,145,77,68,92,47,45,53,30,23
6596,valparaíso,5,quillota,55,hijuelas,5503,67,123,58,65,82,39,43,41,19,22
6597,valparaíso,5,quillota,55,hijuelas,5503,68,162,85,77,107,53,54,55,32,23
6598,valparaíso,5,quillota,55,hijuelas,5503,69,115,55,60,74,33,41,41,22,19
6599,valparaíso,5,quillota,55,hijuelas,5503,70,120,64,56,76,40,36,44,24,20
6600,valparaíso,5,quillota,55,hijuelas,5503,71,114,59,55,74,35,39,40,24,16
6601,valparaíso,5,quillota,55,hijuelas,5503,72,102,49,53,67,29,38,35,20,15
6602,valparaíso,5,quillota,55,hijuelas,5503,73,104,54,50,78,40,38,26,14,12
6603,valparaíso,5,quillota,55,hijuelas,5503,74,106,57,49,69,35,34,37,22,15
6604,valparaíso,5,quillota,55,hijuelas,5503,75,114,57,57,72,34,38,42,23,19
6605,valparaíso,5,quillota,55,hijuelas,5503,76,91,44,47,71,28,43,20,16,4
6606,valparaíso,5,quillota,55,hijuelas,5503,77,67,27,40,44,15,29,23,12,11
6607,valparaíso,5,quillota,55,hijuelas,5503,78,66,30,36,44,23,21,22,7,15
6608,valparaíso,5,quillota,55,hijuelas,5503,79,61,31,30,40,19,21,21,12,9
6609,valparaíso,5,quillota,55,hijuelas,5503,80,60,27,33,38,18,20,22,9,13
6610,valparaíso,5,quillota,55,hijuelas,5503,81,39,12,27,23,6,17,16,6,10
6611,valparaíso,5,quillota,55,hijuelas,5503,82,55,29,26,38,18,20,17,11,6
6612,valparaíso,5,quillota,55,hijuelas,5503,83,45,27,18,31,18,13,14,9,5
6613,valparaíso,5,quillota,55,hijuelas,5503,84,46,19,27,32,14,18,14,5,9
6614,valparaíso,5,quillota,55,hijuelas,5503,85,45,16,29,35,13,22,10,3,7
6615,valparaíso,5,quillota,55,hijuelas,5503,86,32,13,19,17,3,14,15,10,5
6616,valparaíso,5,quillota,55,hijuelas,5503,87,31,9,22,24,8,16,7,1,6
6617,valparaíso,5,quillota,55,hijuelas,5503,88,30,13,17,21,9,12,9,4,5
6618,valparaíso,5,quillota,55,hijuelas,5503,89,22,7,15,13,4,9,9,3,6
6619,valparaíso,5,quillota,55,hijuelas,5503,90,17,8,9,12,6,6,5,2,3
6620,valparaíso,5,quillota,55,hijuelas,5503,91,10,7,3,6,5,1,4,2,2
6621,valparaíso,5,quillota,55,hijuelas,5503,92,11,5,6,9,4,5,2,1,1
6622,valparaíso,5,quillota,55,hijuelas,5503,93,10,4,6,8,3,5,2,1,1
6623,valparaíso,5,quillota,55,hijuelas,5503,94,10,3,7,7,3,4,3,0,3
6624,valparaíso,5,quillota,55,hijuelas,5503,95,1,1,0,0,0,0,1,1,0
6625,valparaíso,5,quillota,55,hijuelas,5503,96,1,0,1,0,0,0,1,0,1
6626,valparaíso,5,quillota,55,hijuelas,5503,97,5,2,3,3,1,2,2,1,1
6627,valparaíso,5,quillota,55,hijuelas,5503,98,2,0,2,1,0,1,1,0,1
6628,valparaíso,5,quillota,55,hijuelas,5503,99,3,1,2,2,1,1,1,0,1
6629,valparaíso,5,quillota,55,hijuelas,5503,100 o más,6,2,4,4,2,2,2,0,2
6630,valparaíso,5,quillota,55,la cruz,5504,total comuna,22098,10656,11442,19452,9326,10126,2646,1330,1316
6631,valparaíso,5,quillota,55,la cruz,5504,0,309,156,153,292,149,143,17,7,10
6632,valparaíso,5,quillota,55,la cruz,5504,1,338,171,167,308,158,150,30,13,17
6633,valparaíso,5,quillota,55,la cruz,5504,2,391,205,186,361,188,173,30,17,13
6634,valparaíso,5,quillota,55,la cruz,5504,3,363,173,190,338,161,177,25,12,13
6635,valparaíso,5,quillota,55,la cruz,5504,4,330,172,158,291,152,139,39,20,19
6636,valparaíso,5,quillota,55,la cruz,5504,5,334,169,165,305,155,150,29,14,15
6637,valparaíso,5,quillota,55,la cruz,5504,6,365,181,184,335,166,169,30,15,15
6638,valparaíso,5,quillota,55,la cruz,5504,7,373,206,167,333,184,149,40,22,18
6639,valparaíso,5,quillota,55,la cruz,5504,8,352,176,176,325,164,161,27,12,15
6640,valparaíso,5,quillota,55,la cruz,5504,9,327,176,151,281,154,127,46,22,24
6641,valparaíso,5,quillota,55,la cruz,5504,10,291,151,140,258,135,123,33,16,17
6642,valparaíso,5,quillota,55,la cruz,5504,11,332,171,161,298,159,139,34,12,22
6643,valparaíso,5,quillota,55,la cruz,5504,12,298,145,153,258,125,133,40,20,20
6644,valparaíso,5,quillota,55,la cruz,5504,13,314,163,151,274,143,131,40,20,20
6645,valparaíso,5,quillota,55,la cruz,5504,14,339,180,159,292,150,142,47,30,17
6646,valparaíso,5,quillota,55,la cruz,5504,15,328,170,158,281,141,140,47,29,18
6647,valparaíso,5,quillota,55,la cruz,5504,16,344,180,164,304,159,145,40,21,19
6648,valparaíso,5,quillota,55,la cruz,5504,17,325,164,161,277,139,138,48,25,23
6649,valparaíso,5,quillota,55,la cruz,5504,18,281,132,149,246,116,130,35,16,19
6650,valparaíso,5,quillota,55,la cruz,5504,19,273,150,123,244,135,109,29,15,14
6651,valparaíso,5,quillota,55,la cruz,5504,20,276,126,150,243,112,131,33,14,19
6652,valparaíso,5,quillota,55,la cruz,5504,21,262,130,132,238,118,120,24,12,12
6653,valparaíso,5,quillota,55,la cruz,5504,22,293,144,149,252,123,129,41,21,20
6654,valparaíso,5,quillota,55,la cruz,5504,23,300,146,154,268,134,134,32,12,20
6655,valparaíso,5,quillota,55,la cruz,5504,24,266,128,138,234,110,124,32,18,14
6656,valparaíso,5,quillota,55,la cruz,5504,25,323,163,160,284,142,142,39,21,18
6657,valparaíso,5,quillota,55,la cruz,5504,26,367,167,200,333,151,182,34,16,18
6658,valparaíso,5,quillota,55,la cruz,5504,27,350,172,178,322,157,165,28,15,13
6659,valparaíso,5,quillota,55,la cruz,5504,28,400,180,220,374,165,209,26,15,11
6660,valparaíso,5,quillota,55,la cruz,5504,29,362,168,194,337,156,181,25,12,13
6661,valparaíso,5,quillota,55,la cruz,5504,30,362,175,187,334,168,166,28,7,21
6662,valparaíso,5,quillota,55,la cruz,5504,31,387,177,210,359,162,197,28,15,13
6663,valparaíso,5,quillota,55,la cruz,5504,32,385,171,214,357,155,202,28,16,12
6664,valparaíso,5,quillota,55,la cruz,5504,33,384,188,196,359,176,183,25,12,13
6665,valparaíso,5,quillota,55,la cruz,5504,34,401,182,219,376,169,207,25,13,12
6666,valparaíso,5,quillota,55,la cruz,5504,35,436,215,221,399,197,202,37,18,19
6667,valparaíso,5,quillota,55,la cruz,5504,36,371,168,203,330,153,177,41,15,26
6668,valparaíso,5,quillota,55,la cruz,5504,37,370,170,200,345,159,186,25,11,14
6669,valparaíso,5,quillota,55,la cruz,5504,38,320,153,167,292,141,151,28,12,16
6670,valparaíso,5,quillota,55,la cruz,5504,39,313,142,171,279,125,154,34,17,17
6671,valparaíso,5,quillota,55,la cruz,5504,40,335,163,172,297,142,155,38,21,17
6672,valparaíso,5,quillota,55,la cruz,5504,41,314,164,150,274,144,130,40,20,20
6673,valparaíso,5,quillota,55,la cruz,5504,42,295,136,159,234,100,134,61,36,25
6674,valparaíso,5,quillota,55,la cruz,5504,43,290,130,160,252,111,141,38,19,19
6675,valparaíso,5,quillota,55,la cruz,5504,44,295,142,153,256,124,132,39,18,21
6676,valparaíso,5,quillota,55,la cruz,5504,45,273,131,142,235,118,117,38,13,25
6677,valparaíso,5,quillota,55,la cruz,5504,46,287,127,160,248,111,137,39,16,23
6678,valparaíso,5,quillota,55,la cruz,5504,47,261,132,129,223,112,111,38,20,18
6679,valparaíso,5,quillota,55,la cruz,5504,48,263,114,149,233,104,129,30,10,20
6680,valparaíso,5,quillota,55,la cruz,5504,49,281,131,150,232,99,133,49,32,17
6681,valparaíso,5,quillota,55,la cruz,5504,50,248,116,132,211,97,114,37,19,18
6682,valparaíso,5,quillota,55,la cruz,5504,51,284,129,155,239,107,132,45,22,23
6683,valparaíso,5,quillota,55,la cruz,5504,52,266,111,155,229,92,137,37,19,18
6684,valparaíso,5,quillota,55,la cruz,5504,53,275,138,137,236,112,124,39,26,13
6685,valparaíso,5,quillota,55,la cruz,5504,54,251,118,133,216,103,113,35,15,20
6686,valparaíso,5,quillota,55,la cruz,5504,55,264,135,129,225,114,111,39,21,18
6687,valparaíso,5,quillota,55,la cruz,5504,56,233,108,125,197,87,110,36,21,15
6688,valparaíso,5,quillota,55,la cruz,5504,57,211,102,109,179,85,94,32,17,15
6689,valparaíso,5,quillota,55,la cruz,5504,58,208,102,106,175,83,92,33,19,14
6690,valparaíso,5,quillota,55,la cruz,5504,59,230,112,118,189,89,100,41,23,18
6691,valparaíso,5,quillota,55,la cruz,5504,60,220,115,105,187,102,85,33,13,20
6692,valparaíso,5,quillota,55,la cruz,5504,61,159,72,87,136,60,76,23,12,11
6693,valparaíso,5,quillota,55,la cruz,5504,62,175,82,93,142,65,77,33,17,16
6694,valparaíso,5,quillota,55,la cruz,5504,63,190,87,103,155,69,86,35,18,17
6695,valparaíso,5,quillota,55,la cruz,5504,64,178,89,89,145,72,73,33,17,16
6696,valparaíso,5,quillota,55,la cruz,5504,65,158,76,82,133,64,69,25,12,13
6697,valparaíso,5,quillota,55,la cruz,5504,66,158,70,88,120,44,76,38,26,12
6698,valparaíso,5,quillota,55,la cruz,5504,67,137,69,68,107,56,51,30,13,17
6699,valparaíso,5,quillota,55,la cruz,5504,68,127,59,68,104,48,56,23,11,12
6700,valparaíso,5,quillota,55,la cruz,5504,69,134,64,70,113,51,62,21,13,8
6701,valparaíso,5,quillota,55,la cruz,5504,70,134,68,66,109,54,55,25,14,11
6702,valparaíso,5,quillota,55,la cruz,5504,71,150,67,83,127,56,71,23,11,12
6703,valparaíso,5,quillota,55,la cruz,5504,72,126,58,68,106,50,56,20,8,12
6704,valparaíso,5,quillota,55,la cruz,5504,73,110,50,60,89,40,49,21,10,11
6705,valparaíso,5,quillota,55,la cruz,5504,74,86,36,50,73,28,45,13,8,5
6706,valparaíso,5,quillota,55,la cruz,5504,75,113,42,71,95,33,62,18,9,9
6707,valparaíso,5,quillota,55,la cruz,5504,76,84,37,47,67,31,36,17,6,11
6708,valparaíso,5,quillota,55,la cruz,5504,77,84,35,49,67,26,41,17,9,8
6709,valparaíso,5,quillota,55,la cruz,5504,78,72,38,34,65,34,31,7,4,3
6710,valparaíso,5,quillota,55,la cruz,5504,79,75,34,41,64,28,36,11,6,5
6711,valparaíso,5,quillota,55,la cruz,5504,80,58,25,33,46,20,26,12,5,7
6712,valparaíso,5,quillota,55,la cruz,5504,81,60,22,38,53,21,32,7,1,6
6713,valparaíso,5,quillota,55,la cruz,5504,82,60,32,28,51,25,26,9,7,2
6714,valparaíso,5,quillota,55,la cruz,5504,83,55,25,30,49,20,29,6,5,1
6715,valparaíso,5,quillota,55,la cruz,5504,84,40,16,24,35,14,21,5,2,3
6716,valparaíso,5,quillota,55,la cruz,5504,85,46,11,35,41,8,33,5,3,2
6717,valparaíso,5,quillota,55,la cruz,5504,86,37,10,27,31,7,24,6,3,3
6718,valparaíso,5,quillota,55,la cruz,5504,87,38,17,21,28,13,15,10,4,6
6719,valparaíso,5,quillota,55,la cruz,5504,88,25,10,15,21,9,12,4,1,3
6720,valparaíso,5,quillota,55,la cruz,5504,89,23,7,16,21,7,14,2,0,2
6721,valparaíso,5,quillota,55,la cruz,5504,90,10,3,7,9,3,6,1,0,1
6722,valparaíso,5,quillota,55,la cruz,5504,91,18,9,9,17,8,9,1,1,0
6723,valparaíso,5,quillota,55,la cruz,5504,92,11,5,6,9,5,4,2,0,2
6724,valparaíso,5,quillota,55,la cruz,5504,93,9,6,3,8,5,3,1,1,0
6725,valparaíso,5,quillota,55,la cruz,5504,94,8,2,6,6,0,6,2,2,0
6726,valparaíso,5,quillota,55,la cruz,5504,95,9,5,4,7,4,3,2,1,1
6727,valparaíso,5,quillota,55,la cruz,5504,96,8,1,7,7,1,6,1,0,1
6728,valparaíso,5,quillota,55,la cruz,5504,97,1,0,1,1,0,1,0,0,0
6729,valparaíso,5,quillota,55,la cruz,5504,98,4,2,2,3,2,1,1,0,1
6730,valparaíso,5,quillota,55,la cruz,5504,99,2,1,1,2,1,1,0,0,0
6731,valparaíso,5,quillota,55,la cruz,5504,100 o más,7,2,5,7,2,5,0,0,0
6732,valparaíso,5,quillota,55,nogales,5506,total comuna,22120,10799,11321,18779,9062,9717,3341,1737,1604
6733,valparaíso,5,quillota,55,nogales,5506,0,283,152,131,243,127,116,40,25,15
6734,valparaíso,5,quillota,55,nogales,5506,1,365,190,175,305,157,148,60,33,27
6735,valparaíso,5,quillota,55,nogales,5506,2,312,150,162,268,127,141,44,23,21
6736,valparaíso,5,quillota,55,nogales,5506,3,281,150,131,239,125,114,42,25,17
6737,valparaíso,5,quillota,55,nogales,5506,4,303,141,162,269,127,142,34,14,20
6738,valparaíso,5,quillota,55,nogales,5506,5,311,162,149,277,140,137,34,22,12
6739,valparaíso,5,quillota,55,nogales,5506,6,312,156,156,270,130,140,42,26,16
6740,valparaíso,5,quillota,55,nogales,5506,7,320,162,158,269,137,132,51,25,26
6741,valparaíso,5,quillota,55,nogales,5506,8,298,163,135,265,145,120,33,18,15
6742,valparaíso,5,quillota,55,nogales,5506,9,311,141,170,272,121,151,39,20,19
6743,valparaíso,5,quillota,55,nogales,5506,10,324,171,153,272,144,128,52,27,25
6744,valparaíso,5,quillota,55,nogales,5506,11,314,153,161,270,133,137,44,20,24
6745,valparaíso,5,quillota,55,nogales,5506,12,303,158,145,254,129,125,49,29,20
6746,valparaíso,5,quillota,55,nogales,5506,13,294,155,139,251,138,113,43,17,26
6747,valparaíso,5,quillota,55,nogales,5506,14,323,165,158,268,132,136,55,33,22
6748,valparaíso,5,quillota,55,nogales,5506,15,304,158,146,258,130,128,46,28,18
6749,valparaíso,5,quillota,55,nogales,5506,16,341,173,168,308,159,149,33,14,19
6750,valparaíso,5,quillota,55,nogales,5506,17,346,190,156,289,155,134,57,35,22
6751,valparaíso,5,quillota,55,nogales,5506,18,343,177,166,293,147,146,50,30,20
6752,valparaíso,5,quillota,55,nogales,5506,19,349,191,158,312,173,139,37,18,19
6753,valparaíso,5,quillota,55,nogales,5506,20,355,176,179,302,153,149,53,23,30
6754,valparaíso,5,quillota,55,nogales,5506,21,334,167,167,306,147,159,28,20,8
6755,valparaíso,5,quillota,55,nogales,5506,22,313,140,173,275,123,152,38,17,21
6756,valparaíso,5,quillota,55,nogales,5506,23,327,164,163,281,143,138,46,21,25
6757,valparaíso,5,quillota,55,nogales,5506,24,305,157,148,270,138,132,35,19,16
6758,valparaíso,5,quillota,55,nogales,5506,25,323,169,154,286,152,134,37,17,20
6759,valparaíso,5,quillota,55,nogales,5506,26,289,168,121,252,151,101,37,17,20
6760,valparaíso,5,quillota,55,nogales,5506,27,349,162,187,305,137,168,44,25,19
6761,valparaíso,5,quillota,55,nogales,5506,28,324,157,167,284,138,146,40,19,21
6762,valparaíso,5,quillota,55,nogales,5506,29,298,143,155,265,126,139,33,17,16
6763,valparaíso,5,quillota,55,nogales,5506,30,293,139,154,252,122,130,41,17,24
6764,valparaíso,5,quillota,55,nogales,5506,31,294,149,145,247,129,118,47,20,27
6765,valparaíso,5,quillota,55,nogales,5506,32,261,134,127,219,112,107,42,22,20
6766,valparaíso,5,quillota,55,nogales,5506,33,267,131,136,226,113,113,41,18,23
6767,valparaíso,5,quillota,55,nogales,5506,34,267,125,142,212,101,111,55,24,31
6768,valparaíso,5,quillota,55,nogales,5506,35,257,114,143,217,92,125,40,22,18
6769,valparaíso,5,quillota,55,nogales,5506,36,236,106,130,199,82,117,37,24,13
6770,valparaíso,5,quillota,55,nogales,5506,37,244,120,124,204,100,104,40,20,20
6771,valparaíso,5,quillota,55,nogales,5506,38,250,115,135,211,100,111,39,15,24
6772,valparaíso,5,quillota,55,nogales,5506,39,268,128,140,228,107,121,40,21,19
6773,valparaíso,5,quillota,55,nogales,5506,40,278,120,158,231,99,132,47,21,26
6774,valparaíso,5,quillota,55,nogales,5506,41,279,123,156,220,97,123,59,26,33
6775,valparaíso,5,quillota,55,nogales,5506,42,280,131,149,234,107,127,46,24,22
6776,valparaíso,5,quillota,55,nogales,5506,43,290,127,163,240,107,133,50,20,30
6777,valparaíso,5,quillota,55,nogales,5506,44,302,139,163,248,109,139,54,30,24
6778,valparaíso,5,quillota,55,nogales,5506,45,261,134,127,218,112,106,43,22,21
6779,valparaíso,5,quillota,55,nogales,5506,46,283,135,148,239,108,131,44,27,17
6780,valparaíso,5,quillota,55,nogales,5506,47,290,142,148,236,112,124,54,30,24
6781,valparaíso,5,quillota,55,nogales,5506,48,265,121,144,219,93,126,46,28,18
6782,valparaíso,5,quillota,55,nogales,5506,49,295,139,156,246,123,123,49,16,33
6783,valparaíso,5,quillota,55,nogales,5506,50,294,152,142,241,122,119,53,30,23
6784,valparaíso,5,quillota,55,nogales,5506,51,330,156,174,280,129,151,50,27,23
6785,valparaíso,5,quillota,55,nogales,5506,52,327,160,167,279,140,139,48,20,28
6786,valparaíso,5,quillota,55,nogales,5506,53,322,143,179,271,121,150,51,22,29
6787,valparaíso,5,quillota,55,nogales,5506,54,329,155,174,265,118,147,64,37,27
6788,valparaíso,5,quillota,55,nogales,5506,55,276,139,137,231,114,117,45,25,20
6789,valparaíso,5,quillota,55,nogales,5506,56,285,137,148,245,121,124,40,16,24
6790,valparaíso,5,quillota,55,nogales,5506,57,306,149,157,259,124,135,47,25,22
6791,valparaíso,5,quillota,55,nogales,5506,58,293,148,145,244,122,122,49,26,23
6792,valparaíso,5,quillota,55,nogales,5506,59,282,151,131,236,123,113,46,28,18
6793,valparaíso,5,quillota,55,nogales,5506,60,267,138,129,220,111,109,47,27,20
6794,valparaíso,5,quillota,55,nogales,5506,61,218,99,119,178,77,101,40,22,18
6795,valparaíso,5,quillota,55,nogales,5506,62,222,99,123,182,78,104,40,21,19
6796,valparaíso,5,quillota,55,nogales,5506,63,227,110,117,187,89,98,40,21,19
6797,valparaíso,5,quillota,55,nogales,5506,64,200,114,86,166,93,73,34,21,13
6798,valparaíso,5,quillota,55,nogales,5506,65,214,111,103,181,92,89,33,19,14
6799,valparaíso,5,quillota,55,nogales,5506,66,204,98,106,168,78,90,36,20,16
6800,valparaíso,5,quillota,55,nogales,5506,67,200,105,95,161,85,76,39,20,19
6801,valparaíso,5,quillota,55,nogales,5506,68,163,66,97,135,57,78,28,9,19
6802,valparaíso,5,quillota,55,nogales,5506,69,153,70,83,133,59,74,20,11,9
6803,valparaíso,5,quillota,55,nogales,5506,70,164,79,85,148,70,78,16,9,7
6804,valparaíso,5,quillota,55,nogales,5506,71,139,64,75,124,55,69,15,9,6
6805,valparaíso,5,quillota,55,nogales,5506,72,178,86,92,153,75,78,25,11,14
6806,valparaíso,5,quillota,55,nogales,5506,73,144,71,73,123,59,64,21,12,9
6807,valparaíso,5,quillota,55,nogales,5506,74,136,56,80,117,43,74,19,13,6
6808,valparaíso,5,quillota,55,nogales,5506,75,115,54,61,100,45,55,15,9,6
6809,valparaíso,5,quillota,55,nogales,5506,76,129,68,61,103,54,49,26,14,12
6810,valparaíso,5,quillota,55,nogales,5506,77,113,55,58,99,46,53,14,9,5
6811,valparaíso,5,quillota,55,nogales,5506,78,96,38,58,79,29,50,17,9,8
6812,valparaíso,5,quillota,55,nogales,5506,79,96,37,59,79,28,51,17,9,8
6813,valparaíso,5,quillota,55,nogales,5506,80,63,23,40,45,16,29,18,7,11
6814,valparaíso,5,quillota,55,nogales,5506,81,76,28,48,60,19,41,16,9,7
6815,valparaíso,5,quillota,55,nogales,5506,82,69,25,44,57,21,36,12,4,8
6816,valparaíso,5,quillota,55,nogales,5506,83,80,33,47,71,26,45,9,7,2
6817,valparaíso,5,quillota,55,nogales,5506,84,66,26,40,54,18,36,12,8,4
6818,valparaíso,5,quillota,55,nogales,5506,85,62,29,33,50,22,28,12,7,5
6819,valparaíso,5,quillota,55,nogales,5506,86,51,14,37,43,11,32,8,3,5
6820,valparaíso,5,quillota,55,nogales,5506,87,41,16,25,35,14,21,6,2,4
6821,valparaíso,5,quillota,55,nogales,5506,88,36,14,22,28,9,19,8,5,3
6822,valparaíso,5,quillota,55,nogales,5506,89,33,14,19,29,11,18,4,3,1
6823,valparaíso,5,quillota,55,nogales,5506,90,27,13,14,23,10,13,4,3,1
6824,valparaíso,5,quillota,55,nogales,5506,91,16,7,9,13,5,8,3,2,1
6825,valparaíso,5,quillota,55,nogales,5506,92,9,2,7,8,2,6,1,0,1
6826,valparaíso,5,quillota,55,nogales,5506,93,13,2,11,13,2,11,0,0,0
6827,valparaíso,5,quillota,55,nogales,5506,94,12,4,8,11,3,8,1,1,0
6828,valparaíso,5,quillota,55,nogales,5506,95,9,2,7,8,2,6,1,0,1
6829,valparaíso,5,quillota,55,nogales,5506,96,6,3,3,5,2,3,1,1,0
6830,valparaíso,5,quillota,55,nogales,5506,97,4,1,3,4,1,3,0,0,0
6831,valparaíso,5,quillota,55,nogales,5506,98,4,1,3,4,1,3,0,0,0
6832,valparaíso,5,quillota,55,nogales,5506,99,1,0,1,1,0,1,0,0,0
6833,valparaíso,5,quillota,55,nogales,5506,100 o más,6,1,5,6,1,5,0,0,0
6834,valparaíso,5,san antonio,56,san antonio,5601,total comuna,91350,44713,46637,86569,42225,44344,4781,2488,2293
6835,valparaíso,5,san antonio,56,san antonio,5601,0,1165,595,570,1115,576,539,50,19,31
6836,valparaíso,5,san antonio,56,san antonio,5601,1,1199,626,573,1145,603,542,54,23,31
6837,valparaíso,5,san antonio,56,san antonio,5601,2,1273,662,611,1212,622,590,61,40,21
6838,valparaíso,5,san antonio,56,san antonio,5601,3,1340,684,656,1275,653,622,65,31,34
6839,valparaíso,5,san antonio,56,san antonio,5601,4,1304,652,652,1249,621,628,55,31,24
6840,valparaíso,5,san antonio,56,san antonio,5601,5,1262,659,603,1189,622,567,73,37,36
6841,valparaíso,5,san antonio,56,san antonio,5601,6,1278,636,642,1221,605,616,57,31,26
6842,valparaíso,5,san antonio,56,san antonio,5601,7,1226,628,598,1143,591,552,83,37,46
6843,valparaíso,5,san antonio,56,san antonio,5601,8,1223,612,611,1165,581,584,58,31,27
6844,valparaíso,5,san antonio,56,san antonio,5601,9,1238,628,610,1178,592,586,60,36,24
6845,valparaíso,5,san antonio,56,san antonio,5601,10,1230,642,588,1161,601,560,69,41,28
6846,valparaíso,5,san antonio,56,san antonio,5601,11,1235,611,624,1167,578,589,68,33,35
6847,valparaíso,5,san antonio,56,san antonio,5601,12,1130,578,552,1065,544,521,65,34,31
6848,valparaíso,5,san antonio,56,san antonio,5601,13,1242,626,616,1181,596,585,61,30,31
6849,valparaíso,5,san antonio,56,san antonio,5601,14,1321,715,606,1251,681,570,70,34,36
6850,valparaíso,5,san antonio,56,san antonio,5601,15,1298,667,631,1222,627,595,76,40,36
6851,valparaíso,5,san antonio,56,san antonio,5601,16,1319,634,685,1263,609,654,56,25,31
6852,valparaíso,5,san antonio,56,san antonio,5601,17,1302,623,679,1247,594,653,55,29,26
6853,valparaíso,5,san antonio,56,san antonio,5601,18,1174,560,614,1119,532,587,55,28,27
6854,valparaíso,5,san antonio,56,san antonio,5601,19,1076,592,484,1027,563,464,49,29,20
6855,valparaíso,5,san antonio,56,san antonio,5601,20,1143,566,577,1096,541,555,47,25,22
6856,valparaíso,5,san antonio,56,san antonio,5601,21,1163,574,589,1118,551,567,45,23,22
6857,valparaíso,5,san antonio,56,san antonio,5601,22,1194,637,557,1151,618,533,43,19,24
6858,valparaíso,5,san antonio,56,san antonio,5601,23,1318,640,678,1256,610,646,62,30,32
6859,valparaíso,5,san antonio,56,san antonio,5601,24,1352,712,640,1292,682,610,60,30,30
6860,valparaíso,5,san antonio,56,san antonio,5601,25,1322,653,669,1272,627,645,50,26,24
6861,valparaíso,5,san antonio,56,san antonio,5601,26,1447,752,695,1392,719,673,55,33,22
6862,valparaíso,5,san antonio,56,san antonio,5601,27,1450,749,701,1397,728,669,53,21,32
6863,valparaíso,5,san antonio,56,san antonio,5601,28,1445,731,714,1386,698,688,59,33,26
6864,valparaíso,5,san antonio,56,san antonio,5601,29,1372,696,676,1302,657,645,70,39,31
6865,valparaíso,5,san antonio,56,san antonio,5601,30,1340,662,678,1272,632,640,68,30,38
6866,valparaíso,5,san antonio,56,san antonio,5601,31,1264,646,618,1200,622,578,64,24,40
6867,valparaíso,5,san antonio,56,san antonio,5601,32,1208,613,595,1150,583,567,58,30,28
6868,valparaíso,5,san antonio,56,san antonio,5601,33,1226,642,584,1153,604,549,73,38,35
6869,valparaíso,5,san antonio,56,san antonio,5601,34,1247,596,651,1191,568,623,56,28,28
6870,valparaíso,5,san antonio,56,san antonio,5601,35,1262,613,649,1195,577,618,67,36,31
6871,valparaíso,5,san antonio,56,san antonio,5601,36,1285,650,635,1198,609,589,87,41,46
6872,valparaíso,5,san antonio,56,san antonio,5601,37,1280,609,671,1195,564,631,85,45,40
6873,valparaíso,5,san antonio,56,san antonio,5601,38,1118,558,560,1064,537,527,54,21,33
6874,valparaíso,5,san antonio,56,san antonio,5601,39,1139,550,589,1072,517,555,67,33,34
6875,valparaíso,5,san antonio,56,san antonio,5601,40,1178,599,579,1133,575,558,45,24,21
6876,valparaíso,5,san antonio,56,san antonio,5601,41,1179,606,573,1117,572,545,62,34,28
6877,valparaíso,5,san antonio,56,san antonio,5601,42,1200,568,632,1126,533,593,74,35,39
6878,valparaíso,5,san antonio,56,san antonio,5601,43,1257,650,607,1186,607,579,71,43,28
6879,valparaíso,5,san antonio,56,san antonio,5601,44,1251,653,598,1185,614,571,66,39,27
6880,valparaíso,5,san antonio,56,san antonio,5601,45,1153,579,574,1075,542,533,78,37,41
6881,valparaíso,5,san antonio,56,san antonio,5601,46,1084,518,566,1035,492,543,49,26,23
6882,valparaíso,5,san antonio,56,san antonio,5601,47,1222,602,620,1165,568,597,57,34,23
6883,valparaíso,5,san antonio,56,san antonio,5601,48,1220,609,611,1148,562,586,72,47,25
6884,valparaíso,5,san antonio,56,san antonio,5601,49,1243,599,644,1160,556,604,83,43,40
6885,valparaíso,5,san antonio,56,san antonio,5601,50,1214,617,597,1132,570,562,82,47,35
6886,valparaíso,5,san antonio,56,san antonio,5601,51,1250,619,631,1173,582,591,77,37,40
6887,valparaíso,5,san antonio,56,san antonio,5601,52,1345,638,707,1274,597,677,71,41,30
6888,valparaíso,5,san antonio,56,san antonio,5601,53,1267,606,661,1196,575,621,71,31,40
6889,valparaíso,5,san antonio,56,san antonio,5601,54,1354,639,715,1280,596,684,74,43,31
6890,valparaíso,5,san antonio,56,san antonio,5601,55,1243,559,684,1171,523,648,72,36,36
6891,valparaíso,5,san antonio,56,san antonio,5601,56,1265,584,681,1193,545,648,72,39,33
6892,valparaíso,5,san antonio,56,san antonio,5601,57,1205,569,636,1139,530,609,66,39,27
6893,valparaíso,5,san antonio,56,san antonio,5601,58,1216,605,611,1157,578,579,59,27,32
6894,valparaíso,5,san antonio,56,san antonio,5601,59,1123,574,549,1073,546,527,50,28,22
6895,valparaíso,5,san antonio,56,san antonio,5601,60,1115,537,578,1043,497,546,72,40,32
6896,valparaíso,5,san antonio,56,san antonio,5601,61,1018,467,551,970,438,532,48,29,19
6897,valparaíso,5,san antonio,56,san antonio,5601,62,947,420,527,905,397,508,42,23,19
6898,valparaíso,5,san antonio,56,san antonio,5601,63,908,447,461,860,419,441,48,28,20
6899,valparaíso,5,san antonio,56,san antonio,5601,64,854,393,461,800,365,435,54,28,26
6900,valparaíso,5,san antonio,56,san antonio,5601,65,857,392,465,811,367,444,46,25,21
6901,valparaíso,5,san antonio,56,san antonio,5601,66,794,376,418,745,354,391,49,22,27
6902,valparaíso,5,san antonio,56,san antonio,5601,67,779,371,408,732,345,387,47,26,21
6903,valparaíso,5,san antonio,56,san antonio,5601,68,680,324,356,634,292,342,46,32,14
6904,valparaíso,5,san antonio,56,san antonio,5601,69,712,324,388,675,308,367,37,16,21
6905,valparaíso,5,san antonio,56,san antonio,5601,70,652,299,353,603,272,331,49,27,22
6906,valparaíso,5,san antonio,56,san antonio,5601,71,646,280,366,601,257,344,45,23,22
6907,valparaíso,5,san antonio,56,san antonio,5601,72,598,285,313,566,270,296,32,15,17
6908,valparaíso,5,san antonio,56,san antonio,5601,73,536,237,299,507,223,284,29,14,15
6909,valparaíso,5,san antonio,56,san antonio,5601,74,494,214,280,465,196,269,29,18,11
6910,valparaíso,5,san antonio,56,san antonio,5601,75,506,219,287,471,199,272,35,20,15
6911,valparaíso,5,san antonio,56,san antonio,5601,76,455,204,251,415,184,231,40,20,20
6912,valparaíso,5,san antonio,56,san antonio,5601,77,432,169,263,405,158,247,27,11,16
6913,valparaíso,5,san antonio,56,san antonio,5601,78,413,141,272,396,131,265,17,10,7
6914,valparaíso,5,san antonio,56,san antonio,5601,79,348,140,208,332,131,201,16,9,7
6915,valparaíso,5,san antonio,56,san antonio,5601,80,328,135,193,310,124,186,18,11,7
6916,valparaíso,5,san antonio,56,san antonio,5601,81,275,102,173,265,95,170,10,7,3
6917,valparaíso,5,san antonio,56,san antonio,5601,82,289,119,170,270,113,157,19,6,13
6918,valparaíso,5,san antonio,56,san antonio,5601,83,273,102,171,257,93,164,16,9,7
6919,valparaíso,5,san antonio,56,san antonio,5601,84,231,88,143,218,80,138,13,8,5
6920,valparaíso,5,san antonio,56,san antonio,5601,85,249,88,161,228,78,150,21,10,11
6921,valparaíso,5,san antonio,56,san antonio,5601,86,214,86,128,202,79,123,12,7,5
6922,valparaíso,5,san antonio,56,san antonio,5601,87,161,42,119,146,38,108,15,4,11
6923,valparaíso,5,san antonio,56,san antonio,5601,88,137,47,90,130,45,85,7,2,5
6924,valparaíso,5,san antonio,56,san antonio,5601,89,149,60,89,141,55,86,8,5,3
6925,valparaíso,5,san antonio,56,san antonio,5601,90,102,33,69,100,33,67,2,0,2
6926,valparaíso,5,san antonio,56,san antonio,5601,91,66,15,51,62,14,48,4,1,3
6927,valparaíso,5,san antonio,56,san antonio,5601,92,64,15,49,62,14,48,2,1,1
6928,valparaíso,5,san antonio,56,san antonio,5601,93,43,13,30,42,13,29,1,0,1
6929,valparaíso,5,san antonio,56,san antonio,5601,94,39,9,30,37,8,29,2,1,1
6930,valparaíso,5,san antonio,56,san antonio,5601,95,25,9,16,25,9,16,0,0,0
6931,valparaíso,5,san antonio,56,san antonio,5601,96,26,11,15,23,9,14,3,2,1
6932,valparaíso,5,san antonio,56,san antonio,5601,97,18,9,9,15,8,7,3,1,2
6933,valparaíso,5,san antonio,56,san antonio,5601,98,5,0,5,5,0,5,0,0,0
6934,valparaíso,5,san antonio,56,san antonio,5601,99,5,2,3,5,2,3,0,0,0
6935,valparaíso,5,san antonio,56,san antonio,5601,100 o más,28,17,11,25,14,11,3,3,0
6936,valparaíso,5,san antonio,56,algarrobo,5602,total comuna,13817,6734,7083,10899,5261,5638,2918,1473,1445
6937,valparaíso,5,san antonio,56,algarrobo,5602,0,130,67,63,109,57,52,21,10,11
6938,valparaíso,5,san antonio,56,algarrobo,5602,1,158,68,90,119,51,68,39,17,22
6939,valparaíso,5,san antonio,56,algarrobo,5602,2,189,93,96,147,70,77,42,23,19
6940,valparaíso,5,san antonio,56,algarrobo,5602,3,181,93,88,145,72,73,36,21,15
6941,valparaíso,5,san antonio,56,algarrobo,5602,4,170,75,95,144,68,76,26,7,19
6942,valparaíso,5,san antonio,56,algarrobo,5602,5,146,65,81,119,51,68,27,14,13
6943,valparaíso,5,san antonio,56,algarrobo,5602,6,174,82,92,131,65,66,43,17,26
6944,valparaíso,5,san antonio,56,algarrobo,5602,7,176,99,77,141,80,61,35,19,16
6945,valparaíso,5,san antonio,56,algarrobo,5602,8,165,81,84,124,58,66,41,23,18
6946,valparaíso,5,san antonio,56,algarrobo,5602,9,147,73,74,112,56,56,35,17,18
6947,valparaíso,5,san antonio,56,algarrobo,5602,10,157,85,72,126,69,57,31,16,15
6948,valparaíso,5,san antonio,56,algarrobo,5602,11,176,80,96,134,59,75,42,21,21
6949,valparaíso,5,san antonio,56,algarrobo,5602,12,150,82,68,119,66,53,31,16,15
6950,valparaíso,5,san antonio,56,algarrobo,5602,13,150,71,79,119,59,60,31,12,19
6951,valparaíso,5,san antonio,56,algarrobo,5602,14,156,82,74,125,71,54,31,11,20
6952,valparaíso,5,san antonio,56,algarrobo,5602,15,167,78,89,138,65,73,29,13,16
6953,valparaíso,5,san antonio,56,algarrobo,5602,16,160,92,68,128,72,56,32,20,12
6954,valparaíso,5,san antonio,56,algarrobo,5602,17,153,92,61,122,70,52,31,22,9
6955,valparaíso,5,san antonio,56,algarrobo,5602,18,151,74,77,129,64,65,22,10,12
6956,valparaíso,5,san antonio,56,algarrobo,5602,19,161,79,82,134,63,71,27,16,11
6957,valparaíso,5,san antonio,56,algarrobo,5602,20,116,58,58,89,48,41,27,10,17
6958,valparaíso,5,san antonio,56,algarrobo,5602,21,140,77,63,118,63,55,22,14,8
6959,valparaíso,5,san antonio,56,algarrobo,5602,22,162,90,72,142,77,65,20,13,7
6960,valparaíso,5,san antonio,56,algarrobo,5602,23,160,64,96,138,53,85,22,11,11
6961,valparaíso,5,san antonio,56,algarrobo,5602,24,173,100,73,148,88,60,25,12,13
6962,valparaíso,5,san antonio,56,algarrobo,5602,25,150,76,74,126,66,60,24,10,14
6963,valparaíso,5,san antonio,56,algarrobo,5602,26,186,97,89,161,82,79,25,15,10
6964,valparaíso,5,san antonio,56,algarrobo,5602,27,189,99,90,154,81,73,35,18,17
6965,valparaíso,5,san antonio,56,algarrobo,5602,28,177,87,90,148,72,76,29,15,14
6966,valparaíso,5,san antonio,56,algarrobo,5602,29,142,64,78,122,55,67,20,9,11
6967,valparaíso,5,san antonio,56,algarrobo,5602,30,159,84,75,134,72,62,25,12,13
6968,valparaíso,5,san antonio,56,algarrobo,5602,31,189,91,98,154,74,80,35,17,18
6969,valparaíso,5,san antonio,56,algarrobo,5602,32,178,87,91,142,66,76,36,21,15
6970,valparaíso,5,san antonio,56,algarrobo,5602,33,186,95,91,154,79,75,32,16,16
6971,valparaíso,5,san antonio,56,algarrobo,5602,34,192,86,106,152,67,85,40,19,21
6972,valparaíso,5,san antonio,56,algarrobo,5602,35,187,100,87,153,82,71,34,18,16
6973,valparaíso,5,san antonio,56,algarrobo,5602,36,175,83,92,142,70,72,33,13,20
6974,valparaíso,5,san antonio,56,algarrobo,5602,37,190,101,89,143,76,67,47,25,22
6975,valparaíso,5,san antonio,56,algarrobo,5602,38,173,76,97,125,55,70,48,21,27
6976,valparaíso,5,san antonio,56,algarrobo,5602,39,158,76,82,137,65,72,21,11,10
6977,valparaíso,5,san antonio,56,algarrobo,5602,40,175,86,89,129,67,62,46,19,27
6978,valparaíso,5,san antonio,56,algarrobo,5602,41,187,83,104,140,61,79,47,22,25
6979,valparaíso,5,san antonio,56,algarrobo,5602,42,188,104,84,131,73,58,57,31,26
6980,valparaíso,5,san antonio,56,algarrobo,5602,43,171,88,83,135,68,67,36,20,16
6981,valparaíso,5,san antonio,56,algarrobo,5602,44,176,91,85,140,64,76,36,27,9
6982,valparaíso,5,san antonio,56,algarrobo,5602,45,176,96,80,134,75,59,42,21,21
6983,valparaíso,5,san antonio,56,algarrobo,5602,46,181,84,97,148,70,78,33,14,19
6984,valparaíso,5,san antonio,56,algarrobo,5602,47,167,84,83,120,59,61,47,25,22
6985,valparaíso,5,san antonio,56,algarrobo,5602,48,160,88,72,130,73,57,30,15,15
6986,valparaíso,5,san antonio,56,algarrobo,5602,49,171,73,98,138,56,82,33,17,16
6987,valparaíso,5,san antonio,56,algarrobo,5602,50,179,98,81,138,76,62,41,22,19
6988,valparaíso,5,san antonio,56,algarrobo,5602,51,179,89,90,150,71,79,29,18,11
6989,valparaíso,5,san antonio,56,algarrobo,5602,52,192,101,91,155,84,71,37,17,20
6990,valparaíso,5,san antonio,56,algarrobo,5602,53,184,74,110,149,56,93,35,18,17
6991,valparaíso,5,san antonio,56,algarrobo,5602,54,201,90,111,155,65,90,46,25,21
6992,valparaíso,5,san antonio,56,algarrobo,5602,55,194,103,91,157,81,76,37,22,15
6993,valparaíso,5,san antonio,56,algarrobo,5602,56,193,80,113,148,61,87,45,19,26
6994,valparaíso,5,san antonio,56,algarrobo,5602,57,199,93,106,159,74,85,40,19,21
6995,valparaíso,5,san antonio,56,algarrobo,5602,58,189,92,97,145,69,76,44,23,21
6996,valparaíso,5,san antonio,56,algarrobo,5602,59,210,98,112,150,64,86,60,34,26
6997,valparaíso,5,san antonio,56,algarrobo,5602,60,187,88,99,141,67,74,46,21,25
6998,valparaíso,5,san antonio,56,algarrobo,5602,61,150,82,68,110,61,49,40,21,19
6999,valparaíso,5,san antonio,56,algarrobo,5602,62,180,72,108,132,54,78,48,18,30
7000,valparaíso,5,san antonio,56,algarrobo,5602,63,170,83,87,126,59,67,44,24,20
7001,valparaíso,5,san antonio,56,algarrobo,5602,64,189,90,99,134,63,71,55,27,28
7002,valparaíso,5,san antonio,56,algarrobo,5602,65,186,76,110,144,54,90,42,22,20
7003,valparaíso,5,san antonio,56,algarrobo,5602,66,201,92,109,150,66,84,51,26,25
7004,valparaíso,5,san antonio,56,algarrobo,5602,67,166,76,90,117,52,65,49,24,25
7005,valparaíso,5,san antonio,56,algarrobo,5602,68,166,82,84,129,56,73,37,26,11
7006,valparaíso,5,san antonio,56,algarrobo,5602,69,145,72,73,102,46,56,43,26,17
7007,valparaíso,5,san antonio,56,algarrobo,5602,70,164,76,88,129,60,69,35,16,19
7008,valparaíso,5,san antonio,56,algarrobo,5602,71,153,71,82,123,54,69,30,17,13
7009,valparaíso,5,san antonio,56,algarrobo,5602,72,152,72,80,116,54,62,36,18,18
7010,valparaíso,5,san antonio,56,algarrobo,5602,73,141,68,73,108,52,56,33,16,17
7011,valparaíso,5,san antonio,56,algarrobo,5602,74,137,67,70,116,58,58,21,9,12
7012,valparaíso,5,san antonio,56,algarrobo,5602,75,118,55,63,81,37,44,37,18,19
7013,valparaíso,5,san antonio,56,algarrobo,5602,76,98,42,56,67,28,39,31,14,17
7014,valparaíso,5,san antonio,56,algarrobo,5602,77,120,53,67,103,45,58,17,8,9
7015,valparaíso,5,san antonio,56,algarrobo,5602,78,86,42,44,64,30,34,22,12,10
7016,valparaíso,5,san antonio,56,algarrobo,5602,79,93,51,42,76,42,34,17,9,8
7017,valparaíso,5,san antonio,56,algarrobo,5602,80,68,32,36,53,23,30,15,9,6
7018,valparaíso,5,san antonio,56,algarrobo,5602,81,53,25,28,44,19,25,9,6,3
7019,valparaíso,5,san antonio,56,algarrobo,5602,82,70,29,41,56,24,32,14,5,9
7020,valparaíso,5,san antonio,56,algarrobo,5602,83,43,15,28,34,13,21,9,2,7
7021,valparaíso,5,san antonio,56,algarrobo,5602,84,47,19,28,42,17,25,5,2,3
7022,valparaíso,5,san antonio,56,algarrobo,5602,85,39,23,16,30,18,12,9,5,4
7023,valparaíso,5,san antonio,56,algarrobo,5602,86,35,13,22,28,9,19,7,4,3
7024,valparaíso,5,san antonio,56,algarrobo,5602,87,34,16,18,27,14,13,7,2,5
7025,valparaíso,5,san antonio,56,algarrobo,5602,88,27,14,13,17,7,10,10,7,3
7026,valparaíso,5,san antonio,56,algarrobo,5602,89,33,11,22,26,10,16,7,1,6
7027,valparaíso,5,san antonio,56,algarrobo,5602,90,17,8,9,14,8,6,3,0,3
7028,valparaíso,5,san antonio,56,algarrobo,5602,91,12,5,7,12,5,7,0,0,0
7029,valparaíso,5,san antonio,56,algarrobo,5602,92,6,1,5,5,1,4,1,0,1
7030,valparaíso,5,san antonio,56,algarrobo,5602,93,20,5,15,11,2,9,9,3,6
7031,valparaíso,5,san antonio,56,algarrobo,5602,94,9,2,7,7,1,6,2,1,1
7032,valparaíso,5,san antonio,56,algarrobo,5602,95,4,0,4,4,0,4,0,0,0
7033,valparaíso,5,san antonio,56,algarrobo,5602,96,4,4,0,4,4,0,0,0,0
7034,valparaíso,5,san antonio,56,algarrobo,5602,97,8,1,7,7,1,6,1,0,1
7035,valparaíso,5,san antonio,56,algarrobo,5602,98,6,1,5,5,1,4,1,0,1
7036,valparaíso,5,san antonio,56,algarrobo,5602,99,5,0,5,4,0,4,1,0,1
7037,valparaíso,5,san antonio,56,algarrobo,5602,100 o más,4,3,1,3,2,1,1,1,0
7038,valparaíso,5,san antonio,56,cartagena,5603,total comuna,22738,11265,11473,20846,10272,10574,1892,993,899
7039,valparaíso,5,san antonio,56,cartagena,5603,0,249,126,123,235,119,116,14,7,7
7040,valparaíso,5,san antonio,56,cartagena,5603,1,288,148,140,266,140,126,22,8,14
7041,valparaíso,5,san antonio,56,cartagena,5603,2,299,150,149,281,136,145,18,14,4
7042,valparaíso,5,san antonio,56,cartagena,5603,3,327,169,158,314,164,150,13,5,8
7043,valparaíso,5,san antonio,56,cartagena,5603,4,319,164,155,298,155,143,21,9,12
7044,valparaíso,5,san antonio,56,cartagena,5603,5,294,143,151,275,132,143,19,11,8
7045,valparaíso,5,san antonio,56,cartagena,5603,6,329,167,162,303,151,152,26,16,10
7046,valparaíso,5,san antonio,56,cartagena,5603,7,350,171,179,323,159,164,27,12,15
7047,valparaíso,5,san antonio,56,cartagena,5603,8,294,139,155,275,127,148,19,12,7
7048,valparaíso,5,san antonio,56,cartagena,5603,9,281,142,139,259,129,130,22,13,9
7049,valparaíso,5,san antonio,56,cartagena,5603,10,303,174,129,278,158,120,25,16,9
7050,valparaíso,5,san antonio,56,cartagena,5603,11,279,141,138,262,128,134,17,13,4
7051,valparaíso,5,san antonio,56,cartagena,5603,12,314,151,163,291,139,152,23,12,11
7052,valparaíso,5,san antonio,56,cartagena,5603,13,324,169,155,296,151,145,28,18,10
7053,valparaíso,5,san antonio,56,cartagena,5603,14,346,168,178,319,153,166,27,15,12
7054,valparaíso,5,san antonio,56,cartagena,5603,15,306,162,144,285,153,132,21,9,12
7055,valparaíso,5,san antonio,56,cartagena,5603,16,299,144,155,287,138,149,12,6,6
7056,valparaíso,5,san antonio,56,cartagena,5603,17,290,145,145,264,135,129,26,10,16
7057,valparaíso,5,san antonio,56,cartagena,5603,18,254,124,130,232,113,119,22,11,11
7058,valparaíso,5,san antonio,56,cartagena,5603,19,275,148,127,256,138,118,19,10,9
7059,valparaíso,5,san antonio,56,cartagena,5603,20,257,114,143,236,105,131,21,9,12
7060,valparaíso,5,san antonio,56,cartagena,5603,21,252,121,131,240,116,124,12,5,7
7061,valparaíso,5,san antonio,56,cartagena,5603,22,279,155,124,264,147,117,15,8,7
7062,valparaíso,5,san antonio,56,cartagena,5603,23,311,156,155,287,140,147,24,16,8
7063,valparaíso,5,san antonio,56,cartagena,5603,24,297,147,150,283,140,143,14,7,7
7064,valparaíso,5,san antonio,56,cartagena,5603,25,322,185,137,304,177,127,18,8,10
7065,valparaíso,5,san antonio,56,cartagena,5603,26,292,144,148,270,133,137,22,11,11
7066,valparaíso,5,san antonio,56,cartagena,5603,27,352,191,161,332,180,152,20,11,9
7067,valparaíso,5,san antonio,56,cartagena,5603,28,284,137,147,258,119,139,26,18,8
7068,valparaíso,5,san antonio,56,cartagena,5603,29,326,149,177,295,134,161,31,15,16
7069,valparaíso,5,san antonio,56,cartagena,5603,30,323,179,144,291,158,133,32,21,11
7070,valparaíso,5,san antonio,56,cartagena,5603,31,290,136,154,259,122,137,31,14,17
7071,valparaíso,5,san antonio,56,cartagena,5603,32,286,149,137,259,138,121,27,11,16
7072,valparaíso,5,san antonio,56,cartagena,5603,33,274,140,134,258,132,126,16,8,8
7073,valparaíso,5,san antonio,56,cartagena,5603,34,265,131,134,235,119,116,30,12,18
7074,valparaíso,5,san antonio,56,cartagena,5603,35,299,145,154,271,132,139,28,13,15
7075,valparaíso,5,san antonio,56,cartagena,5603,36,263,128,135,240,119,121,23,9,14
7076,valparaíso,5,san antonio,56,cartagena,5603,37,291,160,131,257,143,114,34,17,17
7077,valparaíso,5,san antonio,56,cartagena,5603,38,226,112,114,200,100,100,26,12,14
7078,valparaíso,5,san antonio,56,cartagena,5603,39,248,121,127,217,104,113,31,17,14
7079,valparaíso,5,san antonio,56,cartagena,5603,40,240,111,129,212,96,116,28,15,13
7080,valparaíso,5,san antonio,56,cartagena,5603,41,258,146,112,222,127,95,36,19,17
7081,valparaíso,5,san antonio,56,cartagena,5603,42,276,132,144,249,115,134,27,17,10
7082,valparaíso,5,san antonio,56,cartagena,5603,43,272,132,140,251,120,131,21,12,9
7083,valparaíso,5,san antonio,56,cartagena,5603,44,263,130,133,245,121,124,18,9,9
7084,valparaíso,5,san antonio,56,cartagena,5603,45,293,147,146,272,133,139,21,14,7
7085,valparaíso,5,san antonio,56,cartagena,5603,46,259,134,125,231,121,110,28,13,15
7086,valparaíso,5,san antonio,56,cartagena,5603,47,266,136,130,242,120,122,24,16,8
7087,valparaíso,5,san antonio,56,cartagena,5603,48,292,136,156,267,126,141,25,10,15
7088,valparaíso,5,san antonio,56,cartagena,5603,49,304,161,143,278,148,130,26,13,13
7089,valparaíso,5,san antonio,56,cartagena,5603,50,289,161,128,268,149,119,21,12,9
7090,valparaíso,5,san antonio,56,cartagena,5603,51,317,159,158,286,142,144,31,17,14
7091,valparaíso,5,san antonio,56,cartagena,5603,52,287,131,156,256,116,140,31,15,16
7092,valparaíso,5,san antonio,56,cartagena,5603,53,316,154,162,288,140,148,28,14,14
7093,valparaíso,5,san antonio,56,cartagena,5603,54,330,166,164,310,157,153,20,9,11
7094,valparaíso,5,san antonio,56,cartagena,5603,55,348,163,185,318,147,171,30,16,14
7095,valparaíso,5,san antonio,56,cartagena,5603,56,339,169,170,303,147,156,36,22,14
7096,valparaíso,5,san antonio,56,cartagena,5603,57,271,134,137,241,119,122,30,15,15
7097,valparaíso,5,san antonio,56,cartagena,5603,58,299,155,144,276,146,130,23,9,14
7098,valparaíso,5,san antonio,56,cartagena,5603,59,312,163,149,280,144,136,32,19,13
7099,valparaíso,5,san antonio,56,cartagena,5603,60,297,146,151,273,135,138,24,11,13
7100,valparaíso,5,san antonio,56,cartagena,5603,61,243,125,118,218,111,107,25,14,11
7101,valparaíso,5,san antonio,56,cartagena,5603,62,255,124,131,230,110,120,25,14,11
7102,valparaíso,5,san antonio,56,cartagena,5603,63,301,145,156,270,128,142,31,17,14
7103,valparaíso,5,san antonio,56,cartagena,5603,64,263,118,145,237,106,131,26,12,14
7104,valparaíso,5,san antonio,56,cartagena,5603,65,269,125,144,245,112,133,24,13,11
7105,valparaíso,5,san antonio,56,cartagena,5603,66,245,122,123,233,116,117,12,6,6
7106,valparaíso,5,san antonio,56,cartagena,5603,67,235,95,140,218,86,132,17,9,8
7107,valparaíso,5,san antonio,56,cartagena,5603,68,265,127,138,240,112,128,25,15,10
7108,valparaíso,5,san antonio,56,cartagena,5603,69,212,109,103,192,99,93,20,10,10
7109,valparaíso,5,san antonio,56,cartagena,5603,70,225,98,127,212,90,122,13,8,5
7110,valparaíso,5,san antonio,56,cartagena,5603,71,200,96,104,186,86,100,14,10,4
7111,valparaíso,5,san antonio,56,cartagena,5603,72,194,88,106,171,76,95,23,12,11
7112,valparaíso,5,san antonio,56,cartagena,5603,73,202,91,111,182,82,100,20,9,11
7113,valparaíso,5,san antonio,56,cartagena,5603,74,195,88,107,177,75,102,18,13,5
7114,valparaíso,5,san antonio,56,cartagena,5603,75,151,83,68,145,79,66,6,4,2
7115,valparaíso,5,san antonio,56,cartagena,5603,76,153,70,83,141,65,76,12,5,7
7116,valparaíso,5,san antonio,56,cartagena,5603,77,154,73,81,143,66,77,11,7,4
7117,valparaíso,5,san antonio,56,cartagena,5603,78,129,58,71,120,54,66,9,4,5
7118,valparaíso,5,san antonio,56,cartagena,5603,79,151,73,78,134,61,73,17,12,5
7119,valparaíso,5,san antonio,56,cartagena,5603,80,121,52,69,112,48,64,9,4,5
7120,valparaíso,5,san antonio,56,cartagena,5603,81,87,51,36,74,47,27,13,4,9
7121,valparaíso,5,san antonio,56,cartagena,5603,82,85,31,54,80,29,51,5,2,3
7122,valparaíso,5,san antonio,56,cartagena,5603,83,73,33,40,63,28,35,10,5,5
7123,valparaíso,5,san antonio,56,cartagena,5603,84,71,30,41,67,28,39,4,2,2
7124,valparaíso,5,san antonio,56,cartagena,5603,85,62,31,31,59,29,30,3,2,1
7125,valparaíso,5,san antonio,56,cartagena,5603,86,79,42,37,72,38,34,7,4,3
7126,valparaíso,5,san antonio,56,cartagena,5603,87,45,23,22,41,21,20,4,2,2
7127,valparaíso,5,san antonio,56,cartagena,5603,88,36,11,25,32,8,24,4,3,1
7128,valparaíso,5,san antonio,56,cartagena,5603,89,42,12,30,37,12,25,5,0,5
7129,valparaíso,5,san antonio,56,cartagena,5603,90,24,11,13,23,11,12,1,0,1
7130,valparaíso,5,san antonio,56,cartagena,5603,91,21,6,15,17,5,12,4,1,3
7131,valparaíso,5,san antonio,56,cartagena,5603,92,16,4,12,14,3,11,2,1,1
7132,valparaíso,5,san antonio,56,cartagena,5603,93,10,2,8,6,1,5,4,1,3
7133,valparaíso,5,san antonio,56,cartagena,5603,94,7,2,5,7,2,5,0,0,0
7134,valparaíso,5,san antonio,56,cartagena,5603,95,11,2,9,7,1,6,4,1,3
7135,valparaíso,5,san antonio,56,cartagena,5603,96,6,1,5,5,1,4,1,0,1
7136,valparaíso,5,san antonio,56,cartagena,5603,97,5,1,4,4,0,4,1,1,0
7137,valparaíso,5,san antonio,56,cartagena,5603,98,3,1,2,2,1,1,1,0,1
7138,valparaíso,5,san antonio,56,cartagena,5603,99,1,0,1,1,0,1,0,0,0
7139,valparaíso,5,san antonio,56,cartagena,5603,100 o más,6,0,6,6,0,6,0,0,0
7140,valparaíso,5,san antonio,56,el quisco,5604,total comuna,15955,7826,8129,14867,7257,7610,1088,569,519
7141,valparaíso,5,san antonio,56,el quisco,5604,0,170,80,90,154,73,81,16,7,9
7142,valparaíso,5,san antonio,56,el quisco,5604,1,174,80,94,158,73,85,16,7,9
7143,valparaíso,5,san antonio,56,el quisco,5604,2,189,91,98,172,82,90,17,9,8
7144,valparaíso,5,san antonio,56,el quisco,5604,3,172,83,89,157,74,83,15,9,6
7145,valparaíso,5,san antonio,56,el quisco,5604,4,204,97,107,187,87,100,17,10,7
7146,valparaíso,5,san antonio,56,el quisco,5604,5,178,89,89,170,84,86,8,5,3
7147,valparaíso,5,san antonio,56,el quisco,5604,6,208,99,109,189,90,99,19,9,10
7148,valparaíso,5,san antonio,56,el quisco,5604,7,185,83,102,168,74,94,17,9,8
7149,valparaíso,5,san antonio,56,el quisco,5604,8,195,111,84,184,104,80,11,7,4
7150,valparaíso,5,san antonio,56,el quisco,5604,9,208,108,100,186,96,90,22,12,10
7151,valparaíso,5,san antonio,56,el quisco,5604,10,200,107,93,184,99,85,16,8,8
7152,valparaíso,5,san antonio,56,el quisco,5604,11,202,102,100,186,94,92,16,8,8
7153,valparaíso,5,san antonio,56,el quisco,5604,12,180,97,83,172,92,80,8,5,3
7154,valparaíso,5,san antonio,56,el quisco,5604,13,215,110,105,205,102,103,10,8,2
7155,valparaíso,5,san antonio,56,el quisco,5604,14,177,94,83,164,85,79,13,9,4
7156,valparaíso,5,san antonio,56,el quisco,5604,15,187,101,86,173,92,81,14,9,5
7157,valparaíso,5,san antonio,56,el quisco,5604,16,198,104,94,186,97,89,12,7,5
7158,valparaíso,5,san antonio,56,el quisco,5604,17,202,100,102,193,95,98,9,5,4
7159,valparaíso,5,san antonio,56,el quisco,5604,18,154,83,71,145,81,64,9,2,7
7160,valparaíso,5,san antonio,56,el quisco,5604,19,153,78,75,147,75,72,6,3,3
7161,valparaíso,5,san antonio,56,el quisco,5604,20,154,78,76,151,76,75,3,2,1
7162,valparaíso,5,san antonio,56,el quisco,5604,21,168,88,80,152,79,73,16,9,7
7163,valparaíso,5,san antonio,56,el quisco,5604,22,166,84,82,159,78,81,7,6,1
7164,valparaíso,5,san antonio,56,el quisco,5604,23,172,90,82,159,85,74,13,5,8
7165,valparaíso,5,san antonio,56,el quisco,5604,24,176,84,92,168,82,86,8,2,6
7166,valparaíso,5,san antonio,56,el quisco,5604,25,178,83,95,169,81,88,9,2,7
7167,valparaíso,5,san antonio,56,el quisco,5604,26,193,96,97,179,86,93,14,10,4
7168,valparaíso,5,san antonio,56,el quisco,5604,27,193,96,97,184,93,91,9,3,6
7169,valparaíso,5,san antonio,56,el quisco,5604,28,182,90,92,168,83,85,14,7,7
7170,valparaíso,5,san antonio,56,el quisco,5604,29,206,105,101,193,97,96,13,8,5
7171,valparaíso,5,san antonio,56,el quisco,5604,30,187,90,97,178,86,92,9,4,5
7172,valparaíso,5,san antonio,56,el quisco,5604,31,191,92,99,176,82,94,15,10,5
7173,valparaíso,5,san antonio,56,el quisco,5604,32,175,90,85,162,83,79,13,7,6
7174,valparaíso,5,san antonio,56,el quisco,5604,33,212,107,105,198,103,95,14,4,10
7175,valparaíso,5,san antonio,56,el quisco,5604,34,198,101,97,181,92,89,17,9,8
7176,valparaíso,5,san antonio,56,el quisco,5604,35,204,104,100,189,99,90,15,5,10
7177,valparaíso,5,san antonio,56,el quisco,5604,36,196,101,95,181,96,85,15,5,10
7178,valparaíso,5,san antonio,56,el quisco,5604,37,213,109,104,192,94,98,21,15,6
7179,valparaíso,5,san antonio,56,el quisco,5604,38,169,80,89,155,76,79,14,4,10
7180,valparaíso,5,san antonio,56,el quisco,5604,39,184,91,93,165,83,82,19,8,11
7181,valparaíso,5,san antonio,56,el quisco,5604,40,207,97,110,190,90,100,17,7,10
7182,valparaíso,5,san antonio,56,el quisco,5604,41,182,88,94,171,81,90,11,7,4
7183,valparaíso,5,san antonio,56,el quisco,5604,42,215,121,94,201,113,88,14,8,6
7184,valparaíso,5,san antonio,56,el quisco,5604,43,216,108,108,203,102,101,13,6,7
7185,valparaíso,5,san antonio,56,el quisco,5604,44,200,94,106,180,82,98,20,12,8
7186,valparaíso,5,san antonio,56,el quisco,5604,45,206,101,105,189,89,100,17,12,5
7187,valparaíso,5,san antonio,56,el quisco,5604,46,182,89,93,166,84,82,16,5,11
7188,valparaíso,5,san antonio,56,el quisco,5604,47,180,88,92,166,81,85,14,7,7
7189,valparaíso,5,san antonio,56,el quisco,5604,48,186,98,88,170,90,80,16,8,8
7190,valparaíso,5,san antonio,56,el quisco,5604,49,190,95,95,179,88,91,11,7,4
7191,valparaíso,5,san antonio,56,el quisco,5604,50,242,128,114,224,118,106,18,10,8
7192,valparaíso,5,san antonio,56,el quisco,5604,51,208,112,96,196,104,92,12,8,4
7193,valparaíso,5,san antonio,56,el quisco,5604,52,178,88,90,161,79,82,17,9,8
7194,valparaíso,5,san antonio,56,el quisco,5604,53,234,113,121,214,101,113,20,12,8
7195,valparaíso,5,san antonio,56,el quisco,5604,54,199,103,96,188,96,92,11,7,4
7196,valparaíso,5,san antonio,56,el quisco,5604,55,228,107,121,205,97,108,23,10,13
7197,valparaíso,5,san antonio,56,el quisco,5604,56,208,91,117,197,85,112,11,6,5
7198,valparaíso,5,san antonio,56,el quisco,5604,57,217,89,128,197,78,119,20,11,9
7199,valparaíso,5,san antonio,56,el quisco,5604,58,214,116,98,201,109,92,13,7,6
7200,valparaíso,5,san antonio,56,el quisco,5604,59,212,100,112,196,91,105,16,9,7
7201,valparaíso,5,san antonio,56,el quisco,5604,60,206,101,105,190,94,96,16,7,9
7202,valparaíso,5,san antonio,56,el quisco,5604,61,220,98,122,202,86,116,18,12,6
7203,valparaíso,5,san antonio,56,el quisco,5604,62,200,98,102,189,94,95,11,4,7
7204,valparaíso,5,san antonio,56,el quisco,5604,63,220,91,129,201,81,120,19,10,9
7205,valparaíso,5,san antonio,56,el quisco,5604,64,189,101,88,181,96,85,8,5,3
7206,valparaíso,5,san antonio,56,el quisco,5604,65,203,94,109,184,81,103,19,13,6
7207,valparaíso,5,san antonio,56,el quisco,5604,66,176,88,88,162,82,80,14,6,8
7208,valparaíso,5,san antonio,56,el quisco,5604,67,211,100,111,202,94,108,9,6,3
7209,valparaíso,5,san antonio,56,el quisco,5604,68,183,84,99,171,76,95,12,8,4
7210,valparaíso,5,san antonio,56,el quisco,5604,69,225,102,123,218,98,120,7,4,3
7211,valparaíso,5,san antonio,56,el quisco,5604,70,212,96,116,204,93,111,8,3,5
7212,valparaíso,5,san antonio,56,el quisco,5604,71,168,77,91,156,72,84,12,5,7
7213,valparaíso,5,san antonio,56,el quisco,5604,72,200,91,109,186,82,104,14,9,5
7214,valparaíso,5,san antonio,56,el quisco,5604,73,204,101,103,190,90,100,14,11,3
7215,valparaíso,5,san antonio,56,el quisco,5604,74,151,70,81,144,67,77,7,3,4
7216,valparaíso,5,san antonio,56,el quisco,5604,75,152,75,77,146,72,74,6,3,3
7217,valparaíso,5,san antonio,56,el quisco,5604,76,164,78,86,156,76,80,8,2,6
7218,valparaíso,5,san antonio,56,el quisco,5604,77,140,53,87,133,49,84,7,4,3
7219,valparaíso,5,san antonio,56,el quisco,5604,78,116,57,59,109,53,56,7,4,3
7220,valparaíso,5,san antonio,56,el quisco,5604,79,94,47,47,92,47,45,2,0,2
7221,valparaíso,5,san antonio,56,el quisco,5604,80,103,51,52,97,48,49,6,3,3
7222,valparaíso,5,san antonio,56,el quisco,5604,81,93,41,52,90,41,49,3,0,3
7223,valparaíso,5,san antonio,56,el quisco,5604,82,81,38,43,78,38,40,3,0,3
7224,valparaíso,5,san antonio,56,el quisco,5604,83,55,27,28,53,26,27,2,1,1
7225,valparaíso,5,san antonio,56,el quisco,5604,84,74,32,42,72,30,42,2,2,0
7226,valparaíso,5,san antonio,56,el quisco,5604,85,66,26,40,65,26,39,1,0,1
7227,valparaíso,5,san antonio,56,el quisco,5604,86,50,23,27,49,22,27,1,1,0
7228,valparaíso,5,san antonio,56,el quisco,5604,87,47,25,22,45,25,20,2,0,2
7229,valparaíso,5,san antonio,56,el quisco,5604,88,44,24,20,43,23,20,1,1,0
7230,valparaíso,5,san antonio,56,el quisco,5604,89,30,14,16,27,13,14,3,1,2
7231,valparaíso,5,san antonio,56,el quisco,5604,90,29,13,16,26,13,13,3,0,3
7232,valparaíso,5,san antonio,56,el quisco,5604,91,13,6,7,13,6,7,0,0,0
7233,valparaíso,5,san antonio,56,el quisco,5604,92,20,7,13,19,7,12,1,0,1
7234,valparaíso,5,san antonio,56,el quisco,5604,93,12,5,7,11,5,6,1,0,1
7235,valparaíso,5,san antonio,56,el quisco,5604,94,8,4,4,8,4,4,0,0,0
7236,valparaíso,5,san antonio,56,el quisco,5604,95,3,1,2,3,1,2,0,0,0
7237,valparaíso,5,san antonio,56,el quisco,5604,96,7,2,5,6,2,4,1,0,1
7238,valparaíso,5,san antonio,56,el quisco,5604,97,3,0,3,3,0,3,0,0,0
7239,valparaíso,5,san antonio,56,el quisco,5604,98,6,1,5,5,1,4,1,0,1
7240,valparaíso,5,san antonio,56,el quisco,5604,99,1,0,1,1,0,1,0,0,0
7241,valparaíso,5,san antonio,56,el quisco,5604,100 o más,4,2,2,4,2,2,0,0,0
7242,valparaíso,5,san antonio,56,el tabo,5605,total comuna,13286,6682,6604,12615,6328,6287,671,354,317
7243,valparaíso,5,san antonio,56,el tabo,5605,0,119,61,58,114,56,58,5,5,0
7244,valparaíso,5,san antonio,56,el tabo,5605,1,162,77,85,154,75,79,8,2,6
7245,valparaíso,5,san antonio,56,el tabo,5605,2,171,86,85,160,81,79,11,5,6
7246,valparaíso,5,san antonio,56,el tabo,5605,3,165,83,82,153,78,75,12,5,7
7247,valparaíso,5,san antonio,56,el tabo,5605,4,164,98,66,157,94,63,7,4,3
7248,valparaíso,5,san antonio,56,el tabo,5605,5,154,74,80,144,71,73,10,3,7
7249,valparaíso,5,san antonio,56,el tabo,5605,6,159,81,78,147,74,73,12,7,5
7250,valparaíso,5,san antonio,56,el tabo,5605,7,154,84,70,146,79,67,8,5,3
7251,valparaíso,5,san antonio,56,el tabo,5605,8,153,69,84,144,63,81,9,6,3
7252,valparaíso,5,san antonio,56,el tabo,5605,9,155,76,79,143,68,75,12,8,4
7253,valparaíso,5,san antonio,56,el tabo,5605,10,150,86,64,142,80,62,8,6,2
7254,valparaíso,5,san antonio,56,el tabo,5605,11,150,84,66,141,80,61,9,4,5
7255,valparaíso,5,san antonio,56,el tabo,5605,12,147,77,70,135,70,65,12,7,5
7256,valparaíso,5,san antonio,56,el tabo,5605,13,151,94,57,141,88,53,10,6,4
7257,valparaíso,5,san antonio,56,el tabo,5605,14,139,75,64,124,66,58,15,9,6
7258,valparaíso,5,san antonio,56,el tabo,5605,15,154,89,65,147,85,62,7,4,3
7259,valparaíso,5,san antonio,56,el tabo,5605,16,154,74,80,145,70,75,9,4,5
7260,valparaíso,5,san antonio,56,el tabo,5605,17,146,79,67,136,75,61,10,4,6
7261,valparaíso,5,san antonio,56,el tabo,5605,18,118,65,53,115,64,51,3,1,2
7262,valparaíso,5,san antonio,56,el tabo,5605,19,102,54,48,98,52,46,4,2,2
7263,valparaíso,5,san antonio,56,el tabo,5605,20,145,74,71,137,69,68,8,5,3
7264,valparaíso,5,san antonio,56,el tabo,5605,21,113,56,57,105,51,54,8,5,3
7265,valparaíso,5,san antonio,56,el tabo,5605,22,130,70,60,124,67,57,6,3,3
7266,valparaíso,5,san antonio,56,el tabo,5605,23,165,72,93,160,70,90,5,2,3
7267,valparaíso,5,san antonio,56,el tabo,5605,24,135,67,68,131,63,68,4,4,0
7268,valparaíso,5,san antonio,56,el tabo,5605,25,133,67,66,127,64,63,6,3,3
7269,valparaíso,5,san antonio,56,el tabo,5605,26,157,85,72,154,84,70,3,1,2
7270,valparaíso,5,san antonio,56,el tabo,5605,27,185,91,94,178,87,91,7,4,3
7271,valparaíso,5,san antonio,56,el tabo,5605,28,151,74,77,147,73,74,4,1,3
7272,valparaíso,5,san antonio,56,el tabo,5605,29,190,107,83,177,100,77,13,7,6
7273,valparaíso,5,san antonio,56,el tabo,5605,30,183,96,87,177,93,84,6,3,3
7274,valparaíso,5,san antonio,56,el tabo,5605,31,176,91,85,170,90,80,6,1,5
7275,valparaíso,5,san antonio,56,el tabo,5605,32,157,83,74,150,80,70,7,3,4
7276,valparaíso,5,san antonio,56,el tabo,5605,33,160,87,73,148,83,65,12,4,8
7277,valparaíso,5,san antonio,56,el tabo,5605,34,159,83,76,154,81,73,5,2,3
7278,valparaíso,5,san antonio,56,el tabo,5605,35,169,86,83,153,78,75,16,8,8
7279,valparaíso,5,san antonio,56,el tabo,5605,36,155,83,72,140,74,66,15,9,6
7280,valparaíso,5,san antonio,56,el tabo,5605,37,153,86,67,144,81,63,9,5,4
7281,valparaíso,5,san antonio,56,el tabo,5605,38,143,68,75,137,66,71,6,2,4
7282,valparaíso,5,san antonio,56,el tabo,5605,39,136,74,62,128,69,59,8,5,3
7283,valparaíso,5,san antonio,56,el tabo,5605,40,150,70,80,140,67,73,10,3,7
7284,valparaíso,5,san antonio,56,el tabo,5605,41,156,72,84,147,65,82,9,7,2
7285,valparaíso,5,san antonio,56,el tabo,5605,42,171,87,84,160,80,80,11,7,4
7286,valparaíso,5,san antonio,56,el tabo,5605,43,162,74,88,150,67,83,12,7,5
7287,valparaíso,5,san antonio,56,el tabo,5605,44,155,84,71,147,80,67,8,4,4
7288,valparaíso,5,san antonio,56,el tabo,5605,45,179,104,75,174,101,73,5,3,2
7289,valparaíso,5,san antonio,56,el tabo,5605,46,146,80,66,141,79,62,5,1,4
7290,valparaíso,5,san antonio,56,el tabo,5605,47,152,80,72,142,75,67,10,5,5
7291,valparaíso,5,san antonio,56,el tabo,5605,48,172,78,94,165,73,92,7,5,2
7292,valparaíso,5,san antonio,56,el tabo,5605,49,173,96,77,166,92,74,7,4,3
7293,valparaíso,5,san antonio,56,el tabo,5605,50,153,72,81,138,65,73,15,7,8
7294,valparaíso,5,san antonio,56,el tabo,5605,51,172,80,92,160,75,85,12,5,7
7295,valparaíso,5,san antonio,56,el tabo,5605,52,179,92,87,174,88,86,5,4,1
7296,valparaíso,5,san antonio,56,el tabo,5605,53,211,100,111,202,98,104,9,2,7
7297,valparaíso,5,san antonio,56,el tabo,5605,54,202,115,87,194,108,86,8,7,1
7298,valparaíso,5,san antonio,56,el tabo,5605,55,198,93,105,191,90,101,7,3,4
7299,valparaíso,5,san antonio,56,el tabo,5605,56,196,99,97,188,94,94,8,5,3
7300,valparaíso,5,san antonio,56,el tabo,5605,57,205,101,104,196,98,98,9,3,6
7301,valparaíso,5,san antonio,56,el tabo,5605,58,190,100,90,183,97,86,7,3,4
7302,valparaíso,5,san antonio,56,el tabo,5605,59,204,96,108,197,92,105,7,4,3
7303,valparaíso,5,san antonio,56,el tabo,5605,60,177,75,102,168,69,99,9,6,3
7304,valparaíso,5,san antonio,56,el tabo,5605,61,181,80,101,165,71,94,16,9,7
7305,valparaíso,5,san antonio,56,el tabo,5605,62,195,96,99,183,88,95,12,8,4
7306,valparaíso,5,san antonio,56,el tabo,5605,63,184,84,100,178,81,97,6,3,3
7307,valparaíso,5,san antonio,56,el tabo,5605,64,204,84,120,198,82,116,6,2,4
7308,valparaíso,5,san antonio,56,el tabo,5605,65,181,98,83,172,92,80,9,6,3
7309,valparaíso,5,san antonio,56,el tabo,5605,66,184,79,105,177,77,100,7,2,5
7310,valparaíso,5,san antonio,56,el tabo,5605,67,192,104,88,183,97,86,9,7,2
7311,valparaíso,5,san antonio,56,el tabo,5605,68,168,80,88,159,78,81,9,2,7
7312,valparaíso,5,san antonio,56,el tabo,5605,69,163,80,83,155,75,80,8,5,3
7313,valparaíso,5,san antonio,56,el tabo,5605,70,164,64,100,155,61,94,9,3,6
7314,valparaíso,5,san antonio,56,el tabo,5605,71,189,107,82,177,100,77,12,7,5
7315,valparaíso,5,san antonio,56,el tabo,5605,72,172,97,75,164,91,73,8,6,2
7316,valparaíso,5,san antonio,56,el tabo,5605,73,156,73,83,152,70,82,4,3,1
7317,valparaíso,5,san antonio,56,el tabo,5605,74,127,64,63,121,61,60,6,3,3
7318,valparaíso,5,san antonio,56,el tabo,5605,75,117,57,60,110,53,57,7,4,3
7319,valparaíso,5,san antonio,56,el tabo,5605,76,114,55,59,108,53,55,6,2,4
7320,valparaíso,5,san antonio,56,el tabo,5605,77,104,55,49,100,53,47,4,2,2
7321,valparaíso,5,san antonio,56,el tabo,5605,78,88,37,51,85,36,49,3,1,2
7322,valparaíso,5,san antonio,56,el tabo,5605,79,84,35,49,80,31,49,4,4,0
7323,valparaíso,5,san antonio,56,el tabo,5605,80,87,42,45,84,39,45,3,3,0
7324,valparaíso,5,san antonio,56,el tabo,5605,81,65,29,36,64,28,36,1,1,0
7325,valparaíso,5,san antonio,56,el tabo,5605,82,65,33,32,65,33,32,0,0,0
7326,valparaíso,5,san antonio,56,el tabo,5605,83,42,20,22,40,18,22,2,2,0
7327,valparaíso,5,san antonio,56,el tabo,5605,84,59,24,35,59,24,35,0,0,0
7328,valparaíso,5,san antonio,56,el tabo,5605,85,55,21,34,52,21,31,3,0,3
7329,valparaíso,5,san antonio,56,el tabo,5605,86,30,17,13,30,17,13,0,0,0
7330,valparaíso,5,san antonio,56,el tabo,5605,87,34,11,23,34,11,23,0,0,0
7331,valparaíso,5,san antonio,56,el tabo,5605,88,24,13,11,24,13,11,0,0,0
7332,valparaíso,5,san antonio,56,el tabo,5605,89,27,10,17,27,10,17,0,0,0
7333,valparaíso,5,san antonio,56,el tabo,5605,90,14,3,11,13,3,10,1,0,1
7334,valparaíso,5,san antonio,56,el tabo,5605,91,14,3,11,14,3,11,0,0,0
7335,valparaíso,5,san antonio,56,el tabo,5605,92,7,3,4,7,3,4,0,0,0
7336,valparaíso,5,san antonio,56,el tabo,5605,93,3,1,2,3,1,2,0,0,0
7337,valparaíso,5,san antonio,56,el tabo,5605,94,7,2,5,7,2,5,0,0,0
7338,valparaíso,5,san antonio,56,el tabo,5605,95,6,1,5,5,1,4,1,0,1
7339,valparaíso,5,san antonio,56,el tabo,5605,96,7,3,4,7,3,4,0,0,0
7340,valparaíso,5,san antonio,56,el tabo,5605,97,1,1,0,1,1,0,0,0,0
7341,valparaíso,5,san antonio,56,el tabo,5605,98,0,0,0,0,0,0,0,0,0
7342,valparaíso,5,san antonio,56,el tabo,5605,99,2,0,2,2,0,2,0,0,0
7343,valparaíso,5,san antonio,56,el tabo,5605,100 o más,5,2,3,5,2,3,0,0,0
7344,valparaíso,5,san antonio,56,santo domingo,5606,total comuna,10900,5428,5472,6216,2957,3259,4684,2471,2213
7345,valparaíso,5,san antonio,56,santo domingo,5606,0,115,64,51,81,42,39,34,22,12
7346,valparaíso,5,san antonio,56,santo domingo,5606,1,140,72,68,89,41,48,51,31,20
7347,valparaíso,5,san antonio,56,santo domingo,5606,2,149,79,70,92,45,47,57,34,23
7348,valparaíso,5,san antonio,56,santo domingo,5606,3,151,72,79,96,49,47,55,23,32
7349,valparaíso,5,san antonio,56,santo domingo,5606,4,142,70,72,85,38,47,57,32,25
7350,valparaíso,5,san antonio,56,santo domingo,5606,5,153,72,81,82,41,41,71,31,40
7351,valparaíso,5,san antonio,56,santo domingo,5606,6,141,78,63,85,47,38,56,31,25
7352,valparaíso,5,san antonio,56,santo domingo,5606,7,169,81,88,99,45,54,70,36,34
7353,valparaíso,5,san antonio,56,santo domingo,5606,8,171,87,84,100,51,49,71,36,35
7354,valparaíso,5,san antonio,56,santo domingo,5606,9,148,83,65,92,50,42,56,33,23
7355,valparaíso,5,san antonio,56,santo domingo,5606,10,143,69,74,73,32,41,70,37,33
7356,valparaíso,5,san antonio,56,santo domingo,5606,11,147,72,75,72,30,42,75,42,33
7357,valparaíso,5,san antonio,56,santo domingo,5606,12,178,92,86,108,60,48,70,32,38
7358,valparaíso,5,san antonio,56,santo domingo,5606,13,139,68,71,81,38,43,58,30,28
7359,valparaíso,5,san antonio,56,santo domingo,5606,14,141,60,81,87,40,47,54,20,34
7360,valparaíso,5,san antonio,56,santo domingo,5606,15,158,81,77,96,46,50,62,35,27
7361,valparaíso,5,san antonio,56,santo domingo,5606,16,151,80,71,85,45,40,66,35,31
7362,valparaíso,5,san antonio,56,santo domingo,5606,17,134,65,69,85,39,46,49,26,23
7363,valparaíso,5,san antonio,56,santo domingo,5606,18,116,72,44,73,44,29,43,28,15
7364,valparaíso,5,san antonio,56,santo domingo,5606,19,91,46,45,52,25,27,39,21,18
7365,valparaíso,5,san antonio,56,santo domingo,5606,20,84,44,40,48,31,17,36,13,23
7366,valparaíso,5,san antonio,56,santo domingo,5606,21,103,41,62,56,25,31,47,16,31
7367,valparaíso,5,san antonio,56,santo domingo,5606,22,116,62,54,74,33,41,42,29,13
7368,valparaíso,5,san antonio,56,santo domingo,5606,23,123,59,64,71,30,41,52,29,23
7369,valparaíso,5,san antonio,56,santo domingo,5606,24,120,57,63,75,35,40,45,22,23
7370,valparaíso,5,san antonio,56,santo domingo,5606,25,138,70,68,74,37,37,64,33,31
7371,valparaíso,5,san antonio,56,santo domingo,5606,26,124,62,62,73,33,40,51,29,22
7372,valparaíso,5,san antonio,56,santo domingo,5606,27,149,79,70,90,43,47,59,36,23
7373,valparaíso,5,san antonio,56,santo domingo,5606,28,144,80,64,83,44,39,61,36,25
7374,valparaíso,5,san antonio,56,santo domingo,5606,29,166,76,90,94,42,52,72,34,38
7375,valparaíso,5,san antonio,56,santo domingo,5606,30,154,71,83,88,37,51,66,34,32
7376,valparaíso,5,san antonio,56,santo domingo,5606,31,145,71,74,83,36,47,62,35,27
7377,valparaíso,5,san antonio,56,santo domingo,5606,32,151,69,82,97,43,54,54,26,28
7378,valparaíso,5,san antonio,56,santo domingo,5606,33,148,79,69,89,44,45,59,35,24
7379,valparaíso,5,san antonio,56,santo domingo,5606,34,162,81,81,97,45,52,65,36,29
7380,valparaíso,5,san antonio,56,santo domingo,5606,35,169,79,90,103,47,56,66,32,34
7381,valparaíso,5,san antonio,56,santo domingo,5606,36,142,65,77,85,34,51,57,31,26
7382,valparaíso,5,san antonio,56,santo domingo,5606,37,143,76,67,79,39,40,64,37,27
7383,valparaíso,5,san antonio,56,santo domingo,5606,38,147,63,84,81,31,50,66,32,34
7384,valparaíso,5,san antonio,56,santo domingo,5606,39,151,74,77,81,39,42,70,35,35
7385,valparaíso,5,san antonio,56,santo domingo,5606,40,177,87,90,118,60,58,59,27,32
7386,valparaíso,5,san antonio,56,santo domingo,5606,41,170,77,93,100,41,59,70,36,34
7387,valparaíso,5,san antonio,56,santo domingo,5606,42,162,79,83,93,47,46,69,32,37
7388,valparaíso,5,san antonio,56,santo domingo,5606,43,165,82,83,87,40,47,78,42,36
7389,valparaíso,5,san antonio,56,santo domingo,5606,44,159,95,64,89,51,38,70,44,26
7390,valparaíso,5,san antonio,56,santo domingo,5606,45,172,78,94,93,44,49,79,34,45
7391,valparaíso,5,san antonio,56,santo domingo,5606,46,151,73,78,79,29,50,72,44,28
7392,valparaíso,5,san antonio,56,santo domingo,5606,47,161,90,71,90,54,36,71,36,35
7393,valparaíso,5,san antonio,56,santo domingo,5606,48,156,79,77,76,40,36,80,39,41
7394,valparaíso,5,san antonio,56,santo domingo,5606,49,167,88,79,98,46,52,69,42,27
7395,valparaíso,5,san antonio,56,santo domingo,5606,50,158,82,76,86,44,42,72,38,34
7396,valparaíso,5,san antonio,56,santo domingo,5606,51,177,90,87,90,41,49,87,49,38
7397,valparaíso,5,san antonio,56,santo domingo,5606,52,163,82,81,78,36,42,85,46,39
7398,valparaíso,5,san antonio,56,santo domingo,5606,53,154,81,73,90,46,44,64,35,29
7399,valparaíso,5,san antonio,56,santo domingo,5606,54,168,96,72,91,49,42,77,47,30
7400,valparaíso,5,san antonio,56,santo domingo,5606,55,132,59,73,66,28,38,66,31,35
7401,valparaíso,5,san antonio,56,santo domingo,5606,56,148,75,73,80,41,39,68,34,34
7402,valparaíso,5,san antonio,56,santo domingo,5606,57,135,69,66,71,32,39,64,37,27
7403,valparaíso,5,san antonio,56,santo domingo,5606,58,159,72,87,89,36,53,70,36,34
7404,valparaíso,5,san antonio,56,santo domingo,5606,59,136,78,58,76,41,35,60,37,23
7405,valparaíso,5,san antonio,56,santo domingo,5606,60,140,80,60,80,44,36,60,36,24
7406,valparaíso,5,san antonio,56,santo domingo,5606,61,160,73,87,83,31,52,77,42,35
7407,valparaíso,5,san antonio,56,santo domingo,5606,62,100,49,51,53,26,27,47,23,24
7408,valparaíso,5,san antonio,56,santo domingo,5606,63,115,52,63,65,31,34,50,21,29
7409,valparaíso,5,san antonio,56,santo domingo,5606,64,102,51,51,58,26,32,44,25,19
7410,valparaíso,5,san antonio,56,santo domingo,5606,65,95,47,48,55,24,31,40,23,17
7411,valparaíso,5,san antonio,56,santo domingo,5606,66,106,50,56,60,29,31,46,21,25
7412,valparaíso,5,san antonio,56,santo domingo,5606,67,101,50,51,55,25,30,46,25,21
7413,valparaíso,5,san antonio,56,santo domingo,5606,68,85,50,35,48,24,24,37,26,11
7414,valparaíso,5,san antonio,56,santo domingo,5606,69,77,40,37,36,16,20,41,24,17
7415,valparaíso,5,san antonio,56,santo domingo,5606,70,101,44,57,54,21,33,47,23,24
7416,valparaíso,5,san antonio,56,santo domingo,5606,71,83,32,51,48,19,29,35,13,22
7417,valparaíso,5,san antonio,56,santo domingo,5606,72,70,31,39,36,13,23,34,18,16
7418,valparaíso,5,san antonio,56,santo domingo,5606,73,77,43,34,38,24,14,39,19,20
7419,valparaíso,5,san antonio,56,santo domingo,5606,74,65,33,32,39,18,21,26,15,11
7420,valparaíso,5,san antonio,56,santo domingo,5606,75,57,29,28,25,10,15,32,19,13
7421,valparaíso,5,san antonio,56,santo domingo,5606,76,60,29,31,32,18,14,28,11,17
7422,valparaíso,5,san antonio,56,santo domingo,5606,77,59,30,29,36,16,20,23,14,9
7423,valparaíso,5,san antonio,56,santo domingo,5606,78,38,24,14,20,11,9,18,13,5
7424,valparaíso,5,san antonio,56,santo domingo,5606,79,41,18,23,23,9,14,18,9,9
7425,valparaíso,5,san antonio,56,santo domingo,5606,80,34,15,19,26,11,15,8,4,4
7426,valparaíso,5,san antonio,56,santo domingo,5606,81,41,17,24,24,11,13,17,6,11
7427,valparaíso,5,san antonio,56,santo domingo,5606,82,32,16,16,18,11,7,14,5,9
7428,valparaíso,5,san antonio,56,santo domingo,5606,83,32,16,16,14,8,6,18,8,10
7429,valparaíso,5,san antonio,56,santo domingo,5606,84,21,9,12,13,5,8,8,4,4
7430,valparaíso,5,san antonio,56,santo domingo,5606,85,28,10,18,16,6,10,12,4,8
7431,valparaíso,5,san antonio,56,santo domingo,5606,86,35,17,18,23,9,14,12,8,4
7432,valparaíso,5,san antonio,56,santo domingo,5606,87,23,9,14,11,5,6,12,4,8
7433,valparaíso,5,san antonio,56,santo domingo,5606,88,18,9,9,7,3,4,11,6,5
7434,valparaíso,5,san antonio,56,santo domingo,5606,89,20,6,14,11,3,8,9,3,6
7435,valparaíso,5,san antonio,56,santo domingo,5606,90,16,5,11,9,3,6,7,2,5
7436,valparaíso,5,san antonio,56,santo domingo,5606,91,9,3,6,5,0,5,4,3,1
7437,valparaíso,5,san antonio,56,santo domingo,5606,92,6,2,4,6,2,4,0,0,0
7438,valparaíso,5,san antonio,56,santo domingo,5606,93,4,2,2,2,2,0,2,0,2
7439,valparaíso,5,san antonio,56,santo domingo,5606,94,9,2,7,5,1,4,4,1,3
7440,valparaíso,5,san antonio,56,santo domingo,5606,95,3,1,2,2,0,2,1,1,0
7441,valparaíso,5,san antonio,56,santo domingo,5606,96,3,0,3,1,0,1,2,0,2
7442,valparaíso,5,san antonio,56,santo domingo,5606,97,2,0,2,2,0,2,0,0,0
7443,valparaíso,5,san antonio,56,santo domingo,5606,98,2,0,2,1,0,1,1,0,1
7444,valparaíso,5,san antonio,56,santo domingo,5606,99,1,1,0,0,0,0,1,1,0
7445,valparaíso,5,san antonio,56,santo domingo,5606,100 o más,3,0,3,2,0,2,1,0,1
7446,valparaíso,5,san felipe de aconcagua,57,san felipe,5701,total comuna,76844,37219,39625,69617,33557,36060,7227,3662,3565
7447,valparaíso,5,san felipe de aconcagua,57,san felipe,5701,0,1034,512,522,956,480,476,78,32,46
7448,valparaíso,5,san felipe de aconcagua,57,san felipe,5701,1,1112,553,559,1018,515,503,94,38,56
7449,valparaíso,5,san felipe de aconcagua,57,san felipe,5701,2,1125,607,518,1033,558,475,92,49,43
7450,valparaíso,5,san felipe de aconcagua,57,san felipe,5701,3,1078,538,540,970,476,494,108,62,46
7451,valparaíso,5,san felipe de aconcagua,57,san felipe,5701,4,1131,584,547,1040,540,500,91,44,47
7452,valparaíso,5,san felipe de aconcagua,57,san felipe,5701,5,1105,567,538,995,508,487,110,59,51
7453,valparaíso,5,san felipe de aconcagua,57,san felipe,5701,6,1179,585,594,1071,535,536,108,50,58
7454,valparaíso,5,san felipe de aconcagua,57,san felipe,5701,7,1110,589,521,992,525,467,118,64,54
7455,valparaíso,5,san felipe de aconcagua,57,san felipe,5701,8,1154,553,601,1052,505,547,102,48,54
7456,valparaíso,5,san felipe de aconcagua,57,san felipe,5701,9,1112,598,514,1017,542,475,95,56,39
7457,valparaíso,5,san felipe de aconcagua,57,san felipe,5701,10,1089,538,551,975,470,505,114,68,46
7458,valparaíso,5,san felipe de aconcagua,57,san felipe,5701,11,1014,493,521,907,447,460,107,46,61
7459,valparaíso,5,san felipe de aconcagua,57,san felipe,5701,12,1088,521,567,1012,482,530,76,39,37
7460,valparaíso,5,san felipe de aconcagua,57,san felipe,5701,13,1042,516,526,944,473,471,98,43,55
7461,valparaíso,5,san felipe de aconcagua,57,san felipe,5701,14,1051,529,522,937,469,468,114,60,54
7462,valparaíso,5,san felipe de aconcagua,57,san felipe,5701,15,1096,568,528,996,516,480,100,52,48
7463,valparaíso,5,san felipe de aconcagua,57,san felipe,5701,16,1185,601,584,1093,557,536,92,44,48
7464,valparaíso,5,san felipe de aconcagua,57,san felipe,5701,17,1085,577,508,981,522,459,104,55,49
7465,valparaíso,5,san felipe de aconcagua,57,san felipe,5701,18,967,471,496,872,428,444,95,43,52
7466,valparaíso,5,san felipe de aconcagua,57,san felipe,5701,19,941,484,457,848,433,415,93,51,42
7467,valparaíso,5,san felipe de aconcagua,57,san felipe,5701,20,980,483,497,901,443,458,79,40,39
7468,valparaíso,5,san felipe de aconcagua,57,san felipe,5701,21,1052,526,526,950,469,481,102,57,45
7469,valparaíso,5,san felipe de aconcagua,57,san felipe,5701,22,1152,562,590,1046,501,545,106,61,45
7470,valparaíso,5,san felipe de aconcagua,57,san felipe,5701,23,1176,617,559,1077,568,509,99,49,50
7471,valparaíso,5,san felipe de aconcagua,57,san felipe,5701,24,1217,569,648,1125,537,588,92,32,60
7472,valparaíso,5,san felipe de aconcagua,57,san felipe,5701,25,1166,585,581,1071,539,532,95,46,49
7473,valparaíso,5,san felipe de aconcagua,57,san felipe,5701,26,1294,631,663,1183,574,609,111,57,54
7474,valparaíso,5,san felipe de aconcagua,57,san felipe,5701,27,1362,690,672,1253,624,629,109,66,43
7475,valparaíso,5,san felipe de aconcagua,57,san felipe,5701,28,1305,636,669,1201,586,615,104,50,54
7476,valparaíso,5,san felipe de aconcagua,57,san felipe,5701,29,1239,638,601,1148,591,557,91,47,44
7477,valparaíso,5,san felipe de aconcagua,57,san felipe,5701,30,1232,580,652,1141,540,601,91,40,51
7478,valparaíso,5,san felipe de aconcagua,57,san felipe,5701,31,1155,576,579,1080,540,540,75,36,39
7479,valparaíso,5,san felipe de aconcagua,57,san felipe,5701,32,1134,586,548,1037,537,500,97,49,48
7480,valparaíso,5,san felipe de aconcagua,57,san felipe,5701,33,1120,577,543,1046,538,508,74,39,35
7481,valparaíso,5,san felipe de aconcagua,57,san felipe,5701,34,1140,553,587,1064,518,546,76,35,41
7482,valparaíso,5,san felipe de aconcagua,57,san felipe,5701,35,1168,565,603,1066,518,548,102,47,55
7483,valparaíso,5,san felipe de aconcagua,57,san felipe,5701,36,1096,498,598,1011,454,557,85,44,41
7484,valparaíso,5,san felipe de aconcagua,57,san felipe,5701,37,1022,525,497,927,477,450,95,48,47
7485,valparaíso,5,san felipe de aconcagua,57,san felipe,5701,38,1000,505,495,916,462,454,84,43,41
7486,valparaíso,5,san felipe de aconcagua,57,san felipe,5701,39,1029,511,518,942,468,474,87,43,44
7487,valparaíso,5,san felipe de aconcagua,57,san felipe,5701,40,960,461,499,887,423,464,73,38,35
7488,valparaíso,5,san felipe de aconcagua,57,san felipe,5701,41,1001,467,534,917,426,491,84,41,43
7489,valparaíso,5,san felipe de aconcagua,57,san felipe,5701,42,1050,533,517,953,487,466,97,46,51
7490,valparaíso,5,san felipe de aconcagua,57,san felipe,5701,43,1014,498,516,922,443,479,92,55,37
7491,valparaíso,5,san felipe de aconcagua,57,san felipe,5701,44,1007,487,520,908,434,474,99,53,46
7492,valparaíso,5,san felipe de aconcagua,57,san felipe,5701,45,994,483,511,884,418,466,110,65,45
7493,valparaíso,5,san felipe de aconcagua,57,san felipe,5701,46,901,423,478,802,381,421,99,42,57
7494,valparaíso,5,san felipe de aconcagua,57,san felipe,5701,47,881,431,450,781,384,397,100,47,53
7495,valparaíso,5,san felipe de aconcagua,57,san felipe,5701,48,901,433,468,813,395,418,88,38,50
7496,valparaíso,5,san felipe de aconcagua,57,san felipe,5701,49,989,464,525,869,408,461,120,56,64
7497,valparaíso,5,san felipe de aconcagua,57,san felipe,5701,50,1057,508,549,952,448,504,105,60,45
7498,valparaíso,5,san felipe de aconcagua,57,san felipe,5701,51,1022,485,537,890,409,481,132,76,56
7499,valparaíso,5,san felipe de aconcagua,57,san felipe,5701,52,1053,487,566,935,419,516,118,68,50
7500,valparaíso,5,san felipe de aconcagua,57,san felipe,5701,53,1043,474,569,925,415,510,118,59,59
7501,valparaíso,5,san felipe de aconcagua,57,san felipe,5701,54,1010,453,557,889,400,489,121,53,68
7502,valparaíso,5,san felipe de aconcagua,57,san felipe,5701,55,999,464,535,901,415,486,98,49,49
7503,valparaíso,5,san felipe de aconcagua,57,san felipe,5701,56,940,434,506,830,376,454,110,58,52
7504,valparaíso,5,san felipe de aconcagua,57,san felipe,5701,57,907,411,496,801,358,443,106,53,53
7505,valparaíso,5,san felipe de aconcagua,57,san felipe,5701,58,881,413,468,790,369,421,91,44,47
7506,valparaíso,5,san felipe de aconcagua,57,san felipe,5701,59,818,396,422,730,340,390,88,56,32
7507,valparaíso,5,san felipe de aconcagua,57,san felipe,5701,60,856,401,455,783,367,416,73,34,39
7508,valparaíso,5,san felipe de aconcagua,57,san felipe,5701,61,723,352,371,646,311,335,77,41,36
7509,valparaíso,5,san felipe de aconcagua,57,san felipe,5701,62,732,358,374,654,311,343,78,47,31
7510,valparaíso,5,san felipe de aconcagua,57,san felipe,5701,63,747,356,391,674,319,355,73,37,36
7511,valparaíso,5,san felipe de aconcagua,57,san felipe,5701,64,675,292,383,613,267,346,62,25,37
7512,valparaíso,5,san felipe de aconcagua,57,san felipe,5701,65,622,292,330,550,250,300,72,42,30
7513,valparaíso,5,san felipe de aconcagua,57,san felipe,5701,66,628,316,312,571,285,286,57,31,26
7514,valparaíso,5,san felipe de aconcagua,57,san felipe,5701,67,552,258,294,474,219,255,78,39,39
7515,valparaíso,5,san felipe de aconcagua,57,san felipe,5701,68,553,244,309,499,217,282,54,27,27
7516,valparaíso,5,san felipe de aconcagua,57,san felipe,5701,69,540,259,281,483,232,251,57,27,30
7517,valparaíso,5,san felipe de aconcagua,57,san felipe,5701,70,468,214,254,420,194,226,48,20,28
7518,valparaíso,5,san felipe de aconcagua,57,san felipe,5701,71,470,193,277,431,173,258,39,20,19
7519,valparaíso,5,san felipe de aconcagua,57,san felipe,5701,72,487,228,259,426,194,232,61,34,27
7520,valparaíso,5,san felipe de aconcagua,57,san felipe,5701,73,443,214,229,391,184,207,52,30,22
7521,valparaíso,5,san felipe de aconcagua,57,san felipe,5701,74,411,192,219,373,169,204,38,23,15
7522,valparaíso,5,san felipe de aconcagua,57,san felipe,5701,75,365,165,200,329,140,189,36,25,11
7523,valparaíso,5,san felipe de aconcagua,57,san felipe,5701,76,335,141,194,297,123,174,38,18,20
7524,valparaíso,5,san felipe de aconcagua,57,san felipe,5701,77,327,132,195,287,112,175,40,20,20
7525,valparaíso,5,san felipe de aconcagua,57,san felipe,5701,78,284,117,167,265,107,158,19,10,9
7526,valparaíso,5,san felipe de aconcagua,57,san felipe,5701,79,262,114,148,227,92,135,35,22,13
7527,valparaíso,5,san felipe de aconcagua,57,san felipe,5701,80,256,103,153,235,95,140,21,8,13
7528,valparaíso,5,san felipe de aconcagua,57,san felipe,5701,81,252,96,156,220,80,140,32,16,16
7529,valparaíso,5,san felipe de aconcagua,57,san felipe,5701,82,192,83,109,171,76,95,21,7,14
7530,valparaíso,5,san felipe de aconcagua,57,san felipe,5701,83,218,87,131,196,77,119,22,10,12
7531,valparaíso,5,san felipe de aconcagua,57,san felipe,5701,84,187,70,117,169,61,108,18,9,9
7532,valparaíso,5,san felipe de aconcagua,57,san felipe,5701,85,185,66,119,166,58,108,19,8,11
7533,valparaíso,5,san felipe de aconcagua,57,san felipe,5701,86,161,50,111,138,39,99,23,11,12
7534,valparaíso,5,san felipe de aconcagua,57,san felipe,5701,87,161,56,105,146,51,95,15,5,10
7535,valparaíso,5,san felipe de aconcagua,57,san felipe,5701,88,125,30,95,107,23,84,18,7,11
7536,valparaíso,5,san felipe de aconcagua,57,san felipe,5701,89,94,27,67,83,20,63,11,7,4
7537,valparaíso,5,san felipe de aconcagua,57,san felipe,5701,90,85,24,61,71,21,50,14,3,11
7538,valparaíso,5,san felipe de aconcagua,57,san felipe,5701,91,50,16,34,43,12,31,7,4,3
7539,valparaíso,5,san felipe de aconcagua,57,san felipe,5701,92,59,23,36,56,22,34,3,1,2
7540,valparaíso,5,san felipe de aconcagua,57,san felipe,5701,93,51,21,30,45,21,24,6,0,6
7541,valparaíso,5,san felipe de aconcagua,57,san felipe,5701,94,30,9,21,28,9,19,2,0,2
7542,valparaíso,5,san felipe de aconcagua,57,san felipe,5701,95,22,4,18,18,4,14,4,0,4
7543,valparaíso,5,san felipe de aconcagua,57,san felipe,5701,96,19,2,17,17,2,15,2,0,2
7544,valparaíso,5,san felipe de aconcagua,57,san felipe,5701,97,15,2,13,12,1,11,3,1,2
7545,valparaíso,5,san felipe de aconcagua,57,san felipe,5701,98,10,4,6,6,1,5,4,3,1
7546,valparaíso,5,san felipe de aconcagua,57,san felipe,5701,99,7,3,4,6,2,4,1,1,0
7547,valparaíso,5,san felipe de aconcagua,57,san felipe,5701,100 o más,20,3,17,18,3,15,2,0,2
7548,valparaíso,5,san felipe de aconcagua,57,catemu,5702,total comuna,13998,6982,7016,7813,3841,3972,6185,3141,3044
7549,valparaíso,5,san felipe de aconcagua,57,catemu,5702,0,155,75,80,94,48,46,61,27,34
7550,valparaíso,5,san felipe de aconcagua,57,catemu,5702,1,184,91,93,103,51,52,81,40,41
7551,valparaíso,5,san felipe de aconcagua,57,catemu,5702,2,217,107,110,120,60,60,97,47,50
7552,valparaíso,5,san felipe de aconcagua,57,catemu,5702,3,208,107,101,116,58,58,92,49,43
7553,valparaíso,5,san felipe de aconcagua,57,catemu,5702,4,197,96,101,124,64,60,73,32,41
7554,valparaíso,5,san felipe de aconcagua,57,catemu,5702,5,192,99,93,104,54,50,88,45,43
7555,valparaíso,5,san felipe de aconcagua,57,catemu,5702,6,213,108,105,123,61,62,90,47,43
7556,valparaíso,5,san felipe de aconcagua,57,catemu,5702,7,207,100,107,108,48,60,99,52,47
7557,valparaíso,5,san felipe de aconcagua,57,catemu,5702,8,195,106,89,116,64,52,79,42,37
7558,valparaíso,5,san felipe de aconcagua,57,catemu,5702,9,193,95,98,111,57,54,82,38,44
7559,valparaíso,5,san felipe de aconcagua,57,catemu,5702,10,214,109,105,129,63,66,85,46,39
7560,valparaíso,5,san felipe de aconcagua,57,catemu,5702,11,182,83,99,109,48,61,73,35,38
7561,valparaíso,5,san felipe de aconcagua,57,catemu,5702,12,210,99,111,115,66,49,95,33,62
7562,valparaíso,5,san felipe de aconcagua,57,catemu,5702,13,161,87,74,86,47,39,75,40,35
7563,valparaíso,5,san felipe de aconcagua,57,catemu,5702,14,201,114,87,116,62,54,85,52,33
7564,valparaíso,5,san felipe de aconcagua,57,catemu,5702,15,191,95,96,105,52,53,86,43,43
7565,valparaíso,5,san felipe de aconcagua,57,catemu,5702,16,223,130,93,138,85,53,85,45,40
7566,valparaíso,5,san felipe de aconcagua,57,catemu,5702,17,192,101,91,110,57,53,82,44,38
7567,valparaíso,5,san felipe de aconcagua,57,catemu,5702,18,171,94,77,99,49,50,72,45,27
7568,valparaíso,5,san felipe de aconcagua,57,catemu,5702,19,164,74,90,82,29,53,82,45,37
7569,valparaíso,5,san felipe de aconcagua,57,catemu,5702,20,177,94,83,96,55,41,81,39,42
7570,valparaíso,5,san felipe de aconcagua,57,catemu,5702,21,174,87,87,93,45,48,81,42,39
7571,valparaíso,5,san felipe de aconcagua,57,catemu,5702,22,187,97,90,113,59,54,74,38,36
7572,valparaíso,5,san felipe de aconcagua,57,catemu,5702,23,213,120,93,117,67,50,96,53,43
7573,valparaíso,5,san felipe de aconcagua,57,catemu,5702,24,182,96,86,111,59,52,71,37,34
7574,valparaíso,5,san felipe de aconcagua,57,catemu,5702,25,213,109,104,110,56,54,103,53,50
7575,valparaíso,5,san felipe de aconcagua,57,catemu,5702,26,202,111,91,117,67,50,85,44,41
7576,valparaíso,5,san felipe de aconcagua,57,catemu,5702,27,209,96,113,118,56,62,91,40,51
7577,valparaíso,5,san felipe de aconcagua,57,catemu,5702,28,198,114,84,135,76,59,63,38,25
7578,valparaíso,5,san felipe de aconcagua,57,catemu,5702,29,231,116,115,131,65,66,100,51,49
7579,valparaíso,5,san felipe de aconcagua,57,catemu,5702,30,195,98,97,117,55,62,78,43,35
7580,valparaíso,5,san felipe de aconcagua,57,catemu,5702,31,200,93,107,128,57,71,72,36,36
7581,valparaíso,5,san felipe de aconcagua,57,catemu,5702,32,189,78,111,114,48,66,75,30,45
7582,valparaíso,5,san felipe de aconcagua,57,catemu,5702,33,216,107,109,118,61,57,98,46,52
7583,valparaíso,5,san felipe de aconcagua,57,catemu,5702,34,198,101,97,108,46,62,90,55,35
7584,valparaíso,5,san felipe de aconcagua,57,catemu,5702,35,188,87,101,98,45,53,90,42,48
7585,valparaíso,5,san felipe de aconcagua,57,catemu,5702,36,173,82,91,102,53,49,71,29,42
7586,valparaíso,5,san felipe de aconcagua,57,catemu,5702,37,179,86,93,101,47,54,78,39,39
7587,valparaíso,5,san felipe de aconcagua,57,catemu,5702,38,199,98,101,123,61,62,76,37,39
7588,valparaíso,5,san felipe de aconcagua,57,catemu,5702,39,184,91,93,95,49,46,89,42,47
7589,valparaíso,5,san felipe de aconcagua,57,catemu,5702,40,182,87,95,108,48,60,74,39,35
7590,valparaíso,5,san felipe de aconcagua,57,catemu,5702,41,169,69,100,103,46,57,66,23,43
7591,valparaíso,5,san felipe de aconcagua,57,catemu,5702,42,213,106,107,106,57,49,107,49,58
7592,valparaíso,5,san felipe de aconcagua,57,catemu,5702,43,180,80,100,106,50,56,74,30,44
7593,valparaíso,5,san felipe de aconcagua,57,catemu,5702,44,189,88,101,85,42,43,104,46,58
7594,valparaíso,5,san felipe de aconcagua,57,catemu,5702,45,211,113,98,101,49,52,110,64,46
7595,valparaíso,5,san felipe de aconcagua,57,catemu,5702,46,157,79,78,83,43,40,74,36,38
7596,valparaíso,5,san felipe de aconcagua,57,catemu,5702,47,199,98,101,122,54,68,77,44,33
7597,valparaíso,5,san felipe de aconcagua,57,catemu,5702,48,173,86,87,91,40,51,82,46,36
7598,valparaíso,5,san felipe de aconcagua,57,catemu,5702,49,205,95,110,103,49,54,102,46,56
7599,valparaíso,5,san felipe de aconcagua,57,catemu,5702,50,189,100,89,98,49,49,91,51,40
7600,valparaíso,5,san felipe de aconcagua,57,catemu,5702,51,188,88,100,107,45,62,81,43,38
7601,valparaíso,5,san felipe de aconcagua,57,catemu,5702,52,168,89,79,95,46,49,73,43,30
7602,valparaíso,5,san felipe de aconcagua,57,catemu,5702,53,179,86,93,93,46,47,86,40,46
7603,valparaíso,5,san felipe de aconcagua,57,catemu,5702,54,218,103,115,115,52,63,103,51,52
7604,valparaíso,5,san felipe de aconcagua,57,catemu,5702,55,181,91,90,96,48,48,85,43,42
7605,valparaíso,5,san felipe de aconcagua,57,catemu,5702,56,187,93,94,118,60,58,69,33,36
7606,valparaíso,5,san felipe de aconcagua,57,catemu,5702,57,158,78,80,82,38,44,76,40,36
7607,valparaíso,5,san felipe de aconcagua,57,catemu,5702,58,160,93,67,91,51,40,69,42,27
7608,valparaíso,5,san felipe de aconcagua,57,catemu,5702,59,156,77,79,87,40,47,69,37,32
7609,valparaíso,5,san felipe de aconcagua,57,catemu,5702,60,152,78,74,85,42,43,67,36,31
7610,valparaíso,5,san felipe de aconcagua,57,catemu,5702,61,139,71,68,74,35,39,65,36,29
7611,valparaíso,5,san felipe de aconcagua,57,catemu,5702,62,140,61,79,69,30,39,71,31,40
7612,valparaíso,5,san felipe de aconcagua,57,catemu,5702,63,135,67,68,78,37,41,57,30,27
7613,valparaíso,5,san felipe de aconcagua,57,catemu,5702,64,132,68,64,67,34,33,65,34,31
7614,valparaíso,5,san felipe de aconcagua,57,catemu,5702,65,115,53,62,67,28,39,48,25,23
7615,valparaíso,5,san felipe de aconcagua,57,catemu,5702,66,140,68,72,74,28,46,66,40,26
7616,valparaíso,5,san felipe de aconcagua,57,catemu,5702,67,125,71,54,68,34,34,57,37,20
7617,valparaíso,5,san felipe de aconcagua,57,catemu,5702,68,108,52,56,55,29,26,53,23,30
7618,valparaíso,5,san felipe de aconcagua,57,catemu,5702,69,117,59,58,63,30,33,54,29,25
7619,valparaíso,5,san felipe de aconcagua,57,catemu,5702,70,93,51,42,49,28,21,44,23,21
7620,valparaíso,5,san felipe de aconcagua,57,catemu,5702,71,88,39,49,42,18,24,46,21,25
7621,valparaíso,5,san felipe de aconcagua,57,catemu,5702,72,100,55,45,56,30,26,44,25,19
7622,valparaíso,5,san felipe de aconcagua,57,catemu,5702,73,104,59,45,46,25,21,58,34,24
7623,valparaíso,5,san felipe de aconcagua,57,catemu,5702,74,70,34,36,39,17,22,31,17,14
7624,valparaíso,5,san felipe de aconcagua,57,catemu,5702,75,102,37,65,59,22,37,43,15,28
7625,valparaíso,5,san felipe de aconcagua,57,catemu,5702,76,74,34,40,37,17,20,37,17,20
7626,valparaíso,5,san felipe de aconcagua,57,catemu,5702,77,71,33,38,45,21,24,26,12,14
7627,valparaíso,5,san felipe de aconcagua,57,catemu,5702,78,56,26,30,32,16,16,24,10,14
7628,valparaíso,5,san felipe de aconcagua,57,catemu,5702,79,73,34,39,42,17,25,31,17,14
7629,valparaíso,5,san felipe de aconcagua,57,catemu,5702,80,54,26,28,29,14,15,25,12,13
7630,valparaíso,5,san felipe de aconcagua,57,catemu,5702,81,52,29,23,23,14,9,29,15,14
7631,valparaíso,5,san felipe de aconcagua,57,catemu,5702,82,37,23,14,20,13,7,17,10,7
7632,valparaíso,5,san felipe de aconcagua,57,catemu,5702,83,33,18,15,14,8,6,19,10,9
7633,valparaíso,5,san felipe de aconcagua,57,catemu,5702,84,35,15,20,19,9,10,16,6,10
7634,valparaíso,5,san felipe de aconcagua,57,catemu,5702,85,31,12,19,12,4,8,19,8,11
7635,valparaíso,5,san felipe de aconcagua,57,catemu,5702,86,23,12,11,15,9,6,8,3,5
7636,valparaíso,5,san felipe de aconcagua,57,catemu,5702,87,27,11,16,10,2,8,17,9,8
7637,valparaíso,5,san felipe de aconcagua,57,catemu,5702,88,29,13,16,14,5,9,15,8,7
7638,valparaíso,5,san felipe de aconcagua,57,catemu,5702,89,27,12,15,14,6,8,13,6,7
7639,valparaíso,5,san felipe de aconcagua,57,catemu,5702,90,21,9,12,15,5,10,6,4,2
7640,valparaíso,5,san felipe de aconcagua,57,catemu,5702,91,13,6,7,7,2,5,6,4,2
7641,valparaíso,5,san felipe de aconcagua,57,catemu,5702,92,10,1,9,7,0,7,3,1,2
7642,valparaíso,5,san felipe de aconcagua,57,catemu,5702,93,9,4,5,6,2,4,3,2,1
7643,valparaíso,5,san felipe de aconcagua,57,catemu,5702,94,3,0,3,2,0,2,1,0,1
7644,valparaíso,5,san felipe de aconcagua,57,catemu,5702,95,10,5,5,10,5,5,0,0,0
7645,valparaíso,5,san felipe de aconcagua,57,catemu,5702,96,2,2,0,1,1,0,1,1,0
7646,valparaíso,5,san felipe de aconcagua,57,catemu,5702,97,3,2,1,1,0,1,2,2,0
7647,valparaíso,5,san felipe de aconcagua,57,catemu,5702,98,3,2,1,2,1,1,1,1,0
7648,valparaíso,5,san felipe de aconcagua,57,catemu,5702,99,1,0,1,0,0,0,1,0,1
7649,valparaíso,5,san felipe de aconcagua,57,catemu,5702,100 o más,2,0,2,2,0,2,0,0,0
7650,valparaíso,5,san felipe de aconcagua,57,llaillay,5703,total comuna,24608,12216,12392,17972,8769,9203,6636,3447,3189
7651,valparaíso,5,san felipe de aconcagua,57,llaillay,5703,0,272,134,138,204,94,110,68,40,28
7652,valparaíso,5,san felipe de aconcagua,57,llaillay,5703,1,364,184,180,266,134,132,98,50,48
7653,valparaíso,5,san felipe de aconcagua,57,llaillay,5703,2,409,210,199,296,162,134,113,48,65
7654,valparaíso,5,san felipe de aconcagua,57,llaillay,5703,3,404,216,188,297,161,136,107,55,52
7655,valparaíso,5,san felipe de aconcagua,57,llaillay,5703,4,392,225,167,299,170,129,93,55,38
7656,valparaíso,5,san felipe de aconcagua,57,llaillay,5703,5,403,214,189,290,149,141,113,65,48
7657,valparaíso,5,san felipe de aconcagua,57,llaillay,5703,6,343,176,167,255,128,127,88,48,40
7658,valparaíso,5,san felipe de aconcagua,57,llaillay,5703,7,337,163,174,264,129,135,73,34,39
7659,valparaíso,5,san felipe de aconcagua,57,llaillay,5703,8,380,199,181,278,141,137,102,58,44
7660,valparaíso,5,san felipe de aconcagua,57,llaillay,5703,9,312,160,152,221,113,108,91,47,44
7661,valparaíso,5,san felipe de aconcagua,57,llaillay,5703,10,318,161,157,218,117,101,100,44,56
7662,valparaíso,5,san felipe de aconcagua,57,llaillay,5703,11,343,178,165,253,122,131,90,56,34
7663,valparaíso,5,san felipe de aconcagua,57,llaillay,5703,12,335,180,155,247,131,116,88,49,39
7664,valparaíso,5,san felipe de aconcagua,57,llaillay,5703,13,340,188,152,251,138,113,89,50,39
7665,valparaíso,5,san felipe de aconcagua,57,llaillay,5703,14,339,186,153,247,135,112,92,51,41
7666,valparaíso,5,san felipe de aconcagua,57,llaillay,5703,15,327,158,169,229,114,115,98,44,54
7667,valparaíso,5,san felipe de aconcagua,57,llaillay,5703,16,354,160,194,258,115,143,96,45,51
7668,valparaíso,5,san felipe de aconcagua,57,llaillay,5703,17,350,182,168,259,126,133,91,56,35
7669,valparaíso,5,san felipe de aconcagua,57,llaillay,5703,18,320,160,160,228,113,115,92,47,45
7670,valparaíso,5,san felipe de aconcagua,57,llaillay,5703,19,282,134,148,204,99,105,78,35,43
7671,valparaíso,5,san felipe de aconcagua,57,llaillay,5703,20,274,126,148,194,92,102,80,34,46
7672,valparaíso,5,san felipe de aconcagua,57,llaillay,5703,21,323,167,156,230,115,115,93,52,41
7673,valparaíso,5,san felipe de aconcagua,57,llaillay,5703,22,353,197,156,250,137,113,103,60,43
7674,valparaíso,5,san felipe de aconcagua,57,llaillay,5703,23,372,185,187,281,138,143,91,47,44
7675,valparaíso,5,san felipe de aconcagua,57,llaillay,5703,24,357,167,190,273,125,148,84,42,42
7676,valparaíso,5,san felipe de aconcagua,57,llaillay,5703,25,392,182,210,274,126,148,118,56,62
7677,valparaíso,5,san felipe de aconcagua,57,llaillay,5703,26,387,188,199,297,150,147,90,38,52
7678,valparaíso,5,san felipe de aconcagua,57,llaillay,5703,27,383,184,199,292,136,156,91,48,43
7679,valparaíso,5,san felipe de aconcagua,57,llaillay,5703,28,360,182,178,269,132,137,91,50,41
7680,valparaíso,5,san felipe de aconcagua,57,llaillay,5703,29,396,205,191,282,149,133,114,56,58
7681,valparaíso,5,san felipe de aconcagua,57,llaillay,5703,30,362,189,173,275,140,135,87,49,38
7682,valparaíso,5,san felipe de aconcagua,57,llaillay,5703,31,358,176,182,255,119,136,103,57,46
7683,valparaíso,5,san felipe de aconcagua,57,llaillay,5703,32,338,166,172,245,121,124,93,45,48
7684,valparaíso,5,san felipe de aconcagua,57,llaillay,5703,33,341,156,185,243,110,133,98,46,52
7685,valparaíso,5,san felipe de aconcagua,57,llaillay,5703,34,337,176,161,256,131,125,81,45,36
7686,valparaíso,5,san felipe de aconcagua,57,llaillay,5703,35,326,150,176,242,108,134,84,42,42
7687,valparaíso,5,san felipe de aconcagua,57,llaillay,5703,36,300,160,140,221,121,100,79,39,40
7688,valparaíso,5,san felipe de aconcagua,57,llaillay,5703,37,313,159,154,248,124,124,65,35,30
7689,valparaíso,5,san felipe de aconcagua,57,llaillay,5703,38,330,159,171,252,125,127,78,34,44
7690,valparaíso,5,san felipe de aconcagua,57,llaillay,5703,39,287,137,150,202,96,106,85,41,44
7691,valparaíso,5,san felipe de aconcagua,57,llaillay,5703,40,327,157,170,239,116,123,88,41,47
7692,valparaíso,5,san felipe de aconcagua,57,llaillay,5703,41,307,155,152,231,109,122,76,46,30
7693,valparaíso,5,san felipe de aconcagua,57,llaillay,5703,42,311,136,175,235,98,137,76,38,38
7694,valparaíso,5,san felipe de aconcagua,57,llaillay,5703,43,348,165,183,246,124,122,102,41,61
7695,valparaíso,5,san felipe de aconcagua,57,llaillay,5703,44,303,143,160,197,79,118,106,64,42
7696,valparaíso,5,san felipe de aconcagua,57,llaillay,5703,45,336,165,171,225,106,119,111,59,52
7697,valparaíso,5,san felipe de aconcagua,57,llaillay,5703,46,338,161,177,238,114,124,100,47,53
7698,valparaíso,5,san felipe de aconcagua,57,llaillay,5703,47,297,141,156,208,93,115,89,48,41
7699,valparaíso,5,san felipe de aconcagua,57,llaillay,5703,48,334,166,168,231,115,116,103,51,52
7700,valparaíso,5,san felipe de aconcagua,57,llaillay,5703,49,369,181,188,269,129,140,100,52,48
7701,valparaíso,5,san felipe de aconcagua,57,llaillay,5703,50,327,170,157,225,117,108,102,53,49
7702,valparaíso,5,san felipe de aconcagua,57,llaillay,5703,51,351,184,167,245,123,122,106,61,45
7703,valparaíso,5,san felipe de aconcagua,57,llaillay,5703,52,323,175,148,235,127,108,88,48,40
7704,valparaíso,5,san felipe de aconcagua,57,llaillay,5703,53,333,172,161,242,120,122,91,52,39
7705,valparaíso,5,san felipe de aconcagua,57,llaillay,5703,54,349,158,191,255,116,139,94,42,52
7706,valparaíso,5,san felipe de aconcagua,57,llaillay,5703,55,330,174,156,230,111,119,100,63,37
7707,valparaíso,5,san felipe de aconcagua,57,llaillay,5703,56,325,162,163,241,122,119,84,40,44
7708,valparaíso,5,san felipe de aconcagua,57,llaillay,5703,57,279,141,138,189,92,97,90,49,41
7709,valparaíso,5,san felipe de aconcagua,57,llaillay,5703,58,287,140,147,209,98,111,78,42,36
7710,valparaíso,5,san felipe de aconcagua,57,llaillay,5703,59,300,142,158,238,109,129,62,33,29
7711,valparaíso,5,san felipe de aconcagua,57,llaillay,5703,60,258,121,137,185,78,107,73,43,30
7712,valparaíso,5,san felipe de aconcagua,57,llaillay,5703,61,266,109,157,196,73,123,70,36,34
7713,valparaíso,5,san felipe de aconcagua,57,llaillay,5703,62,263,140,123,191,103,88,72,37,35
7714,valparaíso,5,san felipe de aconcagua,57,llaillay,5703,63,256,118,138,182,78,104,74,40,34
7715,valparaíso,5,san felipe de aconcagua,57,llaillay,5703,64,242,129,113,185,98,87,57,31,26
7716,valparaíso,5,san felipe de aconcagua,57,llaillay,5703,65,209,97,112,160,74,86,49,23,26
7717,valparaíso,5,san felipe de aconcagua,57,llaillay,5703,66,197,111,86,148,86,62,49,25,24
7718,valparaíso,5,san felipe de aconcagua,57,llaillay,5703,67,213,109,104,158,82,76,55,27,28
7719,valparaíso,5,san felipe de aconcagua,57,llaillay,5703,68,187,92,95,138,65,73,49,27,22
7720,valparaíso,5,san felipe de aconcagua,57,llaillay,5703,69,175,82,93,125,54,71,50,28,22
7721,valparaíso,5,san felipe de aconcagua,57,llaillay,5703,70,176,83,93,131,56,75,45,27,18
7722,valparaíso,5,san felipe de aconcagua,57,llaillay,5703,71,163,84,79,120,61,59,43,23,20
7723,valparaíso,5,san felipe de aconcagua,57,llaillay,5703,72,164,81,83,116,58,58,48,23,25
7724,valparaíso,5,san felipe de aconcagua,57,llaillay,5703,73,159,73,86,113,54,59,46,19,27
7725,valparaíso,5,san felipe de aconcagua,57,llaillay,5703,74,131,55,76,96,42,54,35,13,22
7726,valparaíso,5,san felipe de aconcagua,57,llaillay,5703,75,118,48,70,86,33,53,32,15,17
7727,valparaíso,5,san felipe de aconcagua,57,llaillay,5703,76,114,49,65,87,31,56,27,18,9
7728,valparaíso,5,san felipe de aconcagua,57,llaillay,5703,77,112,59,53,82,38,44,30,21,9
7729,valparaíso,5,san felipe de aconcagua,57,llaillay,5703,78,89,43,46,66,32,34,23,11,12
7730,valparaíso,5,san felipe de aconcagua,57,llaillay,5703,79,84,40,44,60,24,36,24,16,8
7731,valparaíso,5,san felipe de aconcagua,57,llaillay,5703,80,91,42,49,67,29,38,24,13,11
7732,valparaíso,5,san felipe de aconcagua,57,llaillay,5703,81,78,36,42,66,27,39,12,9,3
7733,valparaíso,5,san felipe de aconcagua,57,llaillay,5703,82,80,47,33,61,37,24,19,10,9
7734,valparaíso,5,san felipe de aconcagua,57,llaillay,5703,83,74,37,37,48,24,24,26,13,13
7735,valparaíso,5,san felipe de aconcagua,57,llaillay,5703,84,63,19,44,46,12,34,17,7,10
7736,valparaíso,5,san felipe de aconcagua,57,llaillay,5703,85,61,25,36,52,20,32,9,5,4
7737,valparaíso,5,san felipe de aconcagua,57,llaillay,5703,86,53,19,34,43,15,28,10,4,6
7738,valparaíso,5,san felipe de aconcagua,57,llaillay,5703,87,60,26,34,47,20,27,13,6,7
7739,valparaíso,5,san felipe de aconcagua,57,llaillay,5703,88,42,18,24,30,16,14,12,2,10
7740,valparaíso,5,san felipe de aconcagua,57,llaillay,5703,89,26,12,14,20,8,12,6,4,2
7741,valparaíso,5,san felipe de aconcagua,57,llaillay,5703,90,33,13,20,28,11,17,5,2,3
7742,valparaíso,5,san felipe de aconcagua,57,llaillay,5703,91,17,9,8,12,7,5,5,2,3
7743,valparaíso,5,san felipe de aconcagua,57,llaillay,5703,92,22,8,14,16,7,9,6,1,5
7744,valparaíso,5,san felipe de aconcagua,57,llaillay,5703,93,5,1,4,4,1,3,1,0,1
7745,valparaíso,5,san felipe de aconcagua,57,llaillay,5703,94,15,4,11,12,3,9,3,1,2
7746,valparaíso,5,san felipe de aconcagua,57,llaillay,5703,95,3,2,1,3,2,1,0,0,0
7747,valparaíso,5,san felipe de aconcagua,57,llaillay,5703,96,4,0,4,3,0,3,1,0,1
7748,valparaíso,5,san felipe de aconcagua,57,llaillay,5703,97,2,2,0,1,1,0,1,1,0
7749,valparaíso,5,san felipe de aconcagua,57,llaillay,5703,98,3,2,1,3,2,1,0,0,0
7750,valparaíso,5,san felipe de aconcagua,57,llaillay,5703,99,1,0,1,1,0,1,0,0,0
7751,valparaíso,5,san felipe de aconcagua,57,llaillay,5703,100 o más,12,4,8,11,3,8,1,1,0
7752,valparaíso,5,san felipe de aconcagua,57,panquehue,5704,total comuna,7273,3677,3596,3806,1926,1880,3467,1751,1716
7753,valparaíso,5,san felipe de aconcagua,57,panquehue,5704,0,86,45,41,39,20,19,47,25,22
7754,valparaíso,5,san felipe de aconcagua,57,panquehue,5704,1,103,63,40,50,32,18,53,31,22
7755,valparaíso,5,san felipe de aconcagua,57,panquehue,5704,2,124,71,53,60,36,24,64,35,29
7756,valparaíso,5,san felipe de aconcagua,57,panquehue,5704,3,97,48,49,58,29,29,39,19,20
7757,valparaíso,5,san felipe de aconcagua,57,panquehue,5704,4,91,50,41,35,19,16,56,31,25
7758,valparaíso,5,san felipe de aconcagua,57,panquehue,5704,5,100,60,40,49,25,24,51,35,16
7759,valparaíso,5,san felipe de aconcagua,57,panquehue,5704,6,102,51,51,41,24,17,61,27,34
7760,valparaíso,5,san felipe de aconcagua,57,panquehue,5704,7,111,59,52,49,19,30,62,40,22
7761,valparaíso,5,san felipe de aconcagua,57,panquehue,5704,8,106,55,51,54,28,26,52,27,25
7762,valparaíso,5,san felipe de aconcagua,57,panquehue,5704,9,119,51,68,56,19,37,63,32,31
7763,valparaíso,5,san felipe de aconcagua,57,panquehue,5704,10,95,35,60,42,16,26,53,19,34
7764,valparaíso,5,san felipe de aconcagua,57,panquehue,5704,11,118,64,54,60,31,29,58,33,25
7765,valparaíso,5,san felipe de aconcagua,57,panquehue,5704,12,120,62,58,54,29,25,66,33,33
7766,valparaíso,5,san felipe de aconcagua,57,panquehue,5704,13,100,52,48,48,25,23,52,27,25
7767,valparaíso,5,san felipe de aconcagua,57,panquehue,5704,14,96,47,49,46,24,22,50,23,27
7768,valparaíso,5,san felipe de aconcagua,57,panquehue,5704,15,99,48,51,54,25,29,45,23,22
7769,valparaíso,5,san felipe de aconcagua,57,panquehue,5704,16,98,51,47,50,27,23,48,24,24
7770,valparaíso,5,san felipe de aconcagua,57,panquehue,5704,17,117,56,61,47,21,26,70,35,35
7771,valparaíso,5,san felipe de aconcagua,57,panquehue,5704,18,79,46,33,32,18,14,47,28,19
7772,valparaíso,5,san felipe de aconcagua,57,panquehue,5704,19,86,43,43,49,24,25,37,19,18
7773,valparaíso,5,san felipe de aconcagua,57,panquehue,5704,20,91,46,45,51,25,26,40,21,19
7774,valparaíso,5,san felipe de aconcagua,57,panquehue,5704,21,98,50,48,38,21,17,60,29,31
7775,valparaíso,5,san felipe de aconcagua,57,panquehue,5704,22,93,53,40,57,35,22,36,18,18
7776,valparaíso,5,san felipe de aconcagua,57,panquehue,5704,23,106,51,55,51,25,26,55,26,29
7777,valparaíso,5,san felipe de aconcagua,57,panquehue,5704,24,105,45,60,55,27,28,50,18,32
7778,valparaíso,5,san felipe de aconcagua,57,panquehue,5704,25,101,52,49,48,25,23,53,27,26
7779,valparaíso,5,san felipe de aconcagua,57,panquehue,5704,26,103,57,46,53,28,25,50,29,21
7780,valparaíso,5,san felipe de aconcagua,57,panquehue,5704,27,111,60,51,60,35,25,51,25,26
7781,valparaíso,5,san felipe de aconcagua,57,panquehue,5704,28,129,54,75,71,33,38,58,21,37
7782,valparaíso,5,san felipe de aconcagua,57,panquehue,5704,29,102,46,56,52,22,30,50,24,26
7783,valparaíso,5,san felipe de aconcagua,57,panquehue,5704,30,114,67,47,60,30,30,54,37,17
7784,valparaíso,5,san felipe de aconcagua,57,panquehue,5704,31,103,49,54,53,27,26,50,22,28
7785,valparaíso,5,san felipe de aconcagua,57,panquehue,5704,32,88,45,43,39,21,18,49,24,25
7786,valparaíso,5,san felipe de aconcagua,57,panquehue,5704,33,102,49,53,58,29,29,44,20,24
7787,valparaíso,5,san felipe de aconcagua,57,panquehue,5704,34,96,53,43,55,28,27,41,25,16
7788,valparaíso,5,san felipe de aconcagua,57,panquehue,5704,35,101,56,45,53,29,24,48,27,21
7789,valparaíso,5,san felipe de aconcagua,57,panquehue,5704,36,101,53,48,55,33,22,46,20,26
7790,valparaíso,5,san felipe de aconcagua,57,panquehue,5704,37,84,41,43,36,20,16,48,21,27
7791,valparaíso,5,san felipe de aconcagua,57,panquehue,5704,38,86,40,46,33,14,19,53,26,27
7792,valparaíso,5,san felipe de aconcagua,57,panquehue,5704,39,98,48,50,43,19,24,55,29,26
7793,valparaíso,5,san felipe de aconcagua,57,panquehue,5704,40,101,51,50,46,23,23,55,28,27
7794,valparaíso,5,san felipe de aconcagua,57,panquehue,5704,41,91,37,54,42,22,20,49,15,34
7795,valparaíso,5,san felipe de aconcagua,57,panquehue,5704,42,112,67,45,60,35,25,52,32,20
7796,valparaíso,5,san felipe de aconcagua,57,panquehue,5704,43,93,49,44,60,29,31,33,20,13
7797,valparaíso,5,san felipe de aconcagua,57,panquehue,5704,44,108,57,51,53,32,21,55,25,30
7798,valparaíso,5,san felipe de aconcagua,57,panquehue,5704,45,94,46,48,47,18,29,47,28,19
7799,valparaíso,5,san felipe de aconcagua,57,panquehue,5704,46,101,56,45,48,32,16,53,24,29
7800,valparaíso,5,san felipe de aconcagua,57,panquehue,5704,47,96,53,43,51,27,24,45,26,19
7801,valparaíso,5,san felipe de aconcagua,57,panquehue,5704,48,90,45,45,48,25,23,42,20,22
7802,valparaíso,5,san felipe de aconcagua,57,panquehue,5704,49,93,47,46,54,29,25,39,18,21
7803,valparaíso,5,san felipe de aconcagua,57,panquehue,5704,50,116,49,67,55,25,30,61,24,37
7804,valparaíso,5,san felipe de aconcagua,57,panquehue,5704,51,99,45,54,46,24,22,53,21,32
7805,valparaíso,5,san felipe de aconcagua,57,panquehue,5704,52,110,63,47,65,39,26,45,24,21
7806,valparaíso,5,san felipe de aconcagua,57,panquehue,5704,53,91,46,45,50,24,26,41,22,19
7807,valparaíso,5,san felipe de aconcagua,57,panquehue,5704,54,86,38,48,47,21,26,39,17,22
7808,valparaíso,5,san felipe de aconcagua,57,panquehue,5704,55,98,51,47,51,23,28,47,28,19
7809,valparaíso,5,san felipe de aconcagua,57,panquehue,5704,56,94,45,49,50,24,26,44,21,23
7810,valparaíso,5,san felipe de aconcagua,57,panquehue,5704,57,109,45,64,64,30,34,45,15,30
7811,valparaíso,5,san felipe de aconcagua,57,panquehue,5704,58,91,46,45,65,34,31,26,12,14
7812,valparaíso,5,san felipe de aconcagua,57,panquehue,5704,59,83,44,39,45,24,21,38,20,18
7813,valparaíso,5,san felipe de aconcagua,57,panquehue,5704,60,92,54,38,55,31,24,37,23,14
7814,valparaíso,5,san felipe de aconcagua,57,panquehue,5704,61,77,48,29,44,27,17,33,21,12
7815,valparaíso,5,san felipe de aconcagua,57,panquehue,5704,62,78,37,41,41,23,18,37,14,23
7816,valparaíso,5,san felipe de aconcagua,57,panquehue,5704,63,84,38,46,48,21,27,36,17,19
7817,valparaíso,5,san felipe de aconcagua,57,panquehue,5704,64,79,36,43,49,21,28,30,15,15
7818,valparaíso,5,san felipe de aconcagua,57,panquehue,5704,65,60,26,34,38,17,21,22,9,13
7819,valparaíso,5,san felipe de aconcagua,57,panquehue,5704,66,61,35,26,43,23,20,18,12,6
7820,valparaíso,5,san felipe de aconcagua,57,panquehue,5704,67,57,28,29,36,17,19,21,11,10
7821,valparaíso,5,san felipe de aconcagua,57,panquehue,5704,68,71,37,34,45,24,21,26,13,13
7822,valparaíso,5,san felipe de aconcagua,57,panquehue,5704,69,62,31,31,36,16,20,26,15,11
7823,valparaíso,5,san felipe de aconcagua,57,panquehue,5704,70,46,25,21,28,15,13,18,10,8
7824,valparaíso,5,san felipe de aconcagua,57,panquehue,5704,71,53,23,30,34,13,21,19,10,9
7825,valparaíso,5,san felipe de aconcagua,57,panquehue,5704,72,48,23,25,25,11,14,23,12,11
7826,valparaíso,5,san felipe de aconcagua,57,panquehue,5704,73,40,25,15,24,13,11,16,12,4
7827,valparaíso,5,san felipe de aconcagua,57,panquehue,5704,74,41,21,20,24,8,16,17,13,4
7828,valparaíso,5,san felipe de aconcagua,57,panquehue,5704,75,24,14,10,18,11,7,6,3,3
7829,valparaíso,5,san felipe de aconcagua,57,panquehue,5704,76,33,13,20,23,9,14,10,4,6
7830,valparaíso,5,san felipe de aconcagua,57,panquehue,5704,77,34,19,15,22,12,10,12,7,5
7831,valparaíso,5,san felipe de aconcagua,57,panquehue,5704,78,23,8,15,12,5,7,11,3,8
7832,valparaíso,5,san felipe de aconcagua,57,panquehue,5704,79,21,10,11,12,5,7,9,5,4
7833,valparaíso,5,san felipe de aconcagua,57,panquehue,5704,80,23,11,12,17,7,10,6,4,2
7834,valparaíso,5,san felipe de aconcagua,57,panquehue,5704,81,16,7,9,10,6,4,6,1,5
7835,valparaíso,5,san felipe de aconcagua,57,panquehue,5704,82,16,8,8,6,2,4,10,6,4
7836,valparaíso,5,san felipe de aconcagua,57,panquehue,5704,83,7,3,4,5,3,2,2,0,2
7837,valparaíso,5,san felipe de aconcagua,57,panquehue,5704,84,23,14,9,14,11,3,9,3,6
7838,valparaíso,5,san felipe de aconcagua,57,panquehue,5704,85,16,6,10,11,3,8,5,3,2
7839,valparaíso,5,san felipe de aconcagua,57,panquehue,5704,86,15,3,12,11,2,9,4,1,3
7840,valparaíso,5,san felipe de aconcagua,57,panquehue,5704,87,9,3,6,5,1,4,4,2,2
7841,valparaíso,5,san felipe de aconcagua,57,panquehue,5704,88,7,4,3,5,2,3,2,2,0
7842,valparaíso,5,san felipe de aconcagua,57,panquehue,5704,89,7,3,4,5,2,3,2,1,1
7843,valparaíso,5,san felipe de aconcagua,57,panquehue,5704,90,8,1,7,5,1,4,3,0,3
7844,valparaíso,5,san felipe de aconcagua,57,panquehue,5704,91,1,1,0,1,1,0,0,0,0
7845,valparaíso,5,san felipe de aconcagua,57,panquehue,5704,92,8,5,3,5,4,1,3,1,2
7846,valparaíso,5,san felipe de aconcagua,57,panquehue,5704,93,4,1,3,1,0,1,3,1,2
7847,valparaíso,5,san felipe de aconcagua,57,panquehue,5704,94,3,1,2,1,0,1,2,1,1
7848,valparaíso,5,san felipe de aconcagua,57,panquehue,5704,95,5,1,4,4,1,3,1,0,1
7849,valparaíso,5,san felipe de aconcagua,57,panquehue,5704,96,2,1,1,1,1,0,1,0,1
7850,valparaíso,5,san felipe de aconcagua,57,panquehue,5704,97,0,0,0,0,0,0,0,0,0
7851,valparaíso,5,san felipe de aconcagua,57,panquehue,5704,98,0,0,0,0,0,0,0,0,0
7852,valparaíso,5,san felipe de aconcagua,57,panquehue,5704,99,1,0,1,1,0,1,0,0,0
7853,valparaíso,5,san felipe de aconcagua,57,panquehue,5704,100 o más,3,1,2,0,0,0,3,1,2
7854,valparaíso,5,san felipe de aconcagua,57,putaendo,5705,total comuna,16754,8358,8396,6734,3284,3450,10020,5074,4946
7855,valparaíso,5,san felipe de aconcagua,57,putaendo,5705,0,203,98,105,94,43,51,109,55,54
7856,valparaíso,5,san felipe de aconcagua,57,putaendo,5705,1,227,104,123,91,40,51,136,64,72
7857,valparaíso,5,san felipe de aconcagua,57,putaendo,5705,2,229,129,100,96,55,41,133,74,59
7858,valparaíso,5,san felipe de aconcagua,57,putaendo,5705,3,225,126,99,94,52,42,131,74,57
7859,valparaíso,5,san felipe de aconcagua,57,putaendo,5705,4,205,106,99,86,45,41,119,61,58
7860,valparaíso,5,san felipe de aconcagua,57,putaendo,5705,5,256,128,128,107,49,58,149,79,70
7861,valparaíso,5,san felipe de aconcagua,57,putaendo,5705,6,234,108,126,97,46,51,137,62,75
7862,valparaíso,5,san felipe de aconcagua,57,putaendo,5705,7,220,107,113,83,42,41,137,65,72
7863,valparaíso,5,san felipe de aconcagua,57,putaendo,5705,8,228,123,105,91,47,44,137,76,61
7864,valparaíso,5,san felipe de aconcagua,57,putaendo,5705,9,229,121,108,84,47,37,145,74,71
7865,valparaíso,5,san felipe de aconcagua,57,putaendo,5705,10,216,110,106,81,43,38,135,67,68
7866,valparaíso,5,san felipe de aconcagua,57,putaendo,5705,11,175,85,90,67,33,34,108,52,56
7867,valparaíso,5,san felipe de aconcagua,57,putaendo,5705,12,233,129,104,84,42,42,149,87,62
7868,valparaíso,5,san felipe de aconcagua,57,putaendo,5705,13,208,102,106,68,36,32,140,66,74
7869,valparaíso,5,san felipe de aconcagua,57,putaendo,5705,14,238,136,102,97,48,49,141,88,53
7870,valparaíso,5,san felipe de aconcagua,57,putaendo,5705,15,233,125,108,91,47,44,142,78,64
7871,valparaíso,5,san felipe de aconcagua,57,putaendo,5705,16,253,137,116,99,46,53,154,91,63
7872,valparaíso,5,san felipe de aconcagua,57,putaendo,5705,17,260,137,123,93,53,40,167,84,83
7873,valparaíso,5,san felipe de aconcagua,57,putaendo,5705,18,198,103,95,73,35,38,125,68,57
7874,valparaíso,5,san felipe de aconcagua,57,putaendo,5705,19,188,86,102,79,37,42,109,49,60
7875,valparaíso,5,san felipe de aconcagua,57,putaendo,5705,20,197,110,87,79,48,31,118,62,56
7876,valparaíso,5,san felipe de aconcagua,57,putaendo,5705,21,229,123,106,89,43,46,140,80,60
7877,valparaíso,5,san felipe de aconcagua,57,putaendo,5705,22,244,139,105,85,48,37,159,91,68
7878,valparaíso,5,san felipe de aconcagua,57,putaendo,5705,23,247,126,121,114,61,53,133,65,68
7879,valparaíso,5,san felipe de aconcagua,57,putaendo,5705,24,235,113,122,109,52,57,126,61,65
7880,valparaíso,5,san felipe de aconcagua,57,putaendo,5705,25,246,111,135,119,62,57,127,49,78
7881,valparaíso,5,san felipe de aconcagua,57,putaendo,5705,26,262,124,138,117,50,67,145,74,71
7882,valparaíso,5,san felipe de aconcagua,57,putaendo,5705,27,210,112,98,106,53,53,104,59,45
7883,valparaíso,5,san felipe de aconcagua,57,putaendo,5705,28,216,105,111,109,51,58,107,54,53
7884,valparaíso,5,san felipe de aconcagua,57,putaendo,5705,29,216,107,109,91,46,45,125,61,64
7885,valparaíso,5,san felipe de aconcagua,57,putaendo,5705,30,216,102,114,92,47,45,124,55,69
7886,valparaíso,5,san felipe de aconcagua,57,putaendo,5705,31,214,102,112,96,49,47,118,53,65
7887,valparaíso,5,san felipe de aconcagua,57,putaendo,5705,32,201,104,97,101,50,51,100,54,46
7888,valparaíso,5,san felipe de aconcagua,57,putaendo,5705,33,219,111,108,97,55,42,122,56,66
7889,valparaíso,5,san felipe de aconcagua,57,putaendo,5705,34,222,107,115,87,47,40,135,60,75
7890,valparaíso,5,san felipe de aconcagua,57,putaendo,5705,35,250,121,129,108,52,56,142,69,73
7891,valparaíso,5,san felipe de aconcagua,57,putaendo,5705,36,209,116,93,80,48,32,129,68,61
7892,valparaíso,5,san felipe de aconcagua,57,putaendo,5705,37,215,109,106,88,44,44,127,65,62
7893,valparaíso,5,san felipe de aconcagua,57,putaendo,5705,38,200,120,80,74,46,28,126,74,52
7894,valparaíso,5,san felipe de aconcagua,57,putaendo,5705,39,175,78,97,65,29,36,110,49,61
7895,valparaíso,5,san felipe de aconcagua,57,putaendo,5705,40,209,106,103,94,44,50,115,62,53
7896,valparaíso,5,san felipe de aconcagua,57,putaendo,5705,41,214,108,106,79,39,40,135,69,66
7897,valparaíso,5,san felipe de aconcagua,57,putaendo,5705,42,228,98,130,104,44,60,124,54,70
7898,valparaíso,5,san felipe de aconcagua,57,putaendo,5705,43,216,107,109,93,43,50,123,64,59
7899,valparaíso,5,san felipe de aconcagua,57,putaendo,5705,44,227,114,113,85,42,43,142,72,70
7900,valparaíso,5,san felipe de aconcagua,57,putaendo,5705,45,219,112,107,82,43,39,137,69,68
7901,valparaíso,5,san felipe de aconcagua,57,putaendo,5705,46,201,98,103,77,38,39,124,60,64
7902,valparaíso,5,san felipe de aconcagua,57,putaendo,5705,47,219,113,106,84,38,46,135,75,60
7903,valparaíso,5,san felipe de aconcagua,57,putaendo,5705,48,205,98,107,77,36,41,128,62,66
7904,valparaíso,5,san felipe de aconcagua,57,putaendo,5705,49,225,106,119,87,36,51,138,70,68
7905,valparaíso,5,san felipe de aconcagua,57,putaendo,5705,50,276,116,160,126,52,74,150,64,86
7906,valparaíso,5,san felipe de aconcagua,57,putaendo,5705,51,239,108,131,91,35,56,148,73,75
7907,valparaíso,5,san felipe de aconcagua,57,putaendo,5705,52,251,131,120,97,50,47,154,81,73
7908,valparaíso,5,san felipe de aconcagua,57,putaendo,5705,53,236,115,121,104,48,56,132,67,65
7909,valparaíso,5,san felipe de aconcagua,57,putaendo,5705,54,257,132,125,98,51,47,159,81,78
7910,valparaíso,5,san felipe de aconcagua,57,putaendo,5705,55,227,107,120,88,43,45,139,64,75
7911,valparaíso,5,san felipe de aconcagua,57,putaendo,5705,56,230,116,114,87,45,42,143,71,72
7912,valparaíso,5,san felipe de aconcagua,57,putaendo,5705,57,219,122,97,90,44,46,129,78,51
7913,valparaíso,5,san felipe de aconcagua,57,putaendo,5705,58,190,104,86,59,30,29,131,74,57
7914,valparaíso,5,san felipe de aconcagua,57,putaendo,5705,59,219,116,103,80,40,40,139,76,63
7915,valparaíso,5,san felipe de aconcagua,57,putaendo,5705,60,197,95,102,78,41,37,119,54,65
7916,valparaíso,5,san felipe de aconcagua,57,putaendo,5705,61,195,106,89,65,34,31,130,72,58
7917,valparaíso,5,san felipe de aconcagua,57,putaendo,5705,62,157,79,78,60,28,32,97,51,46
7918,valparaíso,5,san felipe de aconcagua,57,putaendo,5705,63,170,79,91,71,30,41,99,49,50
7919,valparaíso,5,san felipe de aconcagua,57,putaendo,5705,64,153,81,72,47,23,24,106,58,48
7920,valparaíso,5,san felipe de aconcagua,57,putaendo,5705,65,162,67,95,78,30,48,84,37,47
7921,valparaíso,5,san felipe de aconcagua,57,putaendo,5705,66,139,66,73,51,25,26,88,41,47
7922,valparaíso,5,san felipe de aconcagua,57,putaendo,5705,67,167,95,72,58,33,25,109,62,47
7923,valparaíso,5,san felipe de aconcagua,57,putaendo,5705,68,150,75,75,73,36,37,77,39,38
7924,valparaíso,5,san felipe de aconcagua,57,putaendo,5705,69,110,62,48,39,23,16,71,39,32
7925,valparaíso,5,san felipe de aconcagua,57,putaendo,5705,70,127,65,62,46,23,23,81,42,39
7926,valparaíso,5,san felipe de aconcagua,57,putaendo,5705,71,135,62,73,48,17,31,87,45,42
7927,valparaíso,5,san felipe de aconcagua,57,putaendo,5705,72,150,72,78,58,24,34,92,48,44
7928,valparaíso,5,san felipe de aconcagua,57,putaendo,5705,73,111,56,55,47,18,29,64,38,26
7929,valparaíso,5,san felipe de aconcagua,57,putaendo,5705,74,128,58,70,52,25,27,76,33,43
7930,valparaíso,5,san felipe de aconcagua,57,putaendo,5705,75,111,56,55,48,24,24,63,32,31
7931,valparaíso,5,san felipe de aconcagua,57,putaendo,5705,76,101,39,62,38,14,24,63,25,38
7932,valparaíso,5,san felipe de aconcagua,57,putaendo,5705,77,99,48,51,38,16,22,61,32,29
7933,valparaíso,5,san felipe de aconcagua,57,putaendo,5705,78,89,30,59,29,9,20,60,21,39
7934,valparaíso,5,san felipe de aconcagua,57,putaendo,5705,79,70,31,39,26,14,12,44,17,27
7935,valparaíso,5,san felipe de aconcagua,57,putaendo,5705,80,84,33,51,31,13,18,53,20,33
7936,valparaíso,5,san felipe de aconcagua,57,putaendo,5705,81,78,32,46,30,12,18,48,20,28
7937,valparaíso,5,san felipe de aconcagua,57,putaendo,5705,82,63,34,29,23,11,12,40,23,17
7938,valparaíso,5,san felipe de aconcagua,57,putaendo,5705,83,67,24,43,24,9,15,43,15,28
7939,valparaíso,5,san felipe de aconcagua,57,putaendo,5705,84,63,28,35,24,12,12,39,16,23
7940,valparaíso,5,san felipe de aconcagua,57,putaendo,5705,85,39,17,22,13,6,7,26,11,15
7941,valparaíso,5,san felipe de aconcagua,57,putaendo,5705,86,42,23,19,13,4,9,29,19,10
7942,valparaíso,5,san felipe de aconcagua,57,putaendo,5705,87,46,18,28,14,2,12,32,16,16
7943,valparaíso,5,san felipe de aconcagua,57,putaendo,5705,88,30,12,18,18,5,13,12,7,5
7944,valparaíso,5,san felipe de aconcagua,57,putaendo,5705,89,28,13,15,8,6,2,20,7,13
7945,valparaíso,5,san felipe de aconcagua,57,putaendo,5705,90,18,3,15,8,1,7,10,2,8
7946,valparaíso,5,san felipe de aconcagua,57,putaendo,5705,91,12,5,7,7,2,5,5,3,2
7947,valparaíso,5,san felipe de aconcagua,57,putaendo,5705,92,17,8,9,5,2,3,12,6,6
7948,valparaíso,5,san felipe de aconcagua,57,putaendo,5705,93,13,3,10,5,1,4,8,2,6
7949,valparaíso,5,san felipe de aconcagua,57,putaendo,5705,94,17,7,10,7,1,6,10,6,4
7950,valparaíso,5,san felipe de aconcagua,57,putaendo,5705,95,7,3,4,2,0,2,5,3,2
7951,valparaíso,5,san felipe de aconcagua,57,putaendo,5705,96,7,1,6,1,0,1,6,1,5
7952,valparaíso,5,san felipe de aconcagua,57,putaendo,5705,97,7,2,5,6,1,5,1,1,0
7953,valparaíso,5,san felipe de aconcagua,57,putaendo,5705,98,2,0,2,1,0,1,1,0,1
7954,valparaíso,5,san felipe de aconcagua,57,putaendo,5705,99,0,0,0,0,0,0,0,0,0
7955,valparaíso,5,san felipe de aconcagua,57,putaendo,5705,100 o más,5,3,2,1,1,0,4,2,2
7956,valparaíso,5,san felipe de aconcagua,57,santa maría,5706,total comuna,15241,7586,7655,9788,4767,5021,5453,2819,2634
7957,valparaíso,5,san felipe de aconcagua,57,santa maría,5706,0,183,101,82,120,67,53,63,34,29
7958,valparaíso,5,san felipe de aconcagua,57,santa maría,5706,1,228,118,110,160,83,77,68,35,33
7959,valparaíso,5,san felipe de aconcagua,57,santa maría,5706,2,213,105,108,136,66,70,77,39,38
7960,valparaíso,5,san felipe de aconcagua,57,santa maría,5706,3,232,119,113,155,72,83,77,47,30
7961,valparaíso,5,san felipe de aconcagua,57,santa maría,5706,4,211,118,93,140,76,64,71,42,29
7962,valparaíso,5,san felipe de aconcagua,57,santa maría,5706,5,271,143,128,171,89,82,100,54,46
7963,valparaíso,5,san felipe de aconcagua,57,santa maría,5706,6,210,100,110,127,57,70,83,43,40
7964,valparaíso,5,san felipe de aconcagua,57,santa maría,5706,7,218,118,100,136,70,66,82,48,34
7965,valparaíso,5,san felipe de aconcagua,57,santa maría,5706,8,209,105,104,113,56,57,96,49,47
7966,valparaíso,5,san felipe de aconcagua,57,santa maría,5706,9,206,112,94,128,66,62,78,46,32
7967,valparaíso,5,san felipe de aconcagua,57,santa maría,5706,10,187,106,81,128,73,55,59,33,26
7968,valparaíso,5,san felipe de aconcagua,57,santa maría,5706,11,206,103,103,130,63,67,76,40,36
7969,valparaíso,5,san felipe de aconcagua,57,santa maría,5706,12,198,109,89,133,68,65,65,41,24
7970,valparaíso,5,san felipe de aconcagua,57,santa maría,5706,13,187,92,95,125,59,66,62,33,29
7971,valparaíso,5,san felipe de aconcagua,57,santa maría,5706,14,202,109,93,131,71,60,71,38,33
7972,valparaíso,5,san felipe de aconcagua,57,santa maría,5706,15,197,101,96,133,64,69,64,37,27
7973,valparaíso,5,san felipe de aconcagua,57,santa maría,5706,16,249,131,118,170,91,79,79,40,39
7974,valparaíso,5,san felipe de aconcagua,57,santa maría,5706,17,235,117,118,151,78,73,84,39,45
7975,valparaíso,5,san felipe de aconcagua,57,santa maría,5706,18,204,93,111,120,45,75,84,48,36
7976,valparaíso,5,san felipe de aconcagua,57,santa maría,5706,19,183,104,79,121,70,51,62,34,28
7977,valparaíso,5,san felipe de aconcagua,57,santa maría,5706,20,205,107,98,137,75,62,68,32,36
7978,valparaíso,5,san felipe de aconcagua,57,santa maría,5706,21,211,94,117,146,67,79,65,27,38
7979,valparaíso,5,san felipe de aconcagua,57,santa maría,5706,22,256,133,123,163,86,77,93,47,46
7980,valparaíso,5,san felipe de aconcagua,57,santa maría,5706,23,224,115,109,145,71,74,79,44,35
7981,valparaíso,5,san felipe de aconcagua,57,santa maría,5706,24,198,97,101,129,66,63,69,31,38
7982,valparaíso,5,san felipe de aconcagua,57,santa maría,5706,25,217,100,117,136,60,76,81,40,41
7983,valparaíso,5,san felipe de aconcagua,57,santa maría,5706,26,241,125,116,155,81,74,86,44,42
7984,valparaíso,5,san felipe de aconcagua,57,santa maría,5706,27,220,109,111,141,74,67,79,35,44
7985,valparaíso,5,san felipe de aconcagua,57,santa maría,5706,28,232,112,120,167,80,87,65,32,33
7986,valparaíso,5,san felipe de aconcagua,57,santa maría,5706,29,244,117,127,164,79,85,80,38,42
7987,valparaíso,5,san felipe de aconcagua,57,santa maría,5706,30,212,99,113,136,61,75,76,38,38
7988,valparaíso,5,san felipe de aconcagua,57,santa maría,5706,31,194,96,98,125,58,67,69,38,31
7989,valparaíso,5,san felipe de aconcagua,57,santa maría,5706,32,208,106,102,132,67,65,76,39,37
7990,valparaíso,5,san felipe de aconcagua,57,santa maría,5706,33,193,85,108,137,58,79,56,27,29
7991,valparaíso,5,san felipe de aconcagua,57,santa maría,5706,34,222,111,111,148,69,79,74,42,32
7992,valparaíso,5,san felipe de aconcagua,57,santa maría,5706,35,243,115,128,171,81,90,72,34,38
7993,valparaíso,5,san felipe de aconcagua,57,santa maría,5706,36,217,115,102,147,79,68,70,36,34
7994,valparaíso,5,san felipe de aconcagua,57,santa maría,5706,37,183,100,83,114,58,56,69,42,27
7995,valparaíso,5,san felipe de aconcagua,57,santa maría,5706,38,200,93,107,132,55,77,68,38,30
7996,valparaíso,5,san felipe de aconcagua,57,santa maría,5706,39,201,101,100,126,68,58,75,33,42
7997,valparaíso,5,san felipe de aconcagua,57,santa maría,5706,40,178,97,81,110,59,51,68,38,30
7998,valparaíso,5,san felipe de aconcagua,57,santa maría,5706,41,189,93,96,123,61,62,66,32,34
7999,valparaíso,5,san felipe de aconcagua,57,santa maría,5706,42,184,84,100,108,51,57,76,33,43
8000,valparaíso,5,san felipe de aconcagua,57,santa maría,5706,43,178,85,93,114,54,60,64,31,33
8001,valparaíso,5,san felipe de aconcagua,57,santa maría,5706,44,190,89,101,112,46,66,78,43,35
8002,valparaíso,5,san felipe de aconcagua,57,santa maría,5706,45,164,93,71,113,62,51,51,31,20
8003,valparaíso,5,san felipe de aconcagua,57,santa maría,5706,46,182,84,98,125,58,67,57,26,31
8004,valparaíso,5,san felipe de aconcagua,57,santa maría,5706,47,183,79,104,122,52,70,61,27,34
8005,valparaíso,5,san felipe de aconcagua,57,santa maría,5706,48,186,97,89,119,61,58,67,36,31
8006,valparaíso,5,san felipe de aconcagua,57,santa maría,5706,49,220,106,114,140,72,68,80,34,46
8007,valparaíso,5,san felipe de aconcagua,57,santa maría,5706,50,223,105,118,147,70,77,76,35,41
8008,valparaíso,5,san felipe de aconcagua,57,santa maría,5706,51,222,101,121,140,62,78,82,39,43
8009,valparaíso,5,san felipe de aconcagua,57,santa maría,5706,52,259,128,131,168,75,93,91,53,38
8010,valparaíso,5,san felipe de aconcagua,57,santa maría,5706,53,213,99,114,138,65,73,75,34,41
8011,valparaíso,5,san felipe de aconcagua,57,santa maría,5706,54,243,117,126,149,68,81,94,49,45
8012,valparaíso,5,san felipe de aconcagua,57,santa maría,5706,55,222,115,107,127,61,66,95,54,41
8013,valparaíso,5,san felipe de aconcagua,57,santa maría,5706,56,209,104,105,128,60,68,81,44,37
8014,valparaíso,5,san felipe de aconcagua,57,santa maría,5706,57,210,106,104,133,65,68,77,41,36
8015,valparaíso,5,san felipe de aconcagua,57,santa maría,5706,58,176,81,95,105,46,59,71,35,36
8016,valparaíso,5,san felipe de aconcagua,57,santa maría,5706,59,187,101,86,119,63,56,68,38,30
8017,valparaíso,5,san felipe de aconcagua,57,santa maría,5706,60,173,88,85,113,55,58,60,33,27
8018,valparaíso,5,san felipe de aconcagua,57,santa maría,5706,61,148,74,74,94,49,45,54,25,29
8019,valparaíso,5,san felipe de aconcagua,57,santa maría,5706,62,166,85,81,104,55,49,62,30,32
8020,valparaíso,5,san felipe de aconcagua,57,santa maría,5706,63,146,69,77,79,34,45,67,35,32
8021,valparaíso,5,san felipe de aconcagua,57,santa maría,5706,64,143,61,82,92,41,51,51,20,31
8022,valparaíso,5,san felipe de aconcagua,57,santa maría,5706,65,133,63,70,87,42,45,46,21,25
8023,valparaíso,5,san felipe de aconcagua,57,santa maría,5706,66,118,63,55,68,35,33,50,28,22
8024,valparaíso,5,san felipe de aconcagua,57,santa maría,5706,67,125,74,51,79,41,38,46,33,13
8025,valparaíso,5,san felipe de aconcagua,57,santa maría,5706,68,136,65,71,86,39,47,50,26,24
8026,valparaíso,5,san felipe de aconcagua,57,santa maría,5706,69,96,54,42,62,34,28,34,20,14
8027,valparaíso,5,san felipe de aconcagua,57,santa maría,5706,70,106,50,56,67,30,37,39,20,19
8028,valparaíso,5,san felipe de aconcagua,57,santa maría,5706,71,113,55,58,64,29,35,49,26,23
8029,valparaíso,5,san felipe de aconcagua,57,santa maría,5706,72,99,46,53,66,27,39,33,19,14
8030,valparaíso,5,san felipe de aconcagua,57,santa maría,5706,73,99,49,50,52,29,23,47,20,27
8031,valparaíso,5,san felipe de aconcagua,57,santa maría,5706,74,85,35,50,53,23,30,32,12,20
8032,valparaíso,5,san felipe de aconcagua,57,santa maría,5706,75,74,37,37,50,21,29,24,16,8
8033,valparaíso,5,san felipe de aconcagua,57,santa maría,5706,76,96,46,50,58,26,32,38,20,18
8034,valparaíso,5,san felipe de aconcagua,57,santa maría,5706,77,69,33,36,48,21,27,21,12,9
8035,valparaíso,5,san felipe de aconcagua,57,santa maría,5706,78,67,33,34,46,22,24,21,11,10
8036,valparaíso,5,san felipe de aconcagua,57,santa maría,5706,79,49,26,23,31,16,15,18,10,8
8037,valparaíso,5,san felipe de aconcagua,57,santa maría,5706,80,46,18,28,29,9,20,17,9,8
8038,valparaíso,5,san felipe de aconcagua,57,santa maría,5706,81,57,28,29,31,14,17,26,14,12
8039,valparaíso,5,san felipe de aconcagua,57,santa maría,5706,82,54,24,30,32,15,17,22,9,13
8040,valparaíso,5,san felipe de aconcagua,57,santa maría,5706,83,37,19,18,21,10,11,16,9,7
8041,valparaíso,5,san felipe de aconcagua,57,santa maría,5706,84,36,19,17,19,8,11,17,11,6
8042,valparaíso,5,san felipe de aconcagua,57,santa maría,5706,85,36,17,19,28,15,13,8,2,6
8043,valparaíso,5,san felipe de aconcagua,57,santa maría,5706,86,32,14,18,23,11,12,9,3,6
8044,valparaíso,5,san felipe de aconcagua,57,santa maría,5706,87,24,9,15,15,5,10,9,4,5
8045,valparaíso,5,san felipe de aconcagua,57,santa maría,5706,88,21,9,12,16,7,9,5,2,3
8046,valparaíso,5,san felipe de aconcagua,57,santa maría,5706,89,23,7,16,15,5,10,8,2,6
8047,valparaíso,5,san felipe de aconcagua,57,santa maría,5706,90,12,4,8,7,4,3,5,0,5
8048,valparaíso,5,san felipe de aconcagua,57,santa maría,5706,91,10,2,8,7,1,6,3,1,2
8049,valparaíso,5,san felipe de aconcagua,57,santa maría,5706,92,11,2,9,5,0,5,6,2,4
8050,valparaíso,5,san felipe de aconcagua,57,santa maría,5706,93,10,4,6,7,3,4,3,1,2
8051,valparaíso,5,san felipe de aconcagua,57,santa maría,5706,94,6,1,5,4,1,3,2,0,2
8052,valparaíso,5,san felipe de aconcagua,57,santa maría,5706,95,6,2,4,5,1,4,1,1,0
8053,valparaíso,5,san felipe de aconcagua,57,santa maría,5706,96,2,0,2,0,0,0,2,0,2
8054,valparaíso,5,san felipe de aconcagua,57,santa maría,5706,97,1,0,1,1,0,1,0,0,0
8055,valparaíso,5,san felipe de aconcagua,57,santa maría,5706,98,0,0,0,0,0,0,0,0,0
8056,valparaíso,5,san felipe de aconcagua,57,santa maría,5706,99,1,1,0,0,0,0,1,1,0
8057,valparaíso,5,san felipe de aconcagua,57,santa maría,5706,100 o más,7,2,5,5,1,4,2,1,1
8058,valparaíso,5,marga marga,58,quilpué,5801,total comuna,151708,71746,79962,149596,70635,78961,2112,1111,1001
8059,valparaíso,5,marga marga,58,quilpué,5801,0,1609,860,749,1593,854,739,16,6,10
8060,valparaíso,5,marga marga,58,quilpué,5801,1,1774,915,859,1749,899,850,25,16,9
8061,valparaíso,5,marga marga,58,quilpué,5801,2,1870,951,919,1845,937,908,25,14,11
8062,valparaíso,5,marga marga,58,quilpué,5801,3,1868,946,922,1845,936,909,23,10,13
8063,valparaíso,5,marga marga,58,quilpué,5801,4,1871,953,918,1844,937,907,27,16,11
8064,valparaíso,5,marga marga,58,quilpué,5801,5,1786,902,884,1765,897,868,21,5,16
8065,valparaíso,5,marga marga,58,quilpué,5801,6,1870,968,902,1837,952,885,33,16,17
8066,valparaíso,5,marga marga,58,quilpué,5801,7,1943,1009,934,1913,992,921,30,17,13
8067,valparaíso,5,marga marga,58,quilpué,5801,8,1922,1012,910,1896,999,897,26,13,13
8068,valparaíso,5,marga marga,58,quilpué,5801,9,1874,981,893,1854,971,883,20,10,10
8069,valparaíso,5,marga marga,58,quilpué,5801,10,1874,935,939,1858,929,929,16,6,10
8070,valparaíso,5,marga marga,58,quilpué,5801,11,1786,901,885,1762,887,875,24,14,10
8071,valparaíso,5,marga marga,58,quilpué,5801,12,1929,1008,921,1895,986,909,34,22,12
8072,valparaíso,5,marga marga,58,quilpué,5801,13,1864,947,917,1841,937,904,23,10,13
8073,valparaíso,5,marga marga,58,quilpué,5801,14,2068,1048,1020,2057,1042,1015,11,6,5
8074,valparaíso,5,marga marga,58,quilpué,5801,15,2049,1055,994,2023,1035,988,26,20,6
8075,valparaíso,5,marga marga,58,quilpué,5801,16,2098,1066,1032,2084,1059,1025,14,7,7
8076,valparaíso,5,marga marga,58,quilpué,5801,17,2118,1066,1052,2095,1055,1040,23,11,12
8077,valparaíso,5,marga marga,58,quilpué,5801,18,2273,1147,1126,2241,1132,1109,32,15,17
8078,valparaíso,5,marga marga,58,quilpué,5801,19,2334,1195,1139,2319,1187,1132,15,8,7
8079,valparaíso,5,marga marga,58,quilpué,5801,20,2383,1215,1168,2362,1202,1160,21,13,8
8080,valparaíso,5,marga marga,58,quilpué,5801,21,2386,1202,1184,2364,1191,1173,22,11,11
8081,valparaíso,5,marga marga,58,quilpué,5801,22,2353,1167,1186,2332,1154,1178,21,13,8
8082,valparaíso,5,marga marga,58,quilpué,5801,23,2406,1212,1194,2388,1205,1183,18,7,11
8083,valparaíso,5,marga marga,58,quilpué,5801,24,2388,1215,1173,2363,1200,1163,25,15,10
8084,valparaíso,5,marga marga,58,quilpué,5801,25,2320,1181,1139,2288,1165,1123,32,16,16
8085,valparaíso,5,marga marga,58,quilpué,5801,26,2475,1261,1214,2450,1246,1204,25,15,10
8086,valparaíso,5,marga marga,58,quilpué,5801,27,2395,1205,1190,2379,1196,1183,16,9,7
8087,valparaíso,5,marga marga,58,quilpué,5801,28,2254,1129,1125,2231,1114,1117,23,15,8
8088,valparaíso,5,marga marga,58,quilpué,5801,29,2062,994,1068,2043,984,1059,19,10,9
8089,valparaíso,5,marga marga,58,quilpué,5801,30,2042,1000,1042,2026,996,1030,16,4,12
8090,valparaíso,5,marga marga,58,quilpué,5801,31,1978,950,1028,1964,942,1022,14,8,6
8091,valparaíso,5,marga marga,58,quilpué,5801,32,1874,899,975,1849,888,961,25,11,14
8092,valparaíso,5,marga marga,58,quilpué,5801,33,1866,875,991,1846,865,981,20,10,10
8093,valparaíso,5,marga marga,58,quilpué,5801,34,1905,931,974,1881,919,962,24,12,12
8094,valparaíso,5,marga marga,58,quilpué,5801,35,2071,981,1090,2052,972,1080,19,9,10
8095,valparaíso,5,marga marga,58,quilpué,5801,36,1933,876,1057,1901,864,1037,32,12,20
8096,valparaíso,5,marga marga,58,quilpué,5801,37,1880,908,972,1851,895,956,29,13,16
8097,valparaíso,5,marga marga,58,quilpué,5801,38,1868,881,987,1823,861,962,45,20,25
8098,valparaíso,5,marga marga,58,quilpué,5801,39,1750,831,919,1726,820,906,24,11,13
8099,valparaíso,5,marga marga,58,quilpué,5801,40,1872,881,991,1843,861,982,29,20,9
8100,valparaíso,5,marga marga,58,quilpué,5801,41,1973,918,1055,1947,907,1040,26,11,15
8101,valparaíso,5,marga marga,58,quilpué,5801,42,1925,887,1038,1894,873,1021,31,14,17
8102,valparaíso,5,marga marga,58,quilpué,5801,43,1987,903,1084,1965,898,1067,22,5,17
8103,valparaíso,5,marga marga,58,quilpué,5801,44,2061,968,1093,2034,955,1079,27,13,14
8104,valparaíso,5,marga marga,58,quilpué,5801,45,1940,884,1056,1920,878,1042,20,6,14
8105,valparaíso,5,marga marga,58,quilpué,5801,46,1918,863,1055,1889,846,1043,29,17,12
8106,valparaíso,5,marga marga,58,quilpué,5801,47,1872,878,994,1849,867,982,23,11,12
8107,valparaíso,5,marga marga,58,quilpué,5801,48,1947,913,1034,1923,898,1025,24,15,9
8108,valparaíso,5,marga marga,58,quilpué,5801,49,2077,946,1131,2043,925,1118,34,21,13
8109,valparaíso,5,marga marga,58,quilpué,5801,50,2065,907,1158,2032,884,1148,33,23,10
8110,valparaíso,5,marga marga,58,quilpué,5801,51,2043,926,1117,2012,915,1097,31,11,20
8111,valparaíso,5,marga marga,58,quilpué,5801,52,2125,974,1151,2096,953,1143,29,21,8
8112,valparaíso,5,marga marga,58,quilpué,5801,53,2105,928,1177,2076,910,1166,29,18,11
8113,valparaíso,5,marga marga,58,quilpué,5801,54,2130,943,1187,2096,921,1175,34,22,12
8114,valparaíso,5,marga marga,58,quilpué,5801,55,2040,896,1144,2002,882,1120,38,14,24
8115,valparaíso,5,marga marga,58,quilpué,5801,56,2021,918,1103,1987,903,1084,34,15,19
8116,valparaíso,5,marga marga,58,quilpué,5801,57,1926,865,1061,1890,845,1045,36,20,16
8117,valparaíso,5,marga marga,58,quilpué,5801,58,1913,857,1056,1879,837,1042,34,20,14
8118,valparaíso,5,marga marga,58,quilpué,5801,59,1952,895,1057,1919,877,1042,33,18,15
8119,valparaíso,5,marga marga,58,quilpué,5801,60,1830,794,1036,1799,776,1023,31,18,13
8120,valparaíso,5,marga marga,58,quilpué,5801,61,1718,822,896,1682,802,880,36,20,16
8121,valparaíso,5,marga marga,58,quilpué,5801,62,1557,717,840,1518,696,822,39,21,18
8122,valparaíso,5,marga marga,58,quilpué,5801,63,1558,694,864,1516,671,845,42,23,19
8123,valparaíso,5,marga marga,58,quilpué,5801,64,1538,710,828,1510,696,814,28,14,14
8124,valparaíso,5,marga marga,58,quilpué,5801,65,1475,649,826,1440,633,807,35,16,19
8125,valparaíso,5,marga marga,58,quilpué,5801,66,1356,611,745,1313,586,727,43,25,18
8126,valparaíso,5,marga marga,58,quilpué,5801,67,1347,617,730,1322,598,724,25,19,6
8127,valparaíso,5,marga marga,58,quilpué,5801,68,1266,605,661,1238,586,652,28,19,9
8128,valparaíso,5,marga marga,58,quilpué,5801,69,1254,560,694,1239,551,688,15,9,6
8129,valparaíso,5,marga marga,58,quilpué,5801,70,1243,586,657,1216,571,645,27,15,12
8130,valparaíso,5,marga marga,58,quilpué,5801,71,1212,480,732,1196,472,724,16,8,8
8131,valparaíso,5,marga marga,58,quilpué,5801,72,1164,506,658,1147,500,647,17,6,11
8132,valparaíso,5,marga marga,58,quilpué,5801,73,1073,428,645,1043,413,630,30,15,15
8133,valparaíso,5,marga marga,58,quilpué,5801,74,1044,412,632,1021,398,623,23,14,9
8134,valparaíso,5,marga marga,58,quilpué,5801,75,869,362,507,851,350,501,18,12,6
8135,valparaíso,5,marga marga,58,quilpué,5801,76,919,365,554,906,359,547,13,6,7
8136,valparaíso,5,marga marga,58,quilpué,5801,77,818,311,507,803,302,501,15,9,6
8137,valparaíso,5,marga marga,58,quilpué,5801,78,723,278,445,711,273,438,12,5,7
8138,valparaíso,5,marga marga,58,quilpué,5801,79,713,328,385,707,324,383,6,4,2
8139,valparaíso,5,marga marga,58,quilpué,5801,80,690,259,431,677,251,426,13,8,5
8140,valparaíso,5,marga marga,58,quilpué,5801,81,591,239,352,584,232,352,7,7,0
8141,valparaíso,5,marga marga,58,quilpué,5801,82,585,225,360,577,219,358,8,6,2
8142,valparaíso,5,marga marga,58,quilpué,5801,83,530,196,334,525,195,330,5,1,4
8143,valparaíso,5,marga marga,58,quilpué,5801,84,521,180,341,514,175,339,7,5,2
8144,valparaíso,5,marga marga,58,quilpué,5801,85,429,154,275,423,153,270,6,1,5
8145,valparaíso,5,marga marga,58,quilpué,5801,86,428,136,292,423,133,290,5,3,2
8146,valparaíso,5,marga marga,58,quilpué,5801,87,374,131,243,364,128,236,10,3,7
8147,valparaíso,5,marga marga,58,quilpué,5801,88,347,99,248,345,97,248,2,2,0
8148,valparaíso,5,marga marga,58,quilpué,5801,89,277,97,180,273,97,176,4,0,4
8149,valparaíso,5,marga marga,58,quilpué,5801,90,230,70,160,224,67,157,6,3,3
8150,valparaíso,5,marga marga,58,quilpué,5801,91,156,44,112,155,44,111,1,0,1
8151,valparaíso,5,marga marga,58,quilpué,5801,92,136,30,106,134,29,105,2,1,1
8152,valparaíso,5,marga marga,58,quilpué,5801,93,114,27,87,112,27,85,2,0,2
8153,valparaíso,5,marga marga,58,quilpué,5801,94,97,27,70,95,27,68,2,0,2
8154,valparaíso,5,marga marga,58,quilpué,5801,95,60,18,42,59,17,42,1,1,0
8155,valparaíso,5,marga marga,58,quilpué,5801,96,57,9,48,57,9,48,0,0,0
8156,valparaíso,5,marga marga,58,quilpué,5801,97,39,8,31,39,8,31,0,0,0
8157,valparaíso,5,marga marga,58,quilpué,5801,98,26,10,16,26,10,16,0,0,0
8158,valparaíso,5,marga marga,58,quilpué,5801,99,22,5,17,22,5,17,0,0,0
8159,valparaíso,5,marga marga,58,quilpué,5801,100 o más,61,19,42,59,18,41,2,1,1
8160,valparaíso,5,marga marga,58,limache,5802,total comuna,46121,22353,23768,39169,18816,20353,6952,3537,3415
8161,valparaíso,5,marga marga,58,limache,5802,0,557,267,290,475,229,246,82,38,44
8162,valparaíso,5,marga marga,58,limache,5802,1,598,287,311,513,248,265,85,39,46
8163,valparaíso,5,marga marga,58,limache,5802,2,601,296,305,515,251,264,86,45,41
8164,valparaíso,5,marga marga,58,limache,5802,3,651,338,313,562,291,271,89,47,42
8165,valparaíso,5,marga marga,58,limache,5802,4,654,348,306,534,284,250,120,64,56
8166,valparaíso,5,marga marga,58,limache,5802,5,641,342,299,539,286,253,102,56,46
8167,valparaíso,5,marga marga,58,limache,5802,6,676,338,338,576,287,289,100,51,49
8168,valparaíso,5,marga marga,58,limache,5802,7,659,330,329,569,290,279,90,40,50
8169,valparaíso,5,marga marga,58,limache,5802,8,658,332,326,565,282,283,93,50,43
8170,valparaíso,5,marga marga,58,limache,5802,9,624,318,306,503,254,249,121,64,57
8171,valparaíso,5,marga marga,58,limache,5802,10,628,332,296,544,284,260,84,48,36
8172,valparaíso,5,marga marga,58,limache,5802,11,594,291,303,501,243,258,93,48,45
8173,valparaíso,5,marga marga,58,limache,5802,12,609,317,292,507,268,239,102,49,53
8174,valparaíso,5,marga marga,58,limache,5802,13,626,311,315,527,266,261,99,45,54
8175,valparaíso,5,marga marga,58,limache,5802,14,599,306,293,482,252,230,117,54,63
8176,valparaíso,5,marga marga,58,limache,5802,15,683,356,327,558,289,269,125,67,58
8177,valparaíso,5,marga marga,58,limache,5802,16,622,332,290,546,288,258,76,44,32
8178,valparaíso,5,marga marga,58,limache,5802,17,697,359,338,596,300,296,101,59,42
8179,valparaíso,5,marga marga,58,limache,5802,18,646,323,323,572,284,288,74,39,35
8180,valparaíso,5,marga marga,58,limache,5802,19,672,356,316,572,303,269,100,53,47
8181,valparaíso,5,marga marga,58,limache,5802,20,669,340,329,580,295,285,89,45,44
8182,valparaíso,5,marga marga,58,limache,5802,21,634,321,313,558,282,276,76,39,37
8183,valparaíso,5,marga marga,58,limache,5802,22,713,358,355,598,299,299,115,59,56
8184,valparaíso,5,marga marga,58,limache,5802,23,676,326,350,593,287,306,83,39,44
8185,valparaíso,5,marga marga,58,limache,5802,24,723,373,350,637,337,300,86,36,50
8186,valparaíso,5,marga marga,58,limache,5802,25,666,340,326,584,304,280,82,36,46
8187,valparaíso,5,marga marga,58,limache,5802,26,691,328,363,594,284,310,97,44,53
8188,valparaíso,5,marga marga,58,limache,5802,27,724,367,357,621,300,321,103,67,36
8189,valparaíso,5,marga marga,58,limache,5802,28,635,308,327,552,268,284,83,40,43
8190,valparaíso,5,marga marga,58,limache,5802,29,655,349,306,558,301,257,97,48,49
8191,valparaíso,5,marga marga,58,limache,5802,30,610,285,325,523,258,265,87,27,60
8192,valparaíso,5,marga marga,58,limache,5802,31,577,281,296,504,247,257,73,34,39
8193,valparaíso,5,marga marga,58,limache,5802,32,564,296,268,479,246,233,85,50,35
8194,valparaíso,5,marga marga,58,limache,5802,33,526,270,256,440,222,218,86,48,38
8195,valparaíso,5,marga marga,58,limache,5802,34,623,301,322,526,257,269,97,44,53
8196,valparaíso,5,marga marga,58,limache,5802,35,684,346,338,587,293,294,97,53,44
8197,valparaíso,5,marga marga,58,limache,5802,36,626,293,333,524,240,284,102,53,49
8198,valparaíso,5,marga marga,58,limache,5802,37,581,274,307,507,246,261,74,28,46
8199,valparaíso,5,marga marga,58,limache,5802,38,598,282,316,524,244,280,74,38,36
8200,valparaíso,5,marga marga,58,limache,5802,39,544,245,299,467,207,260,77,38,39
8201,valparaíso,5,marga marga,58,limache,5802,40,599,279,320,507,238,269,92,41,51
8202,valparaíso,5,marga marga,58,limache,5802,41,658,315,343,529,253,276,129,62,67
8203,valparaíso,5,marga marga,58,limache,5802,42,613,310,303,510,259,251,103,51,52
8204,valparaíso,5,marga marga,58,limache,5802,43,647,314,333,537,264,273,110,50,60
8205,valparaíso,5,marga marga,58,limache,5802,44,604,288,316,504,234,270,100,54,46
8206,valparaíso,5,marga marga,58,limache,5802,45,636,330,306,525,267,258,111,63,48
8207,valparaíso,5,marga marga,58,limache,5802,46,575,289,286,481,243,238,94,46,48
8208,valparaíso,5,marga marga,58,limache,5802,47,569,264,305,474,210,264,95,54,41
8209,valparaíso,5,marga marga,58,limache,5802,48,572,277,295,485,227,258,87,50,37
8210,valparaíso,5,marga marga,58,limache,5802,49,583,287,296,472,230,242,111,57,54
8211,valparaíso,5,marga marga,58,limache,5802,50,620,288,332,522,242,280,98,46,52
8212,valparaíso,5,marga marga,58,limache,5802,51,673,322,351,555,258,297,118,64,54
8213,valparaíso,5,marga marga,58,limache,5802,52,638,294,344,527,236,291,111,58,53
8214,valparaíso,5,marga marga,58,limache,5802,53,645,309,336,542,262,280,103,47,56
8215,valparaíso,5,marga marga,58,limache,5802,54,620,279,341,543,247,296,77,32,45
8216,valparaíso,5,marga marga,58,limache,5802,55,574,287,287,485,238,247,89,49,40
8217,valparaíso,5,marga marga,58,limache,5802,56,554,263,291,469,219,250,85,44,41
8218,valparaíso,5,marga marga,58,limache,5802,57,558,259,299,485,218,267,73,41,32
8219,valparaíso,5,marga marga,58,limache,5802,58,543,257,286,458,221,237,85,36,49
8220,valparaíso,5,marga marga,58,limache,5802,59,524,261,263,431,205,226,93,56,37
8221,valparaíso,5,marga marga,58,limache,5802,60,523,250,273,436,204,232,87,46,41
8222,valparaíso,5,marga marga,58,limache,5802,61,449,193,256,374,154,220,75,39,36
8223,valparaíso,5,marga marga,58,limache,5802,62,425,184,241,364,151,213,61,33,28
8224,valparaíso,5,marga marga,58,limache,5802,63,436,197,239,352,150,202,84,47,37
8225,valparaíso,5,marga marga,58,limache,5802,64,422,184,238,349,152,197,73,32,41
8226,valparaíso,5,marga marga,58,limache,5802,65,415,189,226,350,159,191,65,30,35
8227,valparaíso,5,marga marga,58,limache,5802,66,350,164,186,287,122,165,63,42,21
8228,valparaíso,5,marga marga,58,limache,5802,67,391,177,214,327,146,181,64,31,33
8229,valparaíso,5,marga marga,58,limache,5802,68,393,185,208,336,158,178,57,27,30
8230,valparaíso,5,marga marga,58,limache,5802,69,352,157,195,298,131,167,54,26,28
8231,valparaíso,5,marga marga,58,limache,5802,70,370,158,212,323,137,186,47,21,26
8232,valparaíso,5,marga marga,58,limache,5802,71,377,178,199,319,140,179,58,38,20
8233,valparaíso,5,marga marga,58,limache,5802,72,355,171,184,287,132,155,68,39,29
8234,valparaíso,5,marga marga,58,limache,5802,73,323,140,183,279,118,161,44,22,22
8235,valparaíso,5,marga marga,58,limache,5802,74,309,145,164,262,126,136,47,19,28
8236,valparaíso,5,marga marga,58,limache,5802,75,267,119,148,233,98,135,34,21,13
8237,valparaíso,5,marga marga,58,limache,5802,76,272,129,143,237,108,129,35,21,14
8238,valparaíso,5,marga marga,58,limache,5802,77,252,124,128,219,105,114,33,19,14
8239,valparaíso,5,marga marga,58,limache,5802,78,222,97,125,200,86,114,22,11,11
8240,valparaíso,5,marga marga,58,limache,5802,79,204,93,111,176,75,101,28,18,10
8241,valparaíso,5,marga marga,58,limache,5802,80,199,91,108,174,78,96,25,13,12
8242,valparaíso,5,marga marga,58,limache,5802,81,164,67,97,150,57,93,14,10,4
8243,valparaíso,5,marga marga,58,limache,5802,82,163,60,103,138,51,87,25,9,16
8244,valparaíso,5,marga marga,58,limache,5802,83,152,64,88,132,55,77,20,9,11
8245,valparaíso,5,marga marga,58,limache,5802,84,131,56,75,121,50,71,10,6,4
8246,valparaíso,5,marga marga,58,limache,5802,85,139,48,91,117,36,81,22,12,10
8247,valparaíso,5,marga marga,58,limache,5802,86,115,39,76,104,30,74,11,9,2
8248,valparaíso,5,marga marga,58,limache,5802,87,101,36,65,94,33,61,7,3,4
8249,valparaíso,5,marga marga,58,limache,5802,88,86,30,56,74,25,49,12,5,7
8250,valparaíso,5,marga marga,58,limache,5802,89,81,27,54,72,23,49,9,4,5
8251,valparaíso,5,marga marga,58,limache,5802,90,63,15,48,55,12,43,8,3,5
8252,valparaíso,5,marga marga,58,limache,5802,91,45,11,34,39,10,29,6,1,5
8253,valparaíso,5,marga marga,58,limache,5802,92,49,11,38,44,10,34,5,1,4
8254,valparaíso,5,marga marga,58,limache,5802,93,20,6,14,19,6,13,1,0,1
8255,valparaíso,5,marga marga,58,limache,5802,94,22,5,17,18,5,13,4,0,4
8256,valparaíso,5,marga marga,58,limache,5802,95,17,5,12,14,5,9,3,0,3
8257,valparaíso,5,marga marga,58,limache,5802,96,17,5,12,14,3,11,3,2,1
8258,valparaíso,5,marga marga,58,limache,5802,97,7,1,6,6,1,5,1,0,1
8259,valparaíso,5,marga marga,58,limache,5802,98,7,2,5,7,2,5,0,0,0
8260,valparaíso,5,marga marga,58,limache,5802,99,4,0,4,4,0,4,0,0,0
8261,valparaíso,5,marga marga,58,limache,5802,100 o más,13,6,7,12,5,7,1,1,0
8262,valparaíso,5,marga marga,58,olmué,5803,total comuna,17516,8597,8919,12277,5934,6343,5239,2663,2576
8263,valparaíso,5,marga marga,58,olmué,5803,0,222,117,105,150,81,69,72,36,36
8264,valparaíso,5,marga marga,58,olmué,5803,1,251,127,124,177,89,88,74,38,36
8265,valparaíso,5,marga marga,58,olmué,5803,2,230,120,110,166,85,81,64,35,29
8266,valparaíso,5,marga marga,58,olmué,5803,3,219,107,112,155,74,81,64,33,31
8267,valparaíso,5,marga marga,58,olmué,5803,4,216,101,115,156,80,76,60,21,39
8268,valparaíso,5,marga marga,58,olmué,5803,5,222,115,107,159,82,77,63,33,30
8269,valparaíso,5,marga marga,58,olmué,5803,6,212,106,106,145,75,70,67,31,36
8270,valparaíso,5,marga marga,58,olmué,5803,7,199,114,85,147,84,63,52,30,22
8271,valparaíso,5,marga marga,58,olmué,5803,8,228,109,119,167,83,84,61,26,35
8272,valparaíso,5,marga marga,58,olmué,5803,9,237,113,124,168,81,87,69,32,37
8273,valparaíso,5,marga marga,58,olmué,5803,10,212,104,108,149,74,75,63,30,33
8274,valparaíso,5,marga marga,58,olmué,5803,11,231,102,129,163,71,92,68,31,37
8275,valparaíso,5,marga marga,58,olmué,5803,12,226,111,115,167,80,87,59,31,28
8276,valparaíso,5,marga marga,58,olmué,5803,13,205,112,93,147,80,67,58,32,26
8277,valparaíso,5,marga marga,58,olmué,5803,14,228,111,117,165,77,88,63,34,29
8278,valparaíso,5,marga marga,58,olmué,5803,15,219,114,105,151,81,70,68,33,35
8279,valparaíso,5,marga marga,58,olmué,5803,16,251,129,122,173,89,84,78,40,38
8280,valparaíso,5,marga marga,58,olmué,5803,17,224,117,107,150,78,72,74,39,35
8281,valparaíso,5,marga marga,58,olmué,5803,18,257,130,127,197,97,100,60,33,27
8282,valparaíso,5,marga marga,58,olmué,5803,19,229,110,119,166,78,88,63,32,31
8283,valparaíso,5,marga marga,58,olmué,5803,20,226,109,117,166,70,96,60,39,21
8284,valparaíso,5,marga marga,58,olmué,5803,21,222,104,118,163,77,86,59,27,32
8285,valparaíso,5,marga marga,58,olmué,5803,22,260,130,130,188,97,91,72,33,39
8286,valparaíso,5,marga marga,58,olmué,5803,23,243,116,127,178,80,98,65,36,29
8287,valparaíso,5,marga marga,58,olmué,5803,24,255,132,123,170,91,79,85,41,44
8288,valparaíso,5,marga marga,58,olmué,5803,25,245,120,125,185,84,101,60,36,24
8289,valparaíso,5,marga marga,58,olmué,5803,26,247,124,123,189,96,93,58,28,30
8290,valparaíso,5,marga marga,58,olmué,5803,27,228,109,119,160,69,91,68,40,28
8291,valparaíso,5,marga marga,58,olmué,5803,28,257,136,121,186,97,89,71,39,32
8292,valparaíso,5,marga marga,58,olmué,5803,29,237,106,131,172,71,101,65,35,30
8293,valparaíso,5,marga marga,58,olmué,5803,30,224,104,120,157,78,79,67,26,41
8294,valparaíso,5,marga marga,58,olmué,5803,31,205,109,96,151,80,71,54,29,25
8295,valparaíso,5,marga marga,58,olmué,5803,32,215,114,101,161,86,75,54,28,26
8296,valparaíso,5,marga marga,58,olmué,5803,33,232,122,110,177,91,86,55,31,24
8297,valparaíso,5,marga marga,58,olmué,5803,34,249,123,126,180,91,89,69,32,37
8298,valparaíso,5,marga marga,58,olmué,5803,35,261,122,139,177,84,93,84,38,46
8299,valparaíso,5,marga marga,58,olmué,5803,36,218,103,115,142,69,73,76,34,42
8300,valparaíso,5,marga marga,58,olmué,5803,37,217,99,118,145,60,85,72,39,33
8301,valparaíso,5,marga marga,58,olmué,5803,38,244,118,126,166,79,87,78,39,39
8302,valparaíso,5,marga marga,58,olmué,5803,39,213,116,97,151,81,70,62,35,27
8303,valparaíso,5,marga marga,58,olmué,5803,40,186,90,96,127,62,65,59,28,31
8304,valparaíso,5,marga marga,58,olmué,5803,41,206,107,99,139,69,70,67,38,29
8305,valparaíso,5,marga marga,58,olmué,5803,42,247,113,134,159,66,93,88,47,41
8306,valparaíso,5,marga marga,58,olmué,5803,43,232,118,114,161,81,80,71,37,34
8307,valparaíso,5,marga marga,58,olmué,5803,44,225,104,121,157,75,82,68,29,39
8308,valparaíso,5,marga marga,58,olmué,5803,45,180,84,96,117,52,65,63,32,31
8309,valparaíso,5,marga marga,58,olmué,5803,46,184,96,88,123,63,60,61,33,28
8310,valparaíso,5,marga marga,58,olmué,5803,47,202,93,109,138,68,70,64,25,39
8311,valparaíso,5,marga marga,58,olmué,5803,48,209,110,99,153,85,68,56,25,31
8312,valparaíso,5,marga marga,58,olmué,5803,49,252,133,119,177,94,83,75,39,36
8313,valparaíso,5,marga marga,58,olmué,5803,50,231,126,105,172,93,79,59,33,26
8314,valparaíso,5,marga marga,58,olmué,5803,51,224,116,108,157,77,80,67,39,28
8315,valparaíso,5,marga marga,58,olmué,5803,52,259,116,143,179,72,107,80,44,36
8316,valparaíso,5,marga marga,58,olmué,5803,53,243,116,127,166,77,89,77,39,38
8317,valparaíso,5,marga marga,58,olmué,5803,54,262,123,139,185,92,93,77,31,46
8318,valparaíso,5,marga marga,58,olmué,5803,55,233,112,121,159,71,88,74,41,33
8319,valparaíso,5,marga marga,58,olmué,5803,56,246,131,115,180,91,89,66,40,26
8320,valparaíso,5,marga marga,58,olmué,5803,57,237,110,127,166,77,89,71,33,38
8321,valparaíso,5,marga marga,58,olmué,5803,58,220,104,116,148,64,84,72,40,32
8322,valparaíso,5,marga marga,58,olmué,5803,59,224,108,116,156,77,79,68,31,37
8323,valparaíso,5,marga marga,58,olmué,5803,60,224,112,112,163,80,83,61,32,29
8324,valparaíso,5,marga marga,58,olmué,5803,61,223,118,105,146,75,71,77,43,34
8325,valparaíso,5,marga marga,58,olmué,5803,62,217,107,110,138,63,75,79,44,35
8326,valparaíso,5,marga marga,58,olmué,5803,63,189,81,108,125,54,71,64,27,37
8327,valparaíso,5,marga marga,58,olmué,5803,64,172,74,98,115,48,67,57,26,31
8328,valparaíso,5,marga marga,58,olmué,5803,65,202,98,104,136,65,71,66,33,33
8329,valparaíso,5,marga marga,58,olmué,5803,66,177,77,100,117,53,64,60,24,36
8330,valparaíso,5,marga marga,58,olmué,5803,67,167,86,81,115,61,54,52,25,27
8331,valparaíso,5,marga marga,58,olmué,5803,68,189,89,100,124,59,65,65,30,35
8332,valparaíso,5,marga marga,58,olmué,5803,69,149,74,75,94,43,51,55,31,24
8333,valparaíso,5,marga marga,58,olmué,5803,70,176,88,88,124,54,70,52,34,18
8334,valparaíso,5,marga marga,58,olmué,5803,71,165,81,84,103,50,53,62,31,31
8335,valparaíso,5,marga marga,58,olmué,5803,72,160,81,79,117,58,59,43,23,20
8336,valparaíso,5,marga marga,58,olmué,5803,73,125,58,67,87,38,49,38,20,18
8337,valparaíso,5,marga marga,58,olmué,5803,74,142,55,87,98,33,65,44,22,22
8338,valparaíso,5,marga marga,58,olmué,5803,75,132,59,73,94,38,56,38,21,17
8339,valparaíso,5,marga marga,58,olmué,5803,76,114,60,54,79,38,41,35,22,13
8340,valparaíso,5,marga marga,58,olmué,5803,77,94,49,45,65,34,31,29,15,14
8341,valparaíso,5,marga marga,58,olmué,5803,78,80,35,45,47,20,27,33,15,18
8342,valparaíso,5,marga marga,58,olmué,5803,79,71,41,30,49,27,22,22,14,8
8343,valparaíso,5,marga marga,58,olmué,5803,80,64,35,29,41,23,18,23,12,11
8344,valparaíso,5,marga marga,58,olmué,5803,81,79,40,39,51,22,29,28,18,10
8345,valparaíso,5,marga marga,58,olmué,5803,82,62,29,33,46,19,27,16,10,6
8346,valparaíso,5,marga marga,58,olmué,5803,83,61,27,34,40,15,25,21,12,9
8347,valparaíso,5,marga marga,58,olmué,5803,84,43,15,28,32,11,21,11,4,7
8348,valparaíso,5,marga marga,58,olmué,5803,85,65,28,37,54,24,30,11,4,7
8349,valparaíso,5,marga marga,58,olmué,5803,86,44,23,21,36,19,17,8,4,4
8350,valparaíso,5,marga marga,58,olmué,5803,87,31,11,20,23,8,15,8,3,5
8351,valparaíso,5,marga marga,58,olmué,5803,88,38,19,19,30,13,17,8,6,2
8352,valparaíso,5,marga marga,58,olmué,5803,89,33,19,14,20,11,9,13,8,5
8353,valparaíso,5,marga marga,58,olmué,5803,90,19,5,14,14,4,10,5,1,4
8354,valparaíso,5,marga marga,58,olmué,5803,91,13,4,9,9,3,6,4,1,3
8355,valparaíso,5,marga marga,58,olmué,5803,92,20,7,13,11,6,5,9,1,8
8356,valparaíso,5,marga marga,58,olmué,5803,93,17,6,11,13,5,8,4,1,3
8357,valparaíso,5,marga marga,58,olmué,5803,94,9,2,7,5,1,4,4,1,3
8358,valparaíso,5,marga marga,58,olmué,5803,95,12,3,9,5,0,5,7,3,4
8359,valparaíso,5,marga marga,58,olmué,5803,96,4,2,2,2,2,0,2,0,2
8360,valparaíso,5,marga marga,58,olmué,5803,97,4,1,3,1,0,1,3,1,2
8361,valparaíso,5,marga marga,58,olmué,5803,98,4,1,3,3,1,2,1,0,1
8362,valparaíso,5,marga marga,58,olmué,5803,99,2,1,1,0,0,0,2,1,1
8363,valparaíso,5,marga marga,58,olmué,5803,100 o más,6,1,5,4,0,4,2,1,1
8364,valparaíso,5,marga marga,58,villa alemana,5804,total comuna,126548,59756,66792,125327,59131,66196,1221,625,596
8365,valparaíso,5,marga marga,58,villa alemana,5804,0,1451,740,711,1438,734,704,13,6,7
8366,valparaíso,5,marga marga,58,villa alemana,5804,1,1676,864,812,1664,855,809,12,9,3
8367,valparaíso,5,marga marga,58,villa alemana,5804,2,1705,889,816,1688,883,805,17,6,11
8368,valparaíso,5,marga marga,58,villa alemana,5804,3,1704,860,844,1688,854,834,16,6,10
8369,valparaíso,5,marga marga,58,villa alemana,5804,4,1691,837,854,1668,823,845,23,14,9
8370,valparaíso,5,marga marga,58,villa alemana,5804,5,1694,855,839,1682,848,834,12,7,5
8371,valparaíso,5,marga marga,58,villa alemana,5804,6,1787,895,892,1770,888,882,17,7,10
8372,valparaíso,5,marga marga,58,villa alemana,5804,7,1832,955,877,1820,952,868,12,3,9
8373,valparaíso,5,marga marga,58,villa alemana,5804,8,1728,924,804,1711,915,796,17,9,8
8374,valparaíso,5,marga marga,58,villa alemana,5804,9,1664,874,790,1653,866,787,11,8,3
8375,valparaíso,5,marga marga,58,villa alemana,5804,10,1674,841,833,1660,833,827,14,8,6
8376,valparaíso,5,marga marga,58,villa alemana,5804,11,1659,829,830,1646,822,824,13,7,6
8377,valparaíso,5,marga marga,58,villa alemana,5804,12,1584,805,779,1566,794,772,18,11,7
8378,valparaíso,5,marga marga,58,villa alemana,5804,13,1705,861,844,1688,852,836,17,9,8
8379,valparaíso,5,marga marga,58,villa alemana,5804,14,1741,829,912,1731,821,910,10,8,2
8380,valparaíso,5,marga marga,58,villa alemana,5804,15,1830,933,897,1819,929,890,11,4,7
8381,valparaíso,5,marga marga,58,villa alemana,5804,16,1824,928,896,1809,921,888,15,7,8
8382,valparaíso,5,marga marga,58,villa alemana,5804,17,1948,978,970,1929,965,964,19,13,6
8383,valparaíso,5,marga marga,58,villa alemana,5804,18,1894,937,957,1878,926,952,16,11,5
8384,valparaíso,5,marga marga,58,villa alemana,5804,19,1932,1004,928,1915,997,918,17,7,10
8385,valparaíso,5,marga marga,58,villa alemana,5804,20,1996,1034,962,1985,1027,958,11,7,4
8386,valparaíso,5,marga marga,58,villa alemana,5804,21,1922,988,934,1909,980,929,13,8,5
8387,valparaíso,5,marga marga,58,villa alemana,5804,22,1872,921,951,1853,913,940,19,8,11
8388,valparaíso,5,marga marga,58,villa alemana,5804,23,2029,997,1032,2008,989,1019,21,8,13
8389,valparaíso,5,marga marga,58,villa alemana,5804,24,1960,1002,958,1945,994,951,15,8,7
8390,valparaíso,5,marga marga,58,villa alemana,5804,25,1912,939,973,1888,929,959,24,10,14
8391,valparaíso,5,marga marga,58,villa alemana,5804,26,1899,937,962,1884,931,953,15,6,9
8392,valparaíso,5,marga marga,58,villa alemana,5804,27,2038,994,1044,2010,980,1030,28,14,14
8393,valparaíso,5,marga marga,58,villa alemana,5804,28,1879,948,931,1866,941,925,13,7,6
8394,valparaíso,5,marga marga,58,villa alemana,5804,29,1749,912,837,1740,906,834,9,6,3
8395,valparaíso,5,marga marga,58,villa alemana,5804,30,1786,868,918,1778,862,916,8,6,2
8396,valparaíso,5,marga marga,58,villa alemana,5804,31,1669,834,835,1662,830,832,7,4,3
8397,valparaíso,5,marga marga,58,villa alemana,5804,32,1636,791,845,1628,788,840,8,3,5
8398,valparaíso,5,marga marga,58,villa alemana,5804,33,1714,804,910,1696,792,904,18,12,6
8399,valparaíso,5,marga marga,58,villa alemana,5804,34,1731,848,883,1714,843,871,17,5,12
8400,valparaíso,5,marga marga,58,villa alemana,5804,35,1809,839,970,1792,832,960,17,7,10
8401,valparaíso,5,marga marga,58,villa alemana,5804,36,1707,794,913,1695,789,906,12,5,7
8402,valparaíso,5,marga marga,58,villa alemana,5804,37,1656,779,877,1639,770,869,17,9,8
8403,valparaíso,5,marga marga,58,villa alemana,5804,38,1580,733,847,1569,729,840,11,4,7
8404,valparaíso,5,marga marga,58,villa alemana,5804,39,1483,703,780,1473,698,775,10,5,5
8405,valparaíso,5,marga marga,58,villa alemana,5804,40,1623,729,894,1612,723,889,11,6,5
8406,valparaíso,5,marga marga,58,villa alemana,5804,41,1638,747,891,1624,740,884,14,7,7
8407,valparaíso,5,marga marga,58,villa alemana,5804,42,1719,805,914,1698,791,907,21,14,7
8408,valparaíso,5,marga marga,58,villa alemana,5804,43,1631,758,873,1613,746,867,18,12,6
8409,valparaíso,5,marga marga,58,villa alemana,5804,44,1663,788,875,1653,782,871,10,6,4
8410,valparaíso,5,marga marga,58,villa alemana,5804,45,1575,734,841,1559,725,834,16,9,7
8411,valparaíso,5,marga marga,58,villa alemana,5804,46,1572,726,846,1560,720,840,12,6,6
8412,valparaíso,5,marga marga,58,villa alemana,5804,47,1587,693,894,1578,690,888,9,3,6
8413,valparaíso,5,marga marga,58,villa alemana,5804,48,1717,753,964,1694,743,951,23,10,13
8414,valparaíso,5,marga marga,58,villa alemana,5804,49,1625,732,893,1615,729,886,10,3,7
8415,valparaíso,5,marga marga,58,villa alemana,5804,50,1628,759,869,1615,752,863,13,7,6
8416,valparaíso,5,marga marga,58,villa alemana,5804,51,1666,801,865,1646,795,851,20,6,14
8417,valparaíso,5,marga marga,58,villa alemana,5804,52,1696,776,920,1672,762,910,24,14,10
8418,valparaíso,5,marga marga,58,villa alemana,5804,53,1706,747,959,1682,733,949,24,14,10
8419,valparaíso,5,marga marga,58,villa alemana,5804,54,1757,761,996,1736,750,986,21,11,10
8420,valparaíso,5,marga marga,58,villa alemana,5804,55,1711,727,984,1689,716,973,22,11,11
8421,valparaíso,5,marga marga,58,villa alemana,5804,56,1601,714,887,1585,707,878,16,7,9
8422,valparaíso,5,marga marga,58,villa alemana,5804,57,1644,730,914,1624,723,901,20,7,13
8423,valparaíso,5,marga marga,58,villa alemana,5804,58,1534,706,828,1514,696,818,20,10,10
8424,valparaíso,5,marga marga,58,villa alemana,5804,59,1559,718,841,1542,709,833,17,9,8
8425,valparaíso,5,marga marga,58,villa alemana,5804,60,1428,651,777,1409,639,770,19,12,7
8426,valparaíso,5,marga marga,58,villa alemana,5804,61,1357,570,787,1345,563,782,12,7,5
8427,valparaíso,5,marga marga,58,villa alemana,5804,62,1268,583,685,1255,579,676,13,4,9
8428,valparaíso,5,marga marga,58,villa alemana,5804,63,1266,587,679,1242,572,670,24,15,9
8429,valparaíso,5,marga marga,58,villa alemana,5804,64,1126,499,627,1111,488,623,15,11,4
8430,valparaíso,5,marga marga,58,villa alemana,5804,65,1045,485,560,1027,476,551,18,9,9
8431,valparaíso,5,marga marga,58,villa alemana,5804,66,1043,420,623,1028,414,614,15,6,9
8432,valparaíso,5,marga marga,58,villa alemana,5804,67,1037,461,576,1027,458,569,10,3,7
8433,valparaíso,5,marga marga,58,villa alemana,5804,68,1001,446,555,985,439,546,16,7,9
8434,valparaíso,5,marga marga,58,villa alemana,5804,69,867,386,481,853,378,475,14,8,6
8435,valparaíso,5,marga marga,58,villa alemana,5804,70,896,387,509,888,383,505,8,4,4
8436,valparaíso,5,marga marga,58,villa alemana,5804,71,934,411,523,920,405,515,14,6,8
8437,valparaíso,5,marga marga,58,villa alemana,5804,72,846,325,521,833,318,515,13,7,6
8438,valparaíso,5,marga marga,58,villa alemana,5804,73,824,347,477,808,337,471,16,10,6
8439,valparaíso,5,marga marga,58,villa alemana,5804,74,750,314,436,744,308,436,6,6,0
8440,valparaíso,5,marga marga,58,villa alemana,5804,75,693,290,403,686,284,402,7,6,1
8441,valparaíso,5,marga marga,58,villa alemana,5804,76,632,256,376,625,254,371,7,2,5
8442,valparaíso,5,marga marga,58,villa alemana,5804,77,610,263,347,605,261,344,5,2,3
8443,valparaíso,5,marga marga,58,villa alemana,5804,78,544,217,327,541,215,326,3,2,1
8444,valparaíso,5,marga marga,58,villa alemana,5804,79,502,181,321,497,177,320,5,4,1
8445,valparaíso,5,marga marga,58,villa alemana,5804,80,488,186,302,482,182,300,6,4,2
8446,valparaíso,5,marga marga,58,villa alemana,5804,81,454,182,272,450,180,270,4,2,2
8447,valparaíso,5,marga marga,58,villa alemana,5804,82,392,147,245,386,146,240,6,1,5
8448,valparaíso,5,marga marga,58,villa alemana,5804,83,425,158,267,419,156,263,6,2,4
8449,valparaíso,5,marga marga,58,villa alemana,5804,84,358,134,224,356,133,223,2,1,1
8450,valparaíso,5,marga marga,58,villa alemana,5804,85,341,115,226,340,114,226,1,1,0
8451,valparaíso,5,marga marga,58,villa alemana,5804,86,341,119,222,338,117,221,3,2,1
8452,valparaíso,5,marga marga,58,villa alemana,5804,87,294,110,184,288,108,180,6,2,4
8453,valparaíso,5,marga marga,58,villa alemana,5804,88,221,68,153,218,67,151,3,1,2
8454,valparaíso,5,marga marga,58,villa alemana,5804,89,208,67,141,205,66,139,3,1,2
8455,valparaíso,5,marga marga,58,villa alemana,5804,90,172,44,128,171,44,127,1,0,1
8456,valparaíso,5,marga marga,58,villa alemana,5804,91,152,44,108,150,42,108,2,2,0
8457,valparaíso,5,marga marga,58,villa alemana,5804,92,119,21,98,119,21,98,0,0,0
8458,valparaíso,5,marga marga,58,villa alemana,5804,93,87,24,63,87,24,63,0,0,0
8459,valparaíso,5,marga marga,58,villa alemana,5804,94,65,16,49,63,15,48,2,1,1
8460,valparaíso,5,marga marga,58,villa alemana,5804,95,42,9,33,42,9,33,0,0,0
8461,valparaíso,5,marga marga,58,villa alemana,5804,96,35,6,29,35,6,29,0,0,0
8462,valparaíso,5,marga marga,58,villa alemana,5804,97,29,7,22,28,7,21,1,0,1
8463,valparaíso,5,marga marga,58,villa alemana,5804,98,11,2,9,11,2,9,0,0,0
8464,valparaíso,5,marga marga,58,villa alemana,5804,99,11,3,8,11,3,8,0,0,0
8465,valparaíso,5,marga marga,58,villa alemana,5804,100 o más,32,8,24,31,8,23,1,0,1
8466,metropolitana de santiago,13,santiago,131,santiago,13101,total comuna,404495,206678,197817,404495,206678,197817,0,0,0
8467,metropolitana de santiago,13,santiago,131,santiago,13101,0,4693,2363,2330,4693,2363,2330,0,0,0
8468,metropolitana de santiago,13,santiago,131,santiago,13101,1,4447,2235,2212,4447,2235,2212,0,0,0
8469,metropolitana de santiago,13,santiago,131,santiago,13101,2,4170,2145,2025,4170,2145,2025,0,0,0
8470,metropolitana de santiago,13,santiago,131,santiago,13101,3,3729,1899,1830,3729,1899,1830,0,0,0
8471,metropolitana de santiago,13,santiago,131,santiago,13101,4,3578,1794,1784,3578,1794,1784,0,0,0
8472,metropolitana de santiago,13,santiago,131,santiago,13101,5,3269,1627,1642,3269,1627,1642,0,0,0
8473,metropolitana de santiago,13,santiago,131,santiago,13101,6,3389,1711,1678,3389,1711,1678,0,0,0
8474,metropolitana de santiago,13,santiago,131,santiago,13101,7,3135,1546,1589,3135,1546,1589,0,0,0
8475,metropolitana de santiago,13,santiago,131,santiago,13101,8,3025,1536,1489,3025,1536,1489,0,0,0
8476,metropolitana de santiago,13,santiago,131,santiago,13101,9,2867,1461,1406,2867,1461,1406,0,0,0
8477,metropolitana de santiago,13,santiago,131,santiago,13101,10,2794,1420,1374,2794,1420,1374,0,0,0
8478,metropolitana de santiago,13,santiago,131,santiago,13101,11,2551,1308,1243,2551,1308,1243,0,0,0
8479,metropolitana de santiago,13,santiago,131,santiago,13101,12,2552,1300,1252,2552,1300,1252,0,0,0
8480,metropolitana de santiago,13,santiago,131,santiago,13101,13,2543,1295,1248,2543,1295,1248,0,0,0
8481,metropolitana de santiago,13,santiago,131,santiago,13101,14,2558,1352,1206,2558,1352,1206,0,0,0
8482,metropolitana de santiago,13,santiago,131,santiago,13101,15,2532,1309,1223,2532,1309,1223,0,0,0
8483,metropolitana de santiago,13,santiago,131,santiago,13101,16,2626,1363,1263,2626,1363,1263,0,0,0
8484,metropolitana de santiago,13,santiago,131,santiago,13101,17,2892,1460,1432,2892,1460,1432,0,0,0
8485,metropolitana de santiago,13,santiago,131,santiago,13101,18,4323,2181,2142,4323,2181,2142,0,0,0
8486,metropolitana de santiago,13,santiago,131,santiago,13101,19,5472,2791,2681,5472,2791,2681,0,0,0
8487,metropolitana de santiago,13,santiago,131,santiago,13101,20,6439,3300,3139,6439,3300,3139,0,0,0
8488,metropolitana de santiago,13,santiago,131,santiago,13101,21,7495,3996,3499,7495,3996,3499,0,0,0
8489,metropolitana de santiago,13,santiago,131,santiago,13101,22,8159,4363,3796,8159,4363,3796,0,0,0
8490,metropolitana de santiago,13,santiago,131,santiago,13101,23,9108,4778,4330,9108,4778,4330,0,0,0
8491,metropolitana de santiago,13,santiago,131,santiago,13101,24,10416,5519,4897,10416,5519,4897,0,0,0
8492,metropolitana de santiago,13,santiago,131,santiago,13101,25,11642,6089,5553,11642,6089,5553,0,0,0
8493,metropolitana de santiago,13,santiago,131,santiago,13101,26,13039,6727,6312,13039,6727,6312,0,0,0
8494,metropolitana de santiago,13,santiago,131,santiago,13101,27,14116,7498,6618,14116,7498,6618,0,0,0
8495,metropolitana de santiago,13,santiago,131,santiago,13101,28,14101,7584,6517,14101,7584,6517,0,0,0
8496,metropolitana de santiago,13,santiago,131,santiago,13101,29,13961,7480,6481,13961,7480,6481,0,0,0
8497,metropolitana de santiago,13,santiago,131,santiago,13101,30,13406,7334,6072,13406,7334,6072,0,0,0
8498,metropolitana de santiago,13,santiago,131,santiago,13101,31,12392,6724,5668,12392,6724,5668,0,0,0
8499,metropolitana de santiago,13,santiago,131,santiago,13101,32,11643,6458,5185,11643,6458,5185,0,0,0
8500,metropolitana de santiago,13,santiago,131,santiago,13101,33,10710,6029,4681,10710,6029,4681,0,0,0
8501,metropolitana de santiago,13,santiago,131,santiago,13101,34,10393,5721,4672,10393,5721,4672,0,0,0
8502,metropolitana de santiago,13,santiago,131,santiago,13101,35,9970,5495,4475,9970,5495,4475,0,0,0
8503,metropolitana de santiago,13,santiago,131,santiago,13101,36,8778,4856,3922,8778,4856,3922,0,0,0
8504,metropolitana de santiago,13,santiago,131,santiago,13101,37,8189,4510,3679,8189,4510,3679,0,0,0
8505,metropolitana de santiago,13,santiago,131,santiago,13101,38,7103,3841,3262,7103,3841,3262,0,0,0
8506,metropolitana de santiago,13,santiago,131,santiago,13101,39,6603,3572,3031,6603,3572,3031,0,0,0
8507,metropolitana de santiago,13,santiago,131,santiago,13101,40,6283,3358,2925,6283,3358,2925,0,0,0
8508,metropolitana de santiago,13,santiago,131,santiago,13101,41,6119,3243,2876,6119,3243,2876,0,0,0
8509,metropolitana de santiago,13,santiago,131,santiago,13101,42,5877,3073,2804,5877,3073,2804,0,0,0
8510,metropolitana de santiago,13,santiago,131,santiago,13101,43,5595,2926,2669,5595,2926,2669,0,0,0
8511,metropolitana de santiago,13,santiago,131,santiago,13101,44,5170,2727,2443,5170,2727,2443,0,0,0
8512,metropolitana de santiago,13,santiago,131,santiago,13101,45,4837,2523,2314,4837,2523,2314,0,0,0
8513,metropolitana de santiago,13,santiago,131,santiago,13101,46,4581,2284,2297,4581,2284,2297,0,0,0
8514,metropolitana de santiago,13,santiago,131,santiago,13101,47,4279,2183,2096,4279,2183,2096,0,0,0
8515,metropolitana de santiago,13,santiago,131,santiago,13101,48,4108,2070,2038,4108,2070,2038,0,0,0
8516,metropolitana de santiago,13,santiago,131,santiago,13101,49,3998,2018,1980,3998,2018,1980,0,0,0
8517,metropolitana de santiago,13,santiago,131,santiago,13101,50,3915,1940,1975,3915,1940,1975,0,0,0
8518,metropolitana de santiago,13,santiago,131,santiago,13101,51,3953,1955,1998,3953,1955,1998,0,0,0
8519,metropolitana de santiago,13,santiago,131,santiago,13101,52,3945,1935,2010,3945,1935,2010,0,0,0
8520,metropolitana de santiago,13,santiago,131,santiago,13101,53,3861,1891,1970,3861,1891,1970,0,0,0
8521,metropolitana de santiago,13,santiago,131,santiago,13101,54,3854,1866,1988,3854,1866,1988,0,0,0
8522,metropolitana de santiago,13,santiago,131,santiago,13101,55,3569,1676,1893,3569,1676,1893,0,0,0
8523,metropolitana de santiago,13,santiago,131,santiago,13101,56,3428,1556,1872,3428,1556,1872,0,0,0
8524,metropolitana de santiago,13,santiago,131,santiago,13101,57,3206,1484,1722,3206,1484,1722,0,0,0
8525,metropolitana de santiago,13,santiago,131,santiago,13101,58,3207,1427,1780,3207,1427,1780,0,0,0
8526,metropolitana de santiago,13,santiago,131,santiago,13101,59,3063,1343,1720,3063,1343,1720,0,0,0
8527,metropolitana de santiago,13,santiago,131,santiago,13101,60,2928,1303,1625,2928,1303,1625,0,0,0
8528,metropolitana de santiago,13,santiago,131,santiago,13101,61,2749,1223,1526,2749,1223,1526,0,0,0
8529,metropolitana de santiago,13,santiago,131,santiago,13101,62,2461,1075,1386,2461,1075,1386,0,0,0
8530,metropolitana de santiago,13,santiago,131,santiago,13101,63,2389,1084,1305,2389,1084,1305,0,0,0
8531,metropolitana de santiago,13,santiago,131,santiago,13101,64,2293,1001,1292,2293,1001,1292,0,0,0
8532,metropolitana de santiago,13,santiago,131,santiago,13101,65,2087,920,1167,2087,920,1167,0,0,0
8533,metropolitana de santiago,13,santiago,131,santiago,13101,66,1887,827,1060,1887,827,1060,0,0,0
8534,metropolitana de santiago,13,santiago,131,santiago,13101,67,1975,789,1186,1975,789,1186,0,0,0
8535,metropolitana de santiago,13,santiago,131,santiago,13101,68,1776,782,994,1776,782,994,0,0,0
8536,metropolitana de santiago,13,santiago,131,santiago,13101,69,1740,765,975,1740,765,975,0,0,0
8537,metropolitana de santiago,13,santiago,131,santiago,13101,70,1657,718,939,1657,718,939,0,0,0
8538,metropolitana de santiago,13,santiago,131,santiago,13101,71,1545,636,909,1545,636,909,0,0,0
8539,metropolitana de santiago,13,santiago,131,santiago,13101,72,1556,670,886,1556,670,886,0,0,0
8540,metropolitana de santiago,13,santiago,131,santiago,13101,73,1350,547,803,1350,547,803,0,0,0
8541,metropolitana de santiago,13,santiago,131,santiago,13101,74,1341,527,814,1341,527,814,0,0,0
8542,metropolitana de santiago,13,santiago,131,santiago,13101,75,1284,549,735,1284,549,735,0,0,0
8543,metropolitana de santiago,13,santiago,131,santiago,13101,76,1134,426,708,1134,426,708,0,0,0
8544,metropolitana de santiago,13,santiago,131,santiago,13101,77,1119,425,694,1119,425,694,0,0,0
8545,metropolitana de santiago,13,santiago,131,santiago,13101,78,917,321,596,917,321,596,0,0,0
8546,metropolitana de santiago,13,santiago,131,santiago,13101,79,874,306,568,874,306,568,0,0,0
8547,metropolitana de santiago,13,santiago,131,santiago,13101,80,829,289,540,829,289,540,0,0,0
8548,metropolitana de santiago,13,santiago,131,santiago,13101,81,808,285,523,808,285,523,0,0,0
8549,metropolitana de santiago,13,santiago,131,santiago,13101,82,741,241,500,741,241,500,0,0,0
8550,metropolitana de santiago,13,santiago,131,santiago,13101,83,705,224,481,705,224,481,0,0,0
8551,metropolitana de santiago,13,santiago,131,santiago,13101,84,655,219,436,655,219,436,0,0,0
8552,metropolitana de santiago,13,santiago,131,santiago,13101,85,648,193,455,648,193,455,0,0,0
8553,metropolitana de santiago,13,santiago,131,santiago,13101,86,611,181,430,611,181,430,0,0,0
8554,metropolitana de santiago,13,santiago,131,santiago,13101,87,508,143,365,508,143,365,0,0,0
8555,metropolitana de santiago,13,santiago,131,santiago,13101,88,433,119,314,433,119,314,0,0,0
8556,metropolitana de santiago,13,santiago,131,santiago,13101,89,402,97,305,402,97,305,0,0,0
8557,metropolitana de santiago,13,santiago,131,santiago,13101,90,300,71,229,300,71,229,0,0,0
8558,metropolitana de santiago,13,santiago,131,santiago,13101,91,235,60,175,235,60,175,0,0,0
8559,metropolitana de santiago,13,santiago,131,santiago,13101,92,198,52,146,198,52,146,0,0,0
8560,metropolitana de santiago,13,santiago,131,santiago,13101,93,165,37,128,165,37,128,0,0,0
8561,metropolitana de santiago,13,santiago,131,santiago,13101,94,129,21,108,129,21,108,0,0,0
8562,metropolitana de santiago,13,santiago,131,santiago,13101,95,108,25,83,108,25,83,0,0,0
8563,metropolitana de santiago,13,santiago,131,santiago,13101,96,69,15,54,69,15,54,0,0,0
8564,metropolitana de santiago,13,santiago,131,santiago,13101,97,50,10,40,50,10,40,0,0,0
8565,metropolitana de santiago,13,santiago,131,santiago,13101,98,49,4,45,49,4,45,0,0,0
8566,metropolitana de santiago,13,santiago,131,santiago,13101,99,26,9,17,26,9,17,0,0,0
8567,metropolitana de santiago,13,santiago,131,santiago,13101,100 o más,108,41,67,108,41,67,0,0,0
8568,metropolitana de santiago,13,santiago,131,cerrillos,13102,total comuna,80832,39631,41201,80832,39631,41201,0,0,0
8569,metropolitana de santiago,13,santiago,131,cerrillos,13102,0,986,509,477,986,509,477,0,0,0
8570,metropolitana de santiago,13,santiago,131,cerrillos,13102,1,1157,601,556,1157,601,556,0,0,0
8571,metropolitana de santiago,13,santiago,131,cerrillos,13102,2,1159,623,536,1159,623,536,0,0,0
8572,metropolitana de santiago,13,santiago,131,cerrillos,13102,3,1139,585,554,1139,585,554,0,0,0
8573,metropolitana de santiago,13,santiago,131,cerrillos,13102,4,1096,559,537,1096,559,537,0,0,0
8574,metropolitana de santiago,13,santiago,131,cerrillos,13102,5,1089,573,516,1089,573,516,0,0,0
8575,metropolitana de santiago,13,santiago,131,cerrillos,13102,6,1089,574,515,1089,574,515,0,0,0
8576,metropolitana de santiago,13,santiago,131,cerrillos,13102,7,1171,625,546,1171,625,546,0,0,0
8577,metropolitana de santiago,13,santiago,131,cerrillos,13102,8,1067,535,532,1067,535,532,0,0,0
8578,metropolitana de santiago,13,santiago,131,cerrillos,13102,9,1076,553,523,1076,553,523,0,0,0
8579,metropolitana de santiago,13,santiago,131,cerrillos,13102,10,1059,544,515,1059,544,515,0,0,0
8580,metropolitana de santiago,13,santiago,131,cerrillos,13102,11,1022,532,490,1022,532,490,0,0,0
8581,metropolitana de santiago,13,santiago,131,cerrillos,13102,12,998,519,479,998,519,479,0,0,0
8582,metropolitana de santiago,13,santiago,131,cerrillos,13102,13,1028,520,508,1028,520,508,0,0,0
8583,metropolitana de santiago,13,santiago,131,cerrillos,13102,14,1097,551,546,1097,551,546,0,0,0
8584,metropolitana de santiago,13,santiago,131,cerrillos,13102,15,1069,550,519,1069,550,519,0,0,0
8585,metropolitana de santiago,13,santiago,131,cerrillos,13102,16,1034,542,492,1034,542,492,0,0,0
8586,metropolitana de santiago,13,santiago,131,cerrillos,13102,17,1076,555,521,1076,555,521,0,0,0
8587,metropolitana de santiago,13,santiago,131,cerrillos,13102,18,1270,637,633,1270,637,633,0,0,0
8588,metropolitana de santiago,13,santiago,131,cerrillos,13102,19,1412,703,709,1412,703,709,0,0,0
8589,metropolitana de santiago,13,santiago,131,cerrillos,13102,20,1405,722,683,1405,722,683,0,0,0
8590,metropolitana de santiago,13,santiago,131,cerrillos,13102,21,1450,780,670,1450,780,670,0,0,0
8591,metropolitana de santiago,13,santiago,131,cerrillos,13102,22,1432,776,656,1432,776,656,0,0,0
8592,metropolitana de santiago,13,santiago,131,cerrillos,13102,23,1455,761,694,1455,761,694,0,0,0
8593,metropolitana de santiago,13,santiago,131,cerrillos,13102,24,1429,728,701,1429,728,701,0,0,0
8594,metropolitana de santiago,13,santiago,131,cerrillos,13102,25,1307,679,628,1307,679,628,0,0,0
8595,metropolitana de santiago,13,santiago,131,cerrillos,13102,26,1384,713,671,1384,713,671,0,0,0
8596,metropolitana de santiago,13,santiago,131,cerrillos,13102,27,1302,681,621,1302,681,621,0,0,0
8597,metropolitana de santiago,13,santiago,131,cerrillos,13102,28,1253,634,619,1253,634,619,0,0,0
8598,metropolitana de santiago,13,santiago,131,cerrillos,13102,29,1210,599,611,1210,599,611,0,0,0
8599,metropolitana de santiago,13,santiago,131,cerrillos,13102,30,1247,646,601,1247,646,601,0,0,0
8600,metropolitana de santiago,13,santiago,131,cerrillos,13102,31,1155,560,595,1155,560,595,0,0,0
8601,metropolitana de santiago,13,santiago,131,cerrillos,13102,32,1099,528,571,1099,528,571,0,0,0
8602,metropolitana de santiago,13,santiago,131,cerrillos,13102,33,1066,559,507,1066,559,507,0,0,0
8603,metropolitana de santiago,13,santiago,131,cerrillos,13102,34,1127,566,561,1127,566,561,0,0,0
8604,metropolitana de santiago,13,santiago,131,cerrillos,13102,35,1182,589,593,1182,589,593,0,0,0
8605,metropolitana de santiago,13,santiago,131,cerrillos,13102,36,1098,550,548,1098,550,548,0,0,0
8606,metropolitana de santiago,13,santiago,131,cerrillos,13102,37,1020,497,523,1020,497,523,0,0,0
8607,metropolitana de santiago,13,santiago,131,cerrillos,13102,38,1023,486,537,1023,486,537,0,0,0
8608,metropolitana de santiago,13,santiago,131,cerrillos,13102,39,1075,513,562,1075,513,562,0,0,0
8609,metropolitana de santiago,13,santiago,131,cerrillos,13102,40,1037,519,518,1037,519,518,0,0,0
8610,metropolitana de santiago,13,santiago,131,cerrillos,13102,41,1127,566,561,1127,566,561,0,0,0
8611,metropolitana de santiago,13,santiago,131,cerrillos,13102,42,1111,562,549,1111,562,549,0,0,0
8612,metropolitana de santiago,13,santiago,131,cerrillos,13102,43,1194,616,578,1194,616,578,0,0,0
8613,metropolitana de santiago,13,santiago,131,cerrillos,13102,44,1158,577,581,1158,577,581,0,0,0
8614,metropolitana de santiago,13,santiago,131,cerrillos,13102,45,1161,553,608,1161,553,608,0,0,0
8615,metropolitana de santiago,13,santiago,131,cerrillos,13102,46,1140,572,568,1140,572,568,0,0,0
8616,metropolitana de santiago,13,santiago,131,cerrillos,13102,47,998,487,511,998,487,511,0,0,0
8617,metropolitana de santiago,13,santiago,131,cerrillos,13102,48,978,508,470,978,508,470,0,0,0
8618,metropolitana de santiago,13,santiago,131,cerrillos,13102,49,998,476,522,998,476,522,0,0,0
8619,metropolitana de santiago,13,santiago,131,cerrillos,13102,50,1131,576,555,1131,576,555,0,0,0
8620,metropolitana de santiago,13,santiago,131,cerrillos,13102,51,1054,515,539,1054,515,539,0,0,0
8621,metropolitana de santiago,13,santiago,131,cerrillos,13102,52,1078,513,565,1078,513,565,0,0,0
8622,metropolitana de santiago,13,santiago,131,cerrillos,13102,53,1047,503,544,1047,503,544,0,0,0
8623,metropolitana de santiago,13,santiago,131,cerrillos,13102,54,1086,505,581,1086,505,581,0,0,0
8624,metropolitana de santiago,13,santiago,131,cerrillos,13102,55,959,427,532,959,427,532,0,0,0
8625,metropolitana de santiago,13,santiago,131,cerrillos,13102,56,956,462,494,956,462,494,0,0,0
8626,metropolitana de santiago,13,santiago,131,cerrillos,13102,57,912,441,471,912,441,471,0,0,0
8627,metropolitana de santiago,13,santiago,131,cerrillos,13102,58,844,385,459,844,385,459,0,0,0
8628,metropolitana de santiago,13,santiago,131,cerrillos,13102,59,839,393,446,839,393,446,0,0,0
8629,metropolitana de santiago,13,santiago,131,cerrillos,13102,60,762,331,431,762,331,431,0,0,0
8630,metropolitana de santiago,13,santiago,131,cerrillos,13102,61,759,363,396,759,363,396,0,0,0
8631,metropolitana de santiago,13,santiago,131,cerrillos,13102,62,691,306,385,691,306,385,0,0,0
8632,metropolitana de santiago,13,santiago,131,cerrillos,13102,63,741,326,415,741,326,415,0,0,0
8633,metropolitana de santiago,13,santiago,131,cerrillos,13102,64,649,306,343,649,306,343,0,0,0
8634,metropolitana de santiago,13,santiago,131,cerrillos,13102,65,649,309,340,649,309,340,0,0,0
8635,metropolitana de santiago,13,santiago,131,cerrillos,13102,66,584,246,338,584,246,338,0,0,0
8636,metropolitana de santiago,13,santiago,131,cerrillos,13102,67,560,261,299,560,261,299,0,0,0
8637,metropolitana de santiago,13,santiago,131,cerrillos,13102,68,588,276,312,588,276,312,0,0,0
8638,metropolitana de santiago,13,santiago,131,cerrillos,13102,69,582,239,343,582,239,343,0,0,0
8639,metropolitana de santiago,13,santiago,131,cerrillos,13102,70,586,232,354,586,232,354,0,0,0
8640,metropolitana de santiago,13,santiago,131,cerrillos,13102,71,496,190,306,496,190,306,0,0,0
8641,metropolitana de santiago,13,santiago,131,cerrillos,13102,72,496,218,278,496,218,278,0,0,0
8642,metropolitana de santiago,13,santiago,131,cerrillos,13102,73,475,198,277,475,198,277,0,0,0
8643,metropolitana de santiago,13,santiago,131,cerrillos,13102,74,497,213,284,497,213,284,0,0,0
8644,metropolitana de santiago,13,santiago,131,cerrillos,13102,75,463,177,286,463,177,286,0,0,0
8645,metropolitana de santiago,13,santiago,131,cerrillos,13102,76,412,158,254,412,158,254,0,0,0
8646,metropolitana de santiago,13,santiago,131,cerrillos,13102,77,395,155,240,395,155,240,0,0,0
8647,metropolitana de santiago,13,santiago,131,cerrillos,13102,78,312,122,190,312,122,190,0,0,0
8648,metropolitana de santiago,13,santiago,131,cerrillos,13102,79,280,110,170,280,110,170,0,0,0
8649,metropolitana de santiago,13,santiago,131,cerrillos,13102,80,276,114,162,276,114,162,0,0,0
8650,metropolitana de santiago,13,santiago,131,cerrillos,13102,81,279,111,168,279,111,168,0,0,0
8651,metropolitana de santiago,13,santiago,131,cerrillos,13102,82,205,72,133,205,72,133,0,0,0
8652,metropolitana de santiago,13,santiago,131,cerrillos,13102,83,189,70,119,189,70,119,0,0,0
8653,metropolitana de santiago,13,santiago,131,cerrillos,13102,84,205,80,125,205,80,125,0,0,0
8654,metropolitana de santiago,13,santiago,131,cerrillos,13102,85,184,83,101,184,83,101,0,0,0
8655,metropolitana de santiago,13,santiago,131,cerrillos,13102,86,179,62,117,179,62,117,0,0,0
8656,metropolitana de santiago,13,santiago,131,cerrillos,13102,87,144,37,107,144,37,107,0,0,0
8657,metropolitana de santiago,13,santiago,131,cerrillos,13102,88,113,25,88,113,25,88,0,0,0
8658,metropolitana de santiago,13,santiago,131,cerrillos,13102,89,118,41,77,118,41,77,0,0,0
8659,metropolitana de santiago,13,santiago,131,cerrillos,13102,90,72,18,54,72,18,54,0,0,0
8660,metropolitana de santiago,13,santiago,131,cerrillos,13102,91,79,19,60,79,19,60,0,0,0
8661,metropolitana de santiago,13,santiago,131,cerrillos,13102,92,52,19,33,52,19,33,0,0,0
8662,metropolitana de santiago,13,santiago,131,cerrillos,13102,93,26,3,23,26,3,23,0,0,0
8663,metropolitana de santiago,13,santiago,131,cerrillos,13102,94,38,12,26,38,12,26,0,0,0
8664,metropolitana de santiago,13,santiago,131,cerrillos,13102,95,14,3,11,14,3,11,0,0,0
8665,metropolitana de santiago,13,santiago,131,cerrillos,13102,96,17,3,14,17,3,14,0,0,0
8666,metropolitana de santiago,13,santiago,131,cerrillos,13102,97,10,2,8,10,2,8,0,0,0
8667,metropolitana de santiago,13,santiago,131,cerrillos,13102,98,12,4,8,12,4,8,0,0,0
8668,metropolitana de santiago,13,santiago,131,cerrillos,13102,99,4,0,4,4,0,4,0,0,0
8669,metropolitana de santiago,13,santiago,131,cerrillos,13102,100 o más,18,4,14,18,4,14,0,0,0
8670,metropolitana de santiago,13,santiago,131,cerro navia,13103,total comuna,132622,65438,67184,132622,65438,67184,0,0,0
8671,metropolitana de santiago,13,santiago,131,cerro navia,13103,0,1606,785,821,1606,785,821,0,0,0
8672,metropolitana de santiago,13,santiago,131,cerro navia,13103,1,1799,922,877,1799,922,877,0,0,0
8673,metropolitana de santiago,13,santiago,131,cerro navia,13103,2,1817,929,888,1817,929,888,0,0,0
8674,metropolitana de santiago,13,santiago,131,cerro navia,13103,3,1877,954,923,1877,954,923,0,0,0
8675,metropolitana de santiago,13,santiago,131,cerro navia,13103,4,1781,881,900,1781,881,900,0,0,0
8676,metropolitana de santiago,13,santiago,131,cerro navia,13103,5,1726,933,793,1726,933,793,0,0,0
8677,metropolitana de santiago,13,santiago,131,cerro navia,13103,6,1819,923,896,1819,923,896,0,0,0
8678,metropolitana de santiago,13,santiago,131,cerro navia,13103,7,1697,845,852,1697,845,852,0,0,0
8679,metropolitana de santiago,13,santiago,131,cerro navia,13103,8,1754,907,847,1754,907,847,0,0,0
8680,metropolitana de santiago,13,santiago,131,cerro navia,13103,9,1716,850,866,1716,850,866,0,0,0
8681,metropolitana de santiago,13,santiago,131,cerro navia,13103,10,1771,849,922,1771,849,922,0,0,0
8682,metropolitana de santiago,13,santiago,131,cerro navia,13103,11,1700,891,809,1700,891,809,0,0,0
8683,metropolitana de santiago,13,santiago,131,cerro navia,13103,12,1678,832,846,1678,832,846,0,0,0
8684,metropolitana de santiago,13,santiago,131,cerro navia,13103,13,1737,893,844,1737,893,844,0,0,0
8685,metropolitana de santiago,13,santiago,131,cerro navia,13103,14,1765,908,857,1765,908,857,0,0,0
8686,metropolitana de santiago,13,santiago,131,cerro navia,13103,15,1819,922,897,1819,922,897,0,0,0
8687,metropolitana de santiago,13,santiago,131,cerro navia,13103,16,1922,988,934,1922,988,934,0,0,0
8688,metropolitana de santiago,13,santiago,131,cerro navia,13103,17,1888,978,910,1888,978,910,0,0,0
8689,metropolitana de santiago,13,santiago,131,cerro navia,13103,18,1980,991,989,1980,991,989,0,0,0
8690,metropolitana de santiago,13,santiago,131,cerro navia,13103,19,2107,1063,1044,2107,1063,1044,0,0,0
8691,metropolitana de santiago,13,santiago,131,cerro navia,13103,20,2221,1123,1098,2221,1123,1098,0,0,0
8692,metropolitana de santiago,13,santiago,131,cerro navia,13103,21,2250,1126,1124,2250,1126,1124,0,0,0
8693,metropolitana de santiago,13,santiago,131,cerro navia,13103,22,2361,1171,1190,2361,1171,1190,0,0,0
8694,metropolitana de santiago,13,santiago,131,cerro navia,13103,23,2296,1152,1144,2296,1152,1144,0,0,0
8695,metropolitana de santiago,13,santiago,131,cerro navia,13103,24,2413,1218,1195,2413,1218,1195,0,0,0
8696,metropolitana de santiago,13,santiago,131,cerro navia,13103,25,2386,1228,1158,2386,1228,1158,0,0,0
8697,metropolitana de santiago,13,santiago,131,cerro navia,13103,26,2346,1234,1112,2346,1234,1112,0,0,0
8698,metropolitana de santiago,13,santiago,131,cerro navia,13103,27,2308,1224,1084,2308,1224,1084,0,0,0
8699,metropolitana de santiago,13,santiago,131,cerro navia,13103,28,2118,1138,980,2118,1138,980,0,0,0
8700,metropolitana de santiago,13,santiago,131,cerro navia,13103,29,2015,1049,966,2015,1049,966,0,0,0
8701,metropolitana de santiago,13,santiago,131,cerro navia,13103,30,1962,1049,913,1962,1049,913,0,0,0
8702,metropolitana de santiago,13,santiago,131,cerro navia,13103,31,1863,893,970,1863,893,970,0,0,0
8703,metropolitana de santiago,13,santiago,131,cerro navia,13103,32,1757,917,840,1757,917,840,0,0,0
8704,metropolitana de santiago,13,santiago,131,cerro navia,13103,33,1625,851,774,1625,851,774,0,0,0
8705,metropolitana de santiago,13,santiago,131,cerro navia,13103,34,1691,856,835,1691,856,835,0,0,0
8706,metropolitana de santiago,13,santiago,131,cerro navia,13103,35,1833,908,925,1833,908,925,0,0,0
8707,metropolitana de santiago,13,santiago,131,cerro navia,13103,36,1622,834,788,1622,834,788,0,0,0
8708,metropolitana de santiago,13,santiago,131,cerro navia,13103,37,1553,782,771,1553,782,771,0,0,0
8709,metropolitana de santiago,13,santiago,131,cerro navia,13103,38,1623,782,841,1623,782,841,0,0,0
8710,metropolitana de santiago,13,santiago,131,cerro navia,13103,39,1511,804,707,1511,804,707,0,0,0
8711,metropolitana de santiago,13,santiago,131,cerro navia,13103,40,1567,791,776,1567,791,776,0,0,0
8712,metropolitana de santiago,13,santiago,131,cerro navia,13103,41,1600,816,784,1600,816,784,0,0,0
8713,metropolitana de santiago,13,santiago,131,cerro navia,13103,42,1802,895,907,1802,895,907,0,0,0
8714,metropolitana de santiago,13,santiago,131,cerro navia,13103,43,1890,970,920,1890,970,920,0,0,0
8715,metropolitana de santiago,13,santiago,131,cerro navia,13103,44,1996,993,1003,1996,993,1003,0,0,0
8716,metropolitana de santiago,13,santiago,131,cerro navia,13103,45,1959,1012,947,1959,1012,947,0,0,0
8717,metropolitana de santiago,13,santiago,131,cerro navia,13103,46,1837,923,914,1837,923,914,0,0,0
8718,metropolitana de santiago,13,santiago,131,cerro navia,13103,47,1771,878,893,1771,878,893,0,0,0
8719,metropolitana de santiago,13,santiago,131,cerro navia,13103,48,1748,887,861,1748,887,861,0,0,0
8720,metropolitana de santiago,13,santiago,131,cerro navia,13103,49,1800,894,906,1800,894,906,0,0,0
8721,metropolitana de santiago,13,santiago,131,cerro navia,13103,50,1861,941,920,1861,941,920,0,0,0
8722,metropolitana de santiago,13,santiago,131,cerro navia,13103,51,1775,849,926,1775,849,926,0,0,0
8723,metropolitana de santiago,13,santiago,131,cerro navia,13103,52,1876,951,925,1876,951,925,0,0,0
8724,metropolitana de santiago,13,santiago,131,cerro navia,13103,53,1769,845,924,1769,845,924,0,0,0
8725,metropolitana de santiago,13,santiago,131,cerro navia,13103,54,1782,871,911,1782,871,911,0,0,0
8726,metropolitana de santiago,13,santiago,131,cerro navia,13103,55,1682,825,857,1682,825,857,0,0,0
8727,metropolitana de santiago,13,santiago,131,cerro navia,13103,56,1582,768,814,1582,768,814,0,0,0
8728,metropolitana de santiago,13,santiago,131,cerro navia,13103,57,1420,674,746,1420,674,746,0,0,0
8729,metropolitana de santiago,13,santiago,131,cerro navia,13103,58,1425,709,716,1425,709,716,0,0,0
8730,metropolitana de santiago,13,santiago,131,cerro navia,13103,59,1357,666,691,1357,666,691,0,0,0
8731,metropolitana de santiago,13,santiago,131,cerro navia,13103,60,1296,613,683,1296,613,683,0,0,0
8732,metropolitana de santiago,13,santiago,131,cerro navia,13103,61,1217,582,635,1217,582,635,0,0,0
8733,metropolitana de santiago,13,santiago,131,cerro navia,13103,62,1150,520,630,1150,520,630,0,0,0
8734,metropolitana de santiago,13,santiago,131,cerro navia,13103,63,1209,537,672,1209,537,672,0,0,0
8735,metropolitana de santiago,13,santiago,131,cerro navia,13103,64,1141,536,605,1141,536,605,0,0,0
8736,metropolitana de santiago,13,santiago,131,cerro navia,13103,65,1049,493,556,1049,493,556,0,0,0
8737,metropolitana de santiago,13,santiago,131,cerro navia,13103,66,1053,449,604,1053,449,604,0,0,0
8738,metropolitana de santiago,13,santiago,131,cerro navia,13103,67,1112,505,607,1112,505,607,0,0,0
8739,metropolitana de santiago,13,santiago,131,cerro navia,13103,68,1051,495,556,1051,495,556,0,0,0
8740,metropolitana de santiago,13,santiago,131,cerro navia,13103,69,1075,435,640,1075,435,640,0,0,0
8741,metropolitana de santiago,13,santiago,131,cerro navia,13103,70,954,446,508,954,446,508,0,0,0
8742,metropolitana de santiago,13,santiago,131,cerro navia,13103,71,1034,449,585,1034,449,585,0,0,0
8743,metropolitana de santiago,13,santiago,131,cerro navia,13103,72,909,397,512,909,397,512,0,0,0
8744,metropolitana de santiago,13,santiago,131,cerro navia,13103,73,819,363,456,819,363,456,0,0,0
8745,metropolitana de santiago,13,santiago,131,cerro navia,13103,74,834,398,436,834,398,436,0,0,0
8746,metropolitana de santiago,13,santiago,131,cerro navia,13103,75,772,324,448,772,324,448,0,0,0
8747,metropolitana de santiago,13,santiago,131,cerro navia,13103,76,717,291,426,717,291,426,0,0,0
8748,metropolitana de santiago,13,santiago,131,cerro navia,13103,77,601,254,347,601,254,347,0,0,0
8749,metropolitana de santiago,13,santiago,131,cerro navia,13103,78,563,224,339,563,224,339,0,0,0
8750,metropolitana de santiago,13,santiago,131,cerro navia,13103,79,507,203,304,507,203,304,0,0,0
8751,metropolitana de santiago,13,santiago,131,cerro navia,13103,80,431,164,267,431,164,267,0,0,0
8752,metropolitana de santiago,13,santiago,131,cerro navia,13103,81,411,150,261,411,150,261,0,0,0
8753,metropolitana de santiago,13,santiago,131,cerro navia,13103,82,360,136,224,360,136,224,0,0,0
8754,metropolitana de santiago,13,santiago,131,cerro navia,13103,83,308,113,195,308,113,195,0,0,0
8755,metropolitana de santiago,13,santiago,131,cerro navia,13103,84,332,117,215,332,117,215,0,0,0
8756,metropolitana de santiago,13,santiago,131,cerro navia,13103,85,261,98,163,261,98,163,0,0,0
8757,metropolitana de santiago,13,santiago,131,cerro navia,13103,86,246,86,160,246,86,160,0,0,0
8758,metropolitana de santiago,13,santiago,131,cerro navia,13103,87,216,74,142,216,74,142,0,0,0
8759,metropolitana de santiago,13,santiago,131,cerro navia,13103,88,162,53,109,162,53,109,0,0,0
8760,metropolitana de santiago,13,santiago,131,cerro navia,13103,89,143,45,98,143,45,98,0,0,0
8761,metropolitana de santiago,13,santiago,131,cerro navia,13103,90,99,29,70,99,29,70,0,0,0
8762,metropolitana de santiago,13,santiago,131,cerro navia,13103,91,86,26,60,86,26,60,0,0,0
8763,metropolitana de santiago,13,santiago,131,cerro navia,13103,92,73,24,49,73,24,49,0,0,0
8764,metropolitana de santiago,13,santiago,131,cerro navia,13103,93,40,15,25,40,15,25,0,0,0
8765,metropolitana de santiago,13,santiago,131,cerro navia,13103,94,42,10,32,42,10,32,0,0,0
8766,metropolitana de santiago,13,santiago,131,cerro navia,13103,95,37,13,24,37,13,24,0,0,0
8767,metropolitana de santiago,13,santiago,131,cerro navia,13103,96,26,3,23,26,3,23,0,0,0
8768,metropolitana de santiago,13,santiago,131,cerro navia,13103,97,14,3,11,14,3,11,0,0,0
8769,metropolitana de santiago,13,santiago,131,cerro navia,13103,98,14,1,13,14,1,13,0,0,0
8770,metropolitana de santiago,13,santiago,131,cerro navia,13103,99,12,2,10,12,2,10,0,0,0
8771,metropolitana de santiago,13,santiago,131,cerro navia,13103,100 o más,34,21,13,34,21,13,0,0,0
8772,metropolitana de santiago,13,santiago,131,conchalí,13104,total comuna,126955,61877,65078,126955,61877,65078,0,0,0
8773,metropolitana de santiago,13,santiago,131,conchalí,13104,0,1479,750,729,1479,750,729,0,0,0
8774,metropolitana de santiago,13,santiago,131,conchalí,13104,1,1647,804,843,1647,804,843,0,0,0
8775,metropolitana de santiago,13,santiago,131,conchalí,13104,2,1656,846,810,1656,846,810,0,0,0
8776,metropolitana de santiago,13,santiago,131,conchalí,13104,3,1642,838,804,1642,838,804,0,0,0
8777,metropolitana de santiago,13,santiago,131,conchalí,13104,4,1565,799,766,1565,799,766,0,0,0
8778,metropolitana de santiago,13,santiago,131,conchalí,13104,5,1606,775,831,1606,775,831,0,0,0
8779,metropolitana de santiago,13,santiago,131,conchalí,13104,6,1658,867,791,1658,867,791,0,0,0
8780,metropolitana de santiago,13,santiago,131,conchalí,13104,7,1573,792,781,1573,792,781,0,0,0
8781,metropolitana de santiago,13,santiago,131,conchalí,13104,8,1619,805,814,1619,805,814,0,0,0
8782,metropolitana de santiago,13,santiago,131,conchalí,13104,9,1616,795,821,1616,795,821,0,0,0
8783,metropolitana de santiago,13,santiago,131,conchalí,13104,10,1542,787,755,1542,787,755,0,0,0
8784,metropolitana de santiago,13,santiago,131,conchalí,13104,11,1536,775,761,1536,775,761,0,0,0
8785,metropolitana de santiago,13,santiago,131,conchalí,13104,12,1434,764,670,1434,764,670,0,0,0
8786,metropolitana de santiago,13,santiago,131,conchalí,13104,13,1456,759,697,1456,759,697,0,0,0
8787,metropolitana de santiago,13,santiago,131,conchalí,13104,14,1580,799,781,1580,799,781,0,0,0
8788,metropolitana de santiago,13,santiago,131,conchalí,13104,15,1636,815,821,1636,815,821,0,0,0
8789,metropolitana de santiago,13,santiago,131,conchalí,13104,16,1688,864,824,1688,864,824,0,0,0
8790,metropolitana de santiago,13,santiago,131,conchalí,13104,17,1644,848,796,1644,848,796,0,0,0
8791,metropolitana de santiago,13,santiago,131,conchalí,13104,18,1754,897,857,1754,897,857,0,0,0
8792,metropolitana de santiago,13,santiago,131,conchalí,13104,19,1835,891,944,1835,891,944,0,0,0
8793,metropolitana de santiago,13,santiago,131,conchalí,13104,20,2012,1063,949,2012,1063,949,0,0,0
8794,metropolitana de santiago,13,santiago,131,conchalí,13104,21,2064,1079,985,2064,1079,985,0,0,0
8795,metropolitana de santiago,13,santiago,131,conchalí,13104,22,2118,1073,1045,2118,1073,1045,0,0,0
8796,metropolitana de santiago,13,santiago,131,conchalí,13104,23,2178,1085,1093,2178,1085,1093,0,0,0
8797,metropolitana de santiago,13,santiago,131,conchalí,13104,24,2131,1122,1009,2131,1122,1009,0,0,0
8798,metropolitana de santiago,13,santiago,131,conchalí,13104,25,2213,1127,1086,2213,1127,1086,0,0,0
8799,metropolitana de santiago,13,santiago,131,conchalí,13104,26,2266,1201,1065,2266,1201,1065,0,0,0
8800,metropolitana de santiago,13,santiago,131,conchalí,13104,27,2202,1151,1051,2202,1151,1051,0,0,0
8801,metropolitana de santiago,13,santiago,131,conchalí,13104,28,2097,1096,1001,2097,1096,1001,0,0,0
8802,metropolitana de santiago,13,santiago,131,conchalí,13104,29,2042,1038,1004,2042,1038,1004,0,0,0
8803,metropolitana de santiago,13,santiago,131,conchalí,13104,30,1906,977,929,1906,977,929,0,0,0
8804,metropolitana de santiago,13,santiago,131,conchalí,13104,31,1787,917,870,1787,917,870,0,0,0
8805,metropolitana de santiago,13,santiago,131,conchalí,13104,32,1747,918,829,1747,918,829,0,0,0
8806,metropolitana de santiago,13,santiago,131,conchalí,13104,33,1657,856,801,1657,856,801,0,0,0
8807,metropolitana de santiago,13,santiago,131,conchalí,13104,34,1720,866,854,1720,866,854,0,0,0
8808,metropolitana de santiago,13,santiago,131,conchalí,13104,35,1709,879,830,1709,879,830,0,0,0
8809,metropolitana de santiago,13,santiago,131,conchalí,13104,36,1586,807,779,1586,807,779,0,0,0
8810,metropolitana de santiago,13,santiago,131,conchalí,13104,37,1598,834,764,1598,834,764,0,0,0
8811,metropolitana de santiago,13,santiago,131,conchalí,13104,38,1511,756,755,1511,756,755,0,0,0
8812,metropolitana de santiago,13,santiago,131,conchalí,13104,39,1484,747,737,1484,747,737,0,0,0
8813,metropolitana de santiago,13,santiago,131,conchalí,13104,40,1523,729,794,1523,729,794,0,0,0
8814,metropolitana de santiago,13,santiago,131,conchalí,13104,41,1552,789,763,1552,789,763,0,0,0
8815,metropolitana de santiago,13,santiago,131,conchalí,13104,42,1631,825,806,1631,825,806,0,0,0
8816,metropolitana de santiago,13,santiago,131,conchalí,13104,43,1691,837,854,1691,837,854,0,0,0
8817,metropolitana de santiago,13,santiago,131,conchalí,13104,44,1736,870,866,1736,870,866,0,0,0
8818,metropolitana de santiago,13,santiago,131,conchalí,13104,45,1668,837,831,1668,837,831,0,0,0
8819,metropolitana de santiago,13,santiago,131,conchalí,13104,46,1704,884,820,1704,884,820,0,0,0
8820,metropolitana de santiago,13,santiago,131,conchalí,13104,47,1614,807,807,1614,807,807,0,0,0
8821,metropolitana de santiago,13,santiago,131,conchalí,13104,48,1588,759,829,1588,759,829,0,0,0
8822,metropolitana de santiago,13,santiago,131,conchalí,13104,49,1701,836,865,1701,836,865,0,0,0
8823,metropolitana de santiago,13,santiago,131,conchalí,13104,50,1621,769,852,1621,769,852,0,0,0
8824,metropolitana de santiago,13,santiago,131,conchalí,13104,51,1756,873,883,1756,873,883,0,0,0
8825,metropolitana de santiago,13,santiago,131,conchalí,13104,52,1931,888,1043,1931,888,1043,0,0,0
8826,metropolitana de santiago,13,santiago,131,conchalí,13104,53,1777,859,918,1777,859,918,0,0,0
8827,metropolitana de santiago,13,santiago,131,conchalí,13104,54,1887,924,963,1887,924,963,0,0,0
8828,metropolitana de santiago,13,santiago,131,conchalí,13104,55,1715,800,915,1715,800,915,0,0,0
8829,metropolitana de santiago,13,santiago,131,conchalí,13104,56,1725,840,885,1725,840,885,0,0,0
8830,metropolitana de santiago,13,santiago,131,conchalí,13104,57,1597,761,836,1597,761,836,0,0,0
8831,metropolitana de santiago,13,santiago,131,conchalí,13104,58,1506,705,801,1506,705,801,0,0,0
8832,metropolitana de santiago,13,santiago,131,conchalí,13104,59,1398,677,721,1398,677,721,0,0,0
8833,metropolitana de santiago,13,santiago,131,conchalí,13104,60,1375,666,709,1375,666,709,0,0,0
8834,metropolitana de santiago,13,santiago,131,conchalí,13104,61,1291,599,692,1291,599,692,0,0,0
8835,metropolitana de santiago,13,santiago,131,conchalí,13104,62,1117,515,602,1117,515,602,0,0,0
8836,metropolitana de santiago,13,santiago,131,conchalí,13104,63,1128,506,622,1128,506,622,0,0,0
8837,metropolitana de santiago,13,santiago,131,conchalí,13104,64,1077,480,597,1077,480,597,0,0,0
8838,metropolitana de santiago,13,santiago,131,conchalí,13104,65,1030,462,568,1030,462,568,0,0,0
8839,metropolitana de santiago,13,santiago,131,conchalí,13104,66,979,455,524,979,455,524,0,0,0
8840,metropolitana de santiago,13,santiago,131,conchalí,13104,67,875,381,494,875,381,494,0,0,0
8841,metropolitana de santiago,13,santiago,131,conchalí,13104,68,922,393,529,922,393,529,0,0,0
8842,metropolitana de santiago,13,santiago,131,conchalí,13104,69,995,419,576,995,419,576,0,0,0
8843,metropolitana de santiago,13,santiago,131,conchalí,13104,70,914,402,512,914,402,512,0,0,0
8844,metropolitana de santiago,13,santiago,131,conchalí,13104,71,880,376,504,880,376,504,0,0,0
8845,metropolitana de santiago,13,santiago,131,conchalí,13104,72,825,367,458,825,367,458,0,0,0
8846,metropolitana de santiago,13,santiago,131,conchalí,13104,73,797,347,450,797,347,450,0,0,0
8847,metropolitana de santiago,13,santiago,131,conchalí,13104,74,834,365,469,834,365,469,0,0,0
8848,metropolitana de santiago,13,santiago,131,conchalí,13104,75,827,329,498,827,329,498,0,0,0
8849,metropolitana de santiago,13,santiago,131,conchalí,13104,76,768,309,459,768,309,459,0,0,0
8850,metropolitana de santiago,13,santiago,131,conchalí,13104,77,710,266,444,710,266,444,0,0,0
8851,metropolitana de santiago,13,santiago,131,conchalí,13104,78,619,242,377,619,242,377,0,0,0
8852,metropolitana de santiago,13,santiago,131,conchalí,13104,79,609,225,384,609,225,384,0,0,0
8853,metropolitana de santiago,13,santiago,131,conchalí,13104,80,593,230,363,593,230,363,0,0,0
8854,metropolitana de santiago,13,santiago,131,conchalí,13104,81,544,202,342,544,202,342,0,0,0
8855,metropolitana de santiago,13,santiago,131,conchalí,13104,82,455,161,294,455,161,294,0,0,0
8856,metropolitana de santiago,13,santiago,131,conchalí,13104,83,469,171,298,469,171,298,0,0,0
8857,metropolitana de santiago,13,santiago,131,conchalí,13104,84,460,162,298,460,162,298,0,0,0
8858,metropolitana de santiago,13,santiago,131,conchalí,13104,85,390,137,253,390,137,253,0,0,0
8859,metropolitana de santiago,13,santiago,131,conchalí,13104,86,414,118,296,414,118,296,0,0,0
8860,metropolitana de santiago,13,santiago,131,conchalí,13104,87,340,113,227,340,113,227,0,0,0
8861,metropolitana de santiago,13,santiago,131,conchalí,13104,88,261,80,181,261,80,181,0,0,0
8862,metropolitana de santiago,13,santiago,131,conchalí,13104,89,220,62,158,220,62,158,0,0,0
8863,metropolitana de santiago,13,santiago,131,conchalí,13104,90,168,56,112,168,56,112,0,0,0
8864,metropolitana de santiago,13,santiago,131,conchalí,13104,91,146,37,109,146,37,109,0,0,0
8865,metropolitana de santiago,13,santiago,131,conchalí,13104,92,96,25,71,96,25,71,0,0,0
8866,metropolitana de santiago,13,santiago,131,conchalí,13104,93,64,21,43,64,21,43,0,0,0
8867,metropolitana de santiago,13,santiago,131,conchalí,13104,94,78,24,54,78,24,54,0,0,0
8868,metropolitana de santiago,13,santiago,131,conchalí,13104,95,47,13,34,47,13,34,0,0,0
8869,metropolitana de santiago,13,santiago,131,conchalí,13104,96,22,5,17,22,5,17,0,0,0
8870,metropolitana de santiago,13,santiago,131,conchalí,13104,97,34,11,23,34,11,23,0,0,0
8871,metropolitana de santiago,13,santiago,131,conchalí,13104,98,13,4,9,13,4,9,0,0,0
8872,metropolitana de santiago,13,santiago,131,conchalí,13104,99,11,1,10,11,1,10,0,0,0
8873,metropolitana de santiago,13,santiago,131,conchalí,13104,100 o más,43,9,34,43,9,34,0,0,0
8874,metropolitana de santiago,13,santiago,131,el bosque,13105,total comuna,162505,79372,83133,162505,79372,83133,0,0,0
8875,metropolitana de santiago,13,santiago,131,el bosque,13105,0,1983,1038,945,1983,1038,945,0,0,0
8876,metropolitana de santiago,13,santiago,131,el bosque,13105,1,2231,1118,1113,2231,1118,1113,0,0,0
8877,metropolitana de santiago,13,santiago,131,el bosque,13105,2,2238,1155,1083,2238,1155,1083,0,0,0
8878,metropolitana de santiago,13,santiago,131,el bosque,13105,3,2071,1029,1042,2071,1029,1042,0,0,0
8879,metropolitana de santiago,13,santiago,131,el bosque,13105,4,2150,1042,1108,2150,1042,1108,0,0,0
8880,metropolitana de santiago,13,santiago,131,el bosque,13105,5,2366,1196,1170,2366,1196,1170,0,0,0
8881,metropolitana de santiago,13,santiago,131,el bosque,13105,6,2358,1229,1129,2358,1229,1129,0,0,0
8882,metropolitana de santiago,13,santiago,131,el bosque,13105,7,2428,1264,1164,2428,1264,1164,0,0,0
8883,metropolitana de santiago,13,santiago,131,el bosque,13105,8,2345,1219,1126,2345,1219,1126,0,0,0
8884,metropolitana de santiago,13,santiago,131,el bosque,13105,9,2288,1167,1121,2288,1167,1121,0,0,0
8885,metropolitana de santiago,13,santiago,131,el bosque,13105,10,2091,1062,1029,2091,1062,1029,0,0,0
8886,metropolitana de santiago,13,santiago,131,el bosque,13105,11,2092,1104,988,2092,1104,988,0,0,0
8887,metropolitana de santiago,13,santiago,131,el bosque,13105,12,2071,1101,970,2071,1101,970,0,0,0
8888,metropolitana de santiago,13,santiago,131,el bosque,13105,13,2137,1115,1022,2137,1115,1022,0,0,0
8889,metropolitana de santiago,13,santiago,131,el bosque,13105,14,2168,1084,1084,2168,1084,1084,0,0,0
8890,metropolitana de santiago,13,santiago,131,el bosque,13105,15,2271,1152,1119,2271,1152,1119,0,0,0
8891,metropolitana de santiago,13,santiago,131,el bosque,13105,16,2321,1142,1179,2321,1142,1179,0,0,0
8892,metropolitana de santiago,13,santiago,131,el bosque,13105,17,2325,1138,1187,2325,1138,1187,0,0,0
8893,metropolitana de santiago,13,santiago,131,el bosque,13105,18,2396,1229,1167,2396,1229,1167,0,0,0
8894,metropolitana de santiago,13,santiago,131,el bosque,13105,19,2464,1242,1222,2464,1242,1222,0,0,0
8895,metropolitana de santiago,13,santiago,131,el bosque,13105,20,2539,1286,1253,2539,1286,1253,0,0,0
8896,metropolitana de santiago,13,santiago,131,el bosque,13105,21,2566,1305,1261,2566,1305,1261,0,0,0
8897,metropolitana de santiago,13,santiago,131,el bosque,13105,22,2703,1388,1315,2703,1388,1315,0,0,0
8898,metropolitana de santiago,13,santiago,131,el bosque,13105,23,2698,1345,1353,2698,1345,1353,0,0,0
8899,metropolitana de santiago,13,santiago,131,el bosque,13105,24,2797,1474,1323,2797,1474,1323,0,0,0
8900,metropolitana de santiago,13,santiago,131,el bosque,13105,25,2904,1484,1420,2904,1484,1420,0,0,0
8901,metropolitana de santiago,13,santiago,131,el bosque,13105,26,2994,1568,1426,2994,1568,1426,0,0,0
8902,metropolitana de santiago,13,santiago,131,el bosque,13105,27,2899,1528,1371,2899,1528,1371,0,0,0
8903,metropolitana de santiago,13,santiago,131,el bosque,13105,28,2758,1428,1330,2758,1428,1330,0,0,0
8904,metropolitana de santiago,13,santiago,131,el bosque,13105,29,2559,1294,1265,2559,1294,1265,0,0,0
8905,metropolitana de santiago,13,santiago,131,el bosque,13105,30,2363,1191,1172,2363,1191,1172,0,0,0
8906,metropolitana de santiago,13,santiago,131,el bosque,13105,31,2273,1156,1117,2273,1156,1117,0,0,0
8907,metropolitana de santiago,13,santiago,131,el bosque,13105,32,2244,1154,1090,2244,1154,1090,0,0,0
8908,metropolitana de santiago,13,santiago,131,el bosque,13105,33,2073,1023,1050,2073,1023,1050,0,0,0
8909,metropolitana de santiago,13,santiago,131,el bosque,13105,34,2180,1080,1100,2180,1080,1100,0,0,0
8910,metropolitana de santiago,13,santiago,131,el bosque,13105,35,2315,1125,1190,2315,1125,1190,0,0,0
8911,metropolitana de santiago,13,santiago,131,el bosque,13105,36,2037,1042,995,2037,1042,995,0,0,0
8912,metropolitana de santiago,13,santiago,131,el bosque,13105,37,1987,1008,979,1987,1008,979,0,0,0
8913,metropolitana de santiago,13,santiago,131,el bosque,13105,38,1870,915,955,1870,915,955,0,0,0
8914,metropolitana de santiago,13,santiago,131,el bosque,13105,39,1812,898,914,1812,898,914,0,0,0
8915,metropolitana de santiago,13,santiago,131,el bosque,13105,40,1741,882,859,1741,882,859,0,0,0
8916,metropolitana de santiago,13,santiago,131,el bosque,13105,41,1844,925,919,1844,925,919,0,0,0
8917,metropolitana de santiago,13,santiago,131,el bosque,13105,42,2016,991,1025,2016,991,1025,0,0,0
8918,metropolitana de santiago,13,santiago,131,el bosque,13105,43,2166,1072,1094,2166,1072,1094,0,0,0
8919,metropolitana de santiago,13,santiago,131,el bosque,13105,44,2045,1001,1044,2045,1001,1044,0,0,0
8920,metropolitana de santiago,13,santiago,131,el bosque,13105,45,2154,1055,1099,2154,1055,1099,0,0,0
8921,metropolitana de santiago,13,santiago,131,el bosque,13105,46,1955,969,986,1955,969,986,0,0,0
8922,metropolitana de santiago,13,santiago,131,el bosque,13105,47,1999,975,1024,1999,975,1024,0,0,0
8923,metropolitana de santiago,13,santiago,131,el bosque,13105,48,1958,967,991,1958,967,991,0,0,0
8924,metropolitana de santiago,13,santiago,131,el bosque,13105,49,2066,1008,1058,2066,1008,1058,0,0,0
8925,metropolitana de santiago,13,santiago,131,el bosque,13105,50,2140,1032,1108,2140,1032,1108,0,0,0
8926,metropolitana de santiago,13,santiago,131,el bosque,13105,51,2142,1034,1108,2142,1034,1108,0,0,0
8927,metropolitana de santiago,13,santiago,131,el bosque,13105,52,2231,1050,1181,2231,1050,1181,0,0,0
8928,metropolitana de santiago,13,santiago,131,el bosque,13105,53,2220,1075,1145,2220,1075,1145,0,0,0
8929,metropolitana de santiago,13,santiago,131,el bosque,13105,54,2290,1121,1169,2290,1121,1169,0,0,0
8930,metropolitana de santiago,13,santiago,131,el bosque,13105,55,2109,1003,1106,2109,1003,1106,0,0,0
8931,metropolitana de santiago,13,santiago,131,el bosque,13105,56,2059,965,1094,2059,965,1094,0,0,0
8932,metropolitana de santiago,13,santiago,131,el bosque,13105,57,1976,912,1064,1976,912,1064,0,0,0
8933,metropolitana de santiago,13,santiago,131,el bosque,13105,58,2034,922,1112,2034,922,1112,0,0,0
8934,metropolitana de santiago,13,santiago,131,el bosque,13105,59,1913,930,983,1913,930,983,0,0,0
8935,metropolitana de santiago,13,santiago,131,el bosque,13105,60,1822,870,952,1822,870,952,0,0,0
8936,metropolitana de santiago,13,santiago,131,el bosque,13105,61,1730,796,934,1730,796,934,0,0,0
8937,metropolitana de santiago,13,santiago,131,el bosque,13105,62,1600,732,868,1600,732,868,0,0,0
8938,metropolitana de santiago,13,santiago,131,el bosque,13105,63,1599,699,900,1599,699,900,0,0,0
8939,metropolitana de santiago,13,santiago,131,el bosque,13105,64,1461,671,790,1461,671,790,0,0,0
8940,metropolitana de santiago,13,santiago,131,el bosque,13105,65,1371,643,728,1371,643,728,0,0,0
8941,metropolitana de santiago,13,santiago,131,el bosque,13105,66,1276,558,718,1276,558,718,0,0,0
8942,metropolitana de santiago,13,santiago,131,el bosque,13105,67,1296,579,717,1296,579,717,0,0,0
8943,metropolitana de santiago,13,santiago,131,el bosque,13105,68,1224,555,669,1224,555,669,0,0,0
8944,metropolitana de santiago,13,santiago,131,el bosque,13105,69,1181,526,655,1181,526,655,0,0,0
8945,metropolitana de santiago,13,santiago,131,el bosque,13105,70,1162,490,672,1162,490,672,0,0,0
8946,metropolitana de santiago,13,santiago,131,el bosque,13105,71,1108,452,656,1108,452,656,0,0,0
8947,metropolitana de santiago,13,santiago,131,el bosque,13105,72,1092,492,600,1092,492,600,0,0,0
8948,metropolitana de santiago,13,santiago,131,el bosque,13105,73,1020,471,549,1020,471,549,0,0,0
8949,metropolitana de santiago,13,santiago,131,el bosque,13105,74,970,399,571,970,399,571,0,0,0
8950,metropolitana de santiago,13,santiago,131,el bosque,13105,75,864,345,519,864,345,519,0,0,0
8951,metropolitana de santiago,13,santiago,131,el bosque,13105,76,855,337,518,855,337,518,0,0,0
8952,metropolitana de santiago,13,santiago,131,el bosque,13105,77,741,299,442,741,299,442,0,0,0
8953,metropolitana de santiago,13,santiago,131,el bosque,13105,78,673,275,398,673,275,398,0,0,0
8954,metropolitana de santiago,13,santiago,131,el bosque,13105,79,604,219,385,604,219,385,0,0,0
8955,metropolitana de santiago,13,santiago,131,el bosque,13105,80,579,231,348,579,231,348,0,0,0
8956,metropolitana de santiago,13,santiago,131,el bosque,13105,81,499,184,315,499,184,315,0,0,0
8957,metropolitana de santiago,13,santiago,131,el bosque,13105,82,460,176,284,460,176,284,0,0,0
8958,metropolitana de santiago,13,santiago,131,el bosque,13105,83,426,167,259,426,167,259,0,0,0
8959,metropolitana de santiago,13,santiago,131,el bosque,13105,84,398,159,239,398,159,239,0,0,0
8960,metropolitana de santiago,13,santiago,131,el bosque,13105,85,382,137,245,382,137,245,0,0,0
8961,metropolitana de santiago,13,santiago,131,el bosque,13105,86,374,116,258,374,116,258,0,0,0
8962,metropolitana de santiago,13,santiago,131,el bosque,13105,87,300,110,190,300,110,190,0,0,0
8963,metropolitana de santiago,13,santiago,131,el bosque,13105,88,211,55,156,211,55,156,0,0,0
8964,metropolitana de santiago,13,santiago,131,el bosque,13105,89,206,65,141,206,65,141,0,0,0
8965,metropolitana de santiago,13,santiago,131,el bosque,13105,90,132,41,91,132,41,91,0,0,0
8966,metropolitana de santiago,13,santiago,131,el bosque,13105,91,95,25,70,95,25,70,0,0,0
8967,metropolitana de santiago,13,santiago,131,el bosque,13105,92,95,20,75,95,20,75,0,0,0
8968,metropolitana de santiago,13,santiago,131,el bosque,13105,93,66,18,48,66,18,48,0,0,0
8969,metropolitana de santiago,13,santiago,131,el bosque,13105,94,64,13,51,64,13,51,0,0,0
8970,metropolitana de santiago,13,santiago,131,el bosque,13105,95,31,9,22,31,9,22,0,0,0
8971,metropolitana de santiago,13,santiago,131,el bosque,13105,96,38,9,29,38,9,29,0,0,0
8972,metropolitana de santiago,13,santiago,131,el bosque,13105,97,20,4,16,20,4,16,0,0,0
8973,metropolitana de santiago,13,santiago,131,el bosque,13105,98,10,3,7,10,3,7,0,0,0
8974,metropolitana de santiago,13,santiago,131,el bosque,13105,99,5,0,5,5,0,5,0,0,0
8975,metropolitana de santiago,13,santiago,131,el bosque,13105,100 o más,42,15,27,42,15,27,0,0,0
8976,metropolitana de santiago,13,santiago,131,estación central,13106,total comuna,147041,73458,73583,147041,73458,73583,0,0,0
8977,metropolitana de santiago,13,santiago,131,estación central,13106,0,1808,872,936,1808,872,936,0,0,0
8978,metropolitana de santiago,13,santiago,131,estación central,13106,1,1822,889,933,1822,889,933,0,0,0
8979,metropolitana de santiago,13,santiago,131,estación central,13106,2,1790,900,890,1790,900,890,0,0,0
8980,metropolitana de santiago,13,santiago,131,estación central,13106,3,1647,812,835,1647,812,835,0,0,0
8981,metropolitana de santiago,13,santiago,131,estación central,13106,4,1679,892,787,1679,892,787,0,0,0
8982,metropolitana de santiago,13,santiago,131,estación central,13106,5,1720,849,871,1720,849,871,0,0,0
8983,metropolitana de santiago,13,santiago,131,estación central,13106,6,1575,821,754,1575,821,754,0,0,0
8984,metropolitana de santiago,13,santiago,131,estación central,13106,7,1646,871,775,1646,871,775,0,0,0
8985,metropolitana de santiago,13,santiago,131,estación central,13106,8,1576,830,746,1576,830,746,0,0,0
8986,metropolitana de santiago,13,santiago,131,estación central,13106,9,1548,796,752,1548,796,752,0,0,0
8987,metropolitana de santiago,13,santiago,131,estación central,13106,10,1440,729,711,1440,729,711,0,0,0
8988,metropolitana de santiago,13,santiago,131,estación central,13106,11,1413,700,713,1413,700,713,0,0,0
8989,metropolitana de santiago,13,santiago,131,estación central,13106,12,1446,728,718,1446,728,718,0,0,0
8990,metropolitana de santiago,13,santiago,131,estación central,13106,13,1369,704,665,1369,704,665,0,0,0
8991,metropolitana de santiago,13,santiago,131,estación central,13106,14,1540,740,800,1540,740,800,0,0,0
8992,metropolitana de santiago,13,santiago,131,estación central,13106,15,1516,759,757,1516,759,757,0,0,0
8993,metropolitana de santiago,13,santiago,131,estación central,13106,16,1547,805,742,1547,805,742,0,0,0
8994,metropolitana de santiago,13,santiago,131,estación central,13106,17,1636,835,801,1636,835,801,0,0,0
8995,metropolitana de santiago,13,santiago,131,estación central,13106,18,1945,1007,938,1945,1007,938,0,0,0
8996,metropolitana de santiago,13,santiago,131,estación central,13106,19,2061,1068,993,2061,1068,993,0,0,0
8997,metropolitana de santiago,13,santiago,131,estación central,13106,20,2412,1194,1218,2412,1194,1218,0,0,0
8998,metropolitana de santiago,13,santiago,131,estación central,13106,21,2545,1326,1219,2545,1326,1219,0,0,0
8999,metropolitana de santiago,13,santiago,131,estación central,13106,22,2726,1440,1286,2726,1440,1286,0,0,0
9000,metropolitana de santiago,13,santiago,131,estación central,13106,23,2944,1559,1385,2944,1559,1385,0,0,0
9001,metropolitana de santiago,13,santiago,131,estación central,13106,24,3130,1634,1496,3130,1634,1496,0,0,0
9002,metropolitana de santiago,13,santiago,131,estación central,13106,25,3252,1740,1512,3252,1740,1512,0,0,0
9003,metropolitana de santiago,13,santiago,131,estación central,13106,26,3322,1767,1555,3322,1767,1555,0,0,0
9004,metropolitana de santiago,13,santiago,131,estación central,13106,27,3368,1735,1633,3368,1735,1633,0,0,0
9005,metropolitana de santiago,13,santiago,131,estación central,13106,28,3318,1807,1511,3318,1807,1511,0,0,0
9006,metropolitana de santiago,13,santiago,131,estación central,13106,29,3032,1653,1379,3032,1653,1379,0,0,0
9007,metropolitana de santiago,13,santiago,131,estación central,13106,30,2946,1553,1393,2946,1553,1393,0,0,0
9008,metropolitana de santiago,13,santiago,131,estación central,13106,31,2733,1516,1217,2733,1516,1217,0,0,0
9009,metropolitana de santiago,13,santiago,131,estación central,13106,32,2665,1459,1206,2665,1459,1206,0,0,0
9010,metropolitana de santiago,13,santiago,131,estación central,13106,33,2323,1225,1098,2323,1225,1098,0,0,0
9011,metropolitana de santiago,13,santiago,131,estación central,13106,34,2363,1283,1080,2363,1283,1080,0,0,0
9012,metropolitana de santiago,13,santiago,131,estación central,13106,35,2431,1331,1100,2431,1331,1100,0,0,0
9013,metropolitana de santiago,13,santiago,131,estación central,13106,36,2227,1180,1047,2227,1180,1047,0,0,0
9014,metropolitana de santiago,13,santiago,131,estación central,13106,37,2118,1084,1034,2118,1084,1034,0,0,0
9015,metropolitana de santiago,13,santiago,131,estación central,13106,38,2001,1061,940,2001,1061,940,0,0,0
9016,metropolitana de santiago,13,santiago,131,estación central,13106,39,1859,988,871,1859,988,871,0,0,0
9017,metropolitana de santiago,13,santiago,131,estación central,13106,40,1874,985,889,1874,985,889,0,0,0
9018,metropolitana de santiago,13,santiago,131,estación central,13106,41,1925,1028,897,1925,1028,897,0,0,0
9019,metropolitana de santiago,13,santiago,131,estación central,13106,42,1924,1038,886,1924,1038,886,0,0,0
9020,metropolitana de santiago,13,santiago,131,estación central,13106,43,1915,1020,895,1915,1020,895,0,0,0
9021,metropolitana de santiago,13,santiago,131,estación central,13106,44,1923,1020,903,1923,1020,903,0,0,0
9022,metropolitana de santiago,13,santiago,131,estación central,13106,45,1972,1024,948,1972,1024,948,0,0,0
9023,metropolitana de santiago,13,santiago,131,estación central,13106,46,1794,948,846,1794,948,846,0,0,0
9024,metropolitana de santiago,13,santiago,131,estación central,13106,47,1642,789,853,1642,789,853,0,0,0
9025,metropolitana de santiago,13,santiago,131,estación central,13106,48,1724,846,878,1724,846,878,0,0,0
9026,metropolitana de santiago,13,santiago,131,estación central,13106,49,1833,907,926,1833,907,926,0,0,0
9027,metropolitana de santiago,13,santiago,131,estación central,13106,50,1889,931,958,1889,931,958,0,0,0
9028,metropolitana de santiago,13,santiago,131,estación central,13106,51,1935,925,1010,1935,925,1010,0,0,0
9029,metropolitana de santiago,13,santiago,131,estación central,13106,52,1947,943,1004,1947,943,1004,0,0,0
9030,metropolitana de santiago,13,santiago,131,estación central,13106,53,1946,918,1028,1946,918,1028,0,0,0
9031,metropolitana de santiago,13,santiago,131,estación central,13106,54,1959,934,1025,1959,934,1025,0,0,0
9032,metropolitana de santiago,13,santiago,131,estación central,13106,55,1780,838,942,1780,838,942,0,0,0
9033,metropolitana de santiago,13,santiago,131,estación central,13106,56,1746,883,863,1746,883,863,0,0,0
9034,metropolitana de santiago,13,santiago,131,estación central,13106,57,1660,802,858,1660,802,858,0,0,0
9035,metropolitana de santiago,13,santiago,131,estación central,13106,58,1638,764,874,1638,764,874,0,0,0
9036,metropolitana de santiago,13,santiago,131,estación central,13106,59,1541,691,850,1541,691,850,0,0,0
9037,metropolitana de santiago,13,santiago,131,estación central,13106,60,1502,729,773,1502,729,773,0,0,0
9038,metropolitana de santiago,13,santiago,131,estación central,13106,61,1355,636,719,1355,636,719,0,0,0
9039,metropolitana de santiago,13,santiago,131,estación central,13106,62,1343,635,708,1343,635,708,0,0,0
9040,metropolitana de santiago,13,santiago,131,estación central,13106,63,1260,587,673,1260,587,673,0,0,0
9041,metropolitana de santiago,13,santiago,131,estación central,13106,64,1171,530,641,1171,530,641,0,0,0
9042,metropolitana de santiago,13,santiago,131,estación central,13106,65,1070,480,590,1070,480,590,0,0,0
9043,metropolitana de santiago,13,santiago,131,estación central,13106,66,1051,462,589,1051,462,589,0,0,0
9044,metropolitana de santiago,13,santiago,131,estación central,13106,67,1000,436,564,1000,436,564,0,0,0
9045,metropolitana de santiago,13,santiago,131,estación central,13106,68,996,429,567,996,429,567,0,0,0
9046,metropolitana de santiago,13,santiago,131,estación central,13106,69,992,422,570,992,422,570,0,0,0
9047,metropolitana de santiago,13,santiago,131,estación central,13106,70,994,438,556,994,438,556,0,0,0
9048,metropolitana de santiago,13,santiago,131,estación central,13106,71,936,409,527,936,409,527,0,0,0
9049,metropolitana de santiago,13,santiago,131,estación central,13106,72,868,339,529,868,339,529,0,0,0
9050,metropolitana de santiago,13,santiago,131,estación central,13106,73,844,343,501,844,343,501,0,0,0
9051,metropolitana de santiago,13,santiago,131,estación central,13106,74,845,359,486,845,359,486,0,0,0
9052,metropolitana de santiago,13,santiago,131,estación central,13106,75,763,314,449,763,314,449,0,0,0
9053,metropolitana de santiago,13,santiago,131,estación central,13106,76,733,292,441,733,292,441,0,0,0
9054,metropolitana de santiago,13,santiago,131,estación central,13106,77,721,271,450,721,271,450,0,0,0
9055,metropolitana de santiago,13,santiago,131,estación central,13106,78,616,248,368,616,248,368,0,0,0
9056,metropolitana de santiago,13,santiago,131,estación central,13106,79,528,209,319,528,209,319,0,0,0
9057,metropolitana de santiago,13,santiago,131,estación central,13106,80,473,192,281,473,192,281,0,0,0
9058,metropolitana de santiago,13,santiago,131,estación central,13106,81,453,156,297,453,156,297,0,0,0
9059,metropolitana de santiago,13,santiago,131,estación central,13106,82,479,177,302,479,177,302,0,0,0
9060,metropolitana de santiago,13,santiago,131,estación central,13106,83,422,158,264,422,158,264,0,0,0
9061,metropolitana de santiago,13,santiago,131,estación central,13106,84,397,140,257,397,140,257,0,0,0
9062,metropolitana de santiago,13,santiago,131,estación central,13106,85,360,124,236,360,124,236,0,0,0
9063,metropolitana de santiago,13,santiago,131,estación central,13106,86,349,114,235,349,114,235,0,0,0
9064,metropolitana de santiago,13,santiago,131,estación central,13106,87,303,100,203,303,100,203,0,0,0
9065,metropolitana de santiago,13,santiago,131,estación central,13106,88,254,73,181,254,73,181,0,0,0
9066,metropolitana de santiago,13,santiago,131,estación central,13106,89,202,58,144,202,58,144,0,0,0
9067,metropolitana de santiago,13,santiago,131,estación central,13106,90,167,48,119,167,48,119,0,0,0
9068,metropolitana de santiago,13,santiago,131,estación central,13106,91,113,27,86,113,27,86,0,0,0
9069,metropolitana de santiago,13,santiago,131,estación central,13106,92,129,47,82,129,47,82,0,0,0
9070,metropolitana de santiago,13,santiago,131,estación central,13106,93,88,28,60,88,28,60,0,0,0
9071,metropolitana de santiago,13,santiago,131,estación central,13106,94,70,22,48,70,22,48,0,0,0
9072,metropolitana de santiago,13,santiago,131,estación central,13106,95,45,12,33,45,12,33,0,0,0
9073,metropolitana de santiago,13,santiago,131,estación central,13106,96,38,10,28,38,10,28,0,0,0
9074,metropolitana de santiago,13,santiago,131,estación central,13106,97,29,9,20,29,9,20,0,0,0
9075,metropolitana de santiago,13,santiago,131,estación central,13106,98,24,3,21,24,3,21,0,0,0
9076,metropolitana de santiago,13,santiago,131,estación central,13106,99,16,5,11,16,5,11,0,0,0
9077,metropolitana de santiago,13,santiago,131,estación central,13106,100 o más,36,11,25,36,11,25,0,0,0
9078,metropolitana de santiago,13,santiago,131,huechuraba,13107,total comuna,98671,48122,50549,98572,48069,50503,99,53,46
9079,metropolitana de santiago,13,santiago,131,huechuraba,13107,0,1292,643,649,1291,643,648,1,0,1
9080,metropolitana de santiago,13,santiago,131,huechuraba,13107,1,1493,727,766,1491,726,765,2,1,1
9081,metropolitana de santiago,13,santiago,131,huechuraba,13107,2,1501,779,722,1501,779,722,0,0,0
9082,metropolitana de santiago,13,santiago,131,huechuraba,13107,3,1516,759,757,1516,759,757,0,0,0
9083,metropolitana de santiago,13,santiago,131,huechuraba,13107,4,1587,802,785,1584,800,784,3,2,1
9084,metropolitana de santiago,13,santiago,131,huechuraba,13107,5,1560,815,745,1559,814,745,1,1,0
9085,metropolitana de santiago,13,santiago,131,huechuraba,13107,6,1638,882,756,1636,881,755,2,1,1
9086,metropolitana de santiago,13,santiago,131,huechuraba,13107,7,1603,790,813,1597,787,810,6,3,3
9087,metropolitana de santiago,13,santiago,131,huechuraba,13107,8,1655,838,817,1652,837,815,3,1,2
9088,metropolitana de santiago,13,santiago,131,huechuraba,13107,9,1603,818,785,1602,818,784,1,0,1
9089,metropolitana de santiago,13,santiago,131,huechuraba,13107,10,1555,796,759,1555,796,759,0,0,0
9090,metropolitana de santiago,13,santiago,131,huechuraba,13107,11,1556,801,755,1555,800,755,1,1,0
9091,metropolitana de santiago,13,santiago,131,huechuraba,13107,12,1459,742,717,1459,742,717,0,0,0
9092,metropolitana de santiago,13,santiago,131,huechuraba,13107,13,1475,776,699,1471,773,698,4,3,1
9093,metropolitana de santiago,13,santiago,131,huechuraba,13107,14,1498,769,729,1495,767,728,3,2,1
9094,metropolitana de santiago,13,santiago,131,huechuraba,13107,15,1532,744,788,1532,744,788,0,0,0
9095,metropolitana de santiago,13,santiago,131,huechuraba,13107,16,1624,831,793,1621,829,792,3,2,1
9096,metropolitana de santiago,13,santiago,131,huechuraba,13107,17,1422,703,719,1420,703,717,2,0,2
9097,metropolitana de santiago,13,santiago,131,huechuraba,13107,18,1522,745,777,1520,745,775,2,0,2
9098,metropolitana de santiago,13,santiago,131,huechuraba,13107,19,1442,731,711,1442,731,711,0,0,0
9099,metropolitana de santiago,13,santiago,131,huechuraba,13107,20,1491,762,729,1488,759,729,3,3,0
9100,metropolitana de santiago,13,santiago,131,huechuraba,13107,21,1517,768,749,1516,768,748,1,0,1
9101,metropolitana de santiago,13,santiago,131,huechuraba,13107,22,1583,780,803,1583,780,803,0,0,0
9102,metropolitana de santiago,13,santiago,131,huechuraba,13107,23,1467,740,727,1467,740,727,0,0,0
9103,metropolitana de santiago,13,santiago,131,huechuraba,13107,24,1451,748,703,1448,747,701,3,1,2
9104,metropolitana de santiago,13,santiago,131,huechuraba,13107,25,1467,732,735,1466,732,734,1,0,1
9105,metropolitana de santiago,13,santiago,131,huechuraba,13107,26,1423,732,691,1423,732,691,0,0,0
9106,metropolitana de santiago,13,santiago,131,huechuraba,13107,27,1422,725,697,1420,724,696,2,1,1
9107,metropolitana de santiago,13,santiago,131,huechuraba,13107,28,1360,688,672,1357,686,671,3,2,1
9108,metropolitana de santiago,13,santiago,131,huechuraba,13107,29,1287,629,658,1284,627,657,3,2,1
9109,metropolitana de santiago,13,santiago,131,huechuraba,13107,30,1258,591,667,1256,591,665,2,0,2
9110,metropolitana de santiago,13,santiago,131,huechuraba,13107,31,1333,642,691,1332,642,690,1,0,1
9111,metropolitana de santiago,13,santiago,131,huechuraba,13107,32,1204,591,613,1203,590,613,1,1,0
9112,metropolitana de santiago,13,santiago,131,huechuraba,13107,33,1325,656,669,1325,656,669,0,0,0
9113,metropolitana de santiago,13,santiago,131,huechuraba,13107,34,1370,637,733,1366,636,730,4,1,3
9114,metropolitana de santiago,13,santiago,131,huechuraba,13107,35,1471,715,756,1471,715,756,0,0,0
9115,metropolitana de santiago,13,santiago,131,huechuraba,13107,36,1417,691,726,1413,689,724,4,2,2
9116,metropolitana de santiago,13,santiago,131,huechuraba,13107,37,1482,722,760,1477,718,759,5,4,1
9117,metropolitana de santiago,13,santiago,131,huechuraba,13107,38,1438,681,757,1436,681,755,2,0,2
9118,metropolitana de santiago,13,santiago,131,huechuraba,13107,39,1435,703,732,1434,702,732,1,1,0
9119,metropolitana de santiago,13,santiago,131,huechuraba,13107,40,1565,727,838,1564,726,838,1,1,0
9120,metropolitana de santiago,13,santiago,131,huechuraba,13107,41,1617,733,884,1614,732,882,3,1,2
9121,metropolitana de santiago,13,santiago,131,huechuraba,13107,42,1624,789,835,1623,788,835,1,1,0
9122,metropolitana de santiago,13,santiago,131,huechuraba,13107,43,1751,864,887,1751,864,887,0,0,0
9123,metropolitana de santiago,13,santiago,131,huechuraba,13107,44,1715,809,906,1715,809,906,0,0,0
9124,metropolitana de santiago,13,santiago,131,huechuraba,13107,45,1711,827,884,1711,827,884,0,0,0
9125,metropolitana de santiago,13,santiago,131,huechuraba,13107,46,1594,762,832,1591,759,832,3,3,0
9126,metropolitana de santiago,13,santiago,131,huechuraba,13107,47,1522,779,743,1522,779,743,0,0,0
9127,metropolitana de santiago,13,santiago,131,huechuraba,13107,48,1492,734,758,1492,734,758,0,0,0
9128,metropolitana de santiago,13,santiago,131,huechuraba,13107,49,1539,760,779,1539,760,779,0,0,0
9129,metropolitana de santiago,13,santiago,131,huechuraba,13107,50,1411,715,696,1410,715,695,1,0,1
9130,metropolitana de santiago,13,santiago,131,huechuraba,13107,51,1325,635,690,1324,634,690,1,1,0
9131,metropolitana de santiago,13,santiago,131,huechuraba,13107,52,1336,675,661,1334,673,661,2,2,0
9132,metropolitana de santiago,13,santiago,131,huechuraba,13107,53,1209,616,593,1209,616,593,0,0,0
9133,metropolitana de santiago,13,santiago,131,huechuraba,13107,54,1189,581,608,1188,580,608,1,1,0
9134,metropolitana de santiago,13,santiago,131,huechuraba,13107,55,1033,523,510,1032,522,510,1,1,0
9135,metropolitana de santiago,13,santiago,131,huechuraba,13107,56,969,488,481,968,488,480,1,0,1
9136,metropolitana de santiago,13,santiago,131,huechuraba,13107,57,938,436,502,938,436,502,0,0,0
9137,metropolitana de santiago,13,santiago,131,huechuraba,13107,58,767,379,388,766,379,387,1,0,1
9138,metropolitana de santiago,13,santiago,131,huechuraba,13107,59,801,386,415,800,385,415,1,1,0
9139,metropolitana de santiago,13,santiago,131,huechuraba,13107,60,772,340,432,772,340,432,0,0,0
9140,metropolitana de santiago,13,santiago,131,huechuraba,13107,61,648,296,352,647,295,352,1,1,0
9141,metropolitana de santiago,13,santiago,131,huechuraba,13107,62,671,293,378,669,292,377,2,1,1
9142,metropolitana de santiago,13,santiago,131,huechuraba,13107,63,683,317,366,683,317,366,0,0,0
9143,metropolitana de santiago,13,santiago,131,huechuraba,13107,64,642,296,346,642,296,346,0,0,0
9144,metropolitana de santiago,13,santiago,131,huechuraba,13107,65,669,288,381,668,287,381,1,1,0
9145,metropolitana de santiago,13,santiago,131,huechuraba,13107,66,604,259,345,602,258,344,2,1,1
9146,metropolitana de santiago,13,santiago,131,huechuraba,13107,67,606,263,343,606,263,343,0,0,0
9147,metropolitana de santiago,13,santiago,131,huechuraba,13107,68,627,283,344,626,283,343,1,0,1
9148,metropolitana de santiago,13,santiago,131,huechuraba,13107,69,655,274,381,654,274,380,1,0,1
9149,metropolitana de santiago,13,santiago,131,huechuraba,13107,70,653,306,347,652,305,347,1,1,0
9150,metropolitana de santiago,13,santiago,131,huechuraba,13107,71,616,267,349,616,267,349,0,0,0
9151,metropolitana de santiago,13,santiago,131,huechuraba,13107,72,538,246,292,538,246,292,0,0,0
9152,metropolitana de santiago,13,santiago,131,huechuraba,13107,73,529,203,326,529,203,326,0,0,0
9153,metropolitana de santiago,13,santiago,131,huechuraba,13107,74,468,209,259,468,209,259,0,0,0
9154,metropolitana de santiago,13,santiago,131,huechuraba,13107,75,427,180,247,427,180,247,0,0,0
9155,metropolitana de santiago,13,santiago,131,huechuraba,13107,76,405,180,225,404,180,224,1,0,1
9156,metropolitana de santiago,13,santiago,131,huechuraba,13107,77,348,150,198,348,150,198,0,0,0
9157,metropolitana de santiago,13,santiago,131,huechuraba,13107,78,292,124,168,292,124,168,0,0,0
9158,metropolitana de santiago,13,santiago,131,huechuraba,13107,79,260,108,152,260,108,152,0,0,0
9159,metropolitana de santiago,13,santiago,131,huechuraba,13107,80,225,87,138,225,87,138,0,0,0
9160,metropolitana de santiago,13,santiago,131,huechuraba,13107,81,222,88,134,222,88,134,0,0,0
9161,metropolitana de santiago,13,santiago,131,huechuraba,13107,82,194,68,126,194,68,126,0,0,0
9162,metropolitana de santiago,13,santiago,131,huechuraba,13107,83,178,69,109,176,68,108,2,1,1
9163,metropolitana de santiago,13,santiago,131,huechuraba,13107,84,180,58,122,180,58,122,0,0,0
9164,metropolitana de santiago,13,santiago,131,huechuraba,13107,85,124,51,73,124,51,73,0,0,0
9165,metropolitana de santiago,13,santiago,131,huechuraba,13107,86,133,40,93,133,40,93,0,0,0
9166,metropolitana de santiago,13,santiago,131,huechuraba,13107,87,98,39,59,98,39,59,0,0,0
9167,metropolitana de santiago,13,santiago,131,huechuraba,13107,88,80,28,52,80,28,52,0,0,0
9168,metropolitana de santiago,13,santiago,131,huechuraba,13107,89,65,19,46,65,19,46,0,0,0
9169,metropolitana de santiago,13,santiago,131,huechuraba,13107,90,48,11,37,48,11,37,0,0,0
9170,metropolitana de santiago,13,santiago,131,huechuraba,13107,91,40,6,34,40,6,34,0,0,0
9171,metropolitana de santiago,13,santiago,131,huechuraba,13107,92,27,9,18,27,9,18,0,0,0
9172,metropolitana de santiago,13,santiago,131,huechuraba,13107,93,24,3,21,24,3,21,0,0,0
9173,metropolitana de santiago,13,santiago,131,huechuraba,13107,94,21,5,16,21,5,16,0,0,0
9174,metropolitana de santiago,13,santiago,131,huechuraba,13107,95,14,4,10,14,4,10,0,0,0
9175,metropolitana de santiago,13,santiago,131,huechuraba,13107,96,7,0,7,7,0,7,0,0,0
9176,metropolitana de santiago,13,santiago,131,huechuraba,13107,97,6,2,4,6,2,4,0,0,0
9177,metropolitana de santiago,13,santiago,131,huechuraba,13107,98,3,1,2,3,1,2,0,0,0
9178,metropolitana de santiago,13,santiago,131,huechuraba,13107,99,4,0,4,4,0,4,0,0,0
9179,metropolitana de santiago,13,santiago,131,huechuraba,13107,100 o más,23,10,13,23,10,13,0,0,0
9180,metropolitana de santiago,13,santiago,131,independencia,13108,total comuna,100281,49186,51095,100281,49186,51095,0,0,0
9181,metropolitana de santiago,13,santiago,131,independencia,13108,0,1496,757,739,1496,757,739,0,0,0
9182,metropolitana de santiago,13,santiago,131,independencia,13108,1,1383,701,682,1383,701,682,0,0,0
9183,metropolitana de santiago,13,santiago,131,independencia,13108,2,1345,664,681,1345,664,681,0,0,0
9184,metropolitana de santiago,13,santiago,131,independencia,13108,3,1204,615,589,1204,615,589,0,0,0
9185,metropolitana de santiago,13,santiago,131,independencia,13108,4,1179,597,582,1179,597,582,0,0,0
9186,metropolitana de santiago,13,santiago,131,independencia,13108,5,1151,575,576,1151,575,576,0,0,0
9187,metropolitana de santiago,13,santiago,131,independencia,13108,6,1166,607,559,1166,607,559,0,0,0
9188,metropolitana de santiago,13,santiago,131,independencia,13108,7,1089,546,543,1089,546,543,0,0,0
9189,metropolitana de santiago,13,santiago,131,independencia,13108,8,1078,542,536,1078,542,536,0,0,0
9190,metropolitana de santiago,13,santiago,131,independencia,13108,9,1080,557,523,1080,557,523,0,0,0
9191,metropolitana de santiago,13,santiago,131,independencia,13108,10,936,467,469,936,467,469,0,0,0
9192,metropolitana de santiago,13,santiago,131,independencia,13108,11,908,488,420,908,488,420,0,0,0
9193,metropolitana de santiago,13,santiago,131,independencia,13108,12,928,484,444,928,484,444,0,0,0
9194,metropolitana de santiago,13,santiago,131,independencia,13108,13,915,480,435,915,480,435,0,0,0
9195,metropolitana de santiago,13,santiago,131,independencia,13108,14,976,491,485,976,491,485,0,0,0
9196,metropolitana de santiago,13,santiago,131,independencia,13108,15,967,519,448,967,519,448,0,0,0
9197,metropolitana de santiago,13,santiago,131,independencia,13108,16,988,540,448,988,540,448,0,0,0
9198,metropolitana de santiago,13,santiago,131,independencia,13108,17,1055,567,488,1055,567,488,0,0,0
9199,metropolitana de santiago,13,santiago,131,independencia,13108,18,1190,615,575,1190,615,575,0,0,0
9200,metropolitana de santiago,13,santiago,131,independencia,13108,19,1318,684,634,1318,684,634,0,0,0
9201,metropolitana de santiago,13,santiago,131,independencia,13108,20,1575,791,784,1575,791,784,0,0,0
9202,metropolitana de santiago,13,santiago,131,independencia,13108,21,1832,933,899,1832,933,899,0,0,0
9203,metropolitana de santiago,13,santiago,131,independencia,13108,22,1957,958,999,1957,958,999,0,0,0
9204,metropolitana de santiago,13,santiago,131,independencia,13108,23,2081,1031,1050,2081,1031,1050,0,0,0
9205,metropolitana de santiago,13,santiago,131,independencia,13108,24,2230,1152,1078,2230,1152,1078,0,0,0
9206,metropolitana de santiago,13,santiago,131,independencia,13108,25,2354,1207,1147,2354,1207,1147,0,0,0
9207,metropolitana de santiago,13,santiago,131,independencia,13108,26,2479,1284,1195,2479,1284,1195,0,0,0
9208,metropolitana de santiago,13,santiago,131,independencia,13108,27,2527,1354,1173,2527,1354,1173,0,0,0
9209,metropolitana de santiago,13,santiago,131,independencia,13108,28,2489,1270,1219,2489,1270,1219,0,0,0
9210,metropolitana de santiago,13,santiago,131,independencia,13108,29,2350,1253,1097,2350,1253,1097,0,0,0
9211,metropolitana de santiago,13,santiago,131,independencia,13108,30,2266,1210,1056,2266,1210,1056,0,0,0
9212,metropolitana de santiago,13,santiago,131,independencia,13108,31,2056,1081,975,2056,1081,975,0,0,0
9213,metropolitana de santiago,13,santiago,131,independencia,13108,32,1959,1031,928,1959,1031,928,0,0,0
9214,metropolitana de santiago,13,santiago,131,independencia,13108,33,1841,970,871,1841,970,871,0,0,0
9215,metropolitana de santiago,13,santiago,131,independencia,13108,34,1842,962,880,1842,962,880,0,0,0
9216,metropolitana de santiago,13,santiago,131,independencia,13108,35,1778,918,860,1778,918,860,0,0,0
9217,metropolitana de santiago,13,santiago,131,independencia,13108,36,1674,881,793,1674,881,793,0,0,0
9218,metropolitana de santiago,13,santiago,131,independencia,13108,37,1616,850,766,1616,850,766,0,0,0
9219,metropolitana de santiago,13,santiago,131,independencia,13108,38,1436,753,683,1436,753,683,0,0,0
9220,metropolitana de santiago,13,santiago,131,independencia,13108,39,1444,722,722,1444,722,722,0,0,0
9221,metropolitana de santiago,13,santiago,131,independencia,13108,40,1450,742,708,1450,742,708,0,0,0
9222,metropolitana de santiago,13,santiago,131,independencia,13108,41,1413,673,740,1413,673,740,0,0,0
9223,metropolitana de santiago,13,santiago,131,independencia,13108,42,1388,675,713,1388,675,713,0,0,0
9224,metropolitana de santiago,13,santiago,131,independencia,13108,43,1330,678,652,1330,678,652,0,0,0
9225,metropolitana de santiago,13,santiago,131,independencia,13108,44,1332,643,689,1332,643,689,0,0,0
9226,metropolitana de santiago,13,santiago,131,independencia,13108,45,1227,594,633,1227,594,633,0,0,0
9227,metropolitana de santiago,13,santiago,131,independencia,13108,46,1212,600,612,1212,600,612,0,0,0
9228,metropolitana de santiago,13,santiago,131,independencia,13108,47,1181,531,650,1181,531,650,0,0,0
9229,metropolitana de santiago,13,santiago,131,independencia,13108,48,1149,537,612,1149,537,612,0,0,0
9230,metropolitana de santiago,13,santiago,131,independencia,13108,49,1049,497,552,1049,497,552,0,0,0
9231,metropolitana de santiago,13,santiago,131,independencia,13108,50,1118,520,598,1118,520,598,0,0,0
9232,metropolitana de santiago,13,santiago,131,independencia,13108,51,1021,516,505,1021,516,505,0,0,0
9233,metropolitana de santiago,13,santiago,131,independencia,13108,52,1182,553,629,1182,553,629,0,0,0
9234,metropolitana de santiago,13,santiago,131,independencia,13108,53,1125,532,593,1125,532,593,0,0,0
9235,metropolitana de santiago,13,santiago,131,independencia,13108,54,1073,517,556,1073,517,556,0,0,0
9236,metropolitana de santiago,13,santiago,131,independencia,13108,55,998,463,535,998,463,535,0,0,0
9237,metropolitana de santiago,13,santiago,131,independencia,13108,56,988,439,549,988,439,549,0,0,0
9238,metropolitana de santiago,13,santiago,131,independencia,13108,57,917,427,490,917,427,490,0,0,0
9239,metropolitana de santiago,13,santiago,131,independencia,13108,58,931,391,540,931,391,540,0,0,0
9240,metropolitana de santiago,13,santiago,131,independencia,13108,59,956,431,525,956,431,525,0,0,0
9241,metropolitana de santiago,13,santiago,131,independencia,13108,60,923,424,499,923,424,499,0,0,0
9242,metropolitana de santiago,13,santiago,131,independencia,13108,61,840,379,461,840,379,461,0,0,0
9243,metropolitana de santiago,13,santiago,131,independencia,13108,62,806,347,459,806,347,459,0,0,0
9244,metropolitana de santiago,13,santiago,131,independencia,13108,63,790,365,425,790,365,425,0,0,0
9245,metropolitana de santiago,13,santiago,131,independencia,13108,64,739,332,407,739,332,407,0,0,0
9246,metropolitana de santiago,13,santiago,131,independencia,13108,65,696,317,379,696,317,379,0,0,0
9247,metropolitana de santiago,13,santiago,131,independencia,13108,66,680,309,371,680,309,371,0,0,0
9248,metropolitana de santiago,13,santiago,131,independencia,13108,67,623,273,350,623,273,350,0,0,0
9249,metropolitana de santiago,13,santiago,131,independencia,13108,68,633,276,357,633,276,357,0,0,0
9250,metropolitana de santiago,13,santiago,131,independencia,13108,69,604,248,356,604,248,356,0,0,0
9251,metropolitana de santiago,13,santiago,131,independencia,13108,70,590,247,343,590,247,343,0,0,0
9252,metropolitana de santiago,13,santiago,131,independencia,13108,71,603,264,339,603,264,339,0,0,0
9253,metropolitana de santiago,13,santiago,131,independencia,13108,72,589,263,326,589,263,326,0,0,0
9254,metropolitana de santiago,13,santiago,131,independencia,13108,73,542,240,302,542,240,302,0,0,0
9255,metropolitana de santiago,13,santiago,131,independencia,13108,74,497,188,309,497,188,309,0,0,0
9256,metropolitana de santiago,13,santiago,131,independencia,13108,75,444,194,250,444,194,250,0,0,0
9257,metropolitana de santiago,13,santiago,131,independencia,13108,76,422,159,263,422,159,263,0,0,0
9258,metropolitana de santiago,13,santiago,131,independencia,13108,77,396,170,226,396,170,226,0,0,0
9259,metropolitana de santiago,13,santiago,131,independencia,13108,78,348,133,215,348,133,215,0,0,0
9260,metropolitana de santiago,13,santiago,131,independencia,13108,79,322,112,210,322,112,210,0,0,0
9261,metropolitana de santiago,13,santiago,131,independencia,13108,80,299,116,183,299,116,183,0,0,0
9262,metropolitana de santiago,13,santiago,131,independencia,13108,81,307,89,218,307,89,218,0,0,0
9263,metropolitana de santiago,13,santiago,131,independencia,13108,82,249,97,152,249,97,152,0,0,0
9264,metropolitana de santiago,13,santiago,131,independencia,13108,83,275,78,197,275,78,197,0,0,0
9265,metropolitana de santiago,13,santiago,131,independencia,13108,84,269,75,194,269,75,194,0,0,0
9266,metropolitana de santiago,13,santiago,131,independencia,13108,85,240,88,152,240,88,152,0,0,0
9267,metropolitana de santiago,13,santiago,131,independencia,13108,86,230,68,162,230,68,162,0,0,0
9268,metropolitana de santiago,13,santiago,131,independencia,13108,87,189,60,129,189,60,129,0,0,0
9269,metropolitana de santiago,13,santiago,131,independencia,13108,88,191,54,137,191,54,137,0,0,0
9270,metropolitana de santiago,13,santiago,131,independencia,13108,89,121,29,92,121,29,92,0,0,0
9271,metropolitana de santiago,13,santiago,131,independencia,13108,90,126,25,101,126,25,101,0,0,0
9272,metropolitana de santiago,13,santiago,131,independencia,13108,91,114,32,82,114,32,82,0,0,0
9273,metropolitana de santiago,13,santiago,131,independencia,13108,92,98,11,87,98,11,87,0,0,0
9274,metropolitana de santiago,13,santiago,131,independencia,13108,93,58,15,43,58,15,43,0,0,0
9275,metropolitana de santiago,13,santiago,131,independencia,13108,94,67,9,58,67,9,58,0,0,0
9276,metropolitana de santiago,13,santiago,131,independencia,13108,95,53,13,40,53,13,40,0,0,0
9277,metropolitana de santiago,13,santiago,131,independencia,13108,96,27,5,22,27,5,22,0,0,0
9278,metropolitana de santiago,13,santiago,131,independencia,13108,97,21,3,18,21,3,18,0,0,0
9279,metropolitana de santiago,13,santiago,131,independencia,13108,98,25,3,22,25,3,22,0,0,0
9280,metropolitana de santiago,13,santiago,131,independencia,13108,99,14,3,11,14,3,11,0,0,0
9281,metropolitana de santiago,13,santiago,131,independencia,13108,100 o más,43,7,36,43,7,36,0,0,0
9282,metropolitana de santiago,13,santiago,131,la cisterna,13109,total comuna,90119,43147,46972,90119,43147,46972,0,0,0
9283,metropolitana de santiago,13,santiago,131,la cisterna,13109,0,1023,499,524,1023,499,524,0,0,0
9284,metropolitana de santiago,13,santiago,131,la cisterna,13109,1,1138,618,520,1138,618,520,0,0,0
9285,metropolitana de santiago,13,santiago,131,la cisterna,13109,2,1074,559,515,1074,559,515,0,0,0
9286,metropolitana de santiago,13,santiago,131,la cisterna,13109,3,1094,551,543,1094,551,543,0,0,0
9287,metropolitana de santiago,13,santiago,131,la cisterna,13109,4,1053,535,518,1053,535,518,0,0,0
9288,metropolitana de santiago,13,santiago,131,la cisterna,13109,5,1099,589,510,1099,589,510,0,0,0
9289,metropolitana de santiago,13,santiago,131,la cisterna,13109,6,1130,582,548,1130,582,548,0,0,0
9290,metropolitana de santiago,13,santiago,131,la cisterna,13109,7,1179,608,571,1179,608,571,0,0,0
9291,metropolitana de santiago,13,santiago,131,la cisterna,13109,8,1087,545,542,1087,545,542,0,0,0
9292,metropolitana de santiago,13,santiago,131,la cisterna,13109,9,1103,571,532,1103,571,532,0,0,0
9293,metropolitana de santiago,13,santiago,131,la cisterna,13109,10,1097,538,559,1097,538,559,0,0,0
9294,metropolitana de santiago,13,santiago,131,la cisterna,13109,11,978,449,529,978,449,529,0,0,0
9295,metropolitana de santiago,13,santiago,131,la cisterna,13109,12,1030,499,531,1030,499,531,0,0,0
9296,metropolitana de santiago,13,santiago,131,la cisterna,13109,13,936,473,463,936,473,463,0,0,0
9297,metropolitana de santiago,13,santiago,131,la cisterna,13109,14,1008,492,516,1008,492,516,0,0,0
9298,metropolitana de santiago,13,santiago,131,la cisterna,13109,15,1071,531,540,1071,531,540,0,0,0
9299,metropolitana de santiago,13,santiago,131,la cisterna,13109,16,1079,528,551,1079,528,551,0,0,0
9300,metropolitana de santiago,13,santiago,131,la cisterna,13109,17,1102,554,548,1102,554,548,0,0,0
9301,metropolitana de santiago,13,santiago,131,la cisterna,13109,18,1166,592,574,1166,592,574,0,0,0
9302,metropolitana de santiago,13,santiago,131,la cisterna,13109,19,1268,634,634,1268,634,634,0,0,0
9303,metropolitana de santiago,13,santiago,131,la cisterna,13109,20,1353,719,634,1353,719,634,0,0,0
9304,metropolitana de santiago,13,santiago,131,la cisterna,13109,21,1451,757,694,1451,757,694,0,0,0
9305,metropolitana de santiago,13,santiago,131,la cisterna,13109,22,1319,647,672,1319,647,672,0,0,0
9306,metropolitana de santiago,13,santiago,131,la cisterna,13109,23,1485,750,735,1485,750,735,0,0,0
9307,metropolitana de santiago,13,santiago,131,la cisterna,13109,24,1441,777,664,1441,777,664,0,0,0
9308,metropolitana de santiago,13,santiago,131,la cisterna,13109,25,1524,776,748,1524,776,748,0,0,0
9309,metropolitana de santiago,13,santiago,131,la cisterna,13109,26,1621,819,802,1621,819,802,0,0,0
9310,metropolitana de santiago,13,santiago,131,la cisterna,13109,27,1754,899,855,1754,899,855,0,0,0
9311,metropolitana de santiago,13,santiago,131,la cisterna,13109,28,1632,800,832,1632,800,832,0,0,0
9312,metropolitana de santiago,13,santiago,131,la cisterna,13109,29,1596,776,820,1596,776,820,0,0,0
9313,metropolitana de santiago,13,santiago,131,la cisterna,13109,30,1579,811,768,1579,811,768,0,0,0
9314,metropolitana de santiago,13,santiago,131,la cisterna,13109,31,1477,744,733,1477,744,733,0,0,0
9315,metropolitana de santiago,13,santiago,131,la cisterna,13109,32,1417,725,692,1417,725,692,0,0,0
9316,metropolitana de santiago,13,santiago,131,la cisterna,13109,33,1347,693,654,1347,693,654,0,0,0
9317,metropolitana de santiago,13,santiago,131,la cisterna,13109,34,1416,699,717,1416,699,717,0,0,0
9318,metropolitana de santiago,13,santiago,131,la cisterna,13109,35,1421,704,717,1421,704,717,0,0,0
9319,metropolitana de santiago,13,santiago,131,la cisterna,13109,36,1290,652,638,1290,652,638,0,0,0
9320,metropolitana de santiago,13,santiago,131,la cisterna,13109,37,1215,602,613,1215,602,613,0,0,0
9321,metropolitana de santiago,13,santiago,131,la cisterna,13109,38,1150,577,573,1150,577,573,0,0,0
9322,metropolitana de santiago,13,santiago,131,la cisterna,13109,39,1073,507,566,1073,507,566,0,0,0
9323,metropolitana de santiago,13,santiago,131,la cisterna,13109,40,1106,558,548,1106,558,548,0,0,0
9324,metropolitana de santiago,13,santiago,131,la cisterna,13109,41,1127,547,580,1127,547,580,0,0,0
9325,metropolitana de santiago,13,santiago,131,la cisterna,13109,42,1146,551,595,1146,551,595,0,0,0
9326,metropolitana de santiago,13,santiago,131,la cisterna,13109,43,1190,609,581,1190,609,581,0,0,0
9327,metropolitana de santiago,13,santiago,131,la cisterna,13109,44,1149,546,603,1149,546,603,0,0,0
9328,metropolitana de santiago,13,santiago,131,la cisterna,13109,45,1127,552,575,1127,552,575,0,0,0
9329,metropolitana de santiago,13,santiago,131,la cisterna,13109,46,1076,517,559,1076,517,559,0,0,0
9330,metropolitana de santiago,13,santiago,131,la cisterna,13109,47,1114,505,609,1114,505,609,0,0,0
9331,metropolitana de santiago,13,santiago,131,la cisterna,13109,48,1115,524,591,1115,524,591,0,0,0
9332,metropolitana de santiago,13,santiago,131,la cisterna,13109,49,1078,528,550,1078,528,550,0,0,0
9333,metropolitana de santiago,13,santiago,131,la cisterna,13109,50,1123,520,603,1123,520,603,0,0,0
9334,metropolitana de santiago,13,santiago,131,la cisterna,13109,51,1090,509,581,1090,509,581,0,0,0
9335,metropolitana de santiago,13,santiago,131,la cisterna,13109,52,1107,529,578,1107,529,578,0,0,0
9336,metropolitana de santiago,13,santiago,131,la cisterna,13109,53,1108,510,598,1108,510,598,0,0,0
9337,metropolitana de santiago,13,santiago,131,la cisterna,13109,54,1202,584,618,1202,584,618,0,0,0
9338,metropolitana de santiago,13,santiago,131,la cisterna,13109,55,1109,502,607,1109,502,607,0,0,0
9339,metropolitana de santiago,13,santiago,131,la cisterna,13109,56,1170,549,621,1170,549,621,0,0,0
9340,metropolitana de santiago,13,santiago,131,la cisterna,13109,57,1085,507,578,1085,507,578,0,0,0
9341,metropolitana de santiago,13,santiago,131,la cisterna,13109,58,1069,475,594,1069,475,594,0,0,0
9342,metropolitana de santiago,13,santiago,131,la cisterna,13109,59,1068,504,564,1068,504,564,0,0,0
9343,metropolitana de santiago,13,santiago,131,la cisterna,13109,60,1009,434,575,1009,434,575,0,0,0
9344,metropolitana de santiago,13,santiago,131,la cisterna,13109,61,949,443,506,949,443,506,0,0,0
9345,metropolitana de santiago,13,santiago,131,la cisterna,13109,62,891,388,503,891,388,503,0,0,0
9346,metropolitana de santiago,13,santiago,131,la cisterna,13109,63,866,414,452,866,414,452,0,0,0
9347,metropolitana de santiago,13,santiago,131,la cisterna,13109,64,824,355,469,824,355,469,0,0,0
9348,metropolitana de santiago,13,santiago,131,la cisterna,13109,65,792,354,438,792,354,438,0,0,0
9349,metropolitana de santiago,13,santiago,131,la cisterna,13109,66,777,349,428,777,349,428,0,0,0
9350,metropolitana de santiago,13,santiago,131,la cisterna,13109,67,786,362,424,786,362,424,0,0,0
9351,metropolitana de santiago,13,santiago,131,la cisterna,13109,68,689,299,390,689,299,390,0,0,0
9352,metropolitana de santiago,13,santiago,131,la cisterna,13109,69,710,292,418,710,292,418,0,0,0
9353,metropolitana de santiago,13,santiago,131,la cisterna,13109,70,681,289,392,681,289,392,0,0,0
9354,metropolitana de santiago,13,santiago,131,la cisterna,13109,71,673,288,385,673,288,385,0,0,0
9355,metropolitana de santiago,13,santiago,131,la cisterna,13109,72,591,263,328,591,263,328,0,0,0
9356,metropolitana de santiago,13,santiago,131,la cisterna,13109,73,617,263,354,617,263,354,0,0,0
9357,metropolitana de santiago,13,santiago,131,la cisterna,13109,74,559,238,321,559,238,321,0,0,0
9358,metropolitana de santiago,13,santiago,131,la cisterna,13109,75,509,204,305,509,204,305,0,0,0
9359,metropolitana de santiago,13,santiago,131,la cisterna,13109,76,520,183,337,520,183,337,0,0,0
9360,metropolitana de santiago,13,santiago,131,la cisterna,13109,77,518,216,302,518,216,302,0,0,0
9361,metropolitana de santiago,13,santiago,131,la cisterna,13109,78,449,168,281,449,168,281,0,0,0
9362,metropolitana de santiago,13,santiago,131,la cisterna,13109,79,399,140,259,399,140,259,0,0,0
9363,metropolitana de santiago,13,santiago,131,la cisterna,13109,80,408,159,249,408,159,249,0,0,0
9364,metropolitana de santiago,13,santiago,131,la cisterna,13109,81,368,127,241,368,127,241,0,0,0
9365,metropolitana de santiago,13,santiago,131,la cisterna,13109,82,352,132,220,352,132,220,0,0,0
9366,metropolitana de santiago,13,santiago,131,la cisterna,13109,83,336,136,200,336,136,200,0,0,0
9367,metropolitana de santiago,13,santiago,131,la cisterna,13109,84,305,106,199,305,106,199,0,0,0
9368,metropolitana de santiago,13,santiago,131,la cisterna,13109,85,297,102,195,297,102,195,0,0,0
9369,metropolitana de santiago,13,santiago,131,la cisterna,13109,86,301,85,216,301,85,216,0,0,0
9370,metropolitana de santiago,13,santiago,131,la cisterna,13109,87,224,59,165,224,59,165,0,0,0
9371,metropolitana de santiago,13,santiago,131,la cisterna,13109,88,239,67,172,239,67,172,0,0,0
9372,metropolitana de santiago,13,santiago,131,la cisterna,13109,89,180,59,121,180,59,121,0,0,0
9373,metropolitana de santiago,13,santiago,131,la cisterna,13109,90,162,44,118,162,44,118,0,0,0
9374,metropolitana de santiago,13,santiago,131,la cisterna,13109,91,87,21,66,87,21,66,0,0,0
9375,metropolitana de santiago,13,santiago,131,la cisterna,13109,92,103,29,74,103,29,74,0,0,0
9376,metropolitana de santiago,13,santiago,131,la cisterna,13109,93,78,20,58,78,20,58,0,0,0
9377,metropolitana de santiago,13,santiago,131,la cisterna,13109,94,72,17,55,72,17,55,0,0,0
9378,metropolitana de santiago,13,santiago,131,la cisterna,13109,95,51,12,39,51,12,39,0,0,0
9379,metropolitana de santiago,13,santiago,131,la cisterna,13109,96,29,5,24,29,5,24,0,0,0
9380,metropolitana de santiago,13,santiago,131,la cisterna,13109,97,25,5,20,25,5,20,0,0,0
9381,metropolitana de santiago,13,santiago,131,la cisterna,13109,98,13,1,12,13,1,12,0,0,0
9382,metropolitana de santiago,13,santiago,131,la cisterna,13109,99,13,1,12,13,1,12,0,0,0
9383,metropolitana de santiago,13,santiago,131,la cisterna,13109,100 o más,32,11,21,32,11,21,0,0,0
9384,metropolitana de santiago,13,santiago,131,la florida,13110,total comuna,366916,175693,191223,366799,175626,191173,117,67,50
9385,metropolitana de santiago,13,santiago,131,la florida,13110,0,4138,2116,2022,4135,2113,2022,3,3,0
9386,metropolitana de santiago,13,santiago,131,la florida,13110,1,4417,2303,2114,4415,2302,2113,2,1,1
9387,metropolitana de santiago,13,santiago,131,la florida,13110,2,4518,2282,2236,4518,2282,2236,0,0,0
9388,metropolitana de santiago,13,santiago,131,la florida,13110,3,4540,2331,2209,4539,2330,2209,1,1,0
9389,metropolitana de santiago,13,santiago,131,la florida,13110,4,4649,2381,2268,4646,2379,2267,3,2,1
9390,metropolitana de santiago,13,santiago,131,la florida,13110,5,4489,2333,2156,4486,2332,2154,3,1,2
9391,metropolitana de santiago,13,santiago,131,la florida,13110,6,4856,2456,2400,4854,2454,2400,2,2,0
9392,metropolitana de santiago,13,santiago,131,la florida,13110,7,4631,2367,2264,4628,2365,2263,3,2,1
9393,metropolitana de santiago,13,santiago,131,la florida,13110,8,4594,2369,2225,4592,2367,2225,2,2,0
9394,metropolitana de santiago,13,santiago,131,la florida,13110,9,4454,2274,2180,4454,2274,2180,0,0,0
9395,metropolitana de santiago,13,santiago,131,la florida,13110,10,4279,2143,2136,4277,2142,2135,2,1,1
9396,metropolitana de santiago,13,santiago,131,la florida,13110,11,4434,2249,2185,4434,2249,2185,0,0,0
9397,metropolitana de santiago,13,santiago,131,la florida,13110,12,4287,2208,2079,4284,2207,2077,3,1,2
9398,metropolitana de santiago,13,santiago,131,la florida,13110,13,4481,2311,2170,4480,2310,2170,1,1,0
9399,metropolitana de santiago,13,santiago,131,la florida,13110,14,4524,2304,2220,4523,2304,2219,1,0,1
9400,metropolitana de santiago,13,santiago,131,la florida,13110,15,4742,2367,2375,4739,2364,2375,3,3,0
9401,metropolitana de santiago,13,santiago,131,la florida,13110,16,4926,2496,2430,4924,2495,2429,2,1,1
9402,metropolitana de santiago,13,santiago,131,la florida,13110,17,4929,2555,2374,4929,2555,2374,0,0,0
9403,metropolitana de santiago,13,santiago,131,la florida,13110,18,5016,2532,2484,5015,2532,2483,1,0,1
9404,metropolitana de santiago,13,santiago,131,la florida,13110,19,5233,2631,2602,5231,2629,2602,2,2,0
9405,metropolitana de santiago,13,santiago,131,la florida,13110,20,5487,2759,2728,5483,2756,2727,4,3,1
9406,metropolitana de santiago,13,santiago,131,la florida,13110,21,5554,2786,2768,5551,2786,2765,3,0,3
9407,metropolitana de santiago,13,santiago,131,la florida,13110,22,5943,3036,2907,5940,3035,2905,3,1,2
9408,metropolitana de santiago,13,santiago,131,la florida,13110,23,5902,3008,2894,5901,3008,2893,1,0,1
9409,metropolitana de santiago,13,santiago,131,la florida,13110,24,6085,3077,3008,6084,3077,3007,1,0,1
9410,metropolitana de santiago,13,santiago,131,la florida,13110,25,6261,3232,3029,6259,3230,3029,2,2,0
9411,metropolitana de santiago,13,santiago,131,la florida,13110,26,6435,3271,3164,6435,3271,3164,0,0,0
9412,metropolitana de santiago,13,santiago,131,la florida,13110,27,6492,3291,3201,6491,3290,3201,1,1,0
9413,metropolitana de santiago,13,santiago,131,la florida,13110,28,6055,3065,2990,6053,3064,2989,2,1,1
9414,metropolitana de santiago,13,santiago,131,la florida,13110,29,5864,2924,2940,5863,2924,2939,1,0,1
9415,metropolitana de santiago,13,santiago,131,la florida,13110,30,5685,2825,2860,5685,2825,2860,0,0,0
9416,metropolitana de santiago,13,santiago,131,la florida,13110,31,5468,2729,2739,5467,2729,2738,1,0,1
9417,metropolitana de santiago,13,santiago,131,la florida,13110,32,5239,2588,2651,5235,2588,2647,4,0,4
9418,metropolitana de santiago,13,santiago,131,la florida,13110,33,5250,2589,2661,5246,2586,2660,4,3,1
9419,metropolitana de santiago,13,santiago,131,la florida,13110,34,5472,2752,2720,5471,2751,2720,1,1,0
9420,metropolitana de santiago,13,santiago,131,la florida,13110,35,5537,2710,2827,5535,2708,2827,2,2,0
9421,metropolitana de santiago,13,santiago,131,la florida,13110,36,5074,2526,2548,5074,2526,2548,0,0,0
9422,metropolitana de santiago,13,santiago,131,la florida,13110,37,5042,2423,2619,5037,2421,2616,5,2,3
9423,metropolitana de santiago,13,santiago,131,la florida,13110,38,4789,2406,2383,4788,2405,2383,1,1,0
9424,metropolitana de santiago,13,santiago,131,la florida,13110,39,4594,2264,2330,4590,2261,2329,4,3,1
9425,metropolitana de santiago,13,santiago,131,la florida,13110,40,4700,2325,2375,4697,2324,2373,3,1,2
9426,metropolitana de santiago,13,santiago,131,la florida,13110,41,4819,2348,2471,4819,2348,2471,0,0,0
9427,metropolitana de santiago,13,santiago,131,la florida,13110,42,5069,2393,2676,5066,2390,2676,3,3,0
9428,metropolitana de santiago,13,santiago,131,la florida,13110,43,5200,2470,2730,5199,2469,2730,1,1,0
9429,metropolitana de santiago,13,santiago,131,la florida,13110,44,4942,2429,2513,4941,2428,2513,1,1,0
9430,metropolitana de santiago,13,santiago,131,la florida,13110,45,4940,2349,2591,4937,2348,2589,3,1,2
9431,metropolitana de santiago,13,santiago,131,la florida,13110,46,4610,2201,2409,4610,2201,2409,0,0,0
9432,metropolitana de santiago,13,santiago,131,la florida,13110,47,4465,2102,2363,4463,2101,2362,2,1,1
9433,metropolitana de santiago,13,santiago,131,la florida,13110,48,4503,2086,2417,4502,2086,2416,1,0,1
9434,metropolitana de santiago,13,santiago,131,la florida,13110,49,4542,2192,2350,4540,2191,2349,2,1,1
9435,metropolitana de santiago,13,santiago,131,la florida,13110,50,4481,2126,2355,4481,2126,2355,0,0,0
9436,metropolitana de santiago,13,santiago,131,la florida,13110,51,4562,2133,2429,4560,2132,2428,2,1,1
9437,metropolitana de santiago,13,santiago,131,la florida,13110,52,4702,2122,2580,4702,2122,2580,0,0,0
9438,metropolitana de santiago,13,santiago,131,la florida,13110,53,4790,2149,2641,4789,2149,2640,1,0,1
9439,metropolitana de santiago,13,santiago,131,la florida,13110,54,4942,2208,2734,4940,2207,2733,2,1,1
9440,metropolitana de santiago,13,santiago,131,la florida,13110,55,4820,2126,2694,4818,2125,2693,2,1,1
9441,metropolitana de santiago,13,santiago,131,la florida,13110,56,4731,2005,2726,4731,2005,2726,0,0,0
9442,metropolitana de santiago,13,santiago,131,la florida,13110,57,4664,2098,2566,4662,2097,2565,2,1,1
9443,metropolitana de santiago,13,santiago,131,la florida,13110,58,4611,2062,2549,4610,2062,2548,1,0,1
9444,metropolitana de santiago,13,santiago,131,la florida,13110,59,4618,2016,2602,4617,2015,2602,1,1,0
9445,metropolitana de santiago,13,santiago,131,la florida,13110,60,4586,1966,2620,4586,1966,2620,0,0,0
9446,metropolitana de santiago,13,santiago,131,la florida,13110,61,4177,1831,2346,4175,1830,2345,2,1,1
9447,metropolitana de santiago,13,santiago,131,la florida,13110,62,4061,1771,2290,4060,1771,2289,1,0,1
9448,metropolitana de santiago,13,santiago,131,la florida,13110,63,4133,1845,2288,4131,1843,2288,2,2,0
9449,metropolitana de santiago,13,santiago,131,la florida,13110,64,3793,1694,2099,3792,1693,2099,1,1,0
9450,metropolitana de santiago,13,santiago,131,la florida,13110,65,3599,1644,1955,3599,1644,1955,0,0,0
9451,metropolitana de santiago,13,santiago,131,la florida,13110,66,3363,1476,1887,3363,1476,1887,0,0,0
9452,metropolitana de santiago,13,santiago,131,la florida,13110,67,3393,1495,1898,3393,1495,1898,0,0,0
9453,metropolitana de santiago,13,santiago,131,la florida,13110,68,3182,1432,1750,3179,1431,1748,3,1,2
9454,metropolitana de santiago,13,santiago,131,la florida,13110,69,3171,1380,1791,3171,1380,1791,0,0,0
9455,metropolitana de santiago,13,santiago,131,la florida,13110,70,2933,1255,1678,2931,1254,1677,2,1,1
9456,metropolitana de santiago,13,santiago,131,la florida,13110,71,2837,1264,1573,2836,1263,1573,1,1,0
9457,metropolitana de santiago,13,santiago,131,la florida,13110,72,2578,1129,1449,2578,1129,1449,0,0,0
9458,metropolitana de santiago,13,santiago,131,la florida,13110,73,2339,975,1364,2338,974,1364,1,1,0
9459,metropolitana de santiago,13,santiago,131,la florida,13110,74,2191,948,1243,2191,948,1243,0,0,0
9460,metropolitana de santiago,13,santiago,131,la florida,13110,75,2030,831,1199,2029,830,1199,1,1,0
9461,metropolitana de santiago,13,santiago,131,la florida,13110,76,1817,780,1037,1815,779,1036,2,1,1
9462,metropolitana de santiago,13,santiago,131,la florida,13110,77,1624,669,955,1624,669,955,0,0,0
9463,metropolitana de santiago,13,santiago,131,la florida,13110,78,1349,554,795,1349,554,795,0,0,0
9464,metropolitana de santiago,13,santiago,131,la florida,13110,79,1252,503,749,1252,503,749,0,0,0
9465,metropolitana de santiago,13,santiago,131,la florida,13110,80,1224,462,762,1224,462,762,0,0,0
9466,metropolitana de santiago,13,santiago,131,la florida,13110,81,1050,376,674,1050,376,674,0,0,0
9467,metropolitana de santiago,13,santiago,131,la florida,13110,82,904,300,604,904,300,604,0,0,0
9468,metropolitana de santiago,13,santiago,131,la florida,13110,83,852,287,565,852,287,565,0,0,0
9469,metropolitana de santiago,13,santiago,131,la florida,13110,84,866,289,577,866,289,577,0,0,0
9470,metropolitana de santiago,13,santiago,131,la florida,13110,85,738,249,489,738,249,489,0,0,0
9471,metropolitana de santiago,13,santiago,131,la florida,13110,86,699,209,490,699,209,490,0,0,0
9472,metropolitana de santiago,13,santiago,131,la florida,13110,87,624,199,425,624,199,425,0,0,0
9473,metropolitana de santiago,13,santiago,131,la florida,13110,88,538,156,382,538,156,382,0,0,0
9474,metropolitana de santiago,13,santiago,131,la florida,13110,89,436,137,299,436,137,299,0,0,0
9475,metropolitana de santiago,13,santiago,131,la florida,13110,90,344,83,261,344,83,261,0,0,0
9476,metropolitana de santiago,13,santiago,131,la florida,13110,91,261,71,190,261,71,190,0,0,0
9477,metropolitana de santiago,13,santiago,131,la florida,13110,92,217,62,155,217,62,155,0,0,0
9478,metropolitana de santiago,13,santiago,131,la florida,13110,93,172,40,132,172,40,132,0,0,0
9479,metropolitana de santiago,13,santiago,131,la florida,13110,94,129,20,109,129,20,109,0,0,0
9480,metropolitana de santiago,13,santiago,131,la florida,13110,95,95,26,69,95,26,69,0,0,0
9481,metropolitana de santiago,13,santiago,131,la florida,13110,96,75,13,62,75,13,62,0,0,0
9482,metropolitana de santiago,13,santiago,131,la florida,13110,97,44,15,29,44,15,29,0,0,0
9483,metropolitana de santiago,13,santiago,131,la florida,13110,98,45,11,34,45,11,34,0,0,0
9484,metropolitana de santiago,13,santiago,131,la florida,13110,99,19,5,14,19,5,14,0,0,0
9485,metropolitana de santiago,13,santiago,131,la florida,13110,100 o más,100,32,68,100,32,68,0,0,0
9486,metropolitana de santiago,13,santiago,131,la granja,13111,total comuna,116571,57025,59546,116571,57025,59546,0,0,0
9487,metropolitana de santiago,13,santiago,131,la granja,13111,0,1389,698,691,1389,698,691,0,0,0
9488,metropolitana de santiago,13,santiago,131,la granja,13111,1,1601,835,766,1601,835,766,0,0,0
9489,metropolitana de santiago,13,santiago,131,la granja,13111,2,1550,776,774,1550,776,774,0,0,0
9490,metropolitana de santiago,13,santiago,131,la granja,13111,3,1591,808,783,1591,808,783,0,0,0
9491,metropolitana de santiago,13,santiago,131,la granja,13111,4,1515,775,740,1515,775,740,0,0,0
9492,metropolitana de santiago,13,santiago,131,la granja,13111,5,1519,803,716,1519,803,716,0,0,0
9493,metropolitana de santiago,13,santiago,131,la granja,13111,6,1606,811,795,1606,811,795,0,0,0
9494,metropolitana de santiago,13,santiago,131,la granja,13111,7,1544,781,763,1544,781,763,0,0,0
9495,metropolitana de santiago,13,santiago,131,la granja,13111,8,1465,763,702,1465,763,702,0,0,0
9496,metropolitana de santiago,13,santiago,131,la granja,13111,9,1488,776,712,1488,776,712,0,0,0
9497,metropolitana de santiago,13,santiago,131,la granja,13111,10,1398,733,665,1398,733,665,0,0,0
9498,metropolitana de santiago,13,santiago,131,la granja,13111,11,1464,756,708,1464,756,708,0,0,0
9499,metropolitana de santiago,13,santiago,131,la granja,13111,12,1406,707,699,1406,707,699,0,0,0
9500,metropolitana de santiago,13,santiago,131,la granja,13111,13,1485,767,718,1485,767,718,0,0,0
9501,metropolitana de santiago,13,santiago,131,la granja,13111,14,1536,794,742,1536,794,742,0,0,0
9502,metropolitana de santiago,13,santiago,131,la granja,13111,15,1591,808,783,1591,808,783,0,0,0
9503,metropolitana de santiago,13,santiago,131,la granja,13111,16,1610,832,778,1610,832,778,0,0,0
9504,metropolitana de santiago,13,santiago,131,la granja,13111,17,1668,850,818,1668,850,818,0,0,0
9505,metropolitana de santiago,13,santiago,131,la granja,13111,18,1724,850,874,1724,850,874,0,0,0
9506,metropolitana de santiago,13,santiago,131,la granja,13111,19,1742,856,886,1742,856,886,0,0,0
9507,metropolitana de santiago,13,santiago,131,la granja,13111,20,1832,920,912,1832,920,912,0,0,0
9508,metropolitana de santiago,13,santiago,131,la granja,13111,21,1870,972,898,1870,972,898,0,0,0
9509,metropolitana de santiago,13,santiago,131,la granja,13111,22,1952,998,954,1952,998,954,0,0,0
9510,metropolitana de santiago,13,santiago,131,la granja,13111,23,2062,1063,999,2062,1063,999,0,0,0
9511,metropolitana de santiago,13,santiago,131,la granja,13111,24,2050,1028,1022,2050,1028,1022,0,0,0
9512,metropolitana de santiago,13,santiago,131,la granja,13111,25,2121,1084,1037,2121,1084,1037,0,0,0
9513,metropolitana de santiago,13,santiago,131,la granja,13111,26,2009,1007,1002,2009,1007,1002,0,0,0
9514,metropolitana de santiago,13,santiago,131,la granja,13111,27,1994,1028,966,1994,1028,966,0,0,0
9515,metropolitana de santiago,13,santiago,131,la granja,13111,28,1931,987,944,1931,987,944,0,0,0
9516,metropolitana de santiago,13,santiago,131,la granja,13111,29,1794,913,881,1794,913,881,0,0,0
9517,metropolitana de santiago,13,santiago,131,la granja,13111,30,1725,878,847,1725,878,847,0,0,0
9518,metropolitana de santiago,13,santiago,131,la granja,13111,31,1671,859,812,1671,859,812,0,0,0
9519,metropolitana de santiago,13,santiago,131,la granja,13111,32,1591,848,743,1591,848,743,0,0,0
9520,metropolitana de santiago,13,santiago,131,la granja,13111,33,1512,761,751,1512,761,751,0,0,0
9521,metropolitana de santiago,13,santiago,131,la granja,13111,34,1589,812,777,1589,812,777,0,0,0
9522,metropolitana de santiago,13,santiago,131,la granja,13111,35,1575,817,758,1575,817,758,0,0,0
9523,metropolitana de santiago,13,santiago,131,la granja,13111,36,1524,776,748,1524,776,748,0,0,0
9524,metropolitana de santiago,13,santiago,131,la granja,13111,37,1373,695,678,1373,695,678,0,0,0
9525,metropolitana de santiago,13,santiago,131,la granja,13111,38,1229,638,591,1229,638,591,0,0,0
9526,metropolitana de santiago,13,santiago,131,la granja,13111,39,1248,629,619,1248,629,619,0,0,0
9527,metropolitana de santiago,13,santiago,131,la granja,13111,40,1274,652,622,1274,652,622,0,0,0
9528,metropolitana de santiago,13,santiago,131,la granja,13111,41,1317,652,665,1317,652,665,0,0,0
9529,metropolitana de santiago,13,santiago,131,la granja,13111,42,1398,697,701,1398,697,701,0,0,0
9530,metropolitana de santiago,13,santiago,131,la granja,13111,43,1368,690,678,1368,690,678,0,0,0
9531,metropolitana de santiago,13,santiago,131,la granja,13111,44,1343,641,702,1343,641,702,0,0,0
9532,metropolitana de santiago,13,santiago,131,la granja,13111,45,1365,690,675,1365,690,675,0,0,0
9533,metropolitana de santiago,13,santiago,131,la granja,13111,46,1297,642,655,1297,642,655,0,0,0
9534,metropolitana de santiago,13,santiago,131,la granja,13111,47,1279,654,625,1279,654,625,0,0,0
9535,metropolitana de santiago,13,santiago,131,la granja,13111,48,1348,655,693,1348,655,693,0,0,0
9536,metropolitana de santiago,13,santiago,131,la granja,13111,49,1355,645,710,1355,645,710,0,0,0
9537,metropolitana de santiago,13,santiago,131,la granja,13111,50,1447,679,768,1447,679,768,0,0,0
9538,metropolitana de santiago,13,santiago,131,la granja,13111,51,1592,771,821,1592,771,821,0,0,0
9539,metropolitana de santiago,13,santiago,131,la granja,13111,52,1665,776,889,1665,776,889,0,0,0
9540,metropolitana de santiago,13,santiago,131,la granja,13111,53,1717,780,937,1717,780,937,0,0,0
9541,metropolitana de santiago,13,santiago,131,la granja,13111,54,1814,824,990,1814,824,990,0,0,0
9542,metropolitana de santiago,13,santiago,131,la granja,13111,55,1780,811,969,1780,811,969,0,0,0
9543,metropolitana de santiago,13,santiago,131,la granja,13111,56,1811,833,978,1811,833,978,0,0,0
9544,metropolitana de santiago,13,santiago,131,la granja,13111,57,1736,831,905,1736,831,905,0,0,0
9545,metropolitana de santiago,13,santiago,131,la granja,13111,58,1709,775,934,1709,775,934,0,0,0
9546,metropolitana de santiago,13,santiago,131,la granja,13111,59,1622,753,869,1622,753,869,0,0,0
9547,metropolitana de santiago,13,santiago,131,la granja,13111,60,1638,760,878,1638,760,878,0,0,0
9548,metropolitana de santiago,13,santiago,131,la granja,13111,61,1489,667,822,1489,667,822,0,0,0
9549,metropolitana de santiago,13,santiago,131,la granja,13111,62,1290,612,678,1290,612,678,0,0,0
9550,metropolitana de santiago,13,santiago,131,la granja,13111,63,1255,612,643,1255,612,643,0,0,0
9551,metropolitana de santiago,13,santiago,131,la granja,13111,64,1208,598,610,1208,598,610,0,0,0
9552,metropolitana de santiago,13,santiago,131,la granja,13111,65,1118,531,587,1118,531,587,0,0,0
9553,metropolitana de santiago,13,santiago,131,la granja,13111,66,973,473,500,973,473,500,0,0,0
9554,metropolitana de santiago,13,santiago,131,la granja,13111,67,963,455,508,963,455,508,0,0,0
9555,metropolitana de santiago,13,santiago,131,la granja,13111,68,930,451,479,930,451,479,0,0,0
9556,metropolitana de santiago,13,santiago,131,la granja,13111,69,879,428,451,879,428,451,0,0,0
9557,metropolitana de santiago,13,santiago,131,la granja,13111,70,786,384,402,786,384,402,0,0,0
9558,metropolitana de santiago,13,santiago,131,la granja,13111,71,715,317,398,715,317,398,0,0,0
9559,metropolitana de santiago,13,santiago,131,la granja,13111,72,689,286,403,689,286,403,0,0,0
9560,metropolitana de santiago,13,santiago,131,la granja,13111,73,567,252,315,567,252,315,0,0,0
9561,metropolitana de santiago,13,santiago,131,la granja,13111,74,571,242,329,571,242,329,0,0,0
9562,metropolitana de santiago,13,santiago,131,la granja,13111,75,470,200,270,470,200,270,0,0,0
9563,metropolitana de santiago,13,santiago,131,la granja,13111,76,437,168,269,437,168,269,0,0,0
9564,metropolitana de santiago,13,santiago,131,la granja,13111,77,504,200,304,504,200,304,0,0,0
9565,metropolitana de santiago,13,santiago,131,la granja,13111,78,409,156,253,409,156,253,0,0,0
9566,metropolitana de santiago,13,santiago,131,la granja,13111,79,370,135,235,370,135,235,0,0,0
9567,metropolitana de santiago,13,santiago,131,la granja,13111,80,411,146,265,411,146,265,0,0,0
9568,metropolitana de santiago,13,santiago,131,la granja,13111,81,389,130,259,389,130,259,0,0,0
9569,metropolitana de santiago,13,santiago,131,la granja,13111,82,349,120,229,349,120,229,0,0,0
9570,metropolitana de santiago,13,santiago,131,la granja,13111,83,286,87,199,286,87,199,0,0,0
9571,metropolitana de santiago,13,santiago,131,la granja,13111,84,337,126,211,337,126,211,0,0,0
9572,metropolitana de santiago,13,santiago,131,la granja,13111,85,316,114,202,316,114,202,0,0,0
9573,metropolitana de santiago,13,santiago,131,la granja,13111,86,312,101,211,312,101,211,0,0,0
9574,metropolitana de santiago,13,santiago,131,la granja,13111,87,245,81,164,245,81,164,0,0,0
9575,metropolitana de santiago,13,santiago,131,la granja,13111,88,199,57,142,199,57,142,0,0,0
9576,metropolitana de santiago,13,santiago,131,la granja,13111,89,173,58,115,173,58,115,0,0,0
9577,metropolitana de santiago,13,santiago,131,la granja,13111,90,131,34,97,131,34,97,0,0,0
9578,metropolitana de santiago,13,santiago,131,la granja,13111,91,92,29,63,92,29,63,0,0,0
9579,metropolitana de santiago,13,santiago,131,la granja,13111,92,86,21,65,86,21,65,0,0,0
9580,metropolitana de santiago,13,santiago,131,la granja,13111,93,47,14,33,47,14,33,0,0,0
9581,metropolitana de santiago,13,santiago,131,la granja,13111,94,50,11,39,50,11,39,0,0,0
9582,metropolitana de santiago,13,santiago,131,la granja,13111,95,24,1,23,24,1,23,0,0,0
9583,metropolitana de santiago,13,santiago,131,la granja,13111,96,16,5,11,16,5,11,0,0,0
9584,metropolitana de santiago,13,santiago,131,la granja,13111,97,15,5,10,15,5,10,0,0,0
9585,metropolitana de santiago,13,santiago,131,la granja,13111,98,9,2,7,9,2,7,0,0,0
9586,metropolitana de santiago,13,santiago,131,la granja,13111,99,6,4,2,6,4,2,0,0,0
9587,metropolitana de santiago,13,santiago,131,la granja,13111,100 o más,36,9,27,36,9,27,0,0,0
9588,metropolitana de santiago,13,santiago,131,la pintana,13112,total comuna,177335,87044,90291,177335,87044,90291,0,0,0
9589,metropolitana de santiago,13,santiago,131,la pintana,13112,0,2559,1304,1255,2559,1304,1255,0,0,0
9590,metropolitana de santiago,13,santiago,131,la pintana,13112,1,2825,1469,1356,2825,1469,1356,0,0,0
9591,metropolitana de santiago,13,santiago,131,la pintana,13112,2,2899,1480,1419,2899,1480,1419,0,0,0
9592,metropolitana de santiago,13,santiago,131,la pintana,13112,3,2906,1502,1404,2906,1502,1404,0,0,0
9593,metropolitana de santiago,13,santiago,131,la pintana,13112,4,2792,1443,1349,2792,1443,1349,0,0,0
9594,metropolitana de santiago,13,santiago,131,la pintana,13112,5,2819,1391,1428,2819,1391,1428,0,0,0
9595,metropolitana de santiago,13,santiago,131,la pintana,13112,6,2899,1504,1395,2899,1504,1395,0,0,0
9596,metropolitana de santiago,13,santiago,131,la pintana,13112,7,2943,1481,1462,2943,1481,1462,0,0,0
9597,metropolitana de santiago,13,santiago,131,la pintana,13112,8,2876,1451,1425,2876,1451,1425,0,0,0
9598,metropolitana de santiago,13,santiago,131,la pintana,13112,9,2809,1373,1436,2809,1373,1436,0,0,0
9599,metropolitana de santiago,13,santiago,131,la pintana,13112,10,2693,1322,1371,2693,1322,1371,0,0,0
9600,metropolitana de santiago,13,santiago,131,la pintana,13112,11,2735,1341,1394,2735,1341,1394,0,0,0
9601,metropolitana de santiago,13,santiago,131,la pintana,13112,12,2568,1312,1256,2568,1312,1256,0,0,0
9602,metropolitana de santiago,13,santiago,131,la pintana,13112,13,2680,1350,1330,2680,1350,1330,0,0,0
9603,metropolitana de santiago,13,santiago,131,la pintana,13112,14,2675,1347,1328,2675,1347,1328,0,0,0
9604,metropolitana de santiago,13,santiago,131,la pintana,13112,15,2657,1312,1345,2657,1312,1345,0,0,0
9605,metropolitana de santiago,13,santiago,131,la pintana,13112,16,2784,1395,1389,2784,1395,1389,0,0,0
9606,metropolitana de santiago,13,santiago,131,la pintana,13112,17,2763,1386,1377,2763,1386,1377,0,0,0
9607,metropolitana de santiago,13,santiago,131,la pintana,13112,18,2863,1407,1456,2863,1407,1456,0,0,0
9608,metropolitana de santiago,13,santiago,131,la pintana,13112,19,2863,1376,1487,2863,1376,1487,0,0,0
9609,metropolitana de santiago,13,santiago,131,la pintana,13112,20,2926,1455,1471,2926,1455,1471,0,0,0
9610,metropolitana de santiago,13,santiago,131,la pintana,13112,21,3035,1522,1513,3035,1522,1513,0,0,0
9611,metropolitana de santiago,13,santiago,131,la pintana,13112,22,3127,1539,1588,3127,1539,1588,0,0,0
9612,metropolitana de santiago,13,santiago,131,la pintana,13112,23,3084,1567,1517,3084,1567,1517,0,0,0
9613,metropolitana de santiago,13,santiago,131,la pintana,13112,24,3177,1579,1598,3177,1579,1598,0,0,0
9614,metropolitana de santiago,13,santiago,131,la pintana,13112,25,3064,1538,1526,3064,1538,1526,0,0,0
9615,metropolitana de santiago,13,santiago,131,la pintana,13112,26,3204,1613,1591,3204,1613,1591,0,0,0
9616,metropolitana de santiago,13,santiago,131,la pintana,13112,27,3078,1543,1535,3078,1543,1535,0,0,0
9617,metropolitana de santiago,13,santiago,131,la pintana,13112,28,2823,1468,1355,2823,1468,1355,0,0,0
9618,metropolitana de santiago,13,santiago,131,la pintana,13112,29,2758,1389,1369,2758,1389,1369,0,0,0
9619,metropolitana de santiago,13,santiago,131,la pintana,13112,30,2640,1304,1336,2640,1304,1336,0,0,0
9620,metropolitana de santiago,13,santiago,131,la pintana,13112,31,2554,1294,1260,2554,1294,1260,0,0,0
9621,metropolitana de santiago,13,santiago,131,la pintana,13112,32,2441,1213,1228,2441,1213,1228,0,0,0
9622,metropolitana de santiago,13,santiago,131,la pintana,13112,33,2393,1187,1206,2393,1187,1206,0,0,0
9623,metropolitana de santiago,13,santiago,131,la pintana,13112,34,2560,1265,1295,2560,1265,1295,0,0,0
9624,metropolitana de santiago,13,santiago,131,la pintana,13112,35,2637,1354,1283,2637,1354,1283,0,0,0
9625,metropolitana de santiago,13,santiago,131,la pintana,13112,36,2523,1265,1258,2523,1265,1258,0,0,0
9626,metropolitana de santiago,13,santiago,131,la pintana,13112,37,2343,1201,1142,2343,1201,1142,0,0,0
9627,metropolitana de santiago,13,santiago,131,la pintana,13112,38,2062,1029,1033,2062,1029,1033,0,0,0
9628,metropolitana de santiago,13,santiago,131,la pintana,13112,39,1998,1008,990,1998,1008,990,0,0,0
9629,metropolitana de santiago,13,santiago,131,la pintana,13112,40,2032,1069,963,2032,1069,963,0,0,0
9630,metropolitana de santiago,13,santiago,131,la pintana,13112,41,2107,993,1114,2107,993,1114,0,0,0
9631,metropolitana de santiago,13,santiago,131,la pintana,13112,42,2301,1200,1101,2301,1200,1101,0,0,0
9632,metropolitana de santiago,13,santiago,131,la pintana,13112,43,2437,1228,1209,2437,1228,1209,0,0,0
9633,metropolitana de santiago,13,santiago,131,la pintana,13112,44,2304,1152,1152,2304,1152,1152,0,0,0
9634,metropolitana de santiago,13,santiago,131,la pintana,13112,45,2183,1080,1103,2183,1080,1103,0,0,0
9635,metropolitana de santiago,13,santiago,131,la pintana,13112,46,2032,1037,995,2032,1037,995,0,0,0
9636,metropolitana de santiago,13,santiago,131,la pintana,13112,47,1888,930,958,1888,930,958,0,0,0
9637,metropolitana de santiago,13,santiago,131,la pintana,13112,48,2049,974,1075,2049,974,1075,0,0,0
9638,metropolitana de santiago,13,santiago,131,la pintana,13112,49,2063,1015,1048,2063,1015,1048,0,0,0
9639,metropolitana de santiago,13,santiago,131,la pintana,13112,50,2121,1045,1076,2121,1045,1076,0,0,0
9640,metropolitana de santiago,13,santiago,131,la pintana,13112,51,2065,943,1122,2065,943,1122,0,0,0
9641,metropolitana de santiago,13,santiago,131,la pintana,13112,52,2211,1050,1161,2211,1050,1161,0,0,0
9642,metropolitana de santiago,13,santiago,131,la pintana,13112,53,2136,1044,1092,2136,1044,1092,0,0,0
9643,metropolitana de santiago,13,santiago,131,la pintana,13112,54,2272,1011,1261,2272,1011,1261,0,0,0
9644,metropolitana de santiago,13,santiago,131,la pintana,13112,55,2147,1019,1128,2147,1019,1128,0,0,0
9645,metropolitana de santiago,13,santiago,131,la pintana,13112,56,2101,976,1125,2101,976,1125,0,0,0
9646,metropolitana de santiago,13,santiago,131,la pintana,13112,57,2014,938,1076,2014,938,1076,0,0,0
9647,metropolitana de santiago,13,santiago,131,la pintana,13112,58,2033,934,1099,2033,934,1099,0,0,0
9648,metropolitana de santiago,13,santiago,131,la pintana,13112,59,1974,955,1019,1974,955,1019,0,0,0
9649,metropolitana de santiago,13,santiago,131,la pintana,13112,60,1976,939,1037,1976,939,1037,0,0,0
9650,metropolitana de santiago,13,santiago,131,la pintana,13112,61,1807,818,989,1807,818,989,0,0,0
9651,metropolitana de santiago,13,santiago,131,la pintana,13112,62,1635,758,877,1635,758,877,0,0,0
9652,metropolitana de santiago,13,santiago,131,la pintana,13112,63,1616,720,896,1616,720,896,0,0,0
9653,metropolitana de santiago,13,santiago,131,la pintana,13112,64,1588,791,797,1588,791,797,0,0,0
9654,metropolitana de santiago,13,santiago,131,la pintana,13112,65,1455,688,767,1455,688,767,0,0,0
9655,metropolitana de santiago,13,santiago,131,la pintana,13112,66,1393,701,692,1393,701,692,0,0,0
9656,metropolitana de santiago,13,santiago,131,la pintana,13112,67,1366,674,692,1366,674,692,0,0,0
9657,metropolitana de santiago,13,santiago,131,la pintana,13112,68,1195,565,630,1195,565,630,0,0,0
9658,metropolitana de santiago,13,santiago,131,la pintana,13112,69,1144,515,629,1144,515,629,0,0,0
9659,metropolitana de santiago,13,santiago,131,la pintana,13112,70,1014,470,544,1014,470,544,0,0,0
9660,metropolitana de santiago,13,santiago,131,la pintana,13112,71,977,440,537,977,440,537,0,0,0
9661,metropolitana de santiago,13,santiago,131,la pintana,13112,72,911,387,524,911,387,524,0,0,0
9662,metropolitana de santiago,13,santiago,131,la pintana,13112,73,828,365,463,828,365,463,0,0,0
9663,metropolitana de santiago,13,santiago,131,la pintana,13112,74,757,309,448,757,309,448,0,0,0
9664,metropolitana de santiago,13,santiago,131,la pintana,13112,75,672,294,378,672,294,378,0,0,0
9665,metropolitana de santiago,13,santiago,131,la pintana,13112,76,611,274,337,611,274,337,0,0,0
9666,metropolitana de santiago,13,santiago,131,la pintana,13112,77,560,217,343,560,217,343,0,0,0
9667,metropolitana de santiago,13,santiago,131,la pintana,13112,78,496,196,300,496,196,300,0,0,0
9668,metropolitana de santiago,13,santiago,131,la pintana,13112,79,418,183,235,418,183,235,0,0,0
9669,metropolitana de santiago,13,santiago,131,la pintana,13112,80,374,144,230,374,144,230,0,0,0
9670,metropolitana de santiago,13,santiago,131,la pintana,13112,81,316,124,192,316,124,192,0,0,0
9671,metropolitana de santiago,13,santiago,131,la pintana,13112,82,250,98,152,250,98,152,0,0,0
9672,metropolitana de santiago,13,santiago,131,la pintana,13112,83,226,91,135,226,91,135,0,0,0
9673,metropolitana de santiago,13,santiago,131,la pintana,13112,84,208,69,139,208,69,139,0,0,0
9674,metropolitana de santiago,13,santiago,131,la pintana,13112,85,190,65,125,190,65,125,0,0,0
9675,metropolitana de santiago,13,santiago,131,la pintana,13112,86,173,65,108,173,65,108,0,0,0
9676,metropolitana de santiago,13,santiago,131,la pintana,13112,87,145,54,91,145,54,91,0,0,0
9677,metropolitana de santiago,13,santiago,131,la pintana,13112,88,128,38,90,128,38,90,0,0,0
9678,metropolitana de santiago,13,santiago,131,la pintana,13112,89,104,35,69,104,35,69,0,0,0
9679,metropolitana de santiago,13,santiago,131,la pintana,13112,90,58,18,40,58,18,40,0,0,0
9680,metropolitana de santiago,13,santiago,131,la pintana,13112,91,45,16,29,45,16,29,0,0,0
9681,metropolitana de santiago,13,santiago,131,la pintana,13112,92,50,19,31,50,19,31,0,0,0
9682,metropolitana de santiago,13,santiago,131,la pintana,13112,93,27,8,19,27,8,19,0,0,0
9683,metropolitana de santiago,13,santiago,131,la pintana,13112,94,34,8,26,34,8,26,0,0,0
9684,metropolitana de santiago,13,santiago,131,la pintana,13112,95,14,0,14,14,0,14,0,0,0
9685,metropolitana de santiago,13,santiago,131,la pintana,13112,96,20,6,14,20,6,14,0,0,0
9686,metropolitana de santiago,13,santiago,131,la pintana,13112,97,11,4,7,11,4,7,0,0,0
9687,metropolitana de santiago,13,santiago,131,la pintana,13112,98,14,1,13,14,1,13,0,0,0
9688,metropolitana de santiago,13,santiago,131,la pintana,13112,99,7,0,7,7,0,7,0,0,0
9689,metropolitana de santiago,13,santiago,131,la pintana,13112,100 o más,17,5,12,17,5,12,0,0,0
9690,metropolitana de santiago,13,santiago,131,la reina,13113,total comuna,92787,43599,49188,92787,43599,49188,0,0,0
9691,metropolitana de santiago,13,santiago,131,la reina,13113,0,841,416,425,841,416,425,0,0,0
9692,metropolitana de santiago,13,santiago,131,la reina,13113,1,983,502,481,983,502,481,0,0,0
9693,metropolitana de santiago,13,santiago,131,la reina,13113,2,1091,565,526,1091,565,526,0,0,0
9694,metropolitana de santiago,13,santiago,131,la reina,13113,3,1055,526,529,1055,526,529,0,0,0
9695,metropolitana de santiago,13,santiago,131,la reina,13113,4,1180,627,553,1180,627,553,0,0,0
9696,metropolitana de santiago,13,santiago,131,la reina,13113,5,1099,569,530,1099,569,530,0,0,0
9697,metropolitana de santiago,13,santiago,131,la reina,13113,6,1227,617,610,1227,617,610,0,0,0
9698,metropolitana de santiago,13,santiago,131,la reina,13113,7,1148,592,556,1148,592,556,0,0,0
9699,metropolitana de santiago,13,santiago,131,la reina,13113,8,1122,573,549,1122,573,549,0,0,0
9700,metropolitana de santiago,13,santiago,131,la reina,13113,9,1092,551,541,1092,551,541,0,0,0
9701,metropolitana de santiago,13,santiago,131,la reina,13113,10,1057,579,478,1057,579,478,0,0,0
9702,metropolitana de santiago,13,santiago,131,la reina,13113,11,1126,589,537,1126,589,537,0,0,0
9703,metropolitana de santiago,13,santiago,131,la reina,13113,12,1180,587,593,1180,587,593,0,0,0
9704,metropolitana de santiago,13,santiago,131,la reina,13113,13,1192,615,577,1192,615,577,0,0,0
9705,metropolitana de santiago,13,santiago,131,la reina,13113,14,1166,587,579,1166,587,579,0,0,0
9706,metropolitana de santiago,13,santiago,131,la reina,13113,15,1290,653,637,1290,653,637,0,0,0
9707,metropolitana de santiago,13,santiago,131,la reina,13113,16,1266,652,614,1266,652,614,0,0,0
9708,metropolitana de santiago,13,santiago,131,la reina,13113,17,1327,713,614,1327,713,614,0,0,0
9709,metropolitana de santiago,13,santiago,131,la reina,13113,18,1419,758,661,1419,758,661,0,0,0
9710,metropolitana de santiago,13,santiago,131,la reina,13113,19,1415,745,670,1415,745,670,0,0,0
9711,metropolitana de santiago,13,santiago,131,la reina,13113,20,1459,749,710,1459,749,710,0,0,0
9712,metropolitana de santiago,13,santiago,131,la reina,13113,21,1407,700,707,1407,700,707,0,0,0
9713,metropolitana de santiago,13,santiago,131,la reina,13113,22,1451,707,744,1451,707,744,0,0,0
9714,metropolitana de santiago,13,santiago,131,la reina,13113,23,1420,704,716,1420,704,716,0,0,0
9715,metropolitana de santiago,13,santiago,131,la reina,13113,24,1488,764,724,1488,764,724,0,0,0
9716,metropolitana de santiago,13,santiago,131,la reina,13113,25,1419,725,694,1419,725,694,0,0,0
9717,metropolitana de santiago,13,santiago,131,la reina,13113,26,1374,734,640,1374,734,640,0,0,0
9718,metropolitana de santiago,13,santiago,131,la reina,13113,27,1382,713,669,1382,713,669,0,0,0
9719,metropolitana de santiago,13,santiago,131,la reina,13113,28,1255,611,644,1255,611,644,0,0,0
9720,metropolitana de santiago,13,santiago,131,la reina,13113,29,1198,600,598,1198,600,598,0,0,0
9721,metropolitana de santiago,13,santiago,131,la reina,13113,30,1124,568,556,1124,568,556,0,0,0
9722,metropolitana de santiago,13,santiago,131,la reina,13113,31,1045,497,548,1045,497,548,0,0,0
9723,metropolitana de santiago,13,santiago,131,la reina,13113,32,1024,475,549,1024,475,549,0,0,0
9724,metropolitana de santiago,13,santiago,131,la reina,13113,33,1011,512,499,1011,512,499,0,0,0
9725,metropolitana de santiago,13,santiago,131,la reina,13113,34,1158,549,609,1158,549,609,0,0,0
9726,metropolitana de santiago,13,santiago,131,la reina,13113,35,1189,580,609,1189,580,609,0,0,0
9727,metropolitana de santiago,13,santiago,131,la reina,13113,36,1217,585,632,1217,585,632,0,0,0
9728,metropolitana de santiago,13,santiago,131,la reina,13113,37,1295,592,703,1295,592,703,0,0,0
9729,metropolitana de santiago,13,santiago,131,la reina,13113,38,1255,567,688,1255,567,688,0,0,0
9730,metropolitana de santiago,13,santiago,131,la reina,13113,39,1221,564,657,1221,564,657,0,0,0
9731,metropolitana de santiago,13,santiago,131,la reina,13113,40,1338,631,707,1338,631,707,0,0,0
9732,metropolitana de santiago,13,santiago,131,la reina,13113,41,1319,580,739,1319,580,739,0,0,0
9733,metropolitana de santiago,13,santiago,131,la reina,13113,42,1298,591,707,1298,591,707,0,0,0
9734,metropolitana de santiago,13,santiago,131,la reina,13113,43,1303,622,681,1303,622,681,0,0,0
9735,metropolitana de santiago,13,santiago,131,la reina,13113,44,1350,638,712,1350,638,712,0,0,0
9736,metropolitana de santiago,13,santiago,131,la reina,13113,45,1290,579,711,1290,579,711,0,0,0
9737,metropolitana de santiago,13,santiago,131,la reina,13113,46,1298,596,702,1298,596,702,0,0,0
9738,metropolitana de santiago,13,santiago,131,la reina,13113,47,1231,561,670,1231,561,670,0,0,0
9739,metropolitana de santiago,13,santiago,131,la reina,13113,48,1236,545,691,1236,545,691,0,0,0
9740,metropolitana de santiago,13,santiago,131,la reina,13113,49,1251,563,688,1251,563,688,0,0,0
9741,metropolitana de santiago,13,santiago,131,la reina,13113,50,1249,554,695,1249,554,695,0,0,0
9742,metropolitana de santiago,13,santiago,131,la reina,13113,51,1308,606,702,1308,606,702,0,0,0
9743,metropolitana de santiago,13,santiago,131,la reina,13113,52,1306,608,698,1306,608,698,0,0,0
9744,metropolitana de santiago,13,santiago,131,la reina,13113,53,1309,566,743,1309,566,743,0,0,0
9745,metropolitana de santiago,13,santiago,131,la reina,13113,54,1310,582,728,1310,582,728,0,0,0
9746,metropolitana de santiago,13,santiago,131,la reina,13113,55,1285,579,706,1285,579,706,0,0,0
9747,metropolitana de santiago,13,santiago,131,la reina,13113,56,1197,501,696,1197,501,696,0,0,0
9748,metropolitana de santiago,13,santiago,131,la reina,13113,57,1208,503,705,1208,503,705,0,0,0
9749,metropolitana de santiago,13,santiago,131,la reina,13113,58,1098,479,619,1098,479,619,0,0,0
9750,metropolitana de santiago,13,santiago,131,la reina,13113,59,1139,511,628,1139,511,628,0,0,0
9751,metropolitana de santiago,13,santiago,131,la reina,13113,60,1180,532,648,1180,532,648,0,0,0
9752,metropolitana de santiago,13,santiago,131,la reina,13113,61,1032,444,588,1032,444,588,0,0,0
9753,metropolitana de santiago,13,santiago,131,la reina,13113,62,1031,420,611,1031,420,611,0,0,0
9754,metropolitana de santiago,13,santiago,131,la reina,13113,63,871,381,490,871,381,490,0,0,0
9755,metropolitana de santiago,13,santiago,131,la reina,13113,64,858,355,503,858,355,503,0,0,0
9756,metropolitana de santiago,13,santiago,131,la reina,13113,65,911,405,506,911,405,506,0,0,0
9757,metropolitana de santiago,13,santiago,131,la reina,13113,66,857,364,493,857,364,493,0,0,0
9758,metropolitana de santiago,13,santiago,131,la reina,13113,67,852,369,483,852,369,483,0,0,0
9759,metropolitana de santiago,13,santiago,131,la reina,13113,68,757,336,421,757,336,421,0,0,0
9760,metropolitana de santiago,13,santiago,131,la reina,13113,69,782,338,444,782,338,444,0,0,0
9761,metropolitana de santiago,13,santiago,131,la reina,13113,70,721,336,385,721,336,385,0,0,0
9762,metropolitana de santiago,13,santiago,131,la reina,13113,71,682,274,408,682,274,408,0,0,0
9763,metropolitana de santiago,13,santiago,131,la reina,13113,72,696,320,376,696,320,376,0,0,0
9764,metropolitana de santiago,13,santiago,131,la reina,13113,73,639,264,375,639,264,375,0,0,0
9765,metropolitana de santiago,13,santiago,131,la reina,13113,74,589,245,344,589,245,344,0,0,0
9766,metropolitana de santiago,13,santiago,131,la reina,13113,75,582,244,338,582,244,338,0,0,0
9767,metropolitana de santiago,13,santiago,131,la reina,13113,76,504,211,293,504,211,293,0,0,0
9768,metropolitana de santiago,13,santiago,131,la reina,13113,77,505,185,320,505,185,320,0,0,0
9769,metropolitana de santiago,13,santiago,131,la reina,13113,78,460,201,259,460,201,259,0,0,0
9770,metropolitana de santiago,13,santiago,131,la reina,13113,79,439,169,270,439,169,270,0,0,0
9771,metropolitana de santiago,13,santiago,131,la reina,13113,80,389,151,238,389,151,238,0,0,0
9772,metropolitana de santiago,13,santiago,131,la reina,13113,81,361,151,210,361,151,210,0,0,0
9773,metropolitana de santiago,13,santiago,131,la reina,13113,82,343,115,228,343,115,228,0,0,0
9774,metropolitana de santiago,13,santiago,131,la reina,13113,83,320,119,201,320,119,201,0,0,0
9775,metropolitana de santiago,13,santiago,131,la reina,13113,84,326,112,214,326,112,214,0,0,0
9776,metropolitana de santiago,13,santiago,131,la reina,13113,85,289,104,185,289,104,185,0,0,0
9777,metropolitana de santiago,13,santiago,131,la reina,13113,86,279,106,173,279,106,173,0,0,0
9778,metropolitana de santiago,13,santiago,131,la reina,13113,87,272,85,187,272,85,187,0,0,0
9779,metropolitana de santiago,13,santiago,131,la reina,13113,88,233,75,158,233,75,158,0,0,0
9780,metropolitana de santiago,13,santiago,131,la reina,13113,89,200,69,131,200,69,131,0,0,0
9781,metropolitana de santiago,13,santiago,131,la reina,13113,90,185,53,132,185,53,132,0,0,0
9782,metropolitana de santiago,13,santiago,131,la reina,13113,91,125,31,94,125,31,94,0,0,0
9783,metropolitana de santiago,13,santiago,131,la reina,13113,92,110,30,80,110,30,80,0,0,0
9784,metropolitana de santiago,13,santiago,131,la reina,13113,93,105,33,72,105,33,72,0,0,0
9785,metropolitana de santiago,13,santiago,131,la reina,13113,94,74,15,59,74,15,59,0,0,0
9786,metropolitana de santiago,13,santiago,131,la reina,13113,95,51,12,39,51,12,39,0,0,0
9787,metropolitana de santiago,13,santiago,131,la reina,13113,96,68,14,54,68,14,54,0,0,0
9788,metropolitana de santiago,13,santiago,131,la reina,13113,97,27,5,22,27,5,22,0,0,0
9789,metropolitana de santiago,13,santiago,131,la reina,13113,98,22,3,19,22,3,19,0,0,0
9790,metropolitana de santiago,13,santiago,131,la reina,13113,99,26,5,21,26,5,21,0,0,0
9791,metropolitana de santiago,13,santiago,131,la reina,13113,100 o más,43,11,32,43,11,32,0,0,0
9792,metropolitana de santiago,13,santiago,131,las condes,13114,total comuna,294838,135917,158921,294838,135917,158921,0,0,0
9793,metropolitana de santiago,13,santiago,131,las condes,13114,0,3246,1692,1554,3246,1692,1554,0,0,0
9794,metropolitana de santiago,13,santiago,131,las condes,13114,1,3536,1810,1726,3536,1810,1726,0,0,0
9795,metropolitana de santiago,13,santiago,131,las condes,13114,2,3274,1643,1631,3274,1643,1631,0,0,0
9796,metropolitana de santiago,13,santiago,131,las condes,13114,3,3061,1570,1491,3061,1570,1491,0,0,0
9797,metropolitana de santiago,13,santiago,131,las condes,13114,4,3081,1545,1536,3081,1545,1536,0,0,0
9798,metropolitana de santiago,13,santiago,131,las condes,13114,5,2962,1529,1433,2962,1529,1433,0,0,0
9799,metropolitana de santiago,13,santiago,131,las condes,13114,6,3063,1531,1532,3063,1531,1532,0,0,0
9800,metropolitana de santiago,13,santiago,131,las condes,13114,7,3000,1533,1467,3000,1533,1467,0,0,0
9801,metropolitana de santiago,13,santiago,131,las condes,13114,8,2820,1488,1332,2820,1488,1332,0,0,0
9802,metropolitana de santiago,13,santiago,131,las condes,13114,9,2840,1421,1419,2840,1421,1419,0,0,0
9803,metropolitana de santiago,13,santiago,131,las condes,13114,10,2822,1415,1407,2822,1415,1407,0,0,0
9804,metropolitana de santiago,13,santiago,131,las condes,13114,11,2772,1422,1350,2772,1422,1350,0,0,0
9805,metropolitana de santiago,13,santiago,131,las condes,13114,12,2813,1422,1391,2813,1422,1391,0,0,0
9806,metropolitana de santiago,13,santiago,131,las condes,13114,13,2839,1467,1372,2839,1467,1372,0,0,0
9807,metropolitana de santiago,13,santiago,131,las condes,13114,14,2890,1504,1386,2890,1504,1386,0,0,0
9808,metropolitana de santiago,13,santiago,131,las condes,13114,15,3029,1529,1500,3029,1529,1500,0,0,0
9809,metropolitana de santiago,13,santiago,131,las condes,13114,16,3279,1633,1646,3279,1633,1646,0,0,0
9810,metropolitana de santiago,13,santiago,131,las condes,13114,17,3296,1677,1619,3296,1677,1619,0,0,0
9811,metropolitana de santiago,13,santiago,131,las condes,13114,18,4108,2091,2017,4108,2091,2017,0,0,0
9812,metropolitana de santiago,13,santiago,131,las condes,13114,19,4495,2265,2230,4495,2265,2230,0,0,0
9813,metropolitana de santiago,13,santiago,131,las condes,13114,20,4843,2443,2400,4843,2443,2400,0,0,0
9814,metropolitana de santiago,13,santiago,131,las condes,13114,21,4858,2455,2403,4858,2455,2403,0,0,0
9815,metropolitana de santiago,13,santiago,131,las condes,13114,22,4771,2366,2405,4771,2366,2405,0,0,0
9816,metropolitana de santiago,13,santiago,131,las condes,13114,23,4918,2409,2509,4918,2409,2509,0,0,0
9817,metropolitana de santiago,13,santiago,131,las condes,13114,24,5077,2499,2578,5077,2499,2578,0,0,0
9818,metropolitana de santiago,13,santiago,131,las condes,13114,25,5014,2473,2541,5014,2473,2541,0,0,0
9819,metropolitana de santiago,13,santiago,131,las condes,13114,26,5227,2527,2700,5227,2527,2700,0,0,0
9820,metropolitana de santiago,13,santiago,131,las condes,13114,27,5520,2733,2787,5520,2733,2787,0,0,0
9821,metropolitana de santiago,13,santiago,131,las condes,13114,28,5214,2603,2611,5214,2603,2611,0,0,0
9822,metropolitana de santiago,13,santiago,131,las condes,13114,29,5025,2522,2503,5025,2522,2503,0,0,0
9823,metropolitana de santiago,13,santiago,131,las condes,13114,30,5060,2452,2608,5060,2452,2608,0,0,0
9824,metropolitana de santiago,13,santiago,131,las condes,13114,31,4671,2260,2411,4671,2260,2411,0,0,0
9825,metropolitana de santiago,13,santiago,131,las condes,13114,32,4673,2266,2407,4673,2266,2407,0,0,0
9826,metropolitana de santiago,13,santiago,131,las condes,13114,33,4578,2281,2297,4578,2281,2297,0,0,0
9827,metropolitana de santiago,13,santiago,131,las condes,13114,34,4639,2282,2357,4639,2282,2357,0,0,0
9828,metropolitana de santiago,13,santiago,131,las condes,13114,35,4582,2198,2384,4582,2198,2384,0,0,0
9829,metropolitana de santiago,13,santiago,131,las condes,13114,36,4300,2085,2215,4300,2085,2215,0,0,0
9830,metropolitana de santiago,13,santiago,131,las condes,13114,37,4163,1964,2199,4163,1964,2199,0,0,0
9831,metropolitana de santiago,13,santiago,131,las condes,13114,38,4148,1889,2259,4148,1889,2259,0,0,0
9832,metropolitana de santiago,13,santiago,131,las condes,13114,39,3883,1818,2065,3883,1818,2065,0,0,0
9833,metropolitana de santiago,13,santiago,131,las condes,13114,40,4027,1891,2136,4027,1891,2136,0,0,0
9834,metropolitana de santiago,13,santiago,131,las condes,13114,41,3915,1756,2159,3915,1756,2159,0,0,0
9835,metropolitana de santiago,13,santiago,131,las condes,13114,42,3896,1763,2133,3896,1763,2133,0,0,0
9836,metropolitana de santiago,13,santiago,131,las condes,13114,43,3804,1770,2034,3804,1770,2034,0,0,0
9837,metropolitana de santiago,13,santiago,131,las condes,13114,44,3923,1793,2130,3923,1793,2130,0,0,0
9838,metropolitana de santiago,13,santiago,131,las condes,13114,45,3936,1761,2175,3936,1761,2175,0,0,0
9839,metropolitana de santiago,13,santiago,131,las condes,13114,46,3745,1708,2037,3745,1708,2037,0,0,0
9840,metropolitana de santiago,13,santiago,131,las condes,13114,47,3573,1571,2002,3573,1571,2002,0,0,0
9841,metropolitana de santiago,13,santiago,131,las condes,13114,48,3692,1596,2096,3692,1596,2096,0,0,0
9842,metropolitana de santiago,13,santiago,131,las condes,13114,49,3565,1589,1976,3565,1589,1976,0,0,0
9843,metropolitana de santiago,13,santiago,131,las condes,13114,50,3607,1563,2044,3607,1563,2044,0,0,0
9844,metropolitana de santiago,13,santiago,131,las condes,13114,51,3579,1610,1969,3579,1610,1969,0,0,0
9845,metropolitana de santiago,13,santiago,131,las condes,13114,52,3699,1538,2161,3699,1538,2161,0,0,0
9846,metropolitana de santiago,13,santiago,131,las condes,13114,53,3731,1580,2151,3731,1580,2151,0,0,0
9847,metropolitana de santiago,13,santiago,131,las condes,13114,54,3845,1613,2232,3845,1613,2232,0,0,0
9848,metropolitana de santiago,13,santiago,131,las condes,13114,55,3675,1548,2127,3675,1548,2127,0,0,0
9849,metropolitana de santiago,13,santiago,131,las condes,13114,56,3759,1621,2138,3759,1621,2138,0,0,0
9850,metropolitana de santiago,13,santiago,131,las condes,13114,57,3524,1465,2059,3524,1465,2059,0,0,0
9851,metropolitana de santiago,13,santiago,131,las condes,13114,58,3530,1499,2031,3530,1499,2031,0,0,0
9852,metropolitana de santiago,13,santiago,131,las condes,13114,59,3618,1581,2037,3618,1581,2037,0,0,0
9853,metropolitana de santiago,13,santiago,131,las condes,13114,60,3553,1498,2055,3553,1498,2055,0,0,0
9854,metropolitana de santiago,13,santiago,131,las condes,13114,61,3288,1366,1922,3288,1366,1922,0,0,0
9855,metropolitana de santiago,13,santiago,131,las condes,13114,62,3141,1284,1857,3141,1284,1857,0,0,0
9856,metropolitana de santiago,13,santiago,131,las condes,13114,63,3065,1208,1857,3065,1208,1857,0,0,0
9857,metropolitana de santiago,13,santiago,131,las condes,13114,64,2747,1179,1568,2747,1179,1568,0,0,0
9858,metropolitana de santiago,13,santiago,131,las condes,13114,65,2507,1065,1442,2507,1065,1442,0,0,0
9859,metropolitana de santiago,13,santiago,131,las condes,13114,66,2558,1045,1513,2558,1045,1513,0,0,0
9860,metropolitana de santiago,13,santiago,131,las condes,13114,67,2578,1058,1520,2578,1058,1520,0,0,0
9861,metropolitana de santiago,13,santiago,131,las condes,13114,68,2405,1005,1400,2405,1005,1400,0,0,0
9862,metropolitana de santiago,13,santiago,131,las condes,13114,69,2365,997,1368,2365,997,1368,0,0,0
9863,metropolitana de santiago,13,santiago,131,las condes,13114,70,2416,960,1456,2416,960,1456,0,0,0
9864,metropolitana de santiago,13,santiago,131,las condes,13114,71,2351,938,1413,2351,938,1413,0,0,0
9865,metropolitana de santiago,13,santiago,131,las condes,13114,72,2238,926,1312,2238,926,1312,0,0,0
9866,metropolitana de santiago,13,santiago,131,las condes,13114,73,2193,873,1320,2193,873,1320,0,0,0
9867,metropolitana de santiago,13,santiago,131,las condes,13114,74,1967,823,1144,1967,823,1144,0,0,0
9868,metropolitana de santiago,13,santiago,131,las condes,13114,75,2026,840,1186,2026,840,1186,0,0,0
9869,metropolitana de santiago,13,santiago,131,las condes,13114,76,1781,704,1077,1781,704,1077,0,0,0
9870,metropolitana de santiago,13,santiago,131,las condes,13114,77,1709,661,1048,1709,661,1048,0,0,0
9871,metropolitana de santiago,13,santiago,131,las condes,13114,78,1463,609,854,1463,609,854,0,0,0
9872,metropolitana de santiago,13,santiago,131,las condes,13114,79,1468,571,897,1468,571,897,0,0,0
9873,metropolitana de santiago,13,santiago,131,las condes,13114,80,1459,548,911,1459,548,911,0,0,0
9874,metropolitana de santiago,13,santiago,131,las condes,13114,81,1324,514,810,1324,514,810,0,0,0
9875,metropolitana de santiago,13,santiago,131,las condes,13114,82,1270,492,778,1270,492,778,0,0,0
9876,metropolitana de santiago,13,santiago,131,las condes,13114,83,1157,423,734,1157,423,734,0,0,0
9877,metropolitana de santiago,13,santiago,131,las condes,13114,84,1083,414,669,1083,414,669,0,0,0
9878,metropolitana de santiago,13,santiago,131,las condes,13114,85,1038,385,653,1038,385,653,0,0,0
9879,metropolitana de santiago,13,santiago,131,las condes,13114,86,1062,358,704,1062,358,704,0,0,0
9880,metropolitana de santiago,13,santiago,131,las condes,13114,87,930,297,633,930,297,633,0,0,0
9881,metropolitana de santiago,13,santiago,131,las condes,13114,88,850,275,575,850,275,575,0,0,0
9882,metropolitana de santiago,13,santiago,131,las condes,13114,89,773,226,547,773,226,547,0,0,0
9883,metropolitana de santiago,13,santiago,131,las condes,13114,90,606,199,407,606,199,407,0,0,0
9884,metropolitana de santiago,13,santiago,131,las condes,13114,91,513,155,358,513,155,358,0,0,0
9885,metropolitana de santiago,13,santiago,131,las condes,13114,92,464,152,312,464,152,312,0,0,0
9886,metropolitana de santiago,13,santiago,131,las condes,13114,93,340,94,246,340,94,246,0,0,0
9887,metropolitana de santiago,13,santiago,131,las condes,13114,94,283,61,222,283,61,222,0,0,0
9888,metropolitana de santiago,13,santiago,131,las condes,13114,95,207,55,152,207,55,152,0,0,0
9889,metropolitana de santiago,13,santiago,131,las condes,13114,96,185,42,143,185,42,143,0,0,0
9890,metropolitana de santiago,13,santiago,131,las condes,13114,97,131,36,95,131,36,95,0,0,0
9891,metropolitana de santiago,13,santiago,131,las condes,13114,98,73,12,61,73,12,61,0,0,0
9892,metropolitana de santiago,13,santiago,131,las condes,13114,99,78,16,62,78,16,62,0,0,0
9893,metropolitana de santiago,13,santiago,131,las condes,13114,100 o más,160,25,135,160,25,135,0,0,0
9894,metropolitana de santiago,13,santiago,131,lo barnechea,13115,total comuna,105833,50500,55333,103134,48357,54777,2699,2143,556
9895,metropolitana de santiago,13,santiago,131,lo barnechea,13115,0,1150,607,543,1141,601,540,9,6,3
9896,metropolitana de santiago,13,santiago,131,lo barnechea,13115,1,1306,675,631,1290,664,626,16,11,5
9897,metropolitana de santiago,13,santiago,131,lo barnechea,13115,2,1462,771,691,1447,763,684,15,8,7
9898,metropolitana de santiago,13,santiago,131,lo barnechea,13115,3,1446,721,725,1435,716,719,11,5,6
9899,metropolitana de santiago,13,santiago,131,lo barnechea,13115,4,1631,758,873,1616,751,865,15,7,8
9900,metropolitana de santiago,13,santiago,131,lo barnechea,13115,5,1670,876,794,1659,868,791,11,8,3
9901,metropolitana de santiago,13,santiago,131,lo barnechea,13115,6,1772,916,856,1759,908,851,13,8,5
9902,metropolitana de santiago,13,santiago,131,lo barnechea,13115,7,1670,863,807,1655,853,802,15,10,5
9903,metropolitana de santiago,13,santiago,131,lo barnechea,13115,8,1809,918,891,1803,913,890,6,5,1
9904,metropolitana de santiago,13,santiago,131,lo barnechea,13115,9,1798,911,887,1789,906,883,9,5,4
9905,metropolitana de santiago,13,santiago,131,lo barnechea,13115,10,1779,904,875,1765,897,868,14,7,7
9906,metropolitana de santiago,13,santiago,131,lo barnechea,13115,11,1759,896,863,1743,890,853,16,6,10
9907,metropolitana de santiago,13,santiago,131,lo barnechea,13115,12,1732,864,868,1723,858,865,9,6,3
9908,metropolitana de santiago,13,santiago,131,lo barnechea,13115,13,1782,928,854,1772,921,851,10,7,3
9909,metropolitana de santiago,13,santiago,131,lo barnechea,13115,14,1836,947,889,1822,939,883,14,8,6
9910,metropolitana de santiago,13,santiago,131,lo barnechea,13115,15,1890,961,929,1879,956,923,11,5,6
9911,metropolitana de santiago,13,santiago,131,lo barnechea,13115,16,1876,952,924,1863,947,916,13,5,8
9912,metropolitana de santiago,13,santiago,131,lo barnechea,13115,17,1903,968,935,1892,964,928,11,4,7
9913,metropolitana de santiago,13,santiago,131,lo barnechea,13115,18,1830,893,937,1820,889,931,10,4,6
9914,metropolitana de santiago,13,santiago,131,lo barnechea,13115,19,1913,945,968,1894,933,961,19,12,7
9915,metropolitana de santiago,13,santiago,131,lo barnechea,13115,20,2026,996,1030,1995,974,1021,31,22,9
9916,metropolitana de santiago,13,santiago,131,lo barnechea,13115,21,1966,986,980,1934,965,969,32,21,11
9917,metropolitana de santiago,13,santiago,131,lo barnechea,13115,22,1852,916,936,1814,890,924,38,26,12
9918,metropolitana de santiago,13,santiago,131,lo barnechea,13115,23,1763,838,925,1730,816,914,33,22,11
9919,metropolitana de santiago,13,santiago,131,lo barnechea,13115,24,1841,925,916,1790,890,900,51,35,16
9920,metropolitana de santiago,13,santiago,131,lo barnechea,13115,25,1677,859,818,1628,817,811,49,42,7
9921,metropolitana de santiago,13,santiago,131,lo barnechea,13115,26,1540,815,725,1484,770,714,56,45,11
9922,metropolitana de santiago,13,santiago,131,lo barnechea,13115,27,1487,801,686,1420,747,673,67,54,13
9923,metropolitana de santiago,13,santiago,131,lo barnechea,13115,28,1245,640,605,1173,577,596,72,63,9
9924,metropolitana de santiago,13,santiago,131,lo barnechea,13115,29,1177,606,571,1093,532,561,84,74,10
9925,metropolitana de santiago,13,santiago,131,lo barnechea,13115,30,1091,519,572,1040,476,564,51,43,8
9926,metropolitana de santiago,13,santiago,131,lo barnechea,13115,31,984,475,509,898,403,495,86,72,14
9927,metropolitana de santiago,13,santiago,131,lo barnechea,13115,32,993,463,530,934,408,526,59,55,4
9928,metropolitana de santiago,13,santiago,131,lo barnechea,13115,33,1047,470,577,972,410,562,75,60,15
9929,metropolitana de santiago,13,santiago,131,lo barnechea,13115,34,1184,559,625,1082,465,617,102,94,8
9930,metropolitana de santiago,13,santiago,131,lo barnechea,13115,35,1281,573,708,1203,502,701,78,71,7
9931,metropolitana de santiago,13,santiago,131,lo barnechea,13115,36,1338,621,717,1264,556,708,74,65,9
9932,metropolitana de santiago,13,santiago,131,lo barnechea,13115,37,1295,576,719,1231,519,712,64,57,7
9933,metropolitana de santiago,13,santiago,131,lo barnechea,13115,38,1439,607,832,1367,543,824,72,64,8
9934,metropolitana de santiago,13,santiago,131,lo barnechea,13115,39,1498,678,820,1407,599,808,91,79,12
9935,metropolitana de santiago,13,santiago,131,lo barnechea,13115,40,1488,677,811,1429,626,803,59,51,8
9936,metropolitana de santiago,13,santiago,131,lo barnechea,13115,41,1551,650,901,1473,586,887,78,64,14
9937,metropolitana de santiago,13,santiago,131,lo barnechea,13115,42,1593,712,881,1522,651,871,71,61,10
9938,metropolitana de santiago,13,santiago,131,lo barnechea,13115,43,1618,698,920,1573,658,915,45,40,5
9939,metropolitana de santiago,13,santiago,131,lo barnechea,13115,44,1678,738,940,1625,694,931,53,44,9
9940,metropolitana de santiago,13,santiago,131,lo barnechea,13115,45,1674,722,952,1612,672,940,62,50,12
9941,metropolitana de santiago,13,santiago,131,lo barnechea,13115,46,1630,755,875,1556,694,862,74,61,13
9942,metropolitana de santiago,13,santiago,131,lo barnechea,13115,47,1676,708,968,1619,662,957,57,46,11
9943,metropolitana de santiago,13,santiago,131,lo barnechea,13115,48,1583,663,920,1526,618,908,57,45,12
9944,metropolitana de santiago,13,santiago,131,lo barnechea,13115,49,1651,732,919,1588,686,902,63,46,17
9945,metropolitana de santiago,13,santiago,131,lo barnechea,13115,50,1594,727,867,1543,687,856,51,40,11
9946,metropolitana de santiago,13,santiago,131,lo barnechea,13115,51,1578,697,881,1534,664,870,44,33,11
9947,metropolitana de santiago,13,santiago,131,lo barnechea,13115,52,1654,744,910,1601,699,902,53,45,8
9948,metropolitana de santiago,13,santiago,131,lo barnechea,13115,53,1539,719,820,1498,685,813,41,34,7
9949,metropolitana de santiago,13,santiago,131,lo barnechea,13115,54,1529,721,808,1480,684,796,49,37,12
9950,metropolitana de santiago,13,santiago,131,lo barnechea,13115,55,1439,623,816,1396,586,810,43,37,6
9951,metropolitana de santiago,13,santiago,131,lo barnechea,13115,56,1365,643,722,1331,617,714,34,26,8
9952,metropolitana de santiago,13,santiago,131,lo barnechea,13115,57,1299,614,685,1254,578,676,45,36,9
9953,metropolitana de santiago,13,santiago,131,lo barnechea,13115,58,1197,526,671,1171,510,661,26,16,10
9954,metropolitana de santiago,13,santiago,131,lo barnechea,13115,59,1155,532,623,1127,509,618,28,23,5
9955,metropolitana de santiago,13,santiago,131,lo barnechea,13115,60,1065,498,567,1046,483,563,19,15,4
9956,metropolitana de santiago,13,santiago,131,lo barnechea,13115,61,941,439,502,927,427,500,14,12,2
9957,metropolitana de santiago,13,santiago,131,lo barnechea,13115,62,927,444,483,908,430,478,19,14,5
9958,metropolitana de santiago,13,santiago,131,lo barnechea,13115,63,887,409,478,866,393,473,21,16,5
9959,metropolitana de santiago,13,santiago,131,lo barnechea,13115,64,758,365,393,751,362,389,7,3,4
9960,metropolitana de santiago,13,santiago,131,lo barnechea,13115,65,680,326,354,671,318,353,9,8,1
9961,metropolitana de santiago,13,santiago,131,lo barnechea,13115,66,614,280,334,604,273,331,10,7,3
9962,metropolitana de santiago,13,santiago,131,lo barnechea,13115,67,585,272,313,575,266,309,10,6,4
9963,metropolitana de santiago,13,santiago,131,lo barnechea,13115,68,543,261,282,538,259,279,5,2,3
9964,metropolitana de santiago,13,santiago,131,lo barnechea,13115,69,510,255,255,504,252,252,6,3,3
9965,metropolitana de santiago,13,santiago,131,lo barnechea,13115,70,500,245,255,495,243,252,5,2,3
9966,metropolitana de santiago,13,santiago,131,lo barnechea,13115,71,486,228,258,483,225,258,3,3,0
9967,metropolitana de santiago,13,santiago,131,lo barnechea,13115,72,382,169,213,380,168,212,2,1,1
9968,metropolitana de santiago,13,santiago,131,lo barnechea,13115,73,378,182,196,374,180,194,4,2,2
9969,metropolitana de santiago,13,santiago,131,lo barnechea,13115,74,363,163,200,358,160,198,5,3,2
9970,metropolitana de santiago,13,santiago,131,lo barnechea,13115,75,312,149,163,308,146,162,4,3,1
9971,metropolitana de santiago,13,santiago,131,lo barnechea,13115,76,279,117,162,278,116,162,1,1,0
9972,metropolitana de santiago,13,santiago,131,lo barnechea,13115,77,216,88,128,216,88,128,0,0,0
9973,metropolitana de santiago,13,santiago,131,lo barnechea,13115,78,198,82,116,198,82,116,0,0,0
9974,metropolitana de santiago,13,santiago,131,lo barnechea,13115,79,212,81,131,212,81,131,0,0,0
9975,metropolitana de santiago,13,santiago,131,lo barnechea,13115,80,179,78,101,177,77,100,2,1,1
9976,metropolitana de santiago,13,santiago,131,lo barnechea,13115,81,175,87,88,173,85,88,2,2,0
9977,metropolitana de santiago,13,santiago,131,lo barnechea,13115,82,160,68,92,160,68,92,0,0,0
9978,metropolitana de santiago,13,santiago,131,lo barnechea,13115,83,149,73,76,149,73,76,0,0,0
9979,metropolitana de santiago,13,santiago,131,lo barnechea,13115,84,172,56,116,169,55,114,3,1,2
9980,metropolitana de santiago,13,santiago,131,lo barnechea,13115,85,134,52,82,133,51,82,1,1,0
9981,metropolitana de santiago,13,santiago,131,lo barnechea,13115,86,108,35,73,108,35,73,0,0,0
9982,metropolitana de santiago,13,santiago,131,lo barnechea,13115,87,105,45,60,104,44,60,1,1,0
9983,metropolitana de santiago,13,santiago,131,lo barnechea,13115,88,109,29,80,109,29,80,0,0,0
9984,metropolitana de santiago,13,santiago,131,lo barnechea,13115,89,89,31,58,89,31,58,0,0,0
9985,metropolitana de santiago,13,santiago,131,lo barnechea,13115,90,76,29,47,76,29,47,0,0,0
9986,metropolitana de santiago,13,santiago,131,lo barnechea,13115,91,62,13,49,62,13,49,0,0,0
9987,metropolitana de santiago,13,santiago,131,lo barnechea,13115,92,47,11,36,47,11,36,0,0,0
9988,metropolitana de santiago,13,santiago,131,lo barnechea,13115,93,35,3,32,35,3,32,0,0,0
9989,metropolitana de santiago,13,santiago,131,lo barnechea,13115,94,37,8,29,37,8,29,0,0,0
9990,metropolitana de santiago,13,santiago,131,lo barnechea,13115,95,30,3,27,30,3,27,0,0,0
9991,metropolitana de santiago,13,santiago,131,lo barnechea,13115,96,23,8,15,23,8,15,0,0,0
9992,metropolitana de santiago,13,santiago,131,lo barnechea,13115,97,25,9,16,25,9,16,0,0,0
9993,metropolitana de santiago,13,santiago,131,lo barnechea,13115,98,12,2,10,12,2,10,0,0,0
9994,metropolitana de santiago,13,santiago,131,lo barnechea,13115,99,9,1,8,9,1,8,0,0,0
9995,metropolitana de santiago,13,santiago,131,lo barnechea,13115,100 o más,32,8,24,31,8,23,1,0,1
9996,metropolitana de santiago,13,santiago,131,lo espejo,13116,total comuna,98804,49146,49658,98804,49146,49658,0,0,0
9997,metropolitana de santiago,13,santiago,131,lo espejo,13116,0,1186,616,570,1186,616,570,0,0,0
9998,metropolitana de santiago,13,santiago,131,lo espejo,13116,1,1343,706,637,1343,706,637,0,0,0
9999,metropolitana de santiago,13,santiago,131,lo espejo,13116,2,1337,686,651,1337,686,651,0,0,0
10000,metropolitana de santiago,13,santiago,131,lo espejo,13116,3,1292,637,655,1292,637,655,0,0,0
10001,metropolitana de santiago,13,santiago,131,lo espejo,13116,4,1387,705,682,1387,705,682,0,0,0
10002,metropolitana de santiago,13,santiago,131,lo espejo,13116,5,1381,696,685,1381,696,685,0,0,0
10003,metropolitana de santiago,13,santiago,131,lo espejo,13116,6,1389,712,677,1389,712,677,0,0,0
10004,metropolitana de santiago,13,santiago,131,lo espejo,13116,7,1429,736,693,1429,736,693,0,0,0
10005,metropolitana de santiago,13,santiago,131,lo espejo,13116,8,1347,731,616,1347,731,616,0,0,0
10006,metropolitana de santiago,13,santiago,131,lo espejo,13116,9,1295,683,612,1295,683,612,0,0,0
10007,metropolitana de santiago,13,santiago,131,lo espejo,13116,10,1206,646,560,1206,646,560,0,0,0
10008,metropolitana de santiago,13,santiago,131,lo espejo,13116,11,1253,651,602,1253,651,602,0,0,0
10009,metropolitana de santiago,13,santiago,131,lo espejo,13116,12,1173,589,584,1173,589,584,0,0,0
10010,metropolitana de santiago,13,santiago,131,lo espejo,13116,13,1183,611,572,1183,611,572,0,0,0
10011,metropolitana de santiago,13,santiago,131,lo espejo,13116,14,1258,603,655,1258,603,655,0,0,0
10012,metropolitana de santiago,13,santiago,131,lo espejo,13116,15,1297,652,645,1297,652,645,0,0,0
10013,metropolitana de santiago,13,santiago,131,lo espejo,13116,16,1399,695,704,1399,695,704,0,0,0
10014,metropolitana de santiago,13,santiago,131,lo espejo,13116,17,1461,744,717,1461,744,717,0,0,0
10015,metropolitana de santiago,13,santiago,131,lo espejo,13116,18,1375,657,718,1375,657,718,0,0,0
10016,metropolitana de santiago,13,santiago,131,lo espejo,13116,19,1478,767,711,1478,767,711,0,0,0
10017,metropolitana de santiago,13,santiago,131,lo espejo,13116,20,1597,795,802,1597,795,802,0,0,0
10018,metropolitana de santiago,13,santiago,131,lo espejo,13116,21,1669,840,829,1669,840,829,0,0,0
10019,metropolitana de santiago,13,santiago,131,lo espejo,13116,22,1720,883,837,1720,883,837,0,0,0
10020,metropolitana de santiago,13,santiago,131,lo espejo,13116,23,1883,935,948,1883,935,948,0,0,0
10021,metropolitana de santiago,13,santiago,131,lo espejo,13116,24,1766,903,863,1766,903,863,0,0,0
10022,metropolitana de santiago,13,santiago,131,lo espejo,13116,25,1830,942,888,1830,942,888,0,0,0
10023,metropolitana de santiago,13,santiago,131,lo espejo,13116,26,1825,987,838,1825,987,838,0,0,0
10024,metropolitana de santiago,13,santiago,131,lo espejo,13116,27,1797,921,876,1797,921,876,0,0,0
10025,metropolitana de santiago,13,santiago,131,lo espejo,13116,28,1747,918,829,1747,918,829,0,0,0
10026,metropolitana de santiago,13,santiago,131,lo espejo,13116,29,1643,869,774,1643,869,774,0,0,0
10027,metropolitana de santiago,13,santiago,131,lo espejo,13116,30,1485,787,698,1485,787,698,0,0,0
10028,metropolitana de santiago,13,santiago,131,lo espejo,13116,31,1377,765,612,1377,765,612,0,0,0
10029,metropolitana de santiago,13,santiago,131,lo espejo,13116,32,1201,591,610,1201,591,610,0,0,0
10030,metropolitana de santiago,13,santiago,131,lo espejo,13116,33,1235,658,577,1235,658,577,0,0,0
10031,metropolitana de santiago,13,santiago,131,lo espejo,13116,34,1307,672,635,1307,672,635,0,0,0
10032,metropolitana de santiago,13,santiago,131,lo espejo,13116,35,1340,718,622,1340,718,622,0,0,0
10033,metropolitana de santiago,13,santiago,131,lo espejo,13116,36,1175,619,556,1175,619,556,0,0,0
10034,metropolitana de santiago,13,santiago,131,lo espejo,13116,37,1131,584,547,1131,584,547,0,0,0
10035,metropolitana de santiago,13,santiago,131,lo espejo,13116,38,1076,579,497,1076,579,497,0,0,0
10036,metropolitana de santiago,13,santiago,131,lo espejo,13116,39,1012,506,506,1012,506,506,0,0,0
10037,metropolitana de santiago,13,santiago,131,lo espejo,13116,40,975,500,475,975,500,475,0,0,0
10038,metropolitana de santiago,13,santiago,131,lo espejo,13116,41,994,526,468,994,526,468,0,0,0
10039,metropolitana de santiago,13,santiago,131,lo espejo,13116,42,1109,602,507,1109,602,507,0,0,0
10040,metropolitana de santiago,13,santiago,131,lo espejo,13116,43,1173,617,556,1173,617,556,0,0,0
10041,metropolitana de santiago,13,santiago,131,lo espejo,13116,44,1253,625,628,1253,625,628,0,0,0
10042,metropolitana de santiago,13,santiago,131,lo espejo,13116,45,1260,637,623,1260,637,623,0,0,0
10043,metropolitana de santiago,13,santiago,131,lo espejo,13116,46,1144,558,586,1144,558,586,0,0,0
10044,metropolitana de santiago,13,santiago,131,lo espejo,13116,47,1110,573,537,1110,573,537,0,0,0
10045,metropolitana de santiago,13,santiago,131,lo espejo,13116,48,1187,593,594,1187,593,594,0,0,0
10046,metropolitana de santiago,13,santiago,131,lo espejo,13116,49,1263,611,652,1263,611,652,0,0,0
10047,metropolitana de santiago,13,santiago,131,lo espejo,13116,50,1326,671,655,1326,671,655,0,0,0
10048,metropolitana de santiago,13,santiago,131,lo espejo,13116,51,1325,648,677,1325,648,677,0,0,0
10049,metropolitana de santiago,13,santiago,131,lo espejo,13116,52,1454,739,715,1454,739,715,0,0,0
10050,metropolitana de santiago,13,santiago,131,lo espejo,13116,53,1513,743,770,1513,743,770,0,0,0
10051,metropolitana de santiago,13,santiago,131,lo espejo,13116,54,1526,738,788,1526,738,788,0,0,0
10052,metropolitana de santiago,13,santiago,131,lo espejo,13116,55,1484,722,762,1484,722,762,0,0,0
10053,metropolitana de santiago,13,santiago,131,lo espejo,13116,56,1577,801,776,1577,801,776,0,0,0
10054,metropolitana de santiago,13,santiago,131,lo espejo,13116,57,1464,699,765,1464,699,765,0,0,0
10055,metropolitana de santiago,13,santiago,131,lo espejo,13116,58,1419,717,702,1419,717,702,0,0,0
10056,metropolitana de santiago,13,santiago,131,lo espejo,13116,59,1257,627,630,1257,627,630,0,0,0
10057,metropolitana de santiago,13,santiago,131,lo espejo,13116,60,1215,600,615,1215,600,615,0,0,0
10058,metropolitana de santiago,13,santiago,131,lo espejo,13116,61,1098,555,543,1098,555,543,0,0,0
10059,metropolitana de santiago,13,santiago,131,lo espejo,13116,62,986,473,513,986,473,513,0,0,0
10060,metropolitana de santiago,13,santiago,131,lo espejo,13116,63,980,473,507,980,473,507,0,0,0
10061,metropolitana de santiago,13,santiago,131,lo espejo,13116,64,861,406,455,861,406,455,0,0,0
10062,metropolitana de santiago,13,santiago,131,lo espejo,13116,65,785,364,421,785,364,421,0,0,0
10063,metropolitana de santiago,13,santiago,131,lo espejo,13116,66,740,358,382,740,358,382,0,0,0
10064,metropolitana de santiago,13,santiago,131,lo espejo,13116,67,706,321,385,706,321,385,0,0,0
10065,metropolitana de santiago,13,santiago,131,lo espejo,13116,68,632,286,346,632,286,346,0,0,0
10066,metropolitana de santiago,13,santiago,131,lo espejo,13116,69,666,295,371,666,295,371,0,0,0
10067,metropolitana de santiago,13,santiago,131,lo espejo,13116,70,599,275,324,599,275,324,0,0,0
10068,metropolitana de santiago,13,santiago,131,lo espejo,13116,71,599,259,340,599,259,340,0,0,0
10069,metropolitana de santiago,13,santiago,131,lo espejo,13116,72,526,253,273,526,253,273,0,0,0
10070,metropolitana de santiago,13,santiago,131,lo espejo,13116,73,481,217,264,481,217,264,0,0,0
10071,metropolitana de santiago,13,santiago,131,lo espejo,13116,74,476,187,289,476,187,289,0,0,0
10072,metropolitana de santiago,13,santiago,131,lo espejo,13116,75,442,185,257,442,185,257,0,0,0
10073,metropolitana de santiago,13,santiago,131,lo espejo,13116,76,459,182,277,459,182,277,0,0,0
10074,metropolitana de santiago,13,santiago,131,lo espejo,13116,77,415,147,268,415,147,268,0,0,0
10075,metropolitana de santiago,13,santiago,131,lo espejo,13116,78,381,141,240,381,141,240,0,0,0
10076,metropolitana de santiago,13,santiago,131,lo espejo,13116,79,349,119,230,349,119,230,0,0,0
10077,metropolitana de santiago,13,santiago,131,lo espejo,13116,80,339,127,212,339,127,212,0,0,0
10078,metropolitana de santiago,13,santiago,131,lo espejo,13116,81,323,117,206,323,117,206,0,0,0
10079,metropolitana de santiago,13,santiago,131,lo espejo,13116,82,321,105,216,321,105,216,0,0,0
10080,metropolitana de santiago,13,santiago,131,lo espejo,13116,83,301,114,187,301,114,187,0,0,0
10081,metropolitana de santiago,13,santiago,131,lo espejo,13116,84,351,116,235,351,116,235,0,0,0
10082,metropolitana de santiago,13,santiago,131,lo espejo,13116,85,292,94,198,292,94,198,0,0,0
10083,metropolitana de santiago,13,santiago,131,lo espejo,13116,86,284,97,187,284,97,187,0,0,0
10084,metropolitana de santiago,13,santiago,131,lo espejo,13116,87,241,75,166,241,75,166,0,0,0
10085,metropolitana de santiago,13,santiago,131,lo espejo,13116,88,195,63,132,195,63,132,0,0,0
10086,metropolitana de santiago,13,santiago,131,lo espejo,13116,89,164,52,112,164,52,112,0,0,0
10087,metropolitana de santiago,13,santiago,131,lo espejo,13116,90,120,35,85,120,35,85,0,0,0
10088,metropolitana de santiago,13,santiago,131,lo espejo,13116,91,96,27,69,96,27,69,0,0,0
10089,metropolitana de santiago,13,santiago,131,lo espejo,13116,92,79,28,51,79,28,51,0,0,0
10090,metropolitana de santiago,13,santiago,131,lo espejo,13116,93,52,19,33,52,19,33,0,0,0
10091,metropolitana de santiago,13,santiago,131,lo espejo,13116,94,50,14,36,50,14,36,0,0,0
10092,metropolitana de santiago,13,santiago,131,lo espejo,13116,95,20,9,11,20,9,11,0,0,0
10093,metropolitana de santiago,13,santiago,131,lo espejo,13116,96,30,6,24,30,6,24,0,0,0
10094,metropolitana de santiago,13,santiago,131,lo espejo,13116,97,17,2,15,17,2,15,0,0,0
10095,metropolitana de santiago,13,santiago,131,lo espejo,13116,98,7,1,6,7,1,6,0,0,0
10096,metropolitana de santiago,13,santiago,131,lo espejo,13116,99,11,2,9,11,2,9,0,0,0
10097,metropolitana de santiago,13,santiago,131,lo espejo,13116,100 o más,17,5,12,17,5,12,0,0,0
10098,metropolitana de santiago,13,santiago,131,lo prado,13117,total comuna,96249,46799,49450,96249,46799,49450,0,0,0
10099,metropolitana de santiago,13,santiago,131,lo prado,13117,0,1138,547,591,1138,547,591,0,0,0
10100,metropolitana de santiago,13,santiago,131,lo prado,13117,1,1153,576,577,1153,576,577,0,0,0
10101,metropolitana de santiago,13,santiago,131,lo prado,13117,2,1217,617,600,1217,617,600,0,0,0
10102,metropolitana de santiago,13,santiago,131,lo prado,13117,3,1127,572,555,1127,572,555,0,0,0
10103,metropolitana de santiago,13,santiago,131,lo prado,13117,4,1175,588,587,1175,588,587,0,0,0
10104,metropolitana de santiago,13,santiago,131,lo prado,13117,5,1193,579,614,1193,579,614,0,0,0
10105,metropolitana de santiago,13,santiago,131,lo prado,13117,6,1158,578,580,1158,578,580,0,0,0
10106,metropolitana de santiago,13,santiago,131,lo prado,13117,7,1269,640,629,1269,640,629,0,0,0
10107,metropolitana de santiago,13,santiago,131,lo prado,13117,8,1192,624,568,1192,624,568,0,0,0
10108,metropolitana de santiago,13,santiago,131,lo prado,13117,9,1197,605,592,1197,605,592,0,0,0
10109,metropolitana de santiago,13,santiago,131,lo prado,13117,10,1127,606,521,1127,606,521,0,0,0
10110,metropolitana de santiago,13,santiago,131,lo prado,13117,11,1118,603,515,1118,603,515,0,0,0
10111,metropolitana de santiago,13,santiago,131,lo prado,13117,12,1088,546,542,1088,546,542,0,0,0
10112,metropolitana de santiago,13,santiago,131,lo prado,13117,13,1136,582,554,1136,582,554,0,0,0
10113,metropolitana de santiago,13,santiago,131,lo prado,13117,14,1206,625,581,1206,625,581,0,0,0
10114,metropolitana de santiago,13,santiago,131,lo prado,13117,15,1153,586,567,1153,586,567,0,0,0
10115,metropolitana de santiago,13,santiago,131,lo prado,13117,16,1198,624,574,1198,624,574,0,0,0
10116,metropolitana de santiago,13,santiago,131,lo prado,13117,17,1295,623,672,1295,623,672,0,0,0
10117,metropolitana de santiago,13,santiago,131,lo prado,13117,18,1349,670,679,1349,670,679,0,0,0
10118,metropolitana de santiago,13,santiago,131,lo prado,13117,19,1451,696,755,1451,696,755,0,0,0
10119,metropolitana de santiago,13,santiago,131,lo prado,13117,20,1490,753,737,1490,753,737,0,0,0
10120,metropolitana de santiago,13,santiago,131,lo prado,13117,21,1558,798,760,1558,798,760,0,0,0
10121,metropolitana de santiago,13,santiago,131,lo prado,13117,22,1656,830,826,1656,830,826,0,0,0
10122,metropolitana de santiago,13,santiago,131,lo prado,13117,23,1698,879,819,1698,879,819,0,0,0
10123,metropolitana de santiago,13,santiago,131,lo prado,13117,24,1688,884,804,1688,884,804,0,0,0
10124,metropolitana de santiago,13,santiago,131,lo prado,13117,25,1698,882,816,1698,882,816,0,0,0
10125,metropolitana de santiago,13,santiago,131,lo prado,13117,26,1718,917,801,1718,917,801,0,0,0
10126,metropolitana de santiago,13,santiago,131,lo prado,13117,27,1746,890,856,1746,890,856,0,0,0
10127,metropolitana de santiago,13,santiago,131,lo prado,13117,28,1543,780,763,1543,780,763,0,0,0
10128,metropolitana de santiago,13,santiago,131,lo prado,13117,29,1484,769,715,1484,769,715,0,0,0
10129,metropolitana de santiago,13,santiago,131,lo prado,13117,30,1352,727,625,1352,727,625,0,0,0
10130,metropolitana de santiago,13,santiago,131,lo prado,13117,31,1348,743,605,1348,743,605,0,0,0
10131,metropolitana de santiago,13,santiago,131,lo prado,13117,32,1241,655,586,1241,655,586,0,0,0
10132,metropolitana de santiago,13,santiago,131,lo prado,13117,33,1255,658,597,1255,658,597,0,0,0
10133,metropolitana de santiago,13,santiago,131,lo prado,13117,34,1273,652,621,1273,652,621,0,0,0
10134,metropolitana de santiago,13,santiago,131,lo prado,13117,35,1269,637,632,1269,637,632,0,0,0
10135,metropolitana de santiago,13,santiago,131,lo prado,13117,36,1149,608,541,1149,608,541,0,0,0
10136,metropolitana de santiago,13,santiago,131,lo prado,13117,37,1135,592,543,1135,592,543,0,0,0
10137,metropolitana de santiago,13,santiago,131,lo prado,13117,38,1123,563,560,1123,563,560,0,0,0
10138,metropolitana de santiago,13,santiago,131,lo prado,13117,39,1141,557,584,1141,557,584,0,0,0
10139,metropolitana de santiago,13,santiago,131,lo prado,13117,40,1136,552,584,1136,552,584,0,0,0
10140,metropolitana de santiago,13,santiago,131,lo prado,13117,41,1209,613,596,1209,613,596,0,0,0
10141,metropolitana de santiago,13,santiago,131,lo prado,13117,42,1338,652,686,1338,652,686,0,0,0
10142,metropolitana de santiago,13,santiago,131,lo prado,13117,43,1456,716,740,1456,716,740,0,0,0
10143,metropolitana de santiago,13,santiago,131,lo prado,13117,44,1482,738,744,1482,738,744,0,0,0
10144,metropolitana de santiago,13,santiago,131,lo prado,13117,45,1468,718,750,1468,718,750,0,0,0
10145,metropolitana de santiago,13,santiago,131,lo prado,13117,46,1294,615,679,1294,615,679,0,0,0
10146,metropolitana de santiago,13,santiago,131,lo prado,13117,47,1245,607,638,1245,607,638,0,0,0
10147,metropolitana de santiago,13,santiago,131,lo prado,13117,48,1362,663,699,1362,663,699,0,0,0
10148,metropolitana de santiago,13,santiago,131,lo prado,13117,49,1303,616,687,1303,616,687,0,0,0
10149,metropolitana de santiago,13,santiago,131,lo prado,13117,50,1272,609,663,1272,609,663,0,0,0
10150,metropolitana de santiago,13,santiago,131,lo prado,13117,51,1344,652,692,1344,652,692,0,0,0
10151,metropolitana de santiago,13,santiago,131,lo prado,13117,52,1339,654,685,1339,654,685,0,0,0
10152,metropolitana de santiago,13,santiago,131,lo prado,13117,53,1325,653,672,1325,653,672,0,0,0
10153,metropolitana de santiago,13,santiago,131,lo prado,13117,54,1289,617,672,1289,617,672,0,0,0
10154,metropolitana de santiago,13,santiago,131,lo prado,13117,55,1229,585,644,1229,585,644,0,0,0
10155,metropolitana de santiago,13,santiago,131,lo prado,13117,56,1162,529,633,1162,529,633,0,0,0
10156,metropolitana de santiago,13,santiago,131,lo prado,13117,57,1062,509,553,1062,509,553,0,0,0
10157,metropolitana de santiago,13,santiago,131,lo prado,13117,58,995,470,525,995,470,525,0,0,0
10158,metropolitana de santiago,13,santiago,131,lo prado,13117,59,1008,470,538,1008,470,538,0,0,0
10159,metropolitana de santiago,13,santiago,131,lo prado,13117,60,989,490,499,989,490,499,0,0,0
10160,metropolitana de santiago,13,santiago,131,lo prado,13117,61,928,412,516,928,412,516,0,0,0
10161,metropolitana de santiago,13,santiago,131,lo prado,13117,62,855,382,473,855,382,473,0,0,0
10162,metropolitana de santiago,13,santiago,131,lo prado,13117,63,830,359,471,830,359,471,0,0,0
10163,metropolitana de santiago,13,santiago,131,lo prado,13117,64,816,357,459,816,357,459,0,0,0
10164,metropolitana de santiago,13,santiago,131,lo prado,13117,65,774,339,435,774,339,435,0,0,0
10165,metropolitana de santiago,13,santiago,131,lo prado,13117,66,830,376,454,830,376,454,0,0,0
10166,metropolitana de santiago,13,santiago,131,lo prado,13117,67,825,346,479,825,346,479,0,0,0
10167,metropolitana de santiago,13,santiago,131,lo prado,13117,68,849,338,511,849,338,511,0,0,0
10168,metropolitana de santiago,13,santiago,131,lo prado,13117,69,916,406,510,916,406,510,0,0,0
10169,metropolitana de santiago,13,santiago,131,lo prado,13117,70,836,355,481,836,355,481,0,0,0
10170,metropolitana de santiago,13,santiago,131,lo prado,13117,71,823,338,485,823,338,485,0,0,0
10171,metropolitana de santiago,13,santiago,131,lo prado,13117,72,810,344,466,810,344,466,0,0,0
10172,metropolitana de santiago,13,santiago,131,lo prado,13117,73,771,337,434,771,337,434,0,0,0
10173,metropolitana de santiago,13,santiago,131,lo prado,13117,74,721,307,414,721,307,414,0,0,0
10174,metropolitana de santiago,13,santiago,131,lo prado,13117,75,656,290,366,656,290,366,0,0,0
10175,metropolitana de santiago,13,santiago,131,lo prado,13117,76,681,276,405,681,276,405,0,0,0
10176,metropolitana de santiago,13,santiago,131,lo prado,13117,77,542,210,332,542,210,332,0,0,0
10177,metropolitana de santiago,13,santiago,131,lo prado,13117,78,499,214,285,499,214,285,0,0,0
10178,metropolitana de santiago,13,santiago,131,lo prado,13117,79,471,206,265,471,206,265,0,0,0
10179,metropolitana de santiago,13,santiago,131,lo prado,13117,80,390,144,246,390,144,246,0,0,0
10180,metropolitana de santiago,13,santiago,131,lo prado,13117,81,366,142,224,366,142,224,0,0,0
10181,metropolitana de santiago,13,santiago,131,lo prado,13117,82,344,131,213,344,131,213,0,0,0
10182,metropolitana de santiago,13,santiago,131,lo prado,13117,83,293,101,192,293,101,192,0,0,0
10183,metropolitana de santiago,13,santiago,131,lo prado,13117,84,295,97,198,295,97,198,0,0,0
10184,metropolitana de santiago,13,santiago,131,lo prado,13117,85,234,84,150,234,84,150,0,0,0
10185,metropolitana de santiago,13,santiago,131,lo prado,13117,86,220,75,145,220,75,145,0,0,0
10186,metropolitana de santiago,13,santiago,131,lo prado,13117,87,182,61,121,182,61,121,0,0,0
10187,metropolitana de santiago,13,santiago,131,lo prado,13117,88,148,34,114,148,34,114,0,0,0
10188,metropolitana de santiago,13,santiago,131,lo prado,13117,89,114,38,76,114,38,76,0,0,0
10189,metropolitana de santiago,13,santiago,131,lo prado,13117,90,95,27,68,95,27,68,0,0,0
10190,metropolitana de santiago,13,santiago,131,lo prado,13117,91,70,15,55,70,15,55,0,0,0
10191,metropolitana de santiago,13,santiago,131,lo prado,13117,92,60,16,44,60,16,44,0,0,0
10192,metropolitana de santiago,13,santiago,131,lo prado,13117,93,55,15,40,55,15,40,0,0,0
10193,metropolitana de santiago,13,santiago,131,lo prado,13117,94,37,12,25,37,12,25,0,0,0
10194,metropolitana de santiago,13,santiago,131,lo prado,13117,95,33,9,24,33,9,24,0,0,0
10195,metropolitana de santiago,13,santiago,131,lo prado,13117,96,16,3,13,16,3,13,0,0,0
10196,metropolitana de santiago,13,santiago,131,lo prado,13117,97,14,3,11,14,3,11,0,0,0
10197,metropolitana de santiago,13,santiago,131,lo prado,13117,98,5,1,4,5,1,4,0,0,0
10198,metropolitana de santiago,13,santiago,131,lo prado,13117,99,6,1,5,6,1,5,0,0,0
10199,metropolitana de santiago,13,santiago,131,lo prado,13117,100 o más,27,9,18,27,9,18,0,0,0
10200,metropolitana de santiago,13,santiago,131,macul,13118,total comuna,116534,55161,61373,116534,55161,61373,0,0,0
10201,metropolitana de santiago,13,santiago,131,macul,13118,0,1271,648,623,1271,648,623,0,0,0
10202,metropolitana de santiago,13,santiago,131,macul,13118,1,1452,704,748,1452,704,748,0,0,0
10203,metropolitana de santiago,13,santiago,131,macul,13118,2,1362,724,638,1362,724,638,0,0,0
10204,metropolitana de santiago,13,santiago,131,macul,13118,3,1299,629,670,1299,629,670,0,0,0
10205,metropolitana de santiago,13,santiago,131,macul,13118,4,1355,686,669,1355,686,669,0,0,0
10206,metropolitana de santiago,13,santiago,131,macul,13118,5,1293,678,615,1293,678,615,0,0,0
10207,metropolitana de santiago,13,santiago,131,macul,13118,6,1404,703,701,1404,703,701,0,0,0
10208,metropolitana de santiago,13,santiago,131,macul,13118,7,1287,650,637,1287,650,637,0,0,0
10209,metropolitana de santiago,13,santiago,131,macul,13118,8,1273,626,647,1273,626,647,0,0,0
10210,metropolitana de santiago,13,santiago,131,macul,13118,9,1251,636,615,1251,636,615,0,0,0
10211,metropolitana de santiago,13,santiago,131,macul,13118,10,1279,638,641,1279,638,641,0,0,0
10212,metropolitana de santiago,13,santiago,131,macul,13118,11,1219,627,592,1219,627,592,0,0,0
10213,metropolitana de santiago,13,santiago,131,macul,13118,12,1201,643,558,1201,643,558,0,0,0
10214,metropolitana de santiago,13,santiago,131,macul,13118,13,1262,630,632,1262,630,632,0,0,0
10215,metropolitana de santiago,13,santiago,131,macul,13118,14,1289,671,618,1289,671,618,0,0,0
10216,metropolitana de santiago,13,santiago,131,macul,13118,15,1351,725,626,1351,725,626,0,0,0
10217,metropolitana de santiago,13,santiago,131,macul,13118,16,1384,726,658,1384,726,658,0,0,0
10218,metropolitana de santiago,13,santiago,131,macul,13118,17,1295,656,639,1295,656,639,0,0,0
10219,metropolitana de santiago,13,santiago,131,macul,13118,18,1466,747,719,1466,747,719,0,0,0
10220,metropolitana de santiago,13,santiago,131,macul,13118,19,1631,849,782,1631,849,782,0,0,0
10221,metropolitana de santiago,13,santiago,131,macul,13118,20,1632,811,821,1632,811,821,0,0,0
10222,metropolitana de santiago,13,santiago,131,macul,13118,21,1804,928,876,1804,928,876,0,0,0
10223,metropolitana de santiago,13,santiago,131,macul,13118,22,1792,908,884,1792,908,884,0,0,0
10224,metropolitana de santiago,13,santiago,131,macul,13118,23,1866,936,930,1866,936,930,0,0,0
10225,metropolitana de santiago,13,santiago,131,macul,13118,24,1934,969,965,1934,969,965,0,0,0
10226,metropolitana de santiago,13,santiago,131,macul,13118,25,1987,998,989,1987,998,989,0,0,0
10227,metropolitana de santiago,13,santiago,131,macul,13118,26,2058,1053,1005,2058,1053,1005,0,0,0
10228,metropolitana de santiago,13,santiago,131,macul,13118,27,2108,1057,1051,2108,1057,1051,0,0,0
10229,metropolitana de santiago,13,santiago,131,macul,13118,28,2173,1054,1119,2173,1054,1119,0,0,0
10230,metropolitana de santiago,13,santiago,131,macul,13118,29,2135,1063,1072,2135,1063,1072,0,0,0
10231,metropolitana de santiago,13,santiago,131,macul,13118,30,1990,972,1018,1990,972,1018,0,0,0
10232,metropolitana de santiago,13,santiago,131,macul,13118,31,1923,959,964,1923,959,964,0,0,0
10233,metropolitana de santiago,13,santiago,131,macul,13118,32,1886,953,933,1886,953,933,0,0,0
10234,metropolitana de santiago,13,santiago,131,macul,13118,33,1810,929,881,1810,929,881,0,0,0
10235,metropolitana de santiago,13,santiago,131,macul,13118,34,1748,899,849,1748,899,849,0,0,0
10236,metropolitana de santiago,13,santiago,131,macul,13118,35,1913,969,944,1913,969,944,0,0,0
10237,metropolitana de santiago,13,santiago,131,macul,13118,36,1685,834,851,1685,834,851,0,0,0
10238,metropolitana de santiago,13,santiago,131,macul,13118,37,1655,810,845,1655,810,845,0,0,0
10239,metropolitana de santiago,13,santiago,131,macul,13118,38,1585,775,810,1585,775,810,0,0,0
10240,metropolitana de santiago,13,santiago,131,macul,13118,39,1546,733,813,1546,733,813,0,0,0
10241,metropolitana de santiago,13,santiago,131,macul,13118,40,1548,746,802,1548,746,802,0,0,0
10242,metropolitana de santiago,13,santiago,131,macul,13118,41,1568,750,818,1568,750,818,0,0,0
10243,metropolitana de santiago,13,santiago,131,macul,13118,42,1565,771,794,1565,771,794,0,0,0
10244,metropolitana de santiago,13,santiago,131,macul,13118,43,1545,762,783,1545,762,783,0,0,0
10245,metropolitana de santiago,13,santiago,131,macul,13118,44,1462,710,752,1462,710,752,0,0,0
10246,metropolitana de santiago,13,santiago,131,macul,13118,45,1536,746,790,1536,746,790,0,0,0
10247,metropolitana de santiago,13,santiago,131,macul,13118,46,1476,717,759,1476,717,759,0,0,0
10248,metropolitana de santiago,13,santiago,131,macul,13118,47,1353,654,699,1353,654,699,0,0,0
10249,metropolitana de santiago,13,santiago,131,macul,13118,48,1493,710,783,1493,710,783,0,0,0
10250,metropolitana de santiago,13,santiago,131,macul,13118,49,1441,693,748,1441,693,748,0,0,0
10251,metropolitana de santiago,13,santiago,131,macul,13118,50,1447,637,810,1447,637,810,0,0,0
10252,metropolitana de santiago,13,santiago,131,macul,13118,51,1440,670,770,1440,670,770,0,0,0
10253,metropolitana de santiago,13,santiago,131,macul,13118,52,1588,724,864,1588,724,864,0,0,0
10254,metropolitana de santiago,13,santiago,131,macul,13118,53,1456,662,794,1456,662,794,0,0,0
10255,metropolitana de santiago,13,santiago,131,macul,13118,54,1559,725,834,1559,725,834,0,0,0
10256,metropolitana de santiago,13,santiago,131,macul,13118,55,1532,710,822,1532,710,822,0,0,0
10257,metropolitana de santiago,13,santiago,131,macul,13118,56,1495,650,845,1495,650,845,0,0,0
10258,metropolitana de santiago,13,santiago,131,macul,13118,57,1386,601,785,1386,601,785,0,0,0
10259,metropolitana de santiago,13,santiago,131,macul,13118,58,1342,568,774,1342,568,774,0,0,0
10260,metropolitana de santiago,13,santiago,131,macul,13118,59,1364,608,756,1364,608,756,0,0,0
10261,metropolitana de santiago,13,santiago,131,macul,13118,60,1312,595,717,1312,595,717,0,0,0
10262,metropolitana de santiago,13,santiago,131,macul,13118,61,1219,533,686,1219,533,686,0,0,0
10263,metropolitana de santiago,13,santiago,131,macul,13118,62,1167,451,716,1167,451,716,0,0,0
10264,metropolitana de santiago,13,santiago,131,macul,13118,63,1113,477,636,1113,477,636,0,0,0
10265,metropolitana de santiago,13,santiago,131,macul,13118,64,1145,473,672,1145,473,672,0,0,0
10266,metropolitana de santiago,13,santiago,131,macul,13118,65,1056,458,598,1056,458,598,0,0,0
10267,metropolitana de santiago,13,santiago,131,macul,13118,66,983,412,571,983,412,571,0,0,0
10268,metropolitana de santiago,13,santiago,131,macul,13118,67,982,408,574,982,408,574,0,0,0
10269,metropolitana de santiago,13,santiago,131,macul,13118,68,954,413,541,954,413,541,0,0,0
10270,metropolitana de santiago,13,santiago,131,macul,13118,69,997,399,598,997,399,598,0,0,0
10271,metropolitana de santiago,13,santiago,131,macul,13118,70,949,405,544,949,405,544,0,0,0
10272,metropolitana de santiago,13,santiago,131,macul,13118,71,876,334,542,876,334,542,0,0,0
10273,metropolitana de santiago,13,santiago,131,macul,13118,72,907,394,513,907,394,513,0,0,0
10274,metropolitana de santiago,13,santiago,131,macul,13118,73,779,312,467,779,312,467,0,0,0
10275,metropolitana de santiago,13,santiago,131,macul,13118,74,833,327,506,833,327,506,0,0,0
10276,metropolitana de santiago,13,santiago,131,macul,13118,75,759,312,447,759,312,447,0,0,0
10277,metropolitana de santiago,13,santiago,131,macul,13118,76,710,272,438,710,272,438,0,0,0
10278,metropolitana de santiago,13,santiago,131,macul,13118,77,675,254,421,675,254,421,0,0,0
10279,metropolitana de santiago,13,santiago,131,macul,13118,78,583,226,357,583,226,357,0,0,0
10280,metropolitana de santiago,13,santiago,131,macul,13118,79,523,198,325,523,198,325,0,0,0
10281,metropolitana de santiago,13,santiago,131,macul,13118,80,501,208,293,501,208,293,0,0,0
10282,metropolitana de santiago,13,santiago,131,macul,13118,81,456,158,298,456,158,298,0,0,0
10283,metropolitana de santiago,13,santiago,131,macul,13118,82,462,167,295,462,167,295,0,0,0
10284,metropolitana de santiago,13,santiago,131,macul,13118,83,377,143,234,377,143,234,0,0,0
10285,metropolitana de santiago,13,santiago,131,macul,13118,84,383,125,258,383,125,258,0,0,0
10286,metropolitana de santiago,13,santiago,131,macul,13118,85,389,126,263,389,126,263,0,0,0
10287,metropolitana de santiago,13,santiago,131,macul,13118,86,336,94,242,336,94,242,0,0,0
10288,metropolitana de santiago,13,santiago,131,macul,13118,87,333,105,228,333,105,228,0,0,0
10289,metropolitana de santiago,13,santiago,131,macul,13118,88,290,77,213,290,77,213,0,0,0
10290,metropolitana de santiago,13,santiago,131,macul,13118,89,247,69,178,247,69,178,0,0,0
10291,metropolitana de santiago,13,santiago,131,macul,13118,90,170,55,115,170,55,115,0,0,0
10292,metropolitana de santiago,13,santiago,131,macul,13118,91,140,36,104,140,36,104,0,0,0
10293,metropolitana de santiago,13,santiago,131,macul,13118,92,111,31,80,111,31,80,0,0,0
10294,metropolitana de santiago,13,santiago,131,macul,13118,93,103,28,75,103,28,75,0,0,0
10295,metropolitana de santiago,13,santiago,131,macul,13118,94,54,13,41,54,13,41,0,0,0
10296,metropolitana de santiago,13,santiago,131,macul,13118,95,50,16,34,50,16,34,0,0,0
10297,metropolitana de santiago,13,santiago,131,macul,13118,96,57,16,41,57,16,41,0,0,0
10298,metropolitana de santiago,13,santiago,131,macul,13118,97,31,7,24,31,7,24,0,0,0
10299,metropolitana de santiago,13,santiago,131,macul,13118,98,25,3,22,25,3,22,0,0,0
10300,metropolitana de santiago,13,santiago,131,macul,13118,99,21,4,17,21,4,17,0,0,0
10301,metropolitana de santiago,13,santiago,131,macul,13118,100 o más,26,7,19,26,7,19,0,0,0
10302,metropolitana de santiago,13,santiago,131,maipú,13119,total comuna,521627,250792,270835,518194,248840,269354,3433,1952,1481
10303,metropolitana de santiago,13,santiago,131,maipú,13119,0,5698,2909,2789,5668,2892,2776,30,17,13
10304,metropolitana de santiago,13,santiago,131,maipú,13119,1,6426,3264,3162,6374,3235,3139,52,29,23
10305,metropolitana de santiago,13,santiago,131,maipú,13119,2,6797,3452,3345,6753,3429,3324,44,23,21
10306,metropolitana de santiago,13,santiago,131,maipú,13119,3,6559,3448,3111,6503,3420,3083,56,28,28
10307,metropolitana de santiago,13,santiago,131,maipú,13119,4,6723,3493,3230,6679,3476,3203,44,17,27
10308,metropolitana de santiago,13,santiago,131,maipú,13119,5,6724,3461,3263,6671,3439,3232,53,22,31
10309,metropolitana de santiago,13,santiago,131,maipú,13119,6,7007,3500,3507,6959,3479,3480,48,21,27
10310,metropolitana de santiago,13,santiago,131,maipú,13119,7,7098,3691,3407,7051,3665,3386,47,26,21
10311,metropolitana de santiago,13,santiago,131,maipú,13119,8,6808,3476,3332,6768,3455,3313,40,21,19
10312,metropolitana de santiago,13,santiago,131,maipú,13119,9,6771,3493,3278,6728,3476,3252,43,17,26
10313,metropolitana de santiago,13,santiago,131,maipú,13119,10,6703,3432,3271,6657,3408,3249,46,24,22
10314,metropolitana de santiago,13,santiago,131,maipú,13119,11,6598,3352,3246,6563,3335,3228,35,17,18
10315,metropolitana de santiago,13,santiago,131,maipú,13119,12,6773,3414,3359,6730,3393,3337,43,21,22
10316,metropolitana de santiago,13,santiago,131,maipú,13119,13,6966,3619,3347,6925,3596,3329,41,23,18
10317,metropolitana de santiago,13,santiago,131,maipú,13119,14,7192,3663,3529,7156,3644,3512,36,19,17
10318,metropolitana de santiago,13,santiago,131,maipú,13119,15,7445,3816,3629,7396,3790,3606,49,26,23
10319,metropolitana de santiago,13,santiago,131,maipú,13119,16,7850,4037,3813,7806,4012,3794,44,25,19
10320,metropolitana de santiago,13,santiago,131,maipú,13119,17,7862,3953,3909,7793,3907,3886,69,46,23
10321,metropolitana de santiago,13,santiago,131,maipú,13119,18,8365,4164,4201,8231,4062,4169,134,102,32
10322,metropolitana de santiago,13,santiago,131,maipú,13119,19,8481,4310,4171,8348,4208,4140,133,102,31
10323,metropolitana de santiago,13,santiago,131,maipú,13119,20,8717,4497,4220,8619,4425,4194,98,72,26
10324,metropolitana de santiago,13,santiago,131,maipú,13119,21,8940,4581,4359,8868,4537,4331,72,44,28
10325,metropolitana de santiago,13,santiago,131,maipú,13119,22,9038,4636,4402,8952,4584,4368,86,52,34
10326,metropolitana de santiago,13,santiago,131,maipú,13119,23,9083,4622,4461,9015,4579,4436,68,43,25
10327,metropolitana de santiago,13,santiago,131,maipú,13119,24,9274,4727,4547,9199,4685,4514,75,42,33
10328,metropolitana de santiago,13,santiago,131,maipú,13119,25,9060,4535,4525,8994,4492,4502,66,43,23
10329,metropolitana de santiago,13,santiago,131,maipú,13119,26,9082,4691,4391,9023,4661,4362,59,30,29
10330,metropolitana de santiago,13,santiago,131,maipú,13119,27,9216,4713,4503,9156,4686,4470,60,27,33
10331,metropolitana de santiago,13,santiago,131,maipú,13119,28,8756,4391,4365,8695,4358,4337,61,33,28
10332,metropolitana de santiago,13,santiago,131,maipú,13119,29,8204,4139,4065,8142,4103,4039,62,36,26
10333,metropolitana de santiago,13,santiago,131,maipú,13119,30,7815,3920,3895,7762,3890,3872,53,30,23
10334,metropolitana de santiago,13,santiago,131,maipú,13119,31,7403,3724,3679,7359,3699,3660,44,25,19
10335,metropolitana de santiago,13,santiago,131,maipú,13119,32,7116,3551,3565,7070,3527,3543,46,24,22
10336,metropolitana de santiago,13,santiago,131,maipú,13119,33,6911,3445,3466,6863,3420,3443,48,25,23
10337,metropolitana de santiago,13,santiago,131,maipú,13119,34,7048,3456,3592,7008,3435,3573,40,21,19
10338,metropolitana de santiago,13,santiago,131,maipú,13119,35,7469,3654,3815,7426,3629,3797,43,25,18
10339,metropolitana de santiago,13,santiago,131,maipú,13119,36,6820,3293,3527,6782,3271,3511,38,22,16
10340,metropolitana de santiago,13,santiago,131,maipú,13119,37,6450,3075,3375,6399,3046,3353,51,29,22
10341,metropolitana de santiago,13,santiago,131,maipú,13119,38,6238,2949,3289,6202,2919,3283,36,30,6
10342,metropolitana de santiago,13,santiago,131,maipú,13119,39,6106,2978,3128,6067,2961,3106,39,17,22
10343,metropolitana de santiago,13,santiago,131,maipú,13119,40,6297,3043,3254,6257,3020,3237,40,23,17
10344,metropolitana de santiago,13,santiago,131,maipú,13119,41,6516,3109,3407,6473,3085,3388,43,24,19
10345,metropolitana de santiago,13,santiago,131,maipú,13119,42,6827,3215,3612,6785,3189,3596,42,26,16
10346,metropolitana de santiago,13,santiago,131,maipú,13119,43,7210,3352,3858,7168,3332,3836,42,20,22
10347,metropolitana de santiago,13,santiago,131,maipú,13119,44,7092,3284,3808,7056,3262,3794,36,22,14
10348,metropolitana de santiago,13,santiago,131,maipú,13119,45,7063,3201,3862,7032,3183,3849,31,18,13
10349,metropolitana de santiago,13,santiago,131,maipú,13119,46,6990,3264,3726,6960,3248,3712,30,16,14
10350,metropolitana de santiago,13,santiago,131,maipú,13119,47,6865,3145,3720,6837,3130,3707,28,15,13
10351,metropolitana de santiago,13,santiago,131,maipú,13119,48,7198,3307,3891,7161,3289,3872,37,18,19
10352,metropolitana de santiago,13,santiago,131,maipú,13119,49,7420,3320,4100,7367,3292,4075,53,28,25
10353,metropolitana de santiago,13,santiago,131,maipú,13119,50,7565,3414,4151,7522,3392,4130,43,22,21
10354,metropolitana de santiago,13,santiago,131,maipú,13119,51,8007,3512,4495,7958,3491,4467,49,21,28
10355,metropolitana de santiago,13,santiago,131,maipú,13119,52,8191,3686,4505,8136,3658,4478,55,28,27
10356,metropolitana de santiago,13,santiago,131,maipú,13119,53,8132,3659,4473,8095,3634,4461,37,25,12
10357,metropolitana de santiago,13,santiago,131,maipú,13119,54,8495,3841,4654,8438,3807,4631,57,34,23
10358,metropolitana de santiago,13,santiago,131,maipú,13119,55,8019,3663,4356,7978,3644,4334,41,19,22
10359,metropolitana de santiago,13,santiago,131,maipú,13119,56,7889,3558,4331,7846,3534,4312,43,24,19
10360,metropolitana de santiago,13,santiago,131,maipú,13119,57,7127,3272,3855,7088,3247,3841,39,25,14
10361,metropolitana de santiago,13,santiago,131,maipú,13119,58,7032,3161,3871,7004,3145,3859,28,16,12
10362,metropolitana de santiago,13,santiago,131,maipú,13119,59,6661,3117,3544,6629,3098,3531,32,19,13
10363,metropolitana de santiago,13,santiago,131,maipú,13119,60,6252,2872,3380,6218,2856,3362,34,16,18
10364,metropolitana de santiago,13,santiago,131,maipú,13119,61,5599,2602,2997,5567,2587,2980,32,15,17
10365,metropolitana de santiago,13,santiago,131,maipú,13119,62,5156,2355,2801,5128,2337,2791,28,18,10
10366,metropolitana de santiago,13,santiago,131,maipú,13119,63,4869,2198,2671,4834,2178,2656,35,20,15
10367,metropolitana de santiago,13,santiago,131,maipú,13119,64,4553,2005,2548,4529,1995,2534,24,10,14
10368,metropolitana de santiago,13,santiago,131,maipú,13119,65,4058,1842,2216,4042,1835,2207,16,7,9
10369,metropolitana de santiago,13,santiago,131,maipú,13119,66,3822,1725,2097,3796,1708,2088,26,17,9
10370,metropolitana de santiago,13,santiago,131,maipú,13119,67,3706,1651,2055,3693,1643,2050,13,8,5
10371,metropolitana de santiago,13,santiago,131,maipú,13119,68,3455,1577,1878,3435,1566,1869,20,11,9
10372,metropolitana de santiago,13,santiago,131,maipú,13119,69,3291,1447,1844,3282,1444,1838,9,3,6
10373,metropolitana de santiago,13,santiago,131,maipú,13119,70,2974,1274,1700,2962,1268,1694,12,6,6
10374,metropolitana de santiago,13,santiago,131,maipú,13119,71,2799,1201,1598,2787,1193,1594,12,8,4
10375,metropolitana de santiago,13,santiago,131,maipú,13119,72,2608,1196,1412,2601,1193,1408,7,3,4
10376,metropolitana de santiago,13,santiago,131,maipú,13119,73,2391,1026,1365,2373,1015,1358,18,11,7
10377,metropolitana de santiago,13,santiago,131,maipú,13119,74,2189,912,1277,2178,905,1273,11,7,4
10378,metropolitana de santiago,13,santiago,131,maipú,13119,75,2001,810,1191,1991,803,1188,10,7,3
10379,metropolitana de santiago,13,santiago,131,maipú,13119,76,1768,728,1040,1756,721,1035,12,7,5
10380,metropolitana de santiago,13,santiago,131,maipú,13119,77,1634,687,947,1628,682,946,6,5,1
10381,metropolitana de santiago,13,santiago,131,maipú,13119,78,1400,535,865,1395,532,863,5,3,2
10382,metropolitana de santiago,13,santiago,131,maipú,13119,79,1264,494,770,1253,491,762,11,3,8
10383,metropolitana de santiago,13,santiago,131,maipú,13119,80,1124,424,700,1120,422,698,4,2,2
10384,metropolitana de santiago,13,santiago,131,maipú,13119,81,1104,389,715,1097,386,711,7,3,4
10385,metropolitana de santiago,13,santiago,131,maipú,13119,82,982,342,640,976,340,636,6,2,4
10386,metropolitana de santiago,13,santiago,131,maipú,13119,83,915,324,591,908,322,586,7,2,5
10387,metropolitana de santiago,13,santiago,131,maipú,13119,84,837,258,579,829,254,575,8,4,4
10388,metropolitana de santiago,13,santiago,131,maipú,13119,85,800,273,527,798,271,527,2,2,0
10389,metropolitana de santiago,13,santiago,131,maipú,13119,86,740,195,545,735,191,544,5,4,1
10390,metropolitana de santiago,13,santiago,131,maipú,13119,87,622,170,452,619,169,450,3,1,2
10391,metropolitana de santiago,13,santiago,131,maipú,13119,88,485,129,356,483,127,356,2,2,0
10392,metropolitana de santiago,13,santiago,131,maipú,13119,89,465,123,342,464,122,342,1,1,0
10393,metropolitana de santiago,13,santiago,131,maipú,13119,90,352,89,263,351,89,262,1,0,1
10394,metropolitana de santiago,13,santiago,131,maipú,13119,91,283,72,211,283,72,211,0,0,0
10395,metropolitana de santiago,13,santiago,131,maipú,13119,92,236,50,186,234,50,184,2,0,2
10396,metropolitana de santiago,13,santiago,131,maipú,13119,93,146,35,111,145,34,111,1,1,0
10397,metropolitana de santiago,13,santiago,131,maipú,13119,94,127,35,92,127,35,92,0,0,0
10398,metropolitana de santiago,13,santiago,131,maipú,13119,95,100,17,83,100,17,83,0,0,0
10399,metropolitana de santiago,13,santiago,131,maipú,13119,96,84,19,65,82,18,64,2,1,1
10400,metropolitana de santiago,13,santiago,131,maipú,13119,97,54,10,44,52,8,44,2,2,0
10401,metropolitana de santiago,13,santiago,131,maipú,13119,98,41,7,34,41,7,34,0,0,0
10402,metropolitana de santiago,13,santiago,131,maipú,13119,99,23,4,19,22,3,19,1,1,0
10403,metropolitana de santiago,13,santiago,131,maipú,13119,100 o más,130,43,87,130,43,87,0,0,0
10404,metropolitana de santiago,13,santiago,131,ñuñoa,13120,total comuna,208237,95409,112828,208237,95409,112828,0,0,0
10405,metropolitana de santiago,13,santiago,131,ñuñoa,13120,0,2497,1314,1183,2497,1314,1183,0,0,0
10406,metropolitana de santiago,13,santiago,131,ñuñoa,13120,1,2619,1349,1270,2619,1349,1270,0,0,0
10407,metropolitana de santiago,13,santiago,131,ñuñoa,13120,2,2554,1323,1231,2554,1323,1231,0,0,0
10408,metropolitana de santiago,13,santiago,131,ñuñoa,13120,3,2296,1137,1159,2296,1137,1159,0,0,0
10409,metropolitana de santiago,13,santiago,131,ñuñoa,13120,4,2199,1113,1086,2199,1113,1086,0,0,0
10410,metropolitana de santiago,13,santiago,131,ñuñoa,13120,5,2135,1084,1051,2135,1084,1051,0,0,0
10411,metropolitana de santiago,13,santiago,131,ñuñoa,13120,6,2114,1112,1002,2114,1112,1002,0,0,0
10412,metropolitana de santiago,13,santiago,131,ñuñoa,13120,7,1968,995,973,1968,995,973,0,0,0
10413,metropolitana de santiago,13,santiago,131,ñuñoa,13120,8,1935,968,967,1935,968,967,0,0,0
10414,metropolitana de santiago,13,santiago,131,ñuñoa,13120,9,1863,918,945,1863,918,945,0,0,0
10415,metropolitana de santiago,13,santiago,131,ñuñoa,13120,10,1762,908,854,1762,908,854,0,0,0
10416,metropolitana de santiago,13,santiago,131,ñuñoa,13120,11,1759,832,927,1759,832,927,0,0,0
10417,metropolitana de santiago,13,santiago,131,ñuñoa,13120,12,1671,868,803,1671,868,803,0,0,0
10418,metropolitana de santiago,13,santiago,131,ñuñoa,13120,13,1800,915,885,1800,915,885,0,0,0
10419,metropolitana de santiago,13,santiago,131,ñuñoa,13120,14,1828,941,887,1828,941,887,0,0,0
10420,metropolitana de santiago,13,santiago,131,ñuñoa,13120,15,1844,929,915,1844,929,915,0,0,0
10421,metropolitana de santiago,13,santiago,131,ñuñoa,13120,16,1948,971,977,1948,971,977,0,0,0
10422,metropolitana de santiago,13,santiago,131,ñuñoa,13120,17,1941,952,989,1941,952,989,0,0,0
10423,metropolitana de santiago,13,santiago,131,ñuñoa,13120,18,2331,1138,1193,2331,1138,1193,0,0,0
10424,metropolitana de santiago,13,santiago,131,ñuñoa,13120,19,2482,1255,1227,2482,1255,1227,0,0,0
10425,metropolitana de santiago,13,santiago,131,ñuñoa,13120,20,2590,1317,1273,2590,1317,1273,0,0,0
10426,metropolitana de santiago,13,santiago,131,ñuñoa,13120,21,2669,1356,1313,2669,1356,1313,0,0,0
10427,metropolitana de santiago,13,santiago,131,ñuñoa,13120,22,2764,1372,1392,2764,1372,1392,0,0,0
10428,metropolitana de santiago,13,santiago,131,ñuñoa,13120,23,2681,1327,1354,2681,1327,1354,0,0,0
10429,metropolitana de santiago,13,santiago,131,ñuñoa,13120,24,3025,1464,1561,3025,1464,1561,0,0,0
10430,metropolitana de santiago,13,santiago,131,ñuñoa,13120,25,3153,1534,1619,3153,1534,1619,0,0,0
10431,metropolitana de santiago,13,santiago,131,ñuñoa,13120,26,3463,1657,1806,3463,1657,1806,0,0,0
10432,metropolitana de santiago,13,santiago,131,ñuñoa,13120,27,3731,1769,1962,3731,1769,1962,0,0,0
10433,metropolitana de santiago,13,santiago,131,ñuñoa,13120,28,4129,1984,2145,4129,1984,2145,0,0,0
10434,metropolitana de santiago,13,santiago,131,ñuñoa,13120,29,4180,2000,2180,4180,2000,2180,0,0,0
10435,metropolitana de santiago,13,santiago,131,ñuñoa,13120,30,4338,2077,2261,4338,2077,2261,0,0,0
10436,metropolitana de santiago,13,santiago,131,ñuñoa,13120,31,4288,2067,2221,4288,2067,2221,0,0,0
10437,metropolitana de santiago,13,santiago,131,ñuñoa,13120,32,4492,2150,2342,4492,2150,2342,0,0,0
10438,metropolitana de santiago,13,santiago,131,ñuñoa,13120,33,4394,2118,2276,4394,2118,2276,0,0,0
10439,metropolitana de santiago,13,santiago,131,ñuñoa,13120,34,4423,2145,2278,4423,2145,2278,0,0,0
10440,metropolitana de santiago,13,santiago,131,ñuñoa,13120,35,4465,2160,2305,4465,2160,2305,0,0,0
10441,metropolitana de santiago,13,santiago,131,ñuñoa,13120,36,4144,2006,2138,4144,2006,2138,0,0,0
10442,metropolitana de santiago,13,santiago,131,ñuñoa,13120,37,4018,1973,2045,4018,1973,2045,0,0,0
10443,metropolitana de santiago,13,santiago,131,ñuñoa,13120,38,3538,1737,1801,3538,1737,1801,0,0,0
10444,metropolitana de santiago,13,santiago,131,ñuñoa,13120,39,3299,1589,1710,3299,1589,1710,0,0,0
10445,metropolitana de santiago,13,santiago,131,ñuñoa,13120,40,3348,1612,1736,3348,1612,1736,0,0,0
10446,metropolitana de santiago,13,santiago,131,ñuñoa,13120,41,3176,1579,1597,3176,1579,1597,0,0,0
10447,metropolitana de santiago,13,santiago,131,ñuñoa,13120,42,3086,1448,1638,3086,1448,1638,0,0,0
10448,metropolitana de santiago,13,santiago,131,ñuñoa,13120,43,3014,1394,1620,3014,1394,1620,0,0,0
10449,metropolitana de santiago,13,santiago,131,ñuñoa,13120,44,2817,1321,1496,2817,1321,1496,0,0,0
10450,metropolitana de santiago,13,santiago,131,ñuñoa,13120,45,2755,1276,1479,2755,1276,1479,0,0,0
10451,metropolitana de santiago,13,santiago,131,ñuñoa,13120,46,2593,1200,1393,2593,1200,1393,0,0,0
10452,metropolitana de santiago,13,santiago,131,ñuñoa,13120,47,2380,1077,1303,2380,1077,1303,0,0,0
10453,metropolitana de santiago,13,santiago,131,ñuñoa,13120,48,2354,1103,1251,2354,1103,1251,0,0,0
10454,metropolitana de santiago,13,santiago,131,ñuñoa,13120,49,2268,1040,1228,2268,1040,1228,0,0,0
10455,metropolitana de santiago,13,santiago,131,ñuñoa,13120,50,2372,1099,1273,2372,1099,1273,0,0,0
10456,metropolitana de santiago,13,santiago,131,ñuñoa,13120,51,2369,1098,1271,2369,1098,1271,0,0,0
10457,metropolitana de santiago,13,santiago,131,ñuñoa,13120,52,2454,1086,1368,2454,1086,1368,0,0,0
10458,metropolitana de santiago,13,santiago,131,ñuñoa,13120,53,2448,1058,1390,2448,1058,1390,0,0,0
10459,metropolitana de santiago,13,santiago,131,ñuñoa,13120,54,2573,1086,1487,2573,1086,1487,0,0,0
10460,metropolitana de santiago,13,santiago,131,ñuñoa,13120,55,2534,1118,1416,2534,1118,1416,0,0,0
10461,metropolitana de santiago,13,santiago,131,ñuñoa,13120,56,2492,1088,1404,2492,1088,1404,0,0,0
10462,metropolitana de santiago,13,santiago,131,ñuñoa,13120,57,2369,1031,1338,2369,1031,1338,0,0,0
10463,metropolitana de santiago,13,santiago,131,ñuñoa,13120,58,2347,985,1362,2347,985,1362,0,0,0
10464,metropolitana de santiago,13,santiago,131,ñuñoa,13120,59,2387,1006,1381,2387,1006,1381,0,0,0
10465,metropolitana de santiago,13,santiago,131,ñuñoa,13120,60,2316,944,1372,2316,944,1372,0,0,0
10466,metropolitana de santiago,13,santiago,131,ñuñoa,13120,61,2236,918,1318,2236,918,1318,0,0,0
10467,metropolitana de santiago,13,santiago,131,ñuñoa,13120,62,2019,795,1224,2019,795,1224,0,0,0
10468,metropolitana de santiago,13,santiago,131,ñuñoa,13120,63,1934,763,1171,1934,763,1171,0,0,0
10469,metropolitana de santiago,13,santiago,131,ñuñoa,13120,64,1857,740,1117,1857,740,1117,0,0,0
10470,metropolitana de santiago,13,santiago,131,ñuñoa,13120,65,1747,703,1044,1747,703,1044,0,0,0
10471,metropolitana de santiago,13,santiago,131,ñuñoa,13120,66,1723,686,1037,1723,686,1037,0,0,0
10472,metropolitana de santiago,13,santiago,131,ñuñoa,13120,67,1633,616,1017,1633,616,1017,0,0,0
10473,metropolitana de santiago,13,santiago,131,ñuñoa,13120,68,1591,651,940,1591,651,940,0,0,0
10474,metropolitana de santiago,13,santiago,131,ñuñoa,13120,69,1575,602,973,1575,602,973,0,0,0
10475,metropolitana de santiago,13,santiago,131,ñuñoa,13120,70,1545,581,964,1545,581,964,0,0,0
10476,metropolitana de santiago,13,santiago,131,ñuñoa,13120,71,1411,534,877,1411,534,877,0,0,0
10477,metropolitana de santiago,13,santiago,131,ñuñoa,13120,72,1385,522,863,1385,522,863,0,0,0
10478,metropolitana de santiago,13,santiago,131,ñuñoa,13120,73,1315,489,826,1315,489,826,0,0,0
10479,metropolitana de santiago,13,santiago,131,ñuñoa,13120,74,1264,460,804,1264,460,804,0,0,0
10480,metropolitana de santiago,13,santiago,131,ñuñoa,13120,75,1197,470,727,1197,470,727,0,0,0
10481,metropolitana de santiago,13,santiago,131,ñuñoa,13120,76,1127,415,712,1127,415,712,0,0,0
10482,metropolitana de santiago,13,santiago,131,ñuñoa,13120,77,1091,379,712,1091,379,712,0,0,0
10483,metropolitana de santiago,13,santiago,131,ñuñoa,13120,78,935,337,598,935,337,598,0,0,0
10484,metropolitana de santiago,13,santiago,131,ñuñoa,13120,79,933,319,614,933,319,614,0,0,0
10485,metropolitana de santiago,13,santiago,131,ñuñoa,13120,80,939,318,621,939,318,621,0,0,0
10486,metropolitana de santiago,13,santiago,131,ñuñoa,13120,81,899,288,611,899,288,611,0,0,0
10487,metropolitana de santiago,13,santiago,131,ñuñoa,13120,82,837,263,574,837,263,574,0,0,0
10488,metropolitana de santiago,13,santiago,131,ñuñoa,13120,83,808,256,552,808,256,552,0,0,0
10489,metropolitana de santiago,13,santiago,131,ñuñoa,13120,84,818,259,559,818,259,559,0,0,0
10490,metropolitana de santiago,13,santiago,131,ñuñoa,13120,85,794,259,535,794,259,535,0,0,0
10491,metropolitana de santiago,13,santiago,131,ñuñoa,13120,86,776,235,541,776,235,541,0,0,0
10492,metropolitana de santiago,13,santiago,131,ñuñoa,13120,87,666,210,456,666,210,456,0,0,0
10493,metropolitana de santiago,13,santiago,131,ñuñoa,13120,88,625,163,462,625,163,462,0,0,0
10494,metropolitana de santiago,13,santiago,131,ñuñoa,13120,89,595,162,433,595,162,433,0,0,0
10495,metropolitana de santiago,13,santiago,131,ñuñoa,13120,90,482,149,333,482,149,333,0,0,0
10496,metropolitana de santiago,13,santiago,131,ñuñoa,13120,91,373,95,278,373,95,278,0,0,0
10497,metropolitana de santiago,13,santiago,131,ñuñoa,13120,92,279,62,217,279,62,217,0,0,0
10498,metropolitana de santiago,13,santiago,131,ñuñoa,13120,93,247,62,185,247,62,185,0,0,0
10499,metropolitana de santiago,13,santiago,131,ñuñoa,13120,94,221,65,156,221,65,156,0,0,0
10500,metropolitana de santiago,13,santiago,131,ñuñoa,13120,95,165,41,124,165,41,124,0,0,0
10501,metropolitana de santiago,13,santiago,131,ñuñoa,13120,96,143,15,128,143,15,128,0,0,0
10502,metropolitana de santiago,13,santiago,131,ñuñoa,13120,97,65,17,48,65,17,48,0,0,0
10503,metropolitana de santiago,13,santiago,131,ñuñoa,13120,98,55,10,45,55,10,45,0,0,0
10504,metropolitana de santiago,13,santiago,131,ñuñoa,13120,99,47,6,41,47,6,41,0,0,0
10505,metropolitana de santiago,13,santiago,131,ñuñoa,13120,100 o más,103,21,82,103,21,82,0,0,0
10506,metropolitana de santiago,13,santiago,131,pedro aguirre cerda,13121,total comuna,101174,49513,51661,101174,49513,51661,0,0,0
10507,metropolitana de santiago,13,santiago,131,pedro aguirre cerda,13121,0,1077,542,535,1077,542,535,0,0,0
10508,metropolitana de santiago,13,santiago,131,pedro aguirre cerda,13121,1,1199,616,583,1199,616,583,0,0,0
10509,metropolitana de santiago,13,santiago,131,pedro aguirre cerda,13121,2,1259,669,590,1259,669,590,0,0,0
10510,metropolitana de santiago,13,santiago,131,pedro aguirre cerda,13121,3,1193,616,577,1193,616,577,0,0,0
10511,metropolitana de santiago,13,santiago,131,pedro aguirre cerda,13121,4,1306,661,645,1306,661,645,0,0,0
10512,metropolitana de santiago,13,santiago,131,pedro aguirre cerda,13121,5,1273,627,646,1273,627,646,0,0,0
10513,metropolitana de santiago,13,santiago,131,pedro aguirre cerda,13121,6,1346,715,631,1346,715,631,0,0,0
10514,metropolitana de santiago,13,santiago,131,pedro aguirre cerda,13121,7,1262,642,620,1262,642,620,0,0,0
10515,metropolitana de santiago,13,santiago,131,pedro aguirre cerda,13121,8,1232,647,585,1232,647,585,0,0,0
10516,metropolitana de santiago,13,santiago,131,pedro aguirre cerda,13121,9,1176,617,559,1176,617,559,0,0,0
10517,metropolitana de santiago,13,santiago,131,pedro aguirre cerda,13121,10,1177,594,583,1177,594,583,0,0,0
10518,metropolitana de santiago,13,santiago,131,pedro aguirre cerda,13121,11,1102,556,546,1102,556,546,0,0,0
10519,metropolitana de santiago,13,santiago,131,pedro aguirre cerda,13121,12,1135,594,541,1135,594,541,0,0,0
10520,metropolitana de santiago,13,santiago,131,pedro aguirre cerda,13121,13,1074,560,514,1074,560,514,0,0,0
10521,metropolitana de santiago,13,santiago,131,pedro aguirre cerda,13121,14,1245,668,577,1245,668,577,0,0,0
10522,metropolitana de santiago,13,santiago,131,pedro aguirre cerda,13121,15,1264,646,618,1264,646,618,0,0,0
10523,metropolitana de santiago,13,santiago,131,pedro aguirre cerda,13121,16,1243,654,589,1243,654,589,0,0,0
10524,metropolitana de santiago,13,santiago,131,pedro aguirre cerda,13121,17,1288,646,642,1288,646,642,0,0,0
10525,metropolitana de santiago,13,santiago,131,pedro aguirre cerda,13121,18,1375,671,704,1375,671,704,0,0,0
10526,metropolitana de santiago,13,santiago,131,pedro aguirre cerda,13121,19,1371,680,691,1371,680,691,0,0,0
10527,metropolitana de santiago,13,santiago,131,pedro aguirre cerda,13121,20,1483,754,729,1483,754,729,0,0,0
10528,metropolitana de santiago,13,santiago,131,pedro aguirre cerda,13121,21,1562,825,737,1562,825,737,0,0,0
10529,metropolitana de santiago,13,santiago,131,pedro aguirre cerda,13121,22,1739,876,863,1739,876,863,0,0,0
10530,metropolitana de santiago,13,santiago,131,pedro aguirre cerda,13121,23,1627,852,775,1627,852,775,0,0,0
10531,metropolitana de santiago,13,santiago,131,pedro aguirre cerda,13121,24,1804,934,870,1804,934,870,0,0,0
10532,metropolitana de santiago,13,santiago,131,pedro aguirre cerda,13121,25,1768,880,888,1768,880,888,0,0,0
10533,metropolitana de santiago,13,santiago,131,pedro aguirre cerda,13121,26,1779,948,831,1779,948,831,0,0,0
10534,metropolitana de santiago,13,santiago,131,pedro aguirre cerda,13121,27,1840,955,885,1840,955,885,0,0,0
10535,metropolitana de santiago,13,santiago,131,pedro aguirre cerda,13121,28,1667,865,802,1667,865,802,0,0,0
10536,metropolitana de santiago,13,santiago,131,pedro aguirre cerda,13121,29,1566,843,723,1566,843,723,0,0,0
10537,metropolitana de santiago,13,santiago,131,pedro aguirre cerda,13121,30,1478,764,714,1478,764,714,0,0,0
10538,metropolitana de santiago,13,santiago,131,pedro aguirre cerda,13121,31,1407,730,677,1407,730,677,0,0,0
10539,metropolitana de santiago,13,santiago,131,pedro aguirre cerda,13121,32,1421,739,682,1421,739,682,0,0,0
10540,metropolitana de santiago,13,santiago,131,pedro aguirre cerda,13121,33,1322,715,607,1322,715,607,0,0,0
10541,metropolitana de santiago,13,santiago,131,pedro aguirre cerda,13121,34,1370,694,676,1370,694,676,0,0,0
10542,metropolitana de santiago,13,santiago,131,pedro aguirre cerda,13121,35,1391,725,666,1391,725,666,0,0,0
10543,metropolitana de santiago,13,santiago,131,pedro aguirre cerda,13121,36,1238,645,593,1238,645,593,0,0,0
10544,metropolitana de santiago,13,santiago,131,pedro aguirre cerda,13121,37,1220,609,611,1220,609,611,0,0,0
10545,metropolitana de santiago,13,santiago,131,pedro aguirre cerda,13121,38,1116,583,533,1116,583,533,0,0,0
10546,metropolitana de santiago,13,santiago,131,pedro aguirre cerda,13121,39,1055,532,523,1055,532,523,0,0,0
10547,metropolitana de santiago,13,santiago,131,pedro aguirre cerda,13121,40,1072,540,532,1072,540,532,0,0,0
10548,metropolitana de santiago,13,santiago,131,pedro aguirre cerda,13121,41,1073,532,541,1073,532,541,0,0,0
10549,metropolitana de santiago,13,santiago,131,pedro aguirre cerda,13121,42,1131,578,553,1131,578,553,0,0,0
10550,metropolitana de santiago,13,santiago,131,pedro aguirre cerda,13121,43,1232,604,628,1232,604,628,0,0,0
10551,metropolitana de santiago,13,santiago,131,pedro aguirre cerda,13121,44,1150,604,546,1150,604,546,0,0,0
10552,metropolitana de santiago,13,santiago,131,pedro aguirre cerda,13121,45,1130,568,562,1130,568,562,0,0,0
10553,metropolitana de santiago,13,santiago,131,pedro aguirre cerda,13121,46,1135,571,564,1135,571,564,0,0,0
10554,metropolitana de santiago,13,santiago,131,pedro aguirre cerda,13121,47,1160,554,606,1160,554,606,0,0,0
10555,metropolitana de santiago,13,santiago,131,pedro aguirre cerda,13121,48,1140,552,588,1140,552,588,0,0,0
10556,metropolitana de santiago,13,santiago,131,pedro aguirre cerda,13121,49,1259,609,650,1259,609,650,0,0,0
10557,metropolitana de santiago,13,santiago,131,pedro aguirre cerda,13121,50,1354,692,662,1354,692,662,0,0,0
10558,metropolitana de santiago,13,santiago,131,pedro aguirre cerda,13121,51,1398,661,737,1398,661,737,0,0,0
10559,metropolitana de santiago,13,santiago,131,pedro aguirre cerda,13121,52,1458,693,765,1458,693,765,0,0,0
10560,metropolitana de santiago,13,santiago,131,pedro aguirre cerda,13121,53,1544,751,793,1544,751,793,0,0,0
10561,metropolitana de santiago,13,santiago,131,pedro aguirre cerda,13121,54,1590,768,822,1590,768,822,0,0,0
10562,metropolitana de santiago,13,santiago,131,pedro aguirre cerda,13121,55,1543,772,771,1543,772,771,0,0,0
10563,metropolitana de santiago,13,santiago,131,pedro aguirre cerda,13121,56,1516,708,808,1516,708,808,0,0,0
10564,metropolitana de santiago,13,santiago,131,pedro aguirre cerda,13121,57,1500,720,780,1500,720,780,0,0,0
10565,metropolitana de santiago,13,santiago,131,pedro aguirre cerda,13121,58,1527,717,810,1527,717,810,0,0,0
10566,metropolitana de santiago,13,santiago,131,pedro aguirre cerda,13121,59,1408,653,755,1408,653,755,0,0,0
10567,metropolitana de santiago,13,santiago,131,pedro aguirre cerda,13121,60,1433,705,728,1433,705,728,0,0,0
10568,metropolitana de santiago,13,santiago,131,pedro aguirre cerda,13121,61,1241,583,658,1241,583,658,0,0,0
10569,metropolitana de santiago,13,santiago,131,pedro aguirre cerda,13121,62,1135,534,601,1135,534,601,0,0,0
10570,metropolitana de santiago,13,santiago,131,pedro aguirre cerda,13121,63,1152,547,605,1152,547,605,0,0,0
10571,metropolitana de santiago,13,santiago,131,pedro aguirre cerda,13121,64,1063,506,557,1063,506,557,0,0,0
10572,metropolitana de santiago,13,santiago,131,pedro aguirre cerda,13121,65,985,454,531,985,454,531,0,0,0
10573,metropolitana de santiago,13,santiago,131,pedro aguirre cerda,13121,66,888,410,478,888,410,478,0,0,0
10574,metropolitana de santiago,13,santiago,131,pedro aguirre cerda,13121,67,895,387,508,895,387,508,0,0,0
10575,metropolitana de santiago,13,santiago,131,pedro aguirre cerda,13121,68,800,328,472,800,328,472,0,0,0
10576,metropolitana de santiago,13,santiago,131,pedro aguirre cerda,13121,69,772,336,436,772,336,436,0,0,0
10577,metropolitana de santiago,13,santiago,131,pedro aguirre cerda,13121,70,727,325,402,727,325,402,0,0,0
10578,metropolitana de santiago,13,santiago,131,pedro aguirre cerda,13121,71,695,299,396,695,299,396,0,0,0
10579,metropolitana de santiago,13,santiago,131,pedro aguirre cerda,13121,72,612,275,337,612,275,337,0,0,0
10580,metropolitana de santiago,13,santiago,131,pedro aguirre cerda,13121,73,607,250,357,607,250,357,0,0,0
10581,metropolitana de santiago,13,santiago,131,pedro aguirre cerda,13121,74,578,235,343,578,235,343,0,0,0
10582,metropolitana de santiago,13,santiago,131,pedro aguirre cerda,13121,75,555,227,328,555,227,328,0,0,0
10583,metropolitana de santiago,13,santiago,131,pedro aguirre cerda,13121,76,542,239,303,542,239,303,0,0,0
10584,metropolitana de santiago,13,santiago,131,pedro aguirre cerda,13121,77,467,171,296,467,171,296,0,0,0
10585,metropolitana de santiago,13,santiago,131,pedro aguirre cerda,13121,78,447,171,276,447,171,276,0,0,0
10586,metropolitana de santiago,13,santiago,131,pedro aguirre cerda,13121,79,434,170,264,434,170,264,0,0,0
10587,metropolitana de santiago,13,santiago,131,pedro aguirre cerda,13121,80,432,148,284,432,148,284,0,0,0
10588,metropolitana de santiago,13,santiago,131,pedro aguirre cerda,13121,81,404,146,258,404,146,258,0,0,0
10589,metropolitana de santiago,13,santiago,131,pedro aguirre cerda,13121,82,413,147,266,413,147,266,0,0,0
10590,metropolitana de santiago,13,santiago,131,pedro aguirre cerda,13121,83,365,104,261,365,104,261,0,0,0
10591,metropolitana de santiago,13,santiago,131,pedro aguirre cerda,13121,84,410,133,277,410,133,277,0,0,0
10592,metropolitana de santiago,13,santiago,131,pedro aguirre cerda,13121,85,364,121,243,364,121,243,0,0,0
10593,metropolitana de santiago,13,santiago,131,pedro aguirre cerda,13121,86,377,132,245,377,132,245,0,0,0
10594,metropolitana de santiago,13,santiago,131,pedro aguirre cerda,13121,87,318,109,209,318,109,209,0,0,0
10595,metropolitana de santiago,13,santiago,131,pedro aguirre cerda,13121,88,259,70,189,259,70,189,0,0,0
10596,metropolitana de santiago,13,santiago,131,pedro aguirre cerda,13121,89,229,82,147,229,82,147,0,0,0
10597,metropolitana de santiago,13,santiago,131,pedro aguirre cerda,13121,90,206,60,146,206,60,146,0,0,0
10598,metropolitana de santiago,13,santiago,131,pedro aguirre cerda,13121,91,141,37,104,141,37,104,0,0,0
10599,metropolitana de santiago,13,santiago,131,pedro aguirre cerda,13121,92,116,38,78,116,38,78,0,0,0
10600,metropolitana de santiago,13,santiago,131,pedro aguirre cerda,13121,93,97,29,68,97,29,68,0,0,0
10601,metropolitana de santiago,13,santiago,131,pedro aguirre cerda,13121,94,65,21,44,65,21,44,0,0,0
10602,metropolitana de santiago,13,santiago,131,pedro aguirre cerda,13121,95,48,13,35,48,13,35,0,0,0
10603,metropolitana de santiago,13,santiago,131,pedro aguirre cerda,13121,96,43,9,34,43,9,34,0,0,0
10604,metropolitana de santiago,13,santiago,131,pedro aguirre cerda,13121,97,24,6,18,24,6,18,0,0,0
10605,metropolitana de santiago,13,santiago,131,pedro aguirre cerda,13121,98,15,6,9,15,6,9,0,0,0
10606,metropolitana de santiago,13,santiago,131,pedro aguirre cerda,13121,99,21,6,15,21,6,15,0,0,0
10607,metropolitana de santiago,13,santiago,131,pedro aguirre cerda,13121,100 o más,29,8,21,29,8,21,0,0,0
10608,metropolitana de santiago,13,santiago,131,peñalolén,13122,total comuna,241599,116882,124717,241599,116882,124717,0,0,0
10609,metropolitana de santiago,13,santiago,131,peñalolén,13122,0,2686,1334,1352,2686,1334,1352,0,0,0
10610,metropolitana de santiago,13,santiago,131,peñalolén,13122,1,3098,1526,1572,3098,1526,1572,0,0,0
10611,metropolitana de santiago,13,santiago,131,peñalolén,13122,2,3176,1606,1570,3176,1606,1570,0,0,0
10612,metropolitana de santiago,13,santiago,131,peñalolén,13122,3,3102,1575,1527,3102,1575,1527,0,0,0
10613,metropolitana de santiago,13,santiago,131,peñalolén,13122,4,3208,1606,1602,3208,1606,1602,0,0,0
10614,metropolitana de santiago,13,santiago,131,peñalolén,13122,5,3350,1740,1610,3350,1740,1610,0,0,0
10615,metropolitana de santiago,13,santiago,131,peñalolén,13122,6,3449,1758,1691,3449,1758,1691,0,0,0
10616,metropolitana de santiago,13,santiago,131,peñalolén,13122,7,3481,1788,1693,3481,1788,1693,0,0,0
10617,metropolitana de santiago,13,santiago,131,peñalolén,13122,8,3557,1782,1775,3557,1782,1775,0,0,0
10618,metropolitana de santiago,13,santiago,131,peñalolén,13122,9,3368,1698,1670,3368,1698,1670,0,0,0
10619,metropolitana de santiago,13,santiago,131,peñalolén,13122,10,3253,1633,1620,3253,1633,1620,0,0,0
10620,metropolitana de santiago,13,santiago,131,peñalolén,13122,11,3282,1663,1619,3282,1663,1619,0,0,0
10621,metropolitana de santiago,13,santiago,131,peñalolén,13122,12,3320,1675,1645,3320,1675,1645,0,0,0
10622,metropolitana de santiago,13,santiago,131,peñalolén,13122,13,3376,1677,1699,3376,1677,1699,0,0,0
10623,metropolitana de santiago,13,santiago,131,peñalolén,13122,14,3439,1777,1662,3439,1777,1662,0,0,0
10624,metropolitana de santiago,13,santiago,131,peñalolén,13122,15,3670,1902,1768,3670,1902,1768,0,0,0
10625,metropolitana de santiago,13,santiago,131,peñalolén,13122,16,3637,1809,1828,3637,1809,1828,0,0,0
10626,metropolitana de santiago,13,santiago,131,peñalolén,13122,17,3726,1888,1838,3726,1888,1838,0,0,0
10627,metropolitana de santiago,13,santiago,131,peñalolén,13122,18,3798,1814,1984,3798,1814,1984,0,0,0
10628,metropolitana de santiago,13,santiago,131,peñalolén,13122,19,3984,2020,1964,3984,2020,1964,0,0,0
10629,metropolitana de santiago,13,santiago,131,peñalolén,13122,20,4182,2082,2100,4182,2082,2100,0,0,0
10630,metropolitana de santiago,13,santiago,131,peñalolén,13122,21,4040,2061,1979,4040,2061,1979,0,0,0
10631,metropolitana de santiago,13,santiago,131,peñalolén,13122,22,4362,2222,2140,4362,2222,2140,0,0,0
10632,metropolitana de santiago,13,santiago,131,peñalolén,13122,23,4336,2219,2117,4336,2219,2117,0,0,0
10633,metropolitana de santiago,13,santiago,131,peñalolén,13122,24,4208,2182,2026,4208,2182,2026,0,0,0
10634,metropolitana de santiago,13,santiago,131,peñalolén,13122,25,4119,2073,2046,4119,2073,2046,0,0,0
10635,metropolitana de santiago,13,santiago,131,peñalolén,13122,26,4058,2097,1961,4058,2097,1961,0,0,0
10636,metropolitana de santiago,13,santiago,131,peñalolén,13122,27,3924,1991,1933,3924,1991,1933,0,0,0
10637,metropolitana de santiago,13,santiago,131,peñalolén,13122,28,3685,1864,1821,3685,1864,1821,0,0,0
10638,metropolitana de santiago,13,santiago,131,peñalolén,13122,29,3298,1687,1611,3298,1687,1611,0,0,0
10639,metropolitana de santiago,13,santiago,131,peñalolén,13122,30,3135,1598,1537,3135,1598,1537,0,0,0
10640,metropolitana de santiago,13,santiago,131,peñalolén,13122,31,2935,1479,1456,2935,1479,1456,0,0,0
10641,metropolitana de santiago,13,santiago,131,peñalolén,13122,32,2851,1368,1483,2851,1368,1483,0,0,0
10642,metropolitana de santiago,13,santiago,131,peñalolén,13122,33,2780,1369,1411,2780,1369,1411,0,0,0
10643,metropolitana de santiago,13,santiago,131,peñalolén,13122,34,3086,1516,1570,3086,1516,1570,0,0,0
10644,metropolitana de santiago,13,santiago,131,peñalolén,13122,35,3214,1567,1647,3214,1567,1647,0,0,0
10645,metropolitana de santiago,13,santiago,131,peñalolén,13122,36,3090,1473,1617,3090,1473,1617,0,0,0
10646,metropolitana de santiago,13,santiago,131,peñalolén,13122,37,3098,1505,1593,3098,1505,1593,0,0,0
10647,metropolitana de santiago,13,santiago,131,peñalolén,13122,38,3124,1520,1604,3124,1520,1604,0,0,0
10648,metropolitana de santiago,13,santiago,131,peñalolén,13122,39,3110,1460,1650,3110,1460,1650,0,0,0
10649,metropolitana de santiago,13,santiago,131,peñalolén,13122,40,3224,1472,1752,3224,1472,1752,0,0,0
10650,metropolitana de santiago,13,santiago,131,peñalolén,13122,41,3430,1614,1816,3430,1614,1816,0,0,0
10651,metropolitana de santiago,13,santiago,131,peñalolén,13122,42,3613,1738,1875,3613,1738,1875,0,0,0
10652,metropolitana de santiago,13,santiago,131,peñalolén,13122,43,3891,1902,1989,3891,1902,1989,0,0,0
10653,metropolitana de santiago,13,santiago,131,peñalolén,13122,44,3772,1779,1993,3772,1779,1993,0,0,0
10654,metropolitana de santiago,13,santiago,131,peñalolén,13122,45,3848,1852,1996,3848,1852,1996,0,0,0
10655,metropolitana de santiago,13,santiago,131,peñalolén,13122,46,3762,1816,1946,3762,1816,1946,0,0,0
10656,metropolitana de santiago,13,santiago,131,peñalolén,13122,47,3535,1710,1825,3535,1710,1825,0,0,0
10657,metropolitana de santiago,13,santiago,131,peñalolén,13122,48,3508,1642,1866,3508,1642,1866,0,0,0
10658,metropolitana de santiago,13,santiago,131,peñalolén,13122,49,3503,1667,1836,3503,1667,1836,0,0,0
10659,metropolitana de santiago,13,santiago,131,peñalolén,13122,50,3611,1709,1902,3611,1709,1902,0,0,0
10660,metropolitana de santiago,13,santiago,131,peñalolén,13122,51,3567,1709,1858,3567,1709,1858,0,0,0
10661,metropolitana de santiago,13,santiago,131,peñalolén,13122,52,3542,1704,1838,3542,1704,1838,0,0,0
10662,metropolitana de santiago,13,santiago,131,peñalolén,13122,53,3376,1557,1819,3376,1557,1819,0,0,0
10663,metropolitana de santiago,13,santiago,131,peñalolén,13122,54,3261,1537,1724,3261,1537,1724,0,0,0
10664,metropolitana de santiago,13,santiago,131,peñalolén,13122,55,3085,1439,1646,3085,1439,1646,0,0,0
10665,metropolitana de santiago,13,santiago,131,peñalolén,13122,56,2943,1368,1575,2943,1368,1575,0,0,0
10666,metropolitana de santiago,13,santiago,131,peñalolén,13122,57,2649,1305,1344,2649,1305,1344,0,0,0
10667,metropolitana de santiago,13,santiago,131,peñalolén,13122,58,2615,1224,1391,2615,1224,1391,0,0,0
10668,metropolitana de santiago,13,santiago,131,peñalolén,13122,59,2528,1185,1343,2528,1185,1343,0,0,0
10669,metropolitana de santiago,13,santiago,131,peñalolén,13122,60,2447,1181,1266,2447,1181,1266,0,0,0
10670,metropolitana de santiago,13,santiago,131,peñalolén,13122,61,2244,1028,1216,2244,1028,1216,0,0,0
10671,metropolitana de santiago,13,santiago,131,peñalolén,13122,62,2110,934,1176,2110,934,1176,0,0,0
10672,metropolitana de santiago,13,santiago,131,peñalolén,13122,63,2114,1013,1101,2114,1013,1101,0,0,0
10673,metropolitana de santiago,13,santiago,131,peñalolén,13122,64,1904,870,1034,1904,870,1034,0,0,0
10674,metropolitana de santiago,13,santiago,131,peñalolén,13122,65,1871,852,1019,1871,852,1019,0,0,0
10675,metropolitana de santiago,13,santiago,131,peñalolén,13122,66,1748,826,922,1748,826,922,0,0,0
10676,metropolitana de santiago,13,santiago,131,peñalolén,13122,67,1662,791,871,1662,791,871,0,0,0
10677,metropolitana de santiago,13,santiago,131,peñalolén,13122,68,1659,731,928,1659,731,928,0,0,0
10678,metropolitana de santiago,13,santiago,131,peñalolén,13122,69,1587,702,885,1587,702,885,0,0,0
10679,metropolitana de santiago,13,santiago,131,peñalolén,13122,70,1580,667,913,1580,667,913,0,0,0
10680,metropolitana de santiago,13,santiago,131,peñalolén,13122,71,1412,599,813,1412,599,813,0,0,0
10681,metropolitana de santiago,13,santiago,131,peñalolén,13122,72,1411,588,823,1411,588,823,0,0,0
10682,metropolitana de santiago,13,santiago,131,peñalolén,13122,73,1250,535,715,1250,535,715,0,0,0
10683,metropolitana de santiago,13,santiago,131,peñalolén,13122,74,1196,533,663,1196,533,663,0,0,0
10684,metropolitana de santiago,13,santiago,131,peñalolén,13122,75,1124,451,673,1124,451,673,0,0,0
10685,metropolitana de santiago,13,santiago,131,peñalolén,13122,76,1038,442,596,1038,442,596,0,0,0
10686,metropolitana de santiago,13,santiago,131,peñalolén,13122,77,955,382,573,955,382,573,0,0,0
10687,metropolitana de santiago,13,santiago,131,peñalolén,13122,78,801,308,493,801,308,493,0,0,0
10688,metropolitana de santiago,13,santiago,131,peñalolén,13122,79,706,270,436,706,270,436,0,0,0
10689,metropolitana de santiago,13,santiago,131,peñalolén,13122,80,673,261,412,673,261,412,0,0,0
10690,metropolitana de santiago,13,santiago,131,peñalolén,13122,81,558,200,358,558,200,358,0,0,0
10691,metropolitana de santiago,13,santiago,131,peñalolén,13122,82,526,178,348,526,178,348,0,0,0
10692,metropolitana de santiago,13,santiago,131,peñalolén,13122,83,457,155,302,457,155,302,0,0,0
10693,metropolitana de santiago,13,santiago,131,peñalolén,13122,84,457,167,290,457,167,290,0,0,0
10694,metropolitana de santiago,13,santiago,131,peñalolén,13122,85,379,134,245,379,134,245,0,0,0
10695,metropolitana de santiago,13,santiago,131,peñalolén,13122,86,366,118,248,366,118,248,0,0,0
10696,metropolitana de santiago,13,santiago,131,peñalolén,13122,87,300,79,221,300,79,221,0,0,0
10697,metropolitana de santiago,13,santiago,131,peñalolén,13122,88,234,66,168,234,66,168,0,0,0
10698,metropolitana de santiago,13,santiago,131,peñalolén,13122,89,216,66,150,216,66,150,0,0,0
10699,metropolitana de santiago,13,santiago,131,peñalolén,13122,90,195,58,137,195,58,137,0,0,0
10700,metropolitana de santiago,13,santiago,131,peñalolén,13122,91,106,31,75,106,31,75,0,0,0
10701,metropolitana de santiago,13,santiago,131,peñalolén,13122,92,119,30,89,119,30,89,0,0,0
10702,metropolitana de santiago,13,santiago,131,peñalolén,13122,93,77,19,58,77,19,58,0,0,0
10703,metropolitana de santiago,13,santiago,131,peñalolén,13122,94,68,28,40,68,28,40,0,0,0
10704,metropolitana de santiago,13,santiago,131,peñalolén,13122,95,35,10,25,35,10,25,0,0,0
10705,metropolitana de santiago,13,santiago,131,peñalolén,13122,96,33,9,24,33,9,24,0,0,0
10706,metropolitana de santiago,13,santiago,131,peñalolén,13122,97,22,7,15,22,7,15,0,0,0
10707,metropolitana de santiago,13,santiago,131,peñalolén,13122,98,21,4,17,21,4,17,0,0,0
10708,metropolitana de santiago,13,santiago,131,peñalolén,13122,99,13,3,10,13,3,10,0,0,0
10709,metropolitana de santiago,13,santiago,131,peñalolén,13122,100 o más,67,23,44,67,23,44,0,0,0
10710,metropolitana de santiago,13,santiago,131,providencia,13123,total comuna,142079,65710,76369,142079,65710,76369,0,0,0
10711,metropolitana de santiago,13,santiago,131,providencia,13123,0,1792,940,852,1792,940,852,0,0,0
10712,metropolitana de santiago,13,santiago,131,providencia,13123,1,1731,861,870,1731,861,870,0,0,0
10713,metropolitana de santiago,13,santiago,131,providencia,13123,2,1475,725,750,1475,725,750,0,0,0
10714,metropolitana de santiago,13,santiago,131,providencia,13123,3,1426,734,692,1426,734,692,0,0,0
10715,metropolitana de santiago,13,santiago,131,providencia,13123,4,1270,650,620,1270,650,620,0,0,0
10716,metropolitana de santiago,13,santiago,131,providencia,13123,5,1150,609,541,1150,609,541,0,0,0
10717,metropolitana de santiago,13,santiago,131,providencia,13123,6,1189,606,583,1189,606,583,0,0,0
10718,metropolitana de santiago,13,santiago,131,providencia,13123,7,1141,565,576,1141,565,576,0,0,0
10719,metropolitana de santiago,13,santiago,131,providencia,13123,8,1030,525,505,1030,525,505,0,0,0
10720,metropolitana de santiago,13,santiago,131,providencia,13123,9,1001,505,496,1001,505,496,0,0,0
10721,metropolitana de santiago,13,santiago,131,providencia,13123,10,920,478,442,920,478,442,0,0,0
10722,metropolitana de santiago,13,santiago,131,providencia,13123,11,881,459,422,881,459,422,0,0,0
10723,metropolitana de santiago,13,santiago,131,providencia,13123,12,927,467,460,927,467,460,0,0,0
10724,metropolitana de santiago,13,santiago,131,providencia,13123,13,930,462,468,930,462,468,0,0,0
10725,metropolitana de santiago,13,santiago,131,providencia,13123,14,881,467,414,881,467,414,0,0,0
10726,metropolitana de santiago,13,santiago,131,providencia,13123,15,877,444,433,877,444,433,0,0,0
10727,metropolitana de santiago,13,santiago,131,providencia,13123,16,969,491,478,969,491,478,0,0,0
10728,metropolitana de santiago,13,santiago,131,providencia,13123,17,1017,529,488,1017,529,488,0,0,0
10729,metropolitana de santiago,13,santiago,131,providencia,13123,18,1518,764,754,1518,764,754,0,0,0
10730,metropolitana de santiago,13,santiago,131,providencia,13123,19,1643,805,838,1643,805,838,0,0,0
10731,metropolitana de santiago,13,santiago,131,providencia,13123,20,1914,965,949,1914,965,949,0,0,0
10732,metropolitana de santiago,13,santiago,131,providencia,13123,21,1945,932,1013,1945,932,1013,0,0,0
10733,metropolitana de santiago,13,santiago,131,providencia,13123,22,1904,935,969,1904,935,969,0,0,0
10734,metropolitana de santiago,13,santiago,131,providencia,13123,23,2081,988,1093,2081,988,1093,0,0,0
10735,metropolitana de santiago,13,santiago,131,providencia,13123,24,2232,1079,1153,2232,1079,1153,0,0,0
10736,metropolitana de santiago,13,santiago,131,providencia,13123,25,2415,1173,1242,2415,1173,1242,0,0,0
10737,metropolitana de santiago,13,santiago,131,providencia,13123,26,2771,1316,1455,2771,1316,1455,0,0,0
10738,metropolitana de santiago,13,santiago,131,providencia,13123,27,3030,1415,1615,3030,1415,1615,0,0,0
10739,metropolitana de santiago,13,santiago,131,providencia,13123,28,3330,1593,1737,3330,1593,1737,0,0,0
10740,metropolitana de santiago,13,santiago,131,providencia,13123,29,3308,1618,1690,3308,1618,1690,0,0,0
10741,metropolitana de santiago,13,santiago,131,providencia,13123,30,3432,1676,1756,3432,1676,1756,0,0,0
10742,metropolitana de santiago,13,santiago,131,providencia,13123,31,3320,1583,1737,3320,1583,1737,0,0,0
10743,metropolitana de santiago,13,santiago,131,providencia,13123,32,3406,1708,1698,3406,1708,1698,0,0,0
10744,metropolitana de santiago,13,santiago,131,providencia,13123,33,3338,1675,1663,3338,1675,1663,0,0,0
10745,metropolitana de santiago,13,santiago,131,providencia,13123,34,3287,1617,1670,3287,1617,1670,0,0,0
10746,metropolitana de santiago,13,santiago,131,providencia,13123,35,3270,1618,1652,3270,1618,1652,0,0,0
10747,metropolitana de santiago,13,santiago,131,providencia,13123,36,2970,1450,1520,2970,1450,1520,0,0,0
10748,metropolitana de santiago,13,santiago,131,providencia,13123,37,2893,1424,1469,2893,1424,1469,0,0,0
10749,metropolitana de santiago,13,santiago,131,providencia,13123,38,2641,1341,1300,2641,1341,1300,0,0,0
10750,metropolitana de santiago,13,santiago,131,providencia,13123,39,2447,1169,1278,2447,1169,1278,0,0,0
10751,metropolitana de santiago,13,santiago,131,providencia,13123,40,2315,1177,1138,2315,1177,1138,0,0,0
10752,metropolitana de santiago,13,santiago,131,providencia,13123,41,2261,1109,1152,2261,1109,1152,0,0,0
10753,metropolitana de santiago,13,santiago,131,providencia,13123,42,2209,1064,1145,2209,1064,1145,0,0,0
10754,metropolitana de santiago,13,santiago,131,providencia,13123,43,2106,1060,1046,2106,1060,1046,0,0,0
10755,metropolitana de santiago,13,santiago,131,providencia,13123,44,1957,936,1021,1957,936,1021,0,0,0
10756,metropolitana de santiago,13,santiago,131,providencia,13123,45,1875,889,986,1875,889,986,0,0,0
10757,metropolitana de santiago,13,santiago,131,providencia,13123,46,1699,848,851,1699,848,851,0,0,0
10758,metropolitana de santiago,13,santiago,131,providencia,13123,47,1512,725,787,1512,725,787,0,0,0
10759,metropolitana de santiago,13,santiago,131,providencia,13123,48,1498,728,770,1498,728,770,0,0,0
10760,metropolitana de santiago,13,santiago,131,providencia,13123,49,1538,712,826,1538,712,826,0,0,0
10761,metropolitana de santiago,13,santiago,131,providencia,13123,50,1458,691,767,1458,691,767,0,0,0
10762,metropolitana de santiago,13,santiago,131,providencia,13123,51,1380,655,725,1380,655,725,0,0,0
10763,metropolitana de santiago,13,santiago,131,providencia,13123,52,1479,652,827,1479,652,827,0,0,0
10764,metropolitana de santiago,13,santiago,131,providencia,13123,53,1449,637,812,1449,637,812,0,0,0
10765,metropolitana de santiago,13,santiago,131,providencia,13123,54,1460,673,787,1460,673,787,0,0,0
10766,metropolitana de santiago,13,santiago,131,providencia,13123,55,1407,624,783,1407,624,783,0,0,0
10767,metropolitana de santiago,13,santiago,131,providencia,13123,56,1497,643,854,1497,643,854,0,0,0
10768,metropolitana de santiago,13,santiago,131,providencia,13123,57,1466,635,831,1466,635,831,0,0,0
10769,metropolitana de santiago,13,santiago,131,providencia,13123,58,1426,593,833,1426,593,833,0,0,0
10770,metropolitana de santiago,13,santiago,131,providencia,13123,59,1393,554,839,1393,554,839,0,0,0
10771,metropolitana de santiago,13,santiago,131,providencia,13123,60,1515,594,921,1515,594,921,0,0,0
10772,metropolitana de santiago,13,santiago,131,providencia,13123,61,1372,570,802,1372,570,802,0,0,0
10773,metropolitana de santiago,13,santiago,131,providencia,13123,62,1346,560,786,1346,560,786,0,0,0
10774,metropolitana de santiago,13,santiago,131,providencia,13123,63,1220,470,750,1220,470,750,0,0,0
10775,metropolitana de santiago,13,santiago,131,providencia,13123,64,1276,500,776,1276,500,776,0,0,0
10776,metropolitana de santiago,13,santiago,131,providencia,13123,65,1199,510,689,1199,510,689,0,0,0
10777,metropolitana de santiago,13,santiago,131,providencia,13123,66,1182,482,700,1182,482,700,0,0,0
10778,metropolitana de santiago,13,santiago,131,providencia,13123,67,1180,489,691,1180,489,691,0,0,0
10779,metropolitana de santiago,13,santiago,131,providencia,13123,68,1161,447,714,1161,447,714,0,0,0
10780,metropolitana de santiago,13,santiago,131,providencia,13123,69,1138,461,677,1138,461,677,0,0,0
10781,metropolitana de santiago,13,santiago,131,providencia,13123,70,1112,430,682,1112,430,682,0,0,0
10782,metropolitana de santiago,13,santiago,131,providencia,13123,71,1052,437,615,1052,437,615,0,0,0
10783,metropolitana de santiago,13,santiago,131,providencia,13123,72,1054,411,643,1054,411,643,0,0,0
10784,metropolitana de santiago,13,santiago,131,providencia,13123,73,953,358,595,953,358,595,0,0,0
10785,metropolitana de santiago,13,santiago,131,providencia,13123,74,936,352,584,936,352,584,0,0,0
10786,metropolitana de santiago,13,santiago,131,providencia,13123,75,817,329,488,817,329,488,0,0,0
10787,metropolitana de santiago,13,santiago,131,providencia,13123,76,811,299,512,811,299,512,0,0,0
10788,metropolitana de santiago,13,santiago,131,providencia,13123,77,795,291,504,795,291,504,0,0,0
10789,metropolitana de santiago,13,santiago,131,providencia,13123,78,668,248,420,668,248,420,0,0,0
10790,metropolitana de santiago,13,santiago,131,providencia,13123,79,657,247,410,657,247,410,0,0,0
10791,metropolitana de santiago,13,santiago,131,providencia,13123,80,656,229,427,656,229,427,0,0,0
10792,metropolitana de santiago,13,santiago,131,providencia,13123,81,663,246,417,663,246,417,0,0,0
10793,metropolitana de santiago,13,santiago,131,providencia,13123,82,623,210,413,623,210,413,0,0,0
10794,metropolitana de santiago,13,santiago,131,providencia,13123,83,608,182,426,608,182,426,0,0,0
10795,metropolitana de santiago,13,santiago,131,providencia,13123,84,560,176,384,560,176,384,0,0,0
10796,metropolitana de santiago,13,santiago,131,providencia,13123,85,575,172,403,575,172,403,0,0,0
10797,metropolitana de santiago,13,santiago,131,providencia,13123,86,539,154,385,539,154,385,0,0,0
10798,metropolitana de santiago,13,santiago,131,providencia,13123,87,512,166,346,512,166,346,0,0,0
10799,metropolitana de santiago,13,santiago,131,providencia,13123,88,458,135,323,458,135,323,0,0,0
10800,metropolitana de santiago,13,santiago,131,providencia,13123,89,425,127,298,425,127,298,0,0,0
10801,metropolitana de santiago,13,santiago,131,providencia,13123,90,373,111,262,373,111,262,0,0,0
10802,metropolitana de santiago,13,santiago,131,providencia,13123,91,343,78,265,343,78,265,0,0,0
10803,metropolitana de santiago,13,santiago,131,providencia,13123,92,277,59,218,277,59,218,0,0,0
10804,metropolitana de santiago,13,santiago,131,providencia,13123,93,225,61,164,225,61,164,0,0,0
10805,metropolitana de santiago,13,santiago,131,providencia,13123,94,182,40,142,182,40,142,0,0,0
10806,metropolitana de santiago,13,santiago,131,providencia,13123,95,151,39,112,151,39,112,0,0,0
10807,metropolitana de santiago,13,santiago,131,providencia,13123,96,112,24,88,112,24,88,0,0,0
10808,metropolitana de santiago,13,santiago,131,providencia,13123,97,69,14,55,69,14,55,0,0,0
10809,metropolitana de santiago,13,santiago,131,providencia,13123,98,61,12,49,61,12,49,0,0,0
10810,metropolitana de santiago,13,santiago,131,providencia,13123,99,35,4,31,35,4,31,0,0,0
10811,metropolitana de santiago,13,santiago,131,providencia,13123,100 o más,101,20,81,101,20,81,0,0,0
10812,metropolitana de santiago,13,santiago,131,pudahuel,13124,total comuna,230293,112412,117881,226138,110257,115881,4155,2155,2000
10813,metropolitana de santiago,13,santiago,131,pudahuel,13124,0,2867,1497,1370,2807,1463,1344,60,34,26
10814,metropolitana de santiago,13,santiago,131,pudahuel,13124,1,3210,1603,1607,3150,1573,1577,60,30,30
10815,metropolitana de santiago,13,santiago,131,pudahuel,13124,2,3260,1662,1598,3178,1618,1560,82,44,38
10816,metropolitana de santiago,13,santiago,131,pudahuel,13124,3,3231,1644,1587,3155,1607,1548,76,37,39
10817,metropolitana de santiago,13,santiago,131,pudahuel,13124,4,3441,1744,1697,3382,1716,1666,59,28,31
10818,metropolitana de santiago,13,santiago,131,pudahuel,13124,5,3321,1721,1600,3265,1683,1582,56,38,18
10819,metropolitana de santiago,13,santiago,131,pudahuel,13124,6,3306,1724,1582,3239,1695,1544,67,29,38
10820,metropolitana de santiago,13,santiago,131,pudahuel,13124,7,3325,1675,1650,3264,1636,1628,61,39,22
10821,metropolitana de santiago,13,santiago,131,pudahuel,13124,8,3229,1670,1559,3153,1631,1522,76,39,37
10822,metropolitana de santiago,13,santiago,131,pudahuel,13124,9,3162,1610,1552,3091,1570,1521,71,40,31
10823,metropolitana de santiago,13,santiago,131,pudahuel,13124,10,3219,1641,1578,3161,1612,1549,58,29,29
10824,metropolitana de santiago,13,santiago,131,pudahuel,13124,11,2973,1549,1424,2916,1525,1391,57,24,33
10825,metropolitana de santiago,13,santiago,131,pudahuel,13124,12,3125,1609,1516,3057,1576,1481,68,33,35
10826,metropolitana de santiago,13,santiago,131,pudahuel,13124,13,3114,1593,1521,3052,1557,1495,62,36,26
10827,metropolitana de santiago,13,santiago,131,pudahuel,13124,14,3222,1647,1575,3165,1617,1548,57,30,27
10828,metropolitana de santiago,13,santiago,131,pudahuel,13124,15,3129,1644,1485,3066,1606,1460,63,38,25
10829,metropolitana de santiago,13,santiago,131,pudahuel,13124,16,3312,1722,1590,3255,1690,1565,57,32,25
10830,metropolitana de santiago,13,santiago,131,pudahuel,13124,17,3263,1713,1550,3223,1689,1534,40,24,16
10831,metropolitana de santiago,13,santiago,131,pudahuel,13124,18,3467,1750,1717,3406,1725,1681,61,25,36
10832,metropolitana de santiago,13,santiago,131,pudahuel,13124,19,3624,1781,1843,3560,1745,1815,64,36,28
10833,metropolitana de santiago,13,santiago,131,pudahuel,13124,20,3737,1939,1798,3666,1908,1758,71,31,40
10834,metropolitana de santiago,13,santiago,131,pudahuel,13124,21,3912,1941,1971,3838,1907,1931,74,34,40
10835,metropolitana de santiago,13,santiago,131,pudahuel,13124,22,4170,2124,2046,4094,2080,2014,76,44,32
10836,metropolitana de santiago,13,santiago,131,pudahuel,13124,23,4156,2076,2080,4083,2038,2045,73,38,35
10837,metropolitana de santiago,13,santiago,131,pudahuel,13124,24,3989,2106,1883,3923,2070,1853,66,36,30
10838,metropolitana de santiago,13,santiago,131,pudahuel,13124,25,4081,2011,2070,4014,1977,2037,67,34,33
10839,metropolitana de santiago,13,santiago,131,pudahuel,13124,26,4240,2175,2065,4165,2142,2023,75,33,42
10840,metropolitana de santiago,13,santiago,131,pudahuel,13124,27,4158,2096,2062,4079,2060,2019,79,36,43
10841,metropolitana de santiago,13,santiago,131,pudahuel,13124,28,3949,1990,1959,3901,1969,1932,48,21,27
10842,metropolitana de santiago,13,santiago,131,pudahuel,13124,29,3684,1891,1793,3615,1857,1758,69,34,35
10843,metropolitana de santiago,13,santiago,131,pudahuel,13124,30,3554,1769,1785,3480,1734,1746,74,35,39
10844,metropolitana de santiago,13,santiago,131,pudahuel,13124,31,3265,1629,1636,3205,1594,1611,60,35,25
10845,metropolitana de santiago,13,santiago,131,pudahuel,13124,32,3185,1594,1591,3122,1564,1558,63,30,33
10846,metropolitana de santiago,13,santiago,131,pudahuel,13124,33,3095,1499,1596,3044,1475,1569,51,24,27
10847,metropolitana de santiago,13,santiago,131,pudahuel,13124,34,3270,1592,1678,3205,1565,1640,65,27,38
10848,metropolitana de santiago,13,santiago,131,pudahuel,13124,35,3530,1709,1821,3471,1675,1796,59,34,25
10849,metropolitana de santiago,13,santiago,131,pudahuel,13124,36,3078,1519,1559,3012,1490,1522,66,29,37
10850,metropolitana de santiago,13,santiago,131,pudahuel,13124,37,3156,1565,1591,3105,1535,1570,51,30,21
10851,metropolitana de santiago,13,santiago,131,pudahuel,13124,38,3012,1457,1555,2955,1426,1529,57,31,26
10852,metropolitana de santiago,13,santiago,131,pudahuel,13124,39,2908,1385,1523,2851,1356,1495,57,29,28
10853,metropolitana de santiago,13,santiago,131,pudahuel,13124,40,3001,1488,1513,2950,1466,1484,51,22,29
10854,metropolitana de santiago,13,santiago,131,pudahuel,13124,41,3147,1531,1616,3084,1498,1586,63,33,30
10855,metropolitana de santiago,13,santiago,131,pudahuel,13124,42,3318,1653,1665,3271,1634,1637,47,19,28
10856,metropolitana de santiago,13,santiago,131,pudahuel,13124,43,3426,1704,1722,3364,1670,1694,62,34,28
10857,metropolitana de santiago,13,santiago,131,pudahuel,13124,44,3225,1551,1674,3160,1520,1640,65,31,34
10858,metropolitana de santiago,13,santiago,131,pudahuel,13124,45,3364,1620,1744,3297,1583,1714,67,37,30
10859,metropolitana de santiago,13,santiago,131,pudahuel,13124,46,3099,1448,1651,3041,1416,1625,58,32,26
10860,metropolitana de santiago,13,santiago,131,pudahuel,13124,47,2958,1412,1546,2912,1389,1523,46,23,23
10861,metropolitana de santiago,13,santiago,131,pudahuel,13124,48,3109,1458,1651,3058,1434,1624,51,24,27
10862,metropolitana de santiago,13,santiago,131,pudahuel,13124,49,3213,1536,1677,3159,1508,1651,54,28,26
10863,metropolitana de santiago,13,santiago,131,pudahuel,13124,50,3313,1508,1805,3265,1479,1786,48,29,19
10864,metropolitana de santiago,13,santiago,131,pudahuel,13124,51,3412,1591,1821,3353,1558,1795,59,33,26
10865,metropolitana de santiago,13,santiago,131,pudahuel,13124,52,3591,1704,1887,3531,1670,1861,60,34,26
10866,metropolitana de santiago,13,santiago,131,pudahuel,13124,53,3419,1592,1827,3368,1570,1798,51,22,29
10867,metropolitana de santiago,13,santiago,131,pudahuel,13124,54,3457,1665,1792,3402,1641,1761,55,24,31
10868,metropolitana de santiago,13,santiago,131,pudahuel,13124,55,3180,1504,1676,3123,1471,1652,57,33,24
10869,metropolitana de santiago,13,santiago,131,pudahuel,13124,56,3028,1435,1593,2979,1410,1569,49,25,24
10870,metropolitana de santiago,13,santiago,131,pudahuel,13124,57,2837,1303,1534,2798,1280,1518,39,23,16
10871,metropolitana de santiago,13,santiago,131,pudahuel,13124,58,2785,1357,1428,2737,1329,1408,48,28,20
10872,metropolitana de santiago,13,santiago,131,pudahuel,13124,59,2630,1234,1396,2576,1200,1376,54,34,20
10873,metropolitana de santiago,13,santiago,131,pudahuel,13124,60,2427,1112,1315,2381,1090,1291,46,22,24
10874,metropolitana de santiago,13,santiago,131,pudahuel,13124,61,2223,997,1226,2179,972,1207,44,25,19
10875,metropolitana de santiago,13,santiago,131,pudahuel,13124,62,2006,933,1073,1961,909,1052,45,24,21
10876,metropolitana de santiago,13,santiago,131,pudahuel,13124,63,1907,912,995,1874,895,979,33,17,16
10877,metropolitana de santiago,13,santiago,131,pudahuel,13124,64,1751,829,922,1723,813,910,28,16,12
10878,metropolitana de santiago,13,santiago,131,pudahuel,13124,65,1557,726,831,1530,707,823,27,19,8
10879,metropolitana de santiago,13,santiago,131,pudahuel,13124,66,1471,681,790,1449,675,774,22,6,16
10880,metropolitana de santiago,13,santiago,131,pudahuel,13124,67,1483,671,812,1456,654,802,27,17,10
10881,metropolitana de santiago,13,santiago,131,pudahuel,13124,68,1325,561,764,1306,552,754,19,9,10
10882,metropolitana de santiago,13,santiago,131,pudahuel,13124,69,1253,551,702,1226,536,690,27,15,12
10883,metropolitana de santiago,13,santiago,131,pudahuel,13124,70,1215,552,663,1198,540,658,17,12,5
10884,metropolitana de santiago,13,santiago,131,pudahuel,13124,71,1120,499,621,1102,490,612,18,9,9
10885,metropolitana de santiago,13,santiago,131,pudahuel,13124,72,1027,426,601,1012,417,595,15,9,6
10886,metropolitana de santiago,13,santiago,131,pudahuel,13124,73,947,370,577,931,363,568,16,7,9
10887,metropolitana de santiago,13,santiago,131,pudahuel,13124,74,890,375,515,865,358,507,25,17,8
10888,metropolitana de santiago,13,santiago,131,pudahuel,13124,75,854,355,499,842,349,493,12,6,6
10889,metropolitana de santiago,13,santiago,131,pudahuel,13124,76,799,348,451,792,344,448,7,4,3
10890,metropolitana de santiago,13,santiago,131,pudahuel,13124,77,682,268,414,674,264,410,8,4,4
10891,metropolitana de santiago,13,santiago,131,pudahuel,13124,78,613,244,369,606,237,369,7,7,0
10892,metropolitana de santiago,13,santiago,131,pudahuel,13124,79,529,210,319,526,208,318,3,2,1
10893,metropolitana de santiago,13,santiago,131,pudahuel,13124,80,469,188,281,461,181,280,8,7,1
10894,metropolitana de santiago,13,santiago,131,pudahuel,13124,81,497,166,331,488,163,325,9,3,6
10895,metropolitana de santiago,13,santiago,131,pudahuel,13124,82,397,143,254,389,137,252,8,6,2
10896,metropolitana de santiago,13,santiago,131,pudahuel,13124,83,339,122,217,330,117,213,9,5,4
10897,metropolitana de santiago,13,santiago,131,pudahuel,13124,84,353,113,240,349,112,237,4,1,3
10898,metropolitana de santiago,13,santiago,131,pudahuel,13124,85,299,100,199,293,99,194,6,1,5
10899,metropolitana de santiago,13,santiago,131,pudahuel,13124,86,311,85,226,304,83,221,7,2,5
10900,metropolitana de santiago,13,santiago,131,pudahuel,13124,87,230,65,165,228,64,164,2,1,1
10901,metropolitana de santiago,13,santiago,131,pudahuel,13124,88,171,49,122,167,47,120,4,2,2
10902,metropolitana de santiago,13,santiago,131,pudahuel,13124,89,166,45,121,163,45,118,3,0,3
10903,metropolitana de santiago,13,santiago,131,pudahuel,13124,90,118,38,80,114,38,76,4,0,4
10904,metropolitana de santiago,13,santiago,131,pudahuel,13124,91,104,22,82,102,20,82,2,2,0
10905,metropolitana de santiago,13,santiago,131,pudahuel,13124,92,76,20,56,76,20,56,0,0,0
10906,metropolitana de santiago,13,santiago,131,pudahuel,13124,93,55,11,44,55,11,44,0,0,0
10907,metropolitana de santiago,13,santiago,131,pudahuel,13124,94,45,21,24,45,21,24,0,0,0
10908,metropolitana de santiago,13,santiago,131,pudahuel,13124,95,33,9,24,31,9,22,2,0,2
10909,metropolitana de santiago,13,santiago,131,pudahuel,13124,96,35,5,30,35,5,30,0,0,0
10910,metropolitana de santiago,13,santiago,131,pudahuel,13124,97,14,3,11,14,3,11,0,0,0
10911,metropolitana de santiago,13,santiago,131,pudahuel,13124,98,12,2,10,12,2,10,0,0,0
10912,metropolitana de santiago,13,santiago,131,pudahuel,13124,99,7,2,5,7,2,5,0,0,0
10913,metropolitana de santiago,13,santiago,131,pudahuel,13124,100 o más,42,23,19,41,23,18,1,0,1
10914,metropolitana de santiago,13,santiago,131,quilicura,13125,total comuna,210410,103456,106954,209858,103126,106732,552,330,222
10915,metropolitana de santiago,13,santiago,131,quilicura,13125,0,2824,1472,1352,2814,1469,1345,10,3,7
10916,metropolitana de santiago,13,santiago,131,quilicura,13125,1,3037,1538,1499,3030,1533,1497,7,5,2
10917,metropolitana de santiago,13,santiago,131,quilicura,13125,2,2993,1508,1485,2984,1504,1480,9,4,5
10918,metropolitana de santiago,13,santiago,131,quilicura,13125,3,3134,1603,1531,3122,1594,1528,12,9,3
10919,metropolitana de santiago,13,santiago,131,quilicura,13125,4,3063,1575,1488,3057,1571,1486,6,4,2
10920,metropolitana de santiago,13,santiago,131,quilicura,13125,5,3117,1598,1519,3112,1597,1515,5,1,4
10921,metropolitana de santiago,13,santiago,131,quilicura,13125,6,3247,1673,1574,3238,1667,1571,9,6,3
10922,metropolitana de santiago,13,santiago,131,quilicura,13125,7,3424,1713,1711,3414,1707,1707,10,6,4
10923,metropolitana de santiago,13,santiago,131,quilicura,13125,8,3385,1724,1661,3373,1719,1654,12,5,7
10924,metropolitana de santiago,13,santiago,131,quilicura,13125,9,3299,1695,1604,3286,1688,1598,13,7,6
10925,metropolitana de santiago,13,santiago,131,quilicura,13125,10,3228,1607,1621,3222,1605,1617,6,2,4
10926,metropolitana de santiago,13,santiago,131,quilicura,13125,11,3219,1605,1614,3211,1601,1610,8,4,4
10927,metropolitana de santiago,13,santiago,131,quilicura,13125,12,3243,1676,1567,3232,1667,1565,11,9,2
10928,metropolitana de santiago,13,santiago,131,quilicura,13125,13,3280,1686,1594,3267,1678,1589,13,8,5
10929,metropolitana de santiago,13,santiago,131,quilicura,13125,14,3408,1770,1638,3402,1767,1635,6,3,3
10930,metropolitana de santiago,13,santiago,131,quilicura,13125,15,3550,1806,1744,3544,1803,1741,6,3,3
10931,metropolitana de santiago,13,santiago,131,quilicura,13125,16,3512,1803,1709,3506,1801,1705,6,2,4
10932,metropolitana de santiago,13,santiago,131,quilicura,13125,17,3477,1739,1738,3470,1736,1734,7,3,4
10933,metropolitana de santiago,13,santiago,131,quilicura,13125,18,3397,1684,1713,3391,1681,1710,6,3,3
10934,metropolitana de santiago,13,santiago,131,quilicura,13125,19,3558,1809,1749,3543,1802,1741,15,7,8
10935,metropolitana de santiago,13,santiago,131,quilicura,13125,20,3558,1802,1756,3548,1798,1750,10,4,6
10936,metropolitana de santiago,13,santiago,131,quilicura,13125,21,3703,1878,1825,3692,1872,1820,11,6,5
10937,metropolitana de santiago,13,santiago,131,quilicura,13125,22,3894,1961,1933,3879,1953,1926,15,8,7
10938,metropolitana de santiago,13,santiago,131,quilicura,13125,23,3702,1894,1808,3693,1889,1804,9,5,4
10939,metropolitana de santiago,13,santiago,131,quilicura,13125,24,3768,1871,1897,3761,1868,1893,7,3,4
10940,metropolitana de santiago,13,santiago,131,quilicura,13125,25,3762,1906,1856,3753,1902,1851,9,4,5
10941,metropolitana de santiago,13,santiago,131,quilicura,13125,26,3825,1955,1870,3819,1952,1867,6,3,3
10942,metropolitana de santiago,13,santiago,131,quilicura,13125,27,3703,1877,1826,3694,1870,1824,9,7,2
10943,metropolitana de santiago,13,santiago,131,quilicura,13125,28,3739,1919,1820,3730,1912,1818,9,7,2
10944,metropolitana de santiago,13,santiago,131,quilicura,13125,29,3477,1826,1651,3472,1824,1648,5,2,3
10945,metropolitana de santiago,13,santiago,131,quilicura,13125,30,3222,1648,1574,3213,1643,1570,9,5,4
10946,metropolitana de santiago,13,santiago,131,quilicura,13125,31,3205,1614,1591,3198,1609,1589,7,5,2
10947,metropolitana de santiago,13,santiago,131,quilicura,13125,32,3104,1563,1541,3098,1558,1540,6,5,1
10948,metropolitana de santiago,13,santiago,131,quilicura,13125,33,2952,1470,1482,2944,1465,1479,8,5,3
10949,metropolitana de santiago,13,santiago,131,quilicura,13125,34,3183,1591,1592,3176,1588,1588,7,3,4
10950,metropolitana de santiago,13,santiago,131,quilicura,13125,35,3278,1610,1668,3272,1608,1664,6,2,4
10951,metropolitana de santiago,13,santiago,131,quilicura,13125,36,2977,1509,1468,2968,1503,1465,9,6,3
10952,metropolitana de santiago,13,santiago,131,quilicura,13125,37,3043,1469,1574,3035,1465,1570,8,4,4
10953,metropolitana de santiago,13,santiago,131,quilicura,13125,38,3001,1390,1611,2997,1389,1608,4,1,3
10954,metropolitana de santiago,13,santiago,131,quilicura,13125,39,2973,1416,1557,2965,1410,1555,8,6,2
10955,metropolitana de santiago,13,santiago,131,quilicura,13125,40,2969,1401,1568,2961,1397,1564,8,4,4
10956,metropolitana de santiago,13,santiago,131,quilicura,13125,41,3217,1546,1671,3207,1541,1666,10,5,5
10957,metropolitana de santiago,13,santiago,131,quilicura,13125,42,3388,1596,1792,3380,1589,1791,8,7,1
10958,metropolitana de santiago,13,santiago,131,quilicura,13125,43,3519,1637,1882,3508,1631,1877,11,6,5
10959,metropolitana de santiago,13,santiago,131,quilicura,13125,44,3566,1726,1840,3556,1719,1837,10,7,3
10960,metropolitana de santiago,13,santiago,131,quilicura,13125,45,3525,1694,1831,3520,1689,1831,5,5,0
10961,metropolitana de santiago,13,santiago,131,quilicura,13125,46,3218,1586,1632,3208,1578,1630,10,8,2
10962,metropolitana de santiago,13,santiago,131,quilicura,13125,47,3074,1491,1583,3069,1487,1582,5,4,1
10963,metropolitana de santiago,13,santiago,131,quilicura,13125,48,3118,1476,1642,3112,1472,1640,6,4,2
10964,metropolitana de santiago,13,santiago,131,quilicura,13125,49,3025,1476,1549,3012,1469,1543,13,7,6
10965,metropolitana de santiago,13,santiago,131,quilicura,13125,50,2963,1421,1542,2954,1412,1542,9,9,0
10966,metropolitana de santiago,13,santiago,131,quilicura,13125,51,2934,1397,1537,2931,1396,1535,3,1,2
10967,metropolitana de santiago,13,santiago,131,quilicura,13125,52,2979,1423,1556,2973,1418,1555,6,5,1
10968,metropolitana de santiago,13,santiago,131,quilicura,13125,53,2714,1332,1382,2707,1328,1379,7,4,3
10969,metropolitana de santiago,13,santiago,131,quilicura,13125,54,2767,1276,1491,2756,1269,1487,11,7,4
10970,metropolitana de santiago,13,santiago,131,quilicura,13125,55,2510,1191,1319,2504,1188,1316,6,3,3
10971,metropolitana de santiago,13,santiago,131,quilicura,13125,56,2428,1151,1277,2422,1148,1274,6,3,3
10972,metropolitana de santiago,13,santiago,131,quilicura,13125,57,2150,1022,1128,2143,1017,1126,7,5,2
10973,metropolitana de santiago,13,santiago,131,quilicura,13125,58,2081,957,1124,2076,954,1122,5,3,2
10974,metropolitana de santiago,13,santiago,131,quilicura,13125,59,1834,925,909,1829,921,908,5,4,1
10975,metropolitana de santiago,13,santiago,131,quilicura,13125,60,1873,929,944,1868,927,941,5,2,3
10976,metropolitana de santiago,13,santiago,131,quilicura,13125,61,1591,741,850,1584,737,847,7,4,3
10977,metropolitana de santiago,13,santiago,131,quilicura,13125,62,1429,709,720,1418,699,719,11,10,1
10978,metropolitana de santiago,13,santiago,131,quilicura,13125,63,1387,636,751,1386,636,750,1,0,1
10979,metropolitana de santiago,13,santiago,131,quilicura,13125,64,1243,561,682,1242,560,682,1,1,0
10980,metropolitana de santiago,13,santiago,131,quilicura,13125,65,1135,511,624,1131,509,622,4,2,2
10981,metropolitana de santiago,13,santiago,131,quilicura,13125,66,984,453,531,978,449,529,6,4,2
10982,metropolitana de santiago,13,santiago,131,quilicura,13125,67,957,411,546,952,408,544,5,3,2
10983,metropolitana de santiago,13,santiago,131,quilicura,13125,68,826,343,483,823,341,482,3,2,1
10984,metropolitana de santiago,13,santiago,131,quilicura,13125,69,794,330,464,791,328,463,3,2,1
10985,metropolitana de santiago,13,santiago,131,quilicura,13125,70,683,312,371,681,311,370,2,1,1
10986,metropolitana de santiago,13,santiago,131,quilicura,13125,71,644,282,362,644,282,362,0,0,0
10987,metropolitana de santiago,13,santiago,131,quilicura,13125,72,631,289,342,629,287,342,2,2,0
10988,metropolitana de santiago,13,santiago,131,quilicura,13125,73,567,233,334,565,231,334,2,2,0
10989,metropolitana de santiago,13,santiago,131,quilicura,13125,74,481,192,289,479,191,288,2,1,1
10990,metropolitana de santiago,13,santiago,131,quilicura,13125,75,474,186,288,473,185,288,1,1,0
10991,metropolitana de santiago,13,santiago,131,quilicura,13125,76,408,163,245,408,163,245,0,0,0
10992,metropolitana de santiago,13,santiago,131,quilicura,13125,77,362,155,207,361,154,207,1,1,0
10993,metropolitana de santiago,13,santiago,131,quilicura,13125,78,292,100,192,292,100,192,0,0,0
10994,metropolitana de santiago,13,santiago,131,quilicura,13125,79,241,89,152,239,87,152,2,2,0
10995,metropolitana de santiago,13,santiago,131,quilicura,13125,80,265,92,173,265,92,173,0,0,0
10996,metropolitana de santiago,13,santiago,131,quilicura,13125,81,217,70,147,217,70,147,0,0,0
10997,metropolitana de santiago,13,santiago,131,quilicura,13125,82,211,82,129,210,81,129,1,1,0
10998,metropolitana de santiago,13,santiago,131,quilicura,13125,83,177,59,118,176,58,118,1,1,0
10999,metropolitana de santiago,13,santiago,131,quilicura,13125,84,172,51,121,172,51,121,0,0,0
11000,metropolitana de santiago,13,santiago,131,quilicura,13125,85,143,51,92,143,51,92,0,0,0
11001,metropolitana de santiago,13,santiago,131,quilicura,13125,86,141,46,95,141,46,95,0,0,0
11002,metropolitana de santiago,13,santiago,131,quilicura,13125,87,114,40,74,113,39,74,1,1,0
11003,metropolitana de santiago,13,santiago,131,quilicura,13125,88,104,34,70,104,34,70,0,0,0
11004,metropolitana de santiago,13,santiago,131,quilicura,13125,89,103,33,70,103,33,70,0,0,0
11005,metropolitana de santiago,13,santiago,131,quilicura,13125,90,62,13,49,61,12,49,1,1,0
11006,metropolitana de santiago,13,santiago,131,quilicura,13125,91,65,22,43,65,22,43,0,0,0
11007,metropolitana de santiago,13,santiago,131,quilicura,13125,92,38,9,29,38,9,29,0,0,0
11008,metropolitana de santiago,13,santiago,131,quilicura,13125,93,38,15,23,38,15,23,0,0,0
11009,metropolitana de santiago,13,santiago,131,quilicura,13125,94,21,4,17,21,4,17,0,0,0
11010,metropolitana de santiago,13,santiago,131,quilicura,13125,95,14,5,9,14,5,9,0,0,0
11011,metropolitana de santiago,13,santiago,131,quilicura,13125,96,13,3,10,13,3,10,0,0,0
11012,metropolitana de santiago,13,santiago,131,quilicura,13125,97,11,0,11,11,0,11,0,0,0
11013,metropolitana de santiago,13,santiago,131,quilicura,13125,98,6,2,4,6,2,4,0,0,0
11014,metropolitana de santiago,13,santiago,131,quilicura,13125,99,6,2,4,6,2,4,0,0,0
11015,metropolitana de santiago,13,santiago,131,quilicura,13125,100 o más,44,21,23,44,21,23,0,0,0
11016,metropolitana de santiago,13,santiago,131,quinta normal,13126,total comuna,110026,53669,56357,110026,53669,56357,0,0,0
11017,metropolitana de santiago,13,santiago,131,quinta normal,13126,0,1255,633,622,1255,633,622,0,0,0
11018,metropolitana de santiago,13,santiago,131,quinta normal,13126,1,1362,717,645,1362,717,645,0,0,0
11019,metropolitana de santiago,13,santiago,131,quinta normal,13126,2,1335,658,677,1335,658,677,0,0,0
11020,metropolitana de santiago,13,santiago,131,quinta normal,13126,3,1284,656,628,1284,656,628,0,0,0
11021,metropolitana de santiago,13,santiago,131,quinta normal,13126,4,1365,693,672,1365,693,672,0,0,0
11022,metropolitana de santiago,13,santiago,131,quinta normal,13126,5,1297,651,646,1297,651,646,0,0,0
11023,metropolitana de santiago,13,santiago,131,quinta normal,13126,6,1357,685,672,1357,685,672,0,0,0
11024,metropolitana de santiago,13,santiago,131,quinta normal,13126,7,1408,754,654,1408,754,654,0,0,0
11025,metropolitana de santiago,13,santiago,131,quinta normal,13126,8,1301,679,622,1301,679,622,0,0,0
11026,metropolitana de santiago,13,santiago,131,quinta normal,13126,9,1267,673,594,1267,673,594,0,0,0
11027,metropolitana de santiago,13,santiago,131,quinta normal,13126,10,1223,622,601,1223,622,601,0,0,0
11028,metropolitana de santiago,13,santiago,131,quinta normal,13126,11,1272,666,606,1272,666,606,0,0,0
11029,metropolitana de santiago,13,santiago,131,quinta normal,13126,12,1178,604,574,1178,604,574,0,0,0
11030,metropolitana de santiago,13,santiago,131,quinta normal,13126,13,1110,579,531,1110,579,531,0,0,0
11031,metropolitana de santiago,13,santiago,131,quinta normal,13126,14,1262,647,615,1262,647,615,0,0,0
11032,metropolitana de santiago,13,santiago,131,quinta normal,13126,15,1288,641,647,1288,641,647,0,0,0
11033,metropolitana de santiago,13,santiago,131,quinta normal,13126,16,1407,715,692,1407,715,692,0,0,0
11034,metropolitana de santiago,13,santiago,131,quinta normal,13126,17,1423,748,675,1423,748,675,0,0,0
11035,metropolitana de santiago,13,santiago,131,quinta normal,13126,18,1481,719,762,1481,719,762,0,0,0
11036,metropolitana de santiago,13,santiago,131,quinta normal,13126,19,1615,822,793,1615,822,793,0,0,0
11037,metropolitana de santiago,13,santiago,131,quinta normal,13126,20,1695,860,835,1695,860,835,0,0,0
11038,metropolitana de santiago,13,santiago,131,quinta normal,13126,21,1828,937,891,1828,937,891,0,0,0
11039,metropolitana de santiago,13,santiago,131,quinta normal,13126,22,1863,961,902,1863,961,902,0,0,0
11040,metropolitana de santiago,13,santiago,131,quinta normal,13126,23,1946,1018,928,1946,1018,928,0,0,0
11041,metropolitana de santiago,13,santiago,131,quinta normal,13126,24,1948,1021,927,1948,1021,927,0,0,0
11042,metropolitana de santiago,13,santiago,131,quinta normal,13126,25,2005,1051,954,2005,1051,954,0,0,0
11043,metropolitana de santiago,13,santiago,131,quinta normal,13126,26,2013,1020,993,2013,1020,993,0,0,0
11044,metropolitana de santiago,13,santiago,131,quinta normal,13126,27,2146,1100,1046,2146,1100,1046,0,0,0
11045,metropolitana de santiago,13,santiago,131,quinta normal,13126,28,2118,1092,1026,2118,1092,1026,0,0,0
11046,metropolitana de santiago,13,santiago,131,quinta normal,13126,29,1929,955,974,1929,955,974,0,0,0
11047,metropolitana de santiago,13,santiago,131,quinta normal,13126,30,1895,993,902,1895,993,902,0,0,0
11048,metropolitana de santiago,13,santiago,131,quinta normal,13126,31,1792,904,888,1792,904,888,0,0,0
11049,metropolitana de santiago,13,santiago,131,quinta normal,13126,32,1692,890,802,1692,890,802,0,0,0
11050,metropolitana de santiago,13,santiago,131,quinta normal,13126,33,1638,869,769,1638,869,769,0,0,0
11051,metropolitana de santiago,13,santiago,131,quinta normal,13126,34,1659,872,787,1659,872,787,0,0,0
11052,metropolitana de santiago,13,santiago,131,quinta normal,13126,35,1674,834,840,1674,834,840,0,0,0
11053,metropolitana de santiago,13,santiago,131,quinta normal,13126,36,1479,760,719,1479,760,719,0,0,0
11054,metropolitana de santiago,13,santiago,131,quinta normal,13126,37,1524,751,773,1524,751,773,0,0,0
11055,metropolitana de santiago,13,santiago,131,quinta normal,13126,38,1446,715,731,1446,715,731,0,0,0
11056,metropolitana de santiago,13,santiago,131,quinta normal,13126,39,1366,676,690,1366,676,690,0,0,0
11057,metropolitana de santiago,13,santiago,131,quinta normal,13126,40,1444,741,703,1444,741,703,0,0,0
11058,metropolitana de santiago,13,santiago,131,quinta normal,13126,41,1542,763,779,1542,763,779,0,0,0
11059,metropolitana de santiago,13,santiago,131,quinta normal,13126,42,1560,774,786,1560,774,786,0,0,0
11060,metropolitana de santiago,13,santiago,131,quinta normal,13126,43,1573,740,833,1573,740,833,0,0,0
11061,metropolitana de santiago,13,santiago,131,quinta normal,13126,44,1493,729,764,1493,729,764,0,0,0
11062,metropolitana de santiago,13,santiago,131,quinta normal,13126,45,1505,755,750,1505,755,750,0,0,0
11063,metropolitana de santiago,13,santiago,131,quinta normal,13126,46,1373,666,707,1373,666,707,0,0,0
11064,metropolitana de santiago,13,santiago,131,quinta normal,13126,47,1341,662,679,1341,662,679,0,0,0
11065,metropolitana de santiago,13,santiago,131,quinta normal,13126,48,1301,623,678,1301,623,678,0,0,0
11066,metropolitana de santiago,13,santiago,131,quinta normal,13126,49,1367,667,700,1367,667,700,0,0,0
11067,metropolitana de santiago,13,santiago,131,quinta normal,13126,50,1420,660,760,1420,660,760,0,0,0
11068,metropolitana de santiago,13,santiago,131,quinta normal,13126,51,1468,694,774,1468,694,774,0,0,0
11069,metropolitana de santiago,13,santiago,131,quinta normal,13126,52,1516,727,789,1516,727,789,0,0,0
11070,metropolitana de santiago,13,santiago,131,quinta normal,13126,53,1443,682,761,1443,682,761,0,0,0
11071,metropolitana de santiago,13,santiago,131,quinta normal,13126,54,1557,730,827,1557,730,827,0,0,0
11072,metropolitana de santiago,13,santiago,131,quinta normal,13126,55,1400,663,737,1400,663,737,0,0,0
11073,metropolitana de santiago,13,santiago,131,quinta normal,13126,56,1374,667,707,1374,667,707,0,0,0
11074,metropolitana de santiago,13,santiago,131,quinta normal,13126,57,1308,589,719,1308,589,719,0,0,0
11075,metropolitana de santiago,13,santiago,131,quinta normal,13126,58,1223,579,644,1223,579,644,0,0,0
11076,metropolitana de santiago,13,santiago,131,quinta normal,13126,59,1198,537,661,1198,537,661,0,0,0
11077,metropolitana de santiago,13,santiago,131,quinta normal,13126,60,1176,553,623,1176,553,623,0,0,0
11078,metropolitana de santiago,13,santiago,131,quinta normal,13126,61,1083,495,588,1083,495,588,0,0,0
11079,metropolitana de santiago,13,santiago,131,quinta normal,13126,62,990,447,543,990,447,543,0,0,0
11080,metropolitana de santiago,13,santiago,131,quinta normal,13126,63,1015,458,557,1015,458,557,0,0,0
11081,metropolitana de santiago,13,santiago,131,quinta normal,13126,64,932,441,491,932,441,491,0,0,0
11082,metropolitana de santiago,13,santiago,131,quinta normal,13126,65,939,437,502,939,437,502,0,0,0
11083,metropolitana de santiago,13,santiago,131,quinta normal,13126,66,913,426,487,913,426,487,0,0,0
11084,metropolitana de santiago,13,santiago,131,quinta normal,13126,67,831,385,446,831,385,446,0,0,0
11085,metropolitana de santiago,13,santiago,131,quinta normal,13126,68,869,366,503,869,366,503,0,0,0
11086,metropolitana de santiago,13,santiago,131,quinta normal,13126,69,792,356,436,792,356,436,0,0,0
11087,metropolitana de santiago,13,santiago,131,quinta normal,13126,70,807,335,472,807,335,472,0,0,0
11088,metropolitana de santiago,13,santiago,131,quinta normal,13126,71,717,331,386,717,331,386,0,0,0
11089,metropolitana de santiago,13,santiago,131,quinta normal,13126,72,688,317,371,688,317,371,0,0,0
11090,metropolitana de santiago,13,santiago,131,quinta normal,13126,73,676,300,376,676,300,376,0,0,0
11091,metropolitana de santiago,13,santiago,131,quinta normal,13126,74,611,280,331,611,280,331,0,0,0
11092,metropolitana de santiago,13,santiago,131,quinta normal,13126,75,619,250,369,619,250,369,0,0,0
11093,metropolitana de santiago,13,santiago,131,quinta normal,13126,76,581,231,350,581,231,350,0,0,0
11094,metropolitana de santiago,13,santiago,131,quinta normal,13126,77,552,210,342,552,210,342,0,0,0
11095,metropolitana de santiago,13,santiago,131,quinta normal,13126,78,437,169,268,437,169,268,0,0,0
11096,metropolitana de santiago,13,santiago,131,quinta normal,13126,79,442,178,264,442,178,264,0,0,0
11097,metropolitana de santiago,13,santiago,131,quinta normal,13126,80,405,147,258,405,147,258,0,0,0
11098,metropolitana de santiago,13,santiago,131,quinta normal,13126,81,409,128,281,409,128,281,0,0,0
11099,metropolitana de santiago,13,santiago,131,quinta normal,13126,82,349,128,221,349,128,221,0,0,0
11100,metropolitana de santiago,13,santiago,131,quinta normal,13126,83,344,135,209,344,135,209,0,0,0
11101,metropolitana de santiago,13,santiago,131,quinta normal,13126,84,338,108,230,338,108,230,0,0,0
11102,metropolitana de santiago,13,santiago,131,quinta normal,13126,85,317,99,218,317,99,218,0,0,0
11103,metropolitana de santiago,13,santiago,131,quinta normal,13126,86,302,98,204,302,98,204,0,0,0
11104,metropolitana de santiago,13,santiago,131,quinta normal,13126,87,281,89,192,281,89,192,0,0,0
11105,metropolitana de santiago,13,santiago,131,quinta normal,13126,88,214,65,149,214,65,149,0,0,0
11106,metropolitana de santiago,13,santiago,131,quinta normal,13126,89,194,45,149,194,45,149,0,0,0
11107,metropolitana de santiago,13,santiago,131,quinta normal,13126,90,151,46,105,151,46,105,0,0,0
11108,metropolitana de santiago,13,santiago,131,quinta normal,13126,91,99,22,77,99,22,77,0,0,0
11109,metropolitana de santiago,13,santiago,131,quinta normal,13126,92,96,22,74,96,22,74,0,0,0
11110,metropolitana de santiago,13,santiago,131,quinta normal,13126,93,81,26,55,81,26,55,0,0,0
11111,metropolitana de santiago,13,santiago,131,quinta normal,13126,94,46,10,36,46,10,36,0,0,0
11112,metropolitana de santiago,13,santiago,131,quinta normal,13126,95,49,14,35,49,14,35,0,0,0
11113,metropolitana de santiago,13,santiago,131,quinta normal,13126,96,36,11,25,36,11,25,0,0,0
11114,metropolitana de santiago,13,santiago,131,quinta normal,13126,97,26,6,20,26,6,20,0,0,0
11115,metropolitana de santiago,13,santiago,131,quinta normal,13126,98,12,3,9,12,3,9,0,0,0
11116,metropolitana de santiago,13,santiago,131,quinta normal,13126,99,6,0,6,6,0,6,0,0,0
11117,metropolitana de santiago,13,santiago,131,quinta normal,13126,100 o más,49,13,36,49,13,36,0,0,0
11118,metropolitana de santiago,13,santiago,131,recoleta,13127,total comuna,157851,77709,80142,157851,77709,80142,0,0,0
11119,metropolitana de santiago,13,santiago,131,recoleta,13127,0,1905,956,949,1905,956,949,0,0,0
11120,metropolitana de santiago,13,santiago,131,recoleta,13127,1,1981,1015,966,1981,1015,966,0,0,0
11121,metropolitana de santiago,13,santiago,131,recoleta,13127,2,2018,1003,1015,2018,1003,1015,0,0,0
11122,metropolitana de santiago,13,santiago,131,recoleta,13127,3,1968,1019,949,1968,1019,949,0,0,0
11123,metropolitana de santiago,13,santiago,131,recoleta,13127,4,1908,950,958,1908,950,958,0,0,0
11124,metropolitana de santiago,13,santiago,131,recoleta,13127,5,1942,979,963,1942,979,963,0,0,0
11125,metropolitana de santiago,13,santiago,131,recoleta,13127,6,2013,1043,970,2013,1043,970,0,0,0
11126,metropolitana de santiago,13,santiago,131,recoleta,13127,7,1912,964,948,1912,964,948,0,0,0
11127,metropolitana de santiago,13,santiago,131,recoleta,13127,8,1998,1015,983,1998,1015,983,0,0,0
11128,metropolitana de santiago,13,santiago,131,recoleta,13127,9,1879,942,937,1879,942,937,0,0,0
11129,metropolitana de santiago,13,santiago,131,recoleta,13127,10,1843,910,933,1843,910,933,0,0,0
11130,metropolitana de santiago,13,santiago,131,recoleta,13127,11,1760,937,823,1760,937,823,0,0,0
11131,metropolitana de santiago,13,santiago,131,recoleta,13127,12,1813,919,894,1813,919,894,0,0,0
11132,metropolitana de santiago,13,santiago,131,recoleta,13127,13,1770,905,865,1770,905,865,0,0,0
11133,metropolitana de santiago,13,santiago,131,recoleta,13127,14,1742,922,820,1742,922,820,0,0,0
11134,metropolitana de santiago,13,santiago,131,recoleta,13127,15,1919,974,945,1919,974,945,0,0,0
11135,metropolitana de santiago,13,santiago,131,recoleta,13127,16,1957,1017,940,1957,1017,940,0,0,0
11136,metropolitana de santiago,13,santiago,131,recoleta,13127,17,1938,979,959,1938,979,959,0,0,0
11137,metropolitana de santiago,13,santiago,131,recoleta,13127,18,2188,1072,1116,2188,1072,1116,0,0,0
11138,metropolitana de santiago,13,santiago,131,recoleta,13127,19,2350,1213,1137,2350,1213,1137,0,0,0
11139,metropolitana de santiago,13,santiago,131,recoleta,13127,20,2449,1284,1165,2449,1284,1165,0,0,0
11140,metropolitana de santiago,13,santiago,131,recoleta,13127,21,2551,1336,1215,2551,1336,1215,0,0,0
11141,metropolitana de santiago,13,santiago,131,recoleta,13127,22,2820,1450,1370,2820,1450,1370,0,0,0
11142,metropolitana de santiago,13,santiago,131,recoleta,13127,23,2806,1480,1326,2806,1480,1326,0,0,0
11143,metropolitana de santiago,13,santiago,131,recoleta,13127,24,2846,1492,1354,2846,1492,1354,0,0,0
11144,metropolitana de santiago,13,santiago,131,recoleta,13127,25,2884,1464,1420,2884,1464,1420,0,0,0
11145,metropolitana de santiago,13,santiago,131,recoleta,13127,26,2885,1490,1395,2885,1490,1395,0,0,0
11146,metropolitana de santiago,13,santiago,131,recoleta,13127,27,2859,1488,1371,2859,1488,1371,0,0,0
11147,metropolitana de santiago,13,santiago,131,recoleta,13127,28,2927,1571,1356,2927,1571,1356,0,0,0
11148,metropolitana de santiago,13,santiago,131,recoleta,13127,29,2767,1415,1352,2767,1415,1352,0,0,0
11149,metropolitana de santiago,13,santiago,131,recoleta,13127,30,2607,1370,1237,2607,1370,1237,0,0,0
11150,metropolitana de santiago,13,santiago,131,recoleta,13127,31,2552,1342,1210,2552,1342,1210,0,0,0
11151,metropolitana de santiago,13,santiago,131,recoleta,13127,32,2459,1307,1152,2459,1307,1152,0,0,0
11152,metropolitana de santiago,13,santiago,131,recoleta,13127,33,2318,1197,1121,2318,1197,1121,0,0,0
11153,metropolitana de santiago,13,santiago,131,recoleta,13127,34,2458,1243,1215,2458,1243,1215,0,0,0
11154,metropolitana de santiago,13,santiago,131,recoleta,13127,35,2581,1360,1221,2581,1360,1221,0,0,0
11155,metropolitana de santiago,13,santiago,131,recoleta,13127,36,2304,1200,1104,2304,1200,1104,0,0,0
11156,metropolitana de santiago,13,santiago,131,recoleta,13127,37,2277,1168,1109,2277,1168,1109,0,0,0
11157,metropolitana de santiago,13,santiago,131,recoleta,13127,38,2169,1122,1047,2169,1122,1047,0,0,0
11158,metropolitana de santiago,13,santiago,131,recoleta,13127,39,2062,1014,1048,2062,1014,1048,0,0,0
11159,metropolitana de santiago,13,santiago,131,recoleta,13127,40,2160,1077,1083,2160,1077,1083,0,0,0
11160,metropolitana de santiago,13,santiago,131,recoleta,13127,41,2120,1101,1019,2120,1101,1019,0,0,0
11161,metropolitana de santiago,13,santiago,131,recoleta,13127,42,2279,1171,1108,2279,1171,1108,0,0,0
11162,metropolitana de santiago,13,santiago,131,recoleta,13127,43,2228,1114,1114,2228,1114,1114,0,0,0
11163,metropolitana de santiago,13,santiago,131,recoleta,13127,44,2200,1078,1122,2200,1078,1122,0,0,0
11164,metropolitana de santiago,13,santiago,131,recoleta,13127,45,2107,1034,1073,2107,1034,1073,0,0,0
11165,metropolitana de santiago,13,santiago,131,recoleta,13127,46,1969,939,1030,1969,939,1030,0,0,0
11166,metropolitana de santiago,13,santiago,131,recoleta,13127,47,1950,945,1005,1950,945,1005,0,0,0
11167,metropolitana de santiago,13,santiago,131,recoleta,13127,48,2040,1046,994,2040,1046,994,0,0,0
11168,metropolitana de santiago,13,santiago,131,recoleta,13127,49,2046,1048,998,2046,1048,998,0,0,0
11169,metropolitana de santiago,13,santiago,131,recoleta,13127,50,1943,979,964,1943,979,964,0,0,0
11170,metropolitana de santiago,13,santiago,131,recoleta,13127,51,1993,991,1002,1993,991,1002,0,0,0
11171,metropolitana de santiago,13,santiago,131,recoleta,13127,52,2108,1005,1103,2108,1005,1103,0,0,0
11172,metropolitana de santiago,13,santiago,131,recoleta,13127,53,2028,976,1052,2028,976,1052,0,0,0
11173,metropolitana de santiago,13,santiago,131,recoleta,13127,54,1954,913,1041,1954,913,1041,0,0,0
11174,metropolitana de santiago,13,santiago,131,recoleta,13127,55,1901,884,1017,1901,884,1017,0,0,0
11175,metropolitana de santiago,13,santiago,131,recoleta,13127,56,1864,886,978,1864,886,978,0,0,0
11176,metropolitana de santiago,13,santiago,131,recoleta,13127,57,1735,788,947,1735,788,947,0,0,0
11177,metropolitana de santiago,13,santiago,131,recoleta,13127,58,1736,843,893,1736,843,893,0,0,0
11178,metropolitana de santiago,13,santiago,131,recoleta,13127,59,1708,810,898,1708,810,898,0,0,0
11179,metropolitana de santiago,13,santiago,131,recoleta,13127,60,1714,795,919,1714,795,919,0,0,0
11180,metropolitana de santiago,13,santiago,131,recoleta,13127,61,1526,711,815,1526,711,815,0,0,0
11181,metropolitana de santiago,13,santiago,131,recoleta,13127,62,1420,658,762,1420,658,762,0,0,0
11182,metropolitana de santiago,13,santiago,131,recoleta,13127,63,1505,708,797,1505,708,797,0,0,0
11183,metropolitana de santiago,13,santiago,131,recoleta,13127,64,1417,679,738,1417,679,738,0,0,0
11184,metropolitana de santiago,13,santiago,131,recoleta,13127,65,1370,587,783,1370,587,783,0,0,0
11185,metropolitana de santiago,13,santiago,131,recoleta,13127,66,1274,574,700,1274,574,700,0,0,0
11186,metropolitana de santiago,13,santiago,131,recoleta,13127,67,1286,597,689,1286,597,689,0,0,0
11187,metropolitana de santiago,13,santiago,131,recoleta,13127,68,1235,542,693,1235,542,693,0,0,0
11188,metropolitana de santiago,13,santiago,131,recoleta,13127,69,1124,505,619,1124,505,619,0,0,0
11189,metropolitana de santiago,13,santiago,131,recoleta,13127,70,1163,520,643,1163,520,643,0,0,0
11190,metropolitana de santiago,13,santiago,131,recoleta,13127,71,1102,493,609,1102,493,609,0,0,0
11191,metropolitana de santiago,13,santiago,131,recoleta,13127,72,985,445,540,985,445,540,0,0,0
11192,metropolitana de santiago,13,santiago,131,recoleta,13127,73,989,427,562,989,427,562,0,0,0
11193,metropolitana de santiago,13,santiago,131,recoleta,13127,74,902,372,530,902,372,530,0,0,0
11194,metropolitana de santiago,13,santiago,131,recoleta,13127,75,877,369,508,877,369,508,0,0,0
11195,metropolitana de santiago,13,santiago,131,recoleta,13127,76,815,321,494,815,321,494,0,0,0
11196,metropolitana de santiago,13,santiago,131,recoleta,13127,77,755,295,460,755,295,460,0,0,0
11197,metropolitana de santiago,13,santiago,131,recoleta,13127,78,664,268,396,664,268,396,0,0,0
11198,metropolitana de santiago,13,santiago,131,recoleta,13127,79,611,219,392,611,219,392,0,0,0
11199,metropolitana de santiago,13,santiago,131,recoleta,13127,80,553,204,349,553,204,349,0,0,0
11200,metropolitana de santiago,13,santiago,131,recoleta,13127,81,464,181,283,464,181,283,0,0,0
11201,metropolitana de santiago,13,santiago,131,recoleta,13127,82,439,145,294,439,145,294,0,0,0
11202,metropolitana de santiago,13,santiago,131,recoleta,13127,83,405,130,275,405,130,275,0,0,0
11203,metropolitana de santiago,13,santiago,131,recoleta,13127,84,458,159,299,458,159,299,0,0,0
11204,metropolitana de santiago,13,santiago,131,recoleta,13127,85,369,101,268,369,101,268,0,0,0
11205,metropolitana de santiago,13,santiago,131,recoleta,13127,86,363,117,246,363,117,246,0,0,0
11206,metropolitana de santiago,13,santiago,131,recoleta,13127,87,316,93,223,316,93,223,0,0,0
11207,metropolitana de santiago,13,santiago,131,recoleta,13127,88,281,84,197,281,84,197,0,0,0
11208,metropolitana de santiago,13,santiago,131,recoleta,13127,89,248,62,186,248,62,186,0,0,0
11209,metropolitana de santiago,13,santiago,131,recoleta,13127,90,174,39,135,174,39,135,0,0,0
11210,metropolitana de santiago,13,santiago,131,recoleta,13127,91,113,23,90,113,23,90,0,0,0
11211,metropolitana de santiago,13,santiago,131,recoleta,13127,92,127,40,87,127,40,87,0,0,0
11212,metropolitana de santiago,13,santiago,131,recoleta,13127,93,80,25,55,80,25,55,0,0,0
11213,metropolitana de santiago,13,santiago,131,recoleta,13127,94,68,18,50,68,18,50,0,0,0
11214,metropolitana de santiago,13,santiago,131,recoleta,13127,95,41,9,32,41,9,32,0,0,0
11215,metropolitana de santiago,13,santiago,131,recoleta,13127,96,53,9,44,53,9,44,0,0,0
11216,metropolitana de santiago,13,santiago,131,recoleta,13127,97,25,3,22,25,3,22,0,0,0
11217,metropolitana de santiago,13,santiago,131,recoleta,13127,98,19,7,12,19,7,12,0,0,0
11218,metropolitana de santiago,13,santiago,131,recoleta,13127,99,18,7,11,18,7,11,0,0,0
11219,metropolitana de santiago,13,santiago,131,recoleta,13127,100 o más,49,13,36,49,13,36,0,0,0
11220,metropolitana de santiago,13,santiago,131,renca,13128,total comuna,147151,72681,74470,147151,72681,74470,0,0,0
11221,metropolitana de santiago,13,santiago,131,renca,13128,0,1989,1031,958,1989,1031,958,0,0,0
11222,metropolitana de santiago,13,santiago,131,renca,13128,1,2203,1161,1042,2203,1161,1042,0,0,0
11223,metropolitana de santiago,13,santiago,131,renca,13128,2,2260,1156,1104,2260,1156,1104,0,0,0
11224,metropolitana de santiago,13,santiago,131,renca,13128,3,2164,1099,1065,2164,1099,1065,0,0,0
11225,metropolitana de santiago,13,santiago,131,renca,13128,4,2221,1099,1122,2221,1099,1122,0,0,0
11226,metropolitana de santiago,13,santiago,131,renca,13128,5,2276,1151,1125,2276,1151,1125,0,0,0
11227,metropolitana de santiago,13,santiago,131,renca,13128,6,2259,1206,1053,2259,1206,1053,0,0,0
11228,metropolitana de santiago,13,santiago,131,renca,13128,7,2257,1183,1074,2257,1183,1074,0,0,0
11229,metropolitana de santiago,13,santiago,131,renca,13128,8,2255,1161,1094,2255,1161,1094,0,0,0
11230,metropolitana de santiago,13,santiago,131,renca,13128,9,2156,1127,1029,2156,1127,1029,0,0,0
11231,metropolitana de santiago,13,santiago,131,renca,13128,10,2152,1120,1032,2152,1120,1032,0,0,0
11232,metropolitana de santiago,13,santiago,131,renca,13128,11,1999,1037,962,1999,1037,962,0,0,0
11233,metropolitana de santiago,13,santiago,131,renca,13128,12,1975,1048,927,1975,1048,927,0,0,0
11234,metropolitana de santiago,13,santiago,131,renca,13128,13,1907,947,960,1907,947,960,0,0,0
11235,metropolitana de santiago,13,santiago,131,renca,13128,14,2123,1042,1081,2123,1042,1081,0,0,0
11236,metropolitana de santiago,13,santiago,131,renca,13128,15,2203,1133,1070,2203,1133,1070,0,0,0
11237,metropolitana de santiago,13,santiago,131,renca,13128,16,2214,1095,1119,2214,1095,1119,0,0,0
11238,metropolitana de santiago,13,santiago,131,renca,13128,17,2222,1145,1077,2222,1145,1077,0,0,0
11239,metropolitana de santiago,13,santiago,131,renca,13128,18,2228,1126,1102,2228,1126,1102,0,0,0
11240,metropolitana de santiago,13,santiago,131,renca,13128,19,2261,1173,1088,2261,1173,1088,0,0,0
11241,metropolitana de santiago,13,santiago,131,renca,13128,20,2315,1184,1131,2315,1184,1131,0,0,0
11242,metropolitana de santiago,13,santiago,131,renca,13128,21,2504,1313,1191,2504,1313,1191,0,0,0
11243,metropolitana de santiago,13,santiago,131,renca,13128,22,2504,1252,1252,2504,1252,1252,0,0,0
11244,metropolitana de santiago,13,santiago,131,renca,13128,23,2507,1278,1229,2507,1278,1229,0,0,0
11245,metropolitana de santiago,13,santiago,131,renca,13128,24,2443,1233,1210,2443,1233,1210,0,0,0
11246,metropolitana de santiago,13,santiago,131,renca,13128,25,2374,1255,1119,2374,1255,1119,0,0,0
11247,metropolitana de santiago,13,santiago,131,renca,13128,26,2510,1312,1198,2510,1312,1198,0,0,0
11248,metropolitana de santiago,13,santiago,131,renca,13128,27,2478,1280,1198,2478,1280,1198,0,0,0
11249,metropolitana de santiago,13,santiago,131,renca,13128,28,2394,1200,1194,2394,1200,1194,0,0,0
11250,metropolitana de santiago,13,santiago,131,renca,13128,29,2348,1180,1168,2348,1180,1168,0,0,0
11251,metropolitana de santiago,13,santiago,131,renca,13128,30,2164,1131,1033,2164,1131,1033,0,0,0
11252,metropolitana de santiago,13,santiago,131,renca,13128,31,2073,1030,1043,2073,1030,1043,0,0,0
11253,metropolitana de santiago,13,santiago,131,renca,13128,32,2083,1036,1047,2083,1036,1047,0,0,0
11254,metropolitana de santiago,13,santiago,131,renca,13128,33,2024,1028,996,2024,1028,996,0,0,0
11255,metropolitana de santiago,13,santiago,131,renca,13128,34,2193,1103,1090,2193,1103,1090,0,0,0
11256,metropolitana de santiago,13,santiago,131,renca,13128,35,2226,1120,1106,2226,1120,1106,0,0,0
11257,metropolitana de santiago,13,santiago,131,renca,13128,36,2190,1069,1121,2190,1069,1121,0,0,0
11258,metropolitana de santiago,13,santiago,131,renca,13128,37,2123,1072,1051,2123,1072,1051,0,0,0
11259,metropolitana de santiago,13,santiago,131,renca,13128,38,1962,1001,961,1962,1001,961,0,0,0
11260,metropolitana de santiago,13,santiago,131,renca,13128,39,1947,930,1017,1947,930,1017,0,0,0
11261,metropolitana de santiago,13,santiago,131,renca,13128,40,2000,997,1003,2000,997,1003,0,0,0
11262,metropolitana de santiago,13,santiago,131,renca,13128,41,2046,1032,1014,2046,1032,1014,0,0,0
11263,metropolitana de santiago,13,santiago,131,renca,13128,42,2104,1045,1059,2104,1045,1059,0,0,0
11264,metropolitana de santiago,13,santiago,131,renca,13128,43,2183,1093,1090,2183,1093,1090,0,0,0
11265,metropolitana de santiago,13,santiago,131,renca,13128,44,2190,1095,1095,2190,1095,1095,0,0,0
11266,metropolitana de santiago,13,santiago,131,renca,13128,45,2042,1016,1026,2042,1016,1026,0,0,0
11267,metropolitana de santiago,13,santiago,131,renca,13128,46,1967,953,1014,1967,953,1014,0,0,0
11268,metropolitana de santiago,13,santiago,131,renca,13128,47,1800,908,892,1800,908,892,0,0,0
11269,metropolitana de santiago,13,santiago,131,renca,13128,48,1820,879,941,1820,879,941,0,0,0
11270,metropolitana de santiago,13,santiago,131,renca,13128,49,1787,945,842,1787,945,842,0,0,0
11271,metropolitana de santiago,13,santiago,131,renca,13128,50,1838,846,992,1838,846,992,0,0,0
11272,metropolitana de santiago,13,santiago,131,renca,13128,51,1730,855,875,1730,855,875,0,0,0
11273,metropolitana de santiago,13,santiago,131,renca,13128,52,1893,932,961,1893,932,961,0,0,0
11274,metropolitana de santiago,13,santiago,131,renca,13128,53,1729,818,911,1729,818,911,0,0,0
11275,metropolitana de santiago,13,santiago,131,renca,13128,54,1883,942,941,1883,942,941,0,0,0
11276,metropolitana de santiago,13,santiago,131,renca,13128,55,1688,817,871,1688,817,871,0,0,0
11277,metropolitana de santiago,13,santiago,131,renca,13128,56,1651,781,870,1651,781,870,0,0,0
11278,metropolitana de santiago,13,santiago,131,renca,13128,57,1591,727,864,1591,727,864,0,0,0
11279,metropolitana de santiago,13,santiago,131,renca,13128,58,1613,721,892,1613,721,892,0,0,0
11280,metropolitana de santiago,13,santiago,131,renca,13128,59,1461,706,755,1461,706,755,0,0,0
11281,metropolitana de santiago,13,santiago,131,renca,13128,60,1479,696,783,1479,696,783,0,0,0
11282,metropolitana de santiago,13,santiago,131,renca,13128,61,1351,599,752,1351,599,752,0,0,0
11283,metropolitana de santiago,13,santiago,131,renca,13128,62,1308,586,722,1308,586,722,0,0,0
11284,metropolitana de santiago,13,santiago,131,renca,13128,63,1288,606,682,1288,606,682,0,0,0
11285,metropolitana de santiago,13,santiago,131,renca,13128,64,1287,603,684,1287,603,684,0,0,0
11286,metropolitana de santiago,13,santiago,131,renca,13128,65,1183,538,645,1183,538,645,0,0,0
11287,metropolitana de santiago,13,santiago,131,renca,13128,66,1078,471,607,1078,471,607,0,0,0
11288,metropolitana de santiago,13,santiago,131,renca,13128,67,1022,472,550,1022,472,550,0,0,0
11289,metropolitana de santiago,13,santiago,131,renca,13128,68,984,448,536,984,448,536,0,0,0
11290,metropolitana de santiago,13,santiago,131,renca,13128,69,997,449,548,997,449,548,0,0,0
11291,metropolitana de santiago,13,santiago,131,renca,13128,70,896,408,488,896,408,488,0,0,0
11292,metropolitana de santiago,13,santiago,131,renca,13128,71,904,413,491,904,413,491,0,0,0
11293,metropolitana de santiago,13,santiago,131,renca,13128,72,800,375,425,800,375,425,0,0,0
11294,metropolitana de santiago,13,santiago,131,renca,13128,73,747,312,435,747,312,435,0,0,0
11295,metropolitana de santiago,13,santiago,131,renca,13128,74,718,314,404,718,314,404,0,0,0
11296,metropolitana de santiago,13,santiago,131,renca,13128,75,627,241,386,627,241,386,0,0,0
11297,metropolitana de santiago,13,santiago,131,renca,13128,76,578,231,347,578,231,347,0,0,0
11298,metropolitana de santiago,13,santiago,131,renca,13128,77,511,225,286,511,225,286,0,0,0
11299,metropolitana de santiago,13,santiago,131,renca,13128,78,455,182,273,455,182,273,0,0,0
11300,metropolitana de santiago,13,santiago,131,renca,13128,79,376,157,219,376,157,219,0,0,0
11301,metropolitana de santiago,13,santiago,131,renca,13128,80,376,167,209,376,167,209,0,0,0
11302,metropolitana de santiago,13,santiago,131,renca,13128,81,309,102,207,309,102,207,0,0,0
11303,metropolitana de santiago,13,santiago,131,renca,13128,82,276,111,165,276,111,165,0,0,0
11304,metropolitana de santiago,13,santiago,131,renca,13128,83,264,103,161,264,103,161,0,0,0
11305,metropolitana de santiago,13,santiago,131,renca,13128,84,265,87,178,265,87,178,0,0,0
11306,metropolitana de santiago,13,santiago,131,renca,13128,85,225,87,138,225,87,138,0,0,0
11307,metropolitana de santiago,13,santiago,131,renca,13128,86,231,60,171,231,60,171,0,0,0
11308,metropolitana de santiago,13,santiago,131,renca,13128,87,192,69,123,192,69,123,0,0,0
11309,metropolitana de santiago,13,santiago,131,renca,13128,88,148,53,95,148,53,95,0,0,0
11310,metropolitana de santiago,13,santiago,131,renca,13128,89,123,34,89,123,34,89,0,0,0
11311,metropolitana de santiago,13,santiago,131,renca,13128,90,98,39,59,98,39,59,0,0,0
11312,metropolitana de santiago,13,santiago,131,renca,13128,91,79,14,65,79,14,65,0,0,0
11313,metropolitana de santiago,13,santiago,131,renca,13128,92,56,12,44,56,12,44,0,0,0
11314,metropolitana de santiago,13,santiago,131,renca,13128,93,56,14,42,56,14,42,0,0,0
11315,metropolitana de santiago,13,santiago,131,renca,13128,94,47,16,31,47,16,31,0,0,0
11316,metropolitana de santiago,13,santiago,131,renca,13128,95,16,3,13,16,3,13,0,0,0
11317,metropolitana de santiago,13,santiago,131,renca,13128,96,21,4,17,21,4,17,0,0,0
11318,metropolitana de santiago,13,santiago,131,renca,13128,97,16,4,12,16,4,12,0,0,0
11319,metropolitana de santiago,13,santiago,131,renca,13128,98,10,3,7,10,3,7,0,0,0
11320,metropolitana de santiago,13,santiago,131,renca,13128,99,8,4,4,8,4,4,0,0,0
11321,metropolitana de santiago,13,santiago,131,renca,13128,100 o más,44,14,30,44,14,30,0,0,0
11322,metropolitana de santiago,13,santiago,131,san joaquín,13129,total comuna,94492,45831,48661,94492,45831,48661,0,0,0
11323,metropolitana de santiago,13,santiago,131,san joaquín,13129,0,985,534,451,985,534,451,0,0,0
11324,metropolitana de santiago,13,santiago,131,san joaquín,13129,1,1134,574,560,1134,574,560,0,0,0
11325,metropolitana de santiago,13,santiago,131,san joaquín,13129,2,1198,620,578,1198,620,578,0,0,0
11326,metropolitana de santiago,13,santiago,131,san joaquín,13129,3,1141,583,558,1141,583,558,0,0,0
11327,metropolitana de santiago,13,santiago,131,san joaquín,13129,4,1136,592,544,1136,592,544,0,0,0
11328,metropolitana de santiago,13,santiago,131,san joaquín,13129,5,1056,531,525,1056,531,525,0,0,0
11329,metropolitana de santiago,13,santiago,131,san joaquín,13129,6,1106,542,564,1106,542,564,0,0,0
11330,metropolitana de santiago,13,santiago,131,san joaquín,13129,7,1147,606,541,1147,606,541,0,0,0
11331,metropolitana de santiago,13,santiago,131,san joaquín,13129,8,1127,596,531,1127,596,531,0,0,0
11332,metropolitana de santiago,13,santiago,131,san joaquín,13129,9,1057,529,528,1057,529,528,0,0,0
11333,metropolitana de santiago,13,santiago,131,san joaquín,13129,10,1039,541,498,1039,541,498,0,0,0
11334,metropolitana de santiago,13,santiago,131,san joaquín,13129,11,1032,520,512,1032,520,512,0,0,0
11335,metropolitana de santiago,13,santiago,131,san joaquín,13129,12,980,515,465,980,515,465,0,0,0
11336,metropolitana de santiago,13,santiago,131,san joaquín,13129,13,1020,525,495,1020,525,495,0,0,0
11337,metropolitana de santiago,13,santiago,131,san joaquín,13129,14,1120,585,535,1120,585,535,0,0,0
11338,metropolitana de santiago,13,santiago,131,san joaquín,13129,15,1139,581,558,1139,581,558,0,0,0
11339,metropolitana de santiago,13,santiago,131,san joaquín,13129,16,1201,634,567,1201,634,567,0,0,0
11340,metropolitana de santiago,13,santiago,131,san joaquín,13129,17,1246,682,564,1246,682,564,0,0,0
11341,metropolitana de santiago,13,santiago,131,san joaquín,13129,18,1310,694,616,1310,694,616,0,0,0
11342,metropolitana de santiago,13,santiago,131,san joaquín,13129,19,1372,721,651,1372,721,651,0,0,0
11343,metropolitana de santiago,13,santiago,131,san joaquín,13129,20,1496,739,757,1496,739,757,0,0,0
11344,metropolitana de santiago,13,santiago,131,san joaquín,13129,21,1438,757,681,1438,757,681,0,0,0
11345,metropolitana de santiago,13,santiago,131,san joaquín,13129,22,1612,809,803,1612,809,803,0,0,0
11346,metropolitana de santiago,13,santiago,131,san joaquín,13129,23,1589,811,778,1589,811,778,0,0,0
11347,metropolitana de santiago,13,santiago,131,san joaquín,13129,24,1728,816,912,1728,816,912,0,0,0
11348,metropolitana de santiago,13,santiago,131,san joaquín,13129,25,1735,929,806,1735,929,806,0,0,0
11349,metropolitana de santiago,13,santiago,131,san joaquín,13129,26,1724,855,869,1724,855,869,0,0,0
11350,metropolitana de santiago,13,santiago,131,san joaquín,13129,27,1704,868,836,1704,868,836,0,0,0
11351,metropolitana de santiago,13,santiago,131,san joaquín,13129,28,1623,816,807,1623,816,807,0,0,0
11352,metropolitana de santiago,13,santiago,131,san joaquín,13129,29,1554,776,778,1554,776,778,0,0,0
11353,metropolitana de santiago,13,santiago,131,san joaquín,13129,30,1463,734,729,1463,734,729,0,0,0
11354,metropolitana de santiago,13,santiago,131,san joaquín,13129,31,1344,696,648,1344,696,648,0,0,0
11355,metropolitana de santiago,13,santiago,131,san joaquín,13129,32,1320,680,640,1320,680,640,0,0,0
11356,metropolitana de santiago,13,santiago,131,san joaquín,13129,33,1313,666,647,1313,666,647,0,0,0
11357,metropolitana de santiago,13,santiago,131,san joaquín,13129,34,1338,680,658,1338,680,658,0,0,0
11358,metropolitana de santiago,13,santiago,131,san joaquín,13129,35,1344,693,651,1344,693,651,0,0,0
11359,metropolitana de santiago,13,santiago,131,san joaquín,13129,36,1217,631,586,1217,631,586,0,0,0
11360,metropolitana de santiago,13,santiago,131,san joaquín,13129,37,1187,590,597,1187,590,597,0,0,0
11361,metropolitana de santiago,13,santiago,131,san joaquín,13129,38,1066,546,520,1066,546,520,0,0,0
11362,metropolitana de santiago,13,santiago,131,san joaquín,13129,39,1022,496,526,1022,496,526,0,0,0
11363,metropolitana de santiago,13,santiago,131,san joaquín,13129,40,1053,504,549,1053,504,549,0,0,0
11364,metropolitana de santiago,13,santiago,131,san joaquín,13129,41,1115,542,573,1115,542,573,0,0,0
11365,metropolitana de santiago,13,santiago,131,san joaquín,13129,42,1154,586,568,1154,586,568,0,0,0
11366,metropolitana de santiago,13,santiago,131,san joaquín,13129,43,1168,589,579,1168,589,579,0,0,0
11367,metropolitana de santiago,13,santiago,131,san joaquín,13129,44,1128,526,602,1128,526,602,0,0,0
11368,metropolitana de santiago,13,santiago,131,san joaquín,13129,45,1208,586,622,1208,586,622,0,0,0
11369,metropolitana de santiago,13,santiago,131,san joaquín,13129,46,1179,549,630,1179,549,630,0,0,0
11370,metropolitana de santiago,13,santiago,131,san joaquín,13129,47,1189,596,593,1189,596,593,0,0,0
11371,metropolitana de santiago,13,santiago,131,san joaquín,13129,48,1150,582,568,1150,582,568,0,0,0
11372,metropolitana de santiago,13,santiago,131,san joaquín,13129,49,1202,554,648,1202,554,648,0,0,0
11373,metropolitana de santiago,13,santiago,131,san joaquín,13129,50,1204,567,637,1204,567,637,0,0,0
11374,metropolitana de santiago,13,santiago,131,san joaquín,13129,51,1329,680,649,1329,680,649,0,0,0
11375,metropolitana de santiago,13,santiago,131,san joaquín,13129,52,1369,648,721,1369,648,721,0,0,0
11376,metropolitana de santiago,13,santiago,131,san joaquín,13129,53,1348,630,718,1348,630,718,0,0,0
11377,metropolitana de santiago,13,santiago,131,san joaquín,13129,54,1365,674,691,1365,674,691,0,0,0
11378,metropolitana de santiago,13,santiago,131,san joaquín,13129,55,1266,583,683,1266,583,683,0,0,0
11379,metropolitana de santiago,13,santiago,131,san joaquín,13129,56,1260,615,645,1260,615,645,0,0,0
11380,metropolitana de santiago,13,santiago,131,san joaquín,13129,57,1210,565,645,1210,565,645,0,0,0
11381,metropolitana de santiago,13,santiago,131,san joaquín,13129,58,1153,572,581,1153,572,581,0,0,0
11382,metropolitana de santiago,13,santiago,131,san joaquín,13129,59,1154,509,645,1154,509,645,0,0,0
11383,metropolitana de santiago,13,santiago,131,san joaquín,13129,60,1175,584,591,1175,584,591,0,0,0
11384,metropolitana de santiago,13,santiago,131,san joaquín,13129,61,1015,484,531,1015,484,531,0,0,0
11385,metropolitana de santiago,13,santiago,131,san joaquín,13129,62,954,421,533,954,421,533,0,0,0
11386,metropolitana de santiago,13,santiago,131,san joaquín,13129,63,948,411,537,948,411,537,0,0,0
11387,metropolitana de santiago,13,santiago,131,san joaquín,13129,64,847,363,484,847,363,484,0,0,0
11388,metropolitana de santiago,13,santiago,131,san joaquín,13129,65,836,375,461,836,375,461,0,0,0
11389,metropolitana de santiago,13,santiago,131,san joaquín,13129,66,805,369,436,805,369,436,0,0,0
11390,metropolitana de santiago,13,santiago,131,san joaquín,13129,67,840,354,486,840,354,486,0,0,0
11391,metropolitana de santiago,13,santiago,131,san joaquín,13129,68,791,351,440,791,351,440,0,0,0
11392,metropolitana de santiago,13,santiago,131,san joaquín,13129,69,811,364,447,811,364,447,0,0,0
11393,metropolitana de santiago,13,santiago,131,san joaquín,13129,70,781,334,447,781,334,447,0,0,0
11394,metropolitana de santiago,13,santiago,131,san joaquín,13129,71,749,328,421,749,328,421,0,0,0
11395,metropolitana de santiago,13,santiago,131,san joaquín,13129,72,692,286,406,692,286,406,0,0,0
11396,metropolitana de santiago,13,santiago,131,san joaquín,13129,73,681,312,369,681,312,369,0,0,0
11397,metropolitana de santiago,13,santiago,131,san joaquín,13129,74,663,287,376,663,287,376,0,0,0
11398,metropolitana de santiago,13,santiago,131,san joaquín,13129,75,613,235,378,613,235,378,0,0,0
11399,metropolitana de santiago,13,santiago,131,san joaquín,13129,76,601,249,352,601,249,352,0,0,0
11400,metropolitana de santiago,13,santiago,131,san joaquín,13129,77,503,192,311,503,192,311,0,0,0
11401,metropolitana de santiago,13,santiago,131,san joaquín,13129,78,456,174,282,456,174,282,0,0,0
11402,metropolitana de santiago,13,santiago,131,san joaquín,13129,79,451,187,264,451,187,264,0,0,0
11403,metropolitana de santiago,13,santiago,131,san joaquín,13129,80,413,156,257,413,156,257,0,0,0
11404,metropolitana de santiago,13,santiago,131,san joaquín,13129,81,378,129,249,378,129,249,0,0,0
11405,metropolitana de santiago,13,santiago,131,san joaquín,13129,82,366,151,215,366,151,215,0,0,0
11406,metropolitana de santiago,13,santiago,131,san joaquín,13129,83,319,113,206,319,113,206,0,0,0
11407,metropolitana de santiago,13,santiago,131,san joaquín,13129,84,322,117,205,322,117,205,0,0,0
11408,metropolitana de santiago,13,santiago,131,san joaquín,13129,85,304,89,215,304,89,215,0,0,0
11409,metropolitana de santiago,13,santiago,131,san joaquín,13129,86,315,103,212,315,103,212,0,0,0
11410,metropolitana de santiago,13,santiago,131,san joaquín,13129,87,283,73,210,283,73,210,0,0,0
11411,metropolitana de santiago,13,santiago,131,san joaquín,13129,88,221,69,152,221,69,152,0,0,0
11412,metropolitana de santiago,13,santiago,131,san joaquín,13129,89,191,59,132,191,59,132,0,0,0
11413,metropolitana de santiago,13,santiago,131,san joaquín,13129,90,131,33,98,131,33,98,0,0,0
11414,metropolitana de santiago,13,santiago,131,san joaquín,13129,91,96,25,71,96,25,71,0,0,0
11415,metropolitana de santiago,13,santiago,131,san joaquín,13129,92,93,30,63,93,30,63,0,0,0
11416,metropolitana de santiago,13,santiago,131,san joaquín,13129,93,84,26,58,84,26,58,0,0,0
11417,metropolitana de santiago,13,santiago,131,san joaquín,13129,94,39,12,27,39,12,27,0,0,0
11418,metropolitana de santiago,13,santiago,131,san joaquín,13129,95,45,11,34,45,11,34,0,0,0
11419,metropolitana de santiago,13,santiago,131,san joaquín,13129,96,26,4,22,26,4,22,0,0,0
11420,metropolitana de santiago,13,santiago,131,san joaquín,13129,97,28,5,23,28,5,23,0,0,0
11421,metropolitana de santiago,13,santiago,131,san joaquín,13129,98,12,1,11,12,1,11,0,0,0
11422,metropolitana de santiago,13,santiago,131,san joaquín,13129,99,14,5,9,14,5,9,0,0,0
11423,metropolitana de santiago,13,santiago,131,san joaquín,13129,100 o más,33,10,23,33,10,23,0,0,0
11424,metropolitana de santiago,13,santiago,131,san miguel,13130,total comuna,107954,50738,57216,107954,50738,57216,0,0,0
11425,metropolitana de santiago,13,santiago,131,san miguel,13130,0,1446,751,695,1446,751,695,0,0,0
11426,metropolitana de santiago,13,santiago,131,san miguel,13130,1,1466,754,712,1466,754,712,0,0,0
11427,metropolitana de santiago,13,santiago,131,san miguel,13130,2,1317,663,654,1317,663,654,0,0,0
11428,metropolitana de santiago,13,santiago,131,san miguel,13130,3,1279,648,631,1279,648,631,0,0,0
11429,metropolitana de santiago,13,santiago,131,san miguel,13130,4,1231,644,587,1231,644,587,0,0,0
11430,metropolitana de santiago,13,santiago,131,san miguel,13130,5,1223,621,602,1223,621,602,0,0,0
11431,metropolitana de santiago,13,santiago,131,san miguel,13130,6,1245,628,617,1245,628,617,0,0,0
11432,metropolitana de santiago,13,santiago,131,san miguel,13130,7,1180,606,574,1180,606,574,0,0,0
11433,metropolitana de santiago,13,santiago,131,san miguel,13130,8,1138,587,551,1138,587,551,0,0,0
11434,metropolitana de santiago,13,santiago,131,san miguel,13130,9,1080,558,522,1080,558,522,0,0,0
11435,metropolitana de santiago,13,santiago,131,san miguel,13130,10,1087,549,538,1087,549,538,0,0,0
11436,metropolitana de santiago,13,santiago,131,san miguel,13130,11,1055,560,495,1055,560,495,0,0,0
11437,metropolitana de santiago,13,santiago,131,san miguel,13130,12,1028,499,529,1028,499,529,0,0,0
11438,metropolitana de santiago,13,santiago,131,san miguel,13130,13,1042,511,531,1042,511,531,0,0,0
11439,metropolitana de santiago,13,santiago,131,san miguel,13130,14,1098,568,530,1098,568,530,0,0,0
11440,metropolitana de santiago,13,santiago,131,san miguel,13130,15,1121,579,542,1121,579,542,0,0,0
11441,metropolitana de santiago,13,santiago,131,san miguel,13130,16,1151,573,578,1151,573,578,0,0,0
11442,metropolitana de santiago,13,santiago,131,san miguel,13130,17,1105,548,557,1105,548,557,0,0,0
11443,metropolitana de santiago,13,santiago,131,san miguel,13130,18,1177,591,586,1177,591,586,0,0,0
11444,metropolitana de santiago,13,santiago,131,san miguel,13130,19,1364,617,747,1364,617,747,0,0,0
11445,metropolitana de santiago,13,santiago,131,san miguel,13130,20,1482,747,735,1482,747,735,0,0,0
11446,metropolitana de santiago,13,santiago,131,san miguel,13130,21,1482,730,752,1482,730,752,0,0,0
11447,metropolitana de santiago,13,santiago,131,san miguel,13130,22,1572,731,841,1572,731,841,0,0,0
11448,metropolitana de santiago,13,santiago,131,san miguel,13130,23,1667,836,831,1667,836,831,0,0,0
11449,metropolitana de santiago,13,santiago,131,san miguel,13130,24,1740,871,869,1740,871,869,0,0,0
11450,metropolitana de santiago,13,santiago,131,san miguel,13130,25,1799,845,954,1799,845,954,0,0,0
11451,metropolitana de santiago,13,santiago,131,san miguel,13130,26,2051,954,1097,2051,954,1097,0,0,0
11452,metropolitana de santiago,13,santiago,131,san miguel,13130,27,2107,1006,1101,2107,1006,1101,0,0,0
11453,metropolitana de santiago,13,santiago,131,san miguel,13130,28,2376,1184,1192,2376,1184,1192,0,0,0
11454,metropolitana de santiago,13,santiago,131,san miguel,13130,29,2307,1079,1228,2307,1079,1228,0,0,0
11455,metropolitana de santiago,13,santiago,131,san miguel,13130,30,2292,1123,1169,2292,1123,1169,0,0,0
11456,metropolitana de santiago,13,santiago,131,san miguel,13130,31,2211,1121,1090,2211,1121,1090,0,0,0
11457,metropolitana de santiago,13,santiago,131,san miguel,13130,32,2231,1129,1102,2231,1129,1102,0,0,0
11458,metropolitana de santiago,13,santiago,131,san miguel,13130,33,2035,998,1037,2035,998,1037,0,0,0
11459,metropolitana de santiago,13,santiago,131,san miguel,13130,34,2038,1021,1017,2038,1021,1017,0,0,0
11460,metropolitana de santiago,13,santiago,131,san miguel,13130,35,2020,977,1043,2020,977,1043,0,0,0
11461,metropolitana de santiago,13,santiago,131,san miguel,13130,36,1846,912,934,1846,912,934,0,0,0
11462,metropolitana de santiago,13,santiago,131,san miguel,13130,37,1765,848,917,1765,848,917,0,0,0
11463,metropolitana de santiago,13,santiago,131,san miguel,13130,38,1658,834,824,1658,834,824,0,0,0
11464,metropolitana de santiago,13,santiago,131,san miguel,13130,39,1573,768,805,1573,768,805,0,0,0
11465,metropolitana de santiago,13,santiago,131,san miguel,13130,40,1526,760,766,1526,760,766,0,0,0
11466,metropolitana de santiago,13,santiago,131,san miguel,13130,41,1526,717,809,1526,717,809,0,0,0
11467,metropolitana de santiago,13,santiago,131,san miguel,13130,42,1494,733,761,1494,733,761,0,0,0
11468,metropolitana de santiago,13,santiago,131,san miguel,13130,43,1467,719,748,1467,719,748,0,0,0
11469,metropolitana de santiago,13,santiago,131,san miguel,13130,44,1461,685,776,1461,685,776,0,0,0
11470,metropolitana de santiago,13,santiago,131,san miguel,13130,45,1393,651,742,1393,651,742,0,0,0
11471,metropolitana de santiago,13,santiago,131,san miguel,13130,46,1351,645,706,1351,645,706,0,0,0
11472,metropolitana de santiago,13,santiago,131,san miguel,13130,47,1337,633,704,1337,633,704,0,0,0
11473,metropolitana de santiago,13,santiago,131,san miguel,13130,48,1208,598,610,1208,598,610,0,0,0
11474,metropolitana de santiago,13,santiago,131,san miguel,13130,49,1262,587,675,1262,587,675,0,0,0
11475,metropolitana de santiago,13,santiago,131,san miguel,13130,50,1303,636,667,1303,636,667,0,0,0
11476,metropolitana de santiago,13,santiago,131,san miguel,13130,51,1293,597,696,1293,597,696,0,0,0
11477,metropolitana de santiago,13,santiago,131,san miguel,13130,52,1346,606,740,1346,606,740,0,0,0
11478,metropolitana de santiago,13,santiago,131,san miguel,13130,53,1272,575,697,1272,575,697,0,0,0
11479,metropolitana de santiago,13,santiago,131,san miguel,13130,54,1387,608,779,1387,608,779,0,0,0
11480,metropolitana de santiago,13,santiago,131,san miguel,13130,55,1318,580,738,1318,580,738,0,0,0
11481,metropolitana de santiago,13,santiago,131,san miguel,13130,56,1392,639,753,1392,639,753,0,0,0
11482,metropolitana de santiago,13,santiago,131,san miguel,13130,57,1300,600,700,1300,600,700,0,0,0
11483,metropolitana de santiago,13,santiago,131,san miguel,13130,58,1170,531,639,1170,531,639,0,0,0
11484,metropolitana de santiago,13,santiago,131,san miguel,13130,59,1263,525,738,1263,525,738,0,0,0
11485,metropolitana de santiago,13,santiago,131,san miguel,13130,60,1142,491,651,1142,491,651,0,0,0
11486,metropolitana de santiago,13,santiago,131,san miguel,13130,61,1098,458,640,1098,458,640,0,0,0
11487,metropolitana de santiago,13,santiago,131,san miguel,13130,62,959,415,544,959,415,544,0,0,0
11488,metropolitana de santiago,13,santiago,131,san miguel,13130,63,927,406,521,927,406,521,0,0,0
11489,metropolitana de santiago,13,santiago,131,san miguel,13130,64,883,397,486,883,397,486,0,0,0
11490,metropolitana de santiago,13,santiago,131,san miguel,13130,65,836,368,468,836,368,468,0,0,0
11491,metropolitana de santiago,13,santiago,131,san miguel,13130,66,850,368,482,850,368,482,0,0,0
11492,metropolitana de santiago,13,santiago,131,san miguel,13130,67,771,322,449,771,322,449,0,0,0
11493,metropolitana de santiago,13,santiago,131,san miguel,13130,68,761,340,421,761,340,421,0,0,0
11494,metropolitana de santiago,13,santiago,131,san miguel,13130,69,707,290,417,707,290,417,0,0,0
11495,metropolitana de santiago,13,santiago,131,san miguel,13130,70,719,301,418,719,301,418,0,0,0
11496,metropolitana de santiago,13,santiago,131,san miguel,13130,71,687,287,400,687,287,400,0,0,0
11497,metropolitana de santiago,13,santiago,131,san miguel,13130,72,637,241,396,637,241,396,0,0,0
11498,metropolitana de santiago,13,santiago,131,san miguel,13130,73,604,239,365,604,239,365,0,0,0
11499,metropolitana de santiago,13,santiago,131,san miguel,13130,74,592,246,346,592,246,346,0,0,0
11500,metropolitana de santiago,13,santiago,131,san miguel,13130,75,621,237,384,621,237,384,0,0,0
11501,metropolitana de santiago,13,santiago,131,san miguel,13130,76,536,216,320,536,216,320,0,0,0
11502,metropolitana de santiago,13,santiago,131,san miguel,13130,77,490,174,316,490,174,316,0,0,0
11503,metropolitana de santiago,13,santiago,131,san miguel,13130,78,463,177,286,463,177,286,0,0,0
11504,metropolitana de santiago,13,santiago,131,san miguel,13130,79,426,160,266,426,160,266,0,0,0
11505,metropolitana de santiago,13,santiago,131,san miguel,13130,80,409,156,253,409,156,253,0,0,0
11506,metropolitana de santiago,13,santiago,131,san miguel,13130,81,382,121,261,382,121,261,0,0,0
11507,metropolitana de santiago,13,santiago,131,san miguel,13130,82,401,118,283,401,118,283,0,0,0
11508,metropolitana de santiago,13,santiago,131,san miguel,13130,83,342,120,222,342,120,222,0,0,0
11509,metropolitana de santiago,13,santiago,131,san miguel,13130,84,337,111,226,337,111,226,0,0,0
11510,metropolitana de santiago,13,santiago,131,san miguel,13130,85,334,110,224,334,110,224,0,0,0
11511,metropolitana de santiago,13,santiago,131,san miguel,13130,86,344,101,243,344,101,243,0,0,0
11512,metropolitana de santiago,13,santiago,131,san miguel,13130,87,286,69,217,286,69,217,0,0,0
11513,metropolitana de santiago,13,santiago,131,san miguel,13130,88,240,73,167,240,73,167,0,0,0
11514,metropolitana de santiago,13,santiago,131,san miguel,13130,89,236,62,174,236,62,174,0,0,0
11515,metropolitana de santiago,13,santiago,131,san miguel,13130,90,157,32,125,157,32,125,0,0,0
11516,metropolitana de santiago,13,santiago,131,san miguel,13130,91,134,32,102,134,32,102,0,0,0
11517,metropolitana de santiago,13,santiago,131,san miguel,13130,92,119,23,96,119,23,96,0,0,0
11518,metropolitana de santiago,13,santiago,131,san miguel,13130,93,79,21,58,79,21,58,0,0,0
11519,metropolitana de santiago,13,santiago,131,san miguel,13130,94,66,11,55,66,11,55,0,0,0
11520,metropolitana de santiago,13,santiago,131,san miguel,13130,95,53,9,44,53,9,44,0,0,0
11521,metropolitana de santiago,13,santiago,131,san miguel,13130,96,45,9,36,45,9,36,0,0,0
11522,metropolitana de santiago,13,santiago,131,san miguel,13130,97,26,2,24,26,2,24,0,0,0
11523,metropolitana de santiago,13,santiago,131,san miguel,13130,98,26,7,19,26,7,19,0,0,0
11524,metropolitana de santiago,13,santiago,131,san miguel,13130,99,24,6,18,24,6,18,0,0,0
11525,metropolitana de santiago,13,santiago,131,san miguel,13130,100 o más,51,18,33,51,18,33,0,0,0
11526,metropolitana de santiago,13,santiago,131,san ramón,13131,total comuna,82900,40873,42027,82900,40873,42027,0,0,0
11527,metropolitana de santiago,13,santiago,131,san ramón,13131,0,1031,563,468,1031,563,468,0,0,0
11528,metropolitana de santiago,13,santiago,131,san ramón,13131,1,1157,606,551,1157,606,551,0,0,0
11529,metropolitana de santiago,13,santiago,131,san ramón,13131,2,1097,550,547,1097,550,547,0,0,0
11530,metropolitana de santiago,13,santiago,131,san ramón,13131,3,1070,552,518,1070,552,518,0,0,0
11531,metropolitana de santiago,13,santiago,131,san ramón,13131,4,1102,601,501,1102,601,501,0,0,0
11532,metropolitana de santiago,13,santiago,131,san ramón,13131,5,990,485,505,990,485,505,0,0,0
11533,metropolitana de santiago,13,santiago,131,san ramón,13131,6,1056,539,517,1056,539,517,0,0,0
11534,metropolitana de santiago,13,santiago,131,san ramón,13131,7,1075,582,493,1075,582,493,0,0,0
11535,metropolitana de santiago,13,santiago,131,san ramón,13131,8,1050,554,496,1050,554,496,0,0,0
11536,metropolitana de santiago,13,santiago,131,san ramón,13131,9,1013,546,467,1013,546,467,0,0,0
11537,metropolitana de santiago,13,santiago,131,san ramón,13131,10,1071,537,534,1071,537,534,0,0,0
11538,metropolitana de santiago,13,santiago,131,san ramón,13131,11,1022,503,519,1022,503,519,0,0,0
11539,metropolitana de santiago,13,santiago,131,san ramón,13131,12,1007,515,492,1007,515,492,0,0,0
11540,metropolitana de santiago,13,santiago,131,san ramón,13131,13,998,497,501,998,497,501,0,0,0
11541,metropolitana de santiago,13,santiago,131,san ramón,13131,14,1078,550,528,1078,550,528,0,0,0
11542,metropolitana de santiago,13,santiago,131,san ramón,13131,15,1149,559,590,1149,559,590,0,0,0
11543,metropolitana de santiago,13,santiago,131,san ramón,13131,16,1212,634,578,1212,634,578,0,0,0
11544,metropolitana de santiago,13,santiago,131,san ramón,13131,17,1169,581,588,1169,581,588,0,0,0
11545,metropolitana de santiago,13,santiago,131,san ramón,13131,18,1229,618,611,1229,618,611,0,0,0
11546,metropolitana de santiago,13,santiago,131,san ramón,13131,19,1213,620,593,1213,620,593,0,0,0
11547,metropolitana de santiago,13,santiago,131,san ramón,13131,20,1307,712,595,1307,712,595,0,0,0
11548,metropolitana de santiago,13,santiago,131,san ramón,13131,21,1464,754,710,1464,754,710,0,0,0
11549,metropolitana de santiago,13,santiago,131,san ramón,13131,22,1391,695,696,1391,695,696,0,0,0
11550,metropolitana de santiago,13,santiago,131,san ramón,13131,23,1444,735,709,1444,735,709,0,0,0
11551,metropolitana de santiago,13,santiago,131,san ramón,13131,24,1460,745,715,1460,745,715,0,0,0
11552,metropolitana de santiago,13,santiago,131,san ramón,13131,25,1399,704,695,1399,704,695,0,0,0
11553,metropolitana de santiago,13,santiago,131,san ramón,13131,26,1337,694,643,1337,694,643,0,0,0
11554,metropolitana de santiago,13,santiago,131,san ramón,13131,27,1391,721,670,1391,721,670,0,0,0
11555,metropolitana de santiago,13,santiago,131,san ramón,13131,28,1339,689,650,1339,689,650,0,0,0
11556,metropolitana de santiago,13,santiago,131,san ramón,13131,29,1170,606,564,1170,606,564,0,0,0
11557,metropolitana de santiago,13,santiago,131,san ramón,13131,30,1071,563,508,1071,563,508,0,0,0
11558,metropolitana de santiago,13,santiago,131,san ramón,13131,31,1034,505,529,1034,505,529,0,0,0
11559,metropolitana de santiago,13,santiago,131,san ramón,13131,32,971,489,482,971,489,482,0,0,0
11560,metropolitana de santiago,13,santiago,131,san ramón,13131,33,940,478,462,940,478,462,0,0,0
11561,metropolitana de santiago,13,santiago,131,san ramón,13131,34,1014,533,481,1014,533,481,0,0,0
11562,metropolitana de santiago,13,santiago,131,san ramón,13131,35,996,506,490,996,506,490,0,0,0
11563,metropolitana de santiago,13,santiago,131,san ramón,13131,36,957,474,483,957,474,483,0,0,0
11564,metropolitana de santiago,13,santiago,131,san ramón,13131,37,952,471,481,952,471,481,0,0,0
11565,metropolitana de santiago,13,santiago,131,san ramón,13131,38,955,507,448,955,507,448,0,0,0
11566,metropolitana de santiago,13,santiago,131,san ramón,13131,39,845,442,403,845,442,403,0,0,0
11567,metropolitana de santiago,13,santiago,131,san ramón,13131,40,922,469,453,922,469,453,0,0,0
11568,metropolitana de santiago,13,santiago,131,san ramón,13131,41,992,528,464,992,528,464,0,0,0
11569,metropolitana de santiago,13,santiago,131,san ramón,13131,42,1123,543,580,1123,543,580,0,0,0
11570,metropolitana de santiago,13,santiago,131,san ramón,13131,43,1129,558,571,1129,558,571,0,0,0
11571,metropolitana de santiago,13,santiago,131,san ramón,13131,44,1213,601,612,1213,601,612,0,0,0
11572,metropolitana de santiago,13,santiago,131,san ramón,13131,45,1170,606,564,1170,606,564,0,0,0
11573,metropolitana de santiago,13,santiago,131,san ramón,13131,46,1159,592,567,1159,592,567,0,0,0
11574,metropolitana de santiago,13,santiago,131,san ramón,13131,47,1140,599,541,1140,599,541,0,0,0
11575,metropolitana de santiago,13,santiago,131,san ramón,13131,48,1128,592,536,1128,592,536,0,0,0
11576,metropolitana de santiago,13,santiago,131,san ramón,13131,49,1221,603,618,1221,603,618,0,0,0
11577,metropolitana de santiago,13,santiago,131,san ramón,13131,50,1196,583,613,1196,583,613,0,0,0
11578,metropolitana de santiago,13,santiago,131,san ramón,13131,51,1211,584,627,1211,584,627,0,0,0
11579,metropolitana de santiago,13,santiago,131,san ramón,13131,52,1178,583,595,1178,583,595,0,0,0
11580,metropolitana de santiago,13,santiago,131,san ramón,13131,53,1146,592,554,1146,592,554,0,0,0
11581,metropolitana de santiago,13,santiago,131,san ramón,13131,54,1137,523,614,1137,523,614,0,0,0
11582,metropolitana de santiago,13,santiago,131,san ramón,13131,55,1020,525,495,1020,525,495,0,0,0
11583,metropolitana de santiago,13,santiago,131,san ramón,13131,56,1029,500,529,1029,500,529,0,0,0
11584,metropolitana de santiago,13,santiago,131,san ramón,13131,57,891,442,449,891,442,449,0,0,0
11585,metropolitana de santiago,13,santiago,131,san ramón,13131,58,826,387,439,826,387,439,0,0,0
11586,metropolitana de santiago,13,santiago,131,san ramón,13131,59,846,408,438,846,408,438,0,0,0
11587,metropolitana de santiago,13,santiago,131,san ramón,13131,60,849,417,432,849,417,432,0,0,0
11588,metropolitana de santiago,13,santiago,131,san ramón,13131,61,797,384,413,797,384,413,0,0,0
11589,metropolitana de santiago,13,santiago,131,san ramón,13131,62,764,360,404,764,360,404,0,0,0
11590,metropolitana de santiago,13,santiago,131,san ramón,13131,63,751,353,398,751,353,398,0,0,0
11591,metropolitana de santiago,13,santiago,131,san ramón,13131,64,724,336,388,724,336,388,0,0,0
11592,metropolitana de santiago,13,santiago,131,san ramón,13131,65,679,270,409,679,270,409,0,0,0
11593,metropolitana de santiago,13,santiago,131,san ramón,13131,66,717,311,406,717,311,406,0,0,0
11594,metropolitana de santiago,13,santiago,131,san ramón,13131,67,767,324,443,767,324,443,0,0,0
11595,metropolitana de santiago,13,santiago,131,san ramón,13131,68,698,313,385,698,313,385,0,0,0
11596,metropolitana de santiago,13,santiago,131,san ramón,13131,69,732,306,426,732,306,426,0,0,0
11597,metropolitana de santiago,13,santiago,131,san ramón,13131,70,721,319,402,721,319,402,0,0,0
11598,metropolitana de santiago,13,santiago,131,san ramón,13131,71,728,303,425,728,303,425,0,0,0
11599,metropolitana de santiago,13,santiago,131,san ramón,13131,72,700,296,404,700,296,404,0,0,0
11600,metropolitana de santiago,13,santiago,131,san ramón,13131,73,666,292,374,666,292,374,0,0,0
11601,metropolitana de santiago,13,santiago,131,san ramón,13131,74,644,303,341,644,303,341,0,0,0
11602,metropolitana de santiago,13,santiago,131,san ramón,13131,75,579,245,334,579,245,334,0,0,0
11603,metropolitana de santiago,13,santiago,131,san ramón,13131,76,562,227,335,562,227,335,0,0,0
11604,metropolitana de santiago,13,santiago,131,san ramón,13131,77,482,192,290,482,192,290,0,0,0
11605,metropolitana de santiago,13,santiago,131,san ramón,13131,78,409,177,232,409,177,232,0,0,0
11606,metropolitana de santiago,13,santiago,131,san ramón,13131,79,364,132,232,364,132,232,0,0,0
11607,metropolitana de santiago,13,santiago,131,san ramón,13131,80,362,148,214,362,148,214,0,0,0
11608,metropolitana de santiago,13,santiago,131,san ramón,13131,81,324,125,199,324,125,199,0,0,0
11609,metropolitana de santiago,13,santiago,131,san ramón,13131,82,311,122,189,311,122,189,0,0,0
11610,metropolitana de santiago,13,santiago,131,san ramón,13131,83,253,96,157,253,96,157,0,0,0
11611,metropolitana de santiago,13,santiago,131,san ramón,13131,84,275,113,162,275,113,162,0,0,0
11612,metropolitana de santiago,13,santiago,131,san ramón,13131,85,198,69,129,198,69,129,0,0,0
11613,metropolitana de santiago,13,santiago,131,san ramón,13131,86,188,66,122,188,66,122,0,0,0
11614,metropolitana de santiago,13,santiago,131,san ramón,13131,87,140,48,92,140,48,92,0,0,0
11615,metropolitana de santiago,13,santiago,131,san ramón,13131,88,123,44,79,123,44,79,0,0,0
11616,metropolitana de santiago,13,santiago,131,san ramón,13131,89,112,37,75,112,37,75,0,0,0
11617,metropolitana de santiago,13,santiago,131,san ramón,13131,90,96,35,61,96,35,61,0,0,0
11618,metropolitana de santiago,13,santiago,131,san ramón,13131,91,72,17,55,72,17,55,0,0,0
11619,metropolitana de santiago,13,santiago,131,san ramón,13131,92,58,20,38,58,20,38,0,0,0
11620,metropolitana de santiago,13,santiago,131,san ramón,13131,93,38,11,27,38,11,27,0,0,0
11621,metropolitana de santiago,13,santiago,131,san ramón,13131,94,28,7,21,28,7,21,0,0,0
11622,metropolitana de santiago,13,santiago,131,san ramón,13131,95,29,7,22,29,7,22,0,0,0
11623,metropolitana de santiago,13,santiago,131,san ramón,13131,96,20,4,16,20,4,16,0,0,0
11624,metropolitana de santiago,13,santiago,131,san ramón,13131,97,6,1,5,6,1,5,0,0,0
11625,metropolitana de santiago,13,santiago,131,san ramón,13131,98,8,2,6,8,2,6,0,0,0
11626,metropolitana de santiago,13,santiago,131,san ramón,13131,99,5,0,5,5,0,5,0,0,0
11627,metropolitana de santiago,13,santiago,131,san ramón,13131,100 o más,18,8,10,18,8,10,0,0,0
11628,metropolitana de santiago,13,santiago,131,vitacura,13132,total comuna,85384,38402,46982,85384,38402,46982,0,0,0
11629,metropolitana de santiago,13,santiago,131,vitacura,13132,0,1197,582,615,1197,582,615,0,0,0
11630,metropolitana de santiago,13,santiago,131,vitacura,13132,1,1191,617,574,1191,617,574,0,0,0
11631,metropolitana de santiago,13,santiago,131,vitacura,13132,2,1166,596,570,1166,596,570,0,0,0
11632,metropolitana de santiago,13,santiago,131,vitacura,13132,3,1080,545,535,1080,545,535,0,0,0
11633,metropolitana de santiago,13,santiago,131,vitacura,13132,4,1098,546,552,1098,546,552,0,0,0
11634,metropolitana de santiago,13,santiago,131,vitacura,13132,5,1060,562,498,1060,562,498,0,0,0
11635,metropolitana de santiago,13,santiago,131,vitacura,13132,6,994,512,482,994,512,482,0,0,0
11636,metropolitana de santiago,13,santiago,131,vitacura,13132,7,1063,527,536,1063,527,536,0,0,0
11637,metropolitana de santiago,13,santiago,131,vitacura,13132,8,987,484,503,987,484,503,0,0,0
11638,metropolitana de santiago,13,santiago,131,vitacura,13132,9,977,492,485,977,492,485,0,0,0
11639,metropolitana de santiago,13,santiago,131,vitacura,13132,10,1005,523,482,1005,523,482,0,0,0
11640,metropolitana de santiago,13,santiago,131,vitacura,13132,11,976,486,490,976,486,490,0,0,0
11641,metropolitana de santiago,13,santiago,131,vitacura,13132,12,976,494,482,976,494,482,0,0,0
11642,metropolitana de santiago,13,santiago,131,vitacura,13132,13,976,505,471,976,505,471,0,0,0
11643,metropolitana de santiago,13,santiago,131,vitacura,13132,14,997,518,479,997,518,479,0,0,0
11644,metropolitana de santiago,13,santiago,131,vitacura,13132,15,1003,487,516,1003,487,516,0,0,0
11645,metropolitana de santiago,13,santiago,131,vitacura,13132,16,1076,538,538,1076,538,538,0,0,0
11646,metropolitana de santiago,13,santiago,131,vitacura,13132,17,1055,505,550,1055,505,550,0,0,0
11647,metropolitana de santiago,13,santiago,131,vitacura,13132,18,1119,543,576,1119,543,576,0,0,0
11648,metropolitana de santiago,13,santiago,131,vitacura,13132,19,1138,577,561,1138,577,561,0,0,0
11649,metropolitana de santiago,13,santiago,131,vitacura,13132,20,1197,597,600,1197,597,600,0,0,0
11650,metropolitana de santiago,13,santiago,131,vitacura,13132,21,1075,516,559,1075,516,559,0,0,0
11651,metropolitana de santiago,13,santiago,131,vitacura,13132,22,1181,564,617,1181,564,617,0,0,0
11652,metropolitana de santiago,13,santiago,131,vitacura,13132,23,1139,541,598,1139,541,598,0,0,0
11653,metropolitana de santiago,13,santiago,131,vitacura,13132,24,1167,580,587,1167,580,587,0,0,0
11654,metropolitana de santiago,13,santiago,131,vitacura,13132,25,1057,525,532,1057,525,532,0,0,0
11655,metropolitana de santiago,13,santiago,131,vitacura,13132,26,1148,567,581,1148,567,581,0,0,0
11656,metropolitana de santiago,13,santiago,131,vitacura,13132,27,1096,503,593,1096,503,593,0,0,0
11657,metropolitana de santiago,13,santiago,131,vitacura,13132,28,1115,537,578,1115,537,578,0,0,0
11658,metropolitana de santiago,13,santiago,131,vitacura,13132,29,1094,521,573,1094,521,573,0,0,0
11659,metropolitana de santiago,13,santiago,131,vitacura,13132,30,1086,517,569,1086,517,569,0,0,0
11660,metropolitana de santiago,13,santiago,131,vitacura,13132,31,972,452,520,972,452,520,0,0,0
11661,metropolitana de santiago,13,santiago,131,vitacura,13132,32,1131,517,614,1131,517,614,0,0,0
11662,metropolitana de santiago,13,santiago,131,vitacura,13132,33,1140,510,630,1140,510,630,0,0,0
11663,metropolitana de santiago,13,santiago,131,vitacura,13132,34,1231,571,660,1231,571,660,0,0,0
11664,metropolitana de santiago,13,santiago,131,vitacura,13132,35,1258,591,667,1258,591,667,0,0,0
11665,metropolitana de santiago,13,santiago,131,vitacura,13132,36,1166,551,615,1166,551,615,0,0,0
11666,metropolitana de santiago,13,santiago,131,vitacura,13132,37,1149,511,638,1149,511,638,0,0,0
11667,metropolitana de santiago,13,santiago,131,vitacura,13132,38,1187,530,657,1187,530,657,0,0,0
11668,metropolitana de santiago,13,santiago,131,vitacura,13132,39,1223,569,654,1223,569,654,0,0,0
11669,metropolitana de santiago,13,santiago,131,vitacura,13132,40,1102,488,614,1102,488,614,0,0,0
11670,metropolitana de santiago,13,santiago,131,vitacura,13132,41,1212,524,688,1212,524,688,0,0,0
11671,metropolitana de santiago,13,santiago,131,vitacura,13132,42,1226,565,661,1226,565,661,0,0,0
11672,metropolitana de santiago,13,santiago,131,vitacura,13132,43,1226,523,703,1226,523,703,0,0,0
11673,metropolitana de santiago,13,santiago,131,vitacura,13132,44,1077,481,596,1077,481,596,0,0,0
11674,metropolitana de santiago,13,santiago,131,vitacura,13132,45,1187,514,673,1187,514,673,0,0,0
11675,metropolitana de santiago,13,santiago,131,vitacura,13132,46,1177,487,690,1177,487,690,0,0,0
11676,metropolitana de santiago,13,santiago,131,vitacura,13132,47,1127,450,677,1127,450,677,0,0,0
11677,metropolitana de santiago,13,santiago,131,vitacura,13132,48,1085,444,641,1085,444,641,0,0,0
11678,metropolitana de santiago,13,santiago,131,vitacura,13132,49,1067,456,611,1067,456,611,0,0,0
11679,metropolitana de santiago,13,santiago,131,vitacura,13132,50,1035,438,597,1035,438,597,0,0,0
11680,metropolitana de santiago,13,santiago,131,vitacura,13132,51,1044,424,620,1044,424,620,0,0,0
11681,metropolitana de santiago,13,santiago,131,vitacura,13132,52,1101,463,638,1101,463,638,0,0,0
11682,metropolitana de santiago,13,santiago,131,vitacura,13132,53,1012,401,611,1012,401,611,0,0,0
11683,metropolitana de santiago,13,santiago,131,vitacura,13132,54,1080,433,647,1080,433,647,0,0,0
11684,metropolitana de santiago,13,santiago,131,vitacura,13132,55,1058,454,604,1058,454,604,0,0,0
11685,metropolitana de santiago,13,santiago,131,vitacura,13132,56,1068,433,635,1068,433,635,0,0,0
11686,metropolitana de santiago,13,santiago,131,vitacura,13132,57,1016,391,625,1016,391,625,0,0,0
11687,metropolitana de santiago,13,santiago,131,vitacura,13132,58,1004,395,609,1004,395,609,0,0,0
11688,metropolitana de santiago,13,santiago,131,vitacura,13132,59,985,377,608,985,377,608,0,0,0
11689,metropolitana de santiago,13,santiago,131,vitacura,13132,60,1014,418,596,1014,418,596,0,0,0
11690,metropolitana de santiago,13,santiago,131,vitacura,13132,61,928,367,561,928,367,561,0,0,0
11691,metropolitana de santiago,13,santiago,131,vitacura,13132,62,872,311,561,872,311,561,0,0,0
11692,metropolitana de santiago,13,santiago,131,vitacura,13132,63,849,347,502,849,347,502,0,0,0
11693,metropolitana de santiago,13,santiago,131,vitacura,13132,64,853,353,500,853,353,500,0,0,0
11694,metropolitana de santiago,13,santiago,131,vitacura,13132,65,838,319,519,838,319,519,0,0,0
11695,metropolitana de santiago,13,santiago,131,vitacura,13132,66,808,317,491,808,317,491,0,0,0
11696,metropolitana de santiago,13,santiago,131,vitacura,13132,67,775,305,470,775,305,470,0,0,0
11697,metropolitana de santiago,13,santiago,131,vitacura,13132,68,811,339,472,811,339,472,0,0,0
11698,metropolitana de santiago,13,santiago,131,vitacura,13132,69,796,315,481,796,315,481,0,0,0
11699,metropolitana de santiago,13,santiago,131,vitacura,13132,70,801,317,484,801,317,484,0,0,0
11700,metropolitana de santiago,13,santiago,131,vitacura,13132,71,786,330,456,786,330,456,0,0,0
11701,metropolitana de santiago,13,santiago,131,vitacura,13132,72,810,336,474,810,336,474,0,0,0
11702,metropolitana de santiago,13,santiago,131,vitacura,13132,73,789,321,468,789,321,468,0,0,0
11703,metropolitana de santiago,13,santiago,131,vitacura,13132,74,736,305,431,736,305,431,0,0,0
11704,metropolitana de santiago,13,santiago,131,vitacura,13132,75,636,269,367,636,269,367,0,0,0
11705,metropolitana de santiago,13,santiago,131,vitacura,13132,76,636,285,351,636,285,351,0,0,0
11706,metropolitana de santiago,13,santiago,131,vitacura,13132,77,594,268,326,594,268,326,0,0,0
11707,metropolitana de santiago,13,santiago,131,vitacura,13132,78,521,234,287,521,234,287,0,0,0
11708,metropolitana de santiago,13,santiago,131,vitacura,13132,79,479,205,274,479,205,274,0,0,0
11709,metropolitana de santiago,13,santiago,131,vitacura,13132,80,462,203,259,462,203,259,0,0,0
11710,metropolitana de santiago,13,santiago,131,vitacura,13132,81,418,166,252,418,166,252,0,0,0
11711,metropolitana de santiago,13,santiago,131,vitacura,13132,82,375,161,214,375,161,214,0,0,0
11712,metropolitana de santiago,13,santiago,131,vitacura,13132,83,343,133,210,343,133,210,0,0,0
11713,metropolitana de santiago,13,santiago,131,vitacura,13132,84,318,129,189,318,129,189,0,0,0
11714,metropolitana de santiago,13,santiago,131,vitacura,13132,85,303,126,177,303,126,177,0,0,0
11715,metropolitana de santiago,13,santiago,131,vitacura,13132,86,308,118,190,308,118,190,0,0,0
11716,metropolitana de santiago,13,santiago,131,vitacura,13132,87,285,112,173,285,112,173,0,0,0
11717,metropolitana de santiago,13,santiago,131,vitacura,13132,88,244,90,154,244,90,154,0,0,0
11718,metropolitana de santiago,13,santiago,131,vitacura,13132,89,237,90,147,237,90,147,0,0,0
11719,metropolitana de santiago,13,santiago,131,vitacura,13132,90,171,54,117,171,54,117,0,0,0
11720,metropolitana de santiago,13,santiago,131,vitacura,13132,91,160,59,101,160,59,101,0,0,0
11721,metropolitana de santiago,13,santiago,131,vitacura,13132,92,162,57,105,162,57,105,0,0,0
11722,metropolitana de santiago,13,santiago,131,vitacura,13132,93,100,17,83,100,17,83,0,0,0
11723,metropolitana de santiago,13,santiago,131,vitacura,13132,94,88,21,67,88,21,67,0,0,0
11724,metropolitana de santiago,13,santiago,131,vitacura,13132,95,68,15,53,68,15,53,0,0,0
11725,metropolitana de santiago,13,santiago,131,vitacura,13132,96,54,14,40,54,14,40,0,0,0
11726,metropolitana de santiago,13,santiago,131,vitacura,13132,97,38,8,30,38,8,30,0,0,0
11727,metropolitana de santiago,13,santiago,131,vitacura,13132,98,23,4,19,23,4,19,0,0,0
11728,metropolitana de santiago,13,santiago,131,vitacura,13132,99,16,3,13,16,3,13,0,0,0
11729,metropolitana de santiago,13,santiago,131,vitacura,13132,100 o más,44,11,33,44,11,33,0,0,0
11730,metropolitana de santiago,13,cordillera,132,puente alto,13201,total comuna,568106,275147,292959,568094,275141,292953,12,6,6
11731,metropolitana de santiago,13,cordillera,132,puente alto,13201,0,7399,3760,3639,7399,3760,3639,0,0,0
11732,metropolitana de santiago,13,cordillera,132,puente alto,13201,1,8241,4217,4024,8241,4217,4024,0,0,0
11733,metropolitana de santiago,13,cordillera,132,puente alto,13201,2,8383,4265,4118,8383,4265,4118,0,0,0
11734,metropolitana de santiago,13,cordillera,132,puente alto,13201,3,8329,4278,4051,8328,4278,4050,1,0,1
11735,metropolitana de santiago,13,cordillera,132,puente alto,13201,4,8234,4124,4110,8233,4124,4109,1,0,1
11736,metropolitana de santiago,13,cordillera,132,puente alto,13201,5,8148,4250,3898,8148,4250,3898,0,0,0
11737,metropolitana de santiago,13,cordillera,132,puente alto,13201,6,8576,4353,4223,8576,4353,4223,0,0,0
11738,metropolitana de santiago,13,cordillera,132,puente alto,13201,7,8669,4414,4255,8669,4414,4255,0,0,0
11739,metropolitana de santiago,13,cordillera,132,puente alto,13201,8,8398,4277,4121,8398,4277,4121,0,0,0
11740,metropolitana de santiago,13,cordillera,132,puente alto,13201,9,8346,4377,3969,8346,4377,3969,0,0,0
11741,metropolitana de santiago,13,cordillera,132,puente alto,13201,10,8016,4028,3988,8015,4027,3988,1,1,0
11742,metropolitana de santiago,13,cordillera,132,puente alto,13201,11,7924,4101,3823,7924,4101,3823,0,0,0
11743,metropolitana de santiago,13,cordillera,132,puente alto,13201,12,7892,4030,3862,7892,4030,3862,0,0,0
11744,metropolitana de santiago,13,cordillera,132,puente alto,13201,13,8021,4067,3954,8021,4067,3954,0,0,0
11745,metropolitana de santiago,13,cordillera,132,puente alto,13201,14,8213,4137,4076,8213,4137,4076,0,0,0
11746,metropolitana de santiago,13,cordillera,132,puente alto,13201,15,8555,4393,4162,8555,4393,4162,0,0,0
11747,metropolitana de santiago,13,cordillera,132,puente alto,13201,16,8668,4400,4268,8668,4400,4268,0,0,0
11748,metropolitana de santiago,13,cordillera,132,puente alto,13201,17,8928,4548,4380,8928,4548,4380,0,0,0
11749,metropolitana de santiago,13,cordillera,132,puente alto,13201,18,8805,4401,4404,8805,4401,4404,0,0,0
11750,metropolitana de santiago,13,cordillera,132,puente alto,13201,19,9098,4554,4544,9098,4554,4544,0,0,0
11751,metropolitana de santiago,13,cordillera,132,puente alto,13201,20,9491,4793,4698,9491,4793,4698,0,0,0
11752,metropolitana de santiago,13,cordillera,132,puente alto,13201,21,9589,4833,4756,9589,4833,4756,0,0,0
11753,metropolitana de santiago,13,cordillera,132,puente alto,13201,22,10283,5225,5058,10283,5225,5058,0,0,0
11754,metropolitana de santiago,13,cordillera,132,puente alto,13201,23,10077,5129,4948,10077,5129,4948,0,0,0
11755,metropolitana de santiago,13,cordillera,132,puente alto,13201,24,10271,5288,4983,10271,5288,4983,0,0,0
11756,metropolitana de santiago,13,cordillera,132,puente alto,13201,25,10064,5150,4914,10063,5150,4913,1,0,1
11757,metropolitana de santiago,13,cordillera,132,puente alto,13201,26,10259,5164,5095,10259,5164,5095,0,0,0
11758,metropolitana de santiago,13,cordillera,132,puente alto,13201,27,10070,5145,4925,10069,5144,4925,1,1,0
11759,metropolitana de santiago,13,cordillera,132,puente alto,13201,28,9780,4834,4946,9780,4834,4946,0,0,0
11760,metropolitana de santiago,13,cordillera,132,puente alto,13201,29,8854,4484,4370,8854,4484,4370,0,0,0
11761,metropolitana de santiago,13,cordillera,132,puente alto,13201,30,8595,4264,4331,8595,4264,4331,0,0,0
11762,metropolitana de santiago,13,cordillera,132,puente alto,13201,31,8167,4006,4161,8167,4006,4161,0,0,0
11763,metropolitana de santiago,13,cordillera,132,puente alto,13201,32,7997,3931,4066,7996,3930,4066,1,1,0
11764,metropolitana de santiago,13,cordillera,132,puente alto,13201,33,7916,3859,4057,7915,3859,4056,1,0,1
11765,metropolitana de santiago,13,cordillera,132,puente alto,13201,34,8049,3988,4061,8049,3988,4061,0,0,0
11766,metropolitana de santiago,13,cordillera,132,puente alto,13201,35,8576,4222,4354,8576,4222,4354,0,0,0
11767,metropolitana de santiago,13,cordillera,132,puente alto,13201,36,7683,3761,3922,7683,3761,3922,0,0,0
11768,metropolitana de santiago,13,cordillera,132,puente alto,13201,37,7463,3587,3876,7462,3586,3876,1,1,0
11769,metropolitana de santiago,13,cordillera,132,puente alto,13201,38,7060,3405,3655,7060,3405,3655,0,0,0
11770,metropolitana de santiago,13,cordillera,132,puente alto,13201,39,6913,3343,3570,6913,3343,3570,0,0,0
11771,metropolitana de santiago,13,cordillera,132,puente alto,13201,40,6676,3196,3480,6676,3196,3480,0,0,0
11772,metropolitana de santiago,13,cordillera,132,puente alto,13201,41,7387,3618,3769,7387,3618,3769,0,0,0
11773,metropolitana de santiago,13,cordillera,132,puente alto,13201,42,7774,3608,4166,7774,3608,4166,0,0,0
11774,metropolitana de santiago,13,cordillera,132,puente alto,13201,43,7885,3815,4070,7885,3815,4070,0,0,0
11775,metropolitana de santiago,13,cordillera,132,puente alto,13201,44,7865,3696,4169,7865,3696,4169,0,0,0
11776,metropolitana de santiago,13,cordillera,132,puente alto,13201,45,7745,3563,4182,7745,3563,4182,0,0,0
11777,metropolitana de santiago,13,cordillera,132,puente alto,13201,46,7452,3524,3928,7452,3524,3928,0,0,0
11778,metropolitana de santiago,13,cordillera,132,puente alto,13201,47,7314,3316,3998,7313,3316,3997,1,0,1
11779,metropolitana de santiago,13,cordillera,132,puente alto,13201,48,7652,3519,4133,7652,3519,4133,0,0,0
11780,metropolitana de santiago,13,cordillera,132,puente alto,13201,49,8102,3698,4404,8102,3698,4404,0,0,0
11781,metropolitana de santiago,13,cordillera,132,puente alto,13201,50,8172,3630,4542,8172,3630,4542,0,0,0
11782,metropolitana de santiago,13,cordillera,132,puente alto,13201,51,8229,3732,4497,8229,3732,4497,0,0,0
11783,metropolitana de santiago,13,cordillera,132,puente alto,13201,52,8547,3922,4625,8547,3922,4625,0,0,0
11784,metropolitana de santiago,13,cordillera,132,puente alto,13201,53,8517,3878,4639,8517,3878,4639,0,0,0
11785,metropolitana de santiago,13,cordillera,132,puente alto,13201,54,8722,4005,4717,8722,4005,4717,0,0,0
11786,metropolitana de santiago,13,cordillera,132,puente alto,13201,55,8242,3822,4420,8242,3822,4420,0,0,0
11787,metropolitana de santiago,13,cordillera,132,puente alto,13201,56,7707,3518,4189,7706,3517,4189,1,1,0
11788,metropolitana de santiago,13,cordillera,132,puente alto,13201,57,7277,3420,3857,7277,3420,3857,0,0,0
11789,metropolitana de santiago,13,cordillera,132,puente alto,13201,58,6922,3238,3684,6922,3238,3684,0,0,0
11790,metropolitana de santiago,13,cordillera,132,puente alto,13201,59,6633,3141,3492,6633,3141,3492,0,0,0
11791,metropolitana de santiago,13,cordillera,132,puente alto,13201,60,6183,2889,3294,6182,2889,3293,1,0,1
11792,metropolitana de santiago,13,cordillera,132,puente alto,13201,61,5585,2643,2942,5585,2643,2942,0,0,0
11793,metropolitana de santiago,13,cordillera,132,puente alto,13201,62,4966,2318,2648,4966,2318,2648,0,0,0
11794,metropolitana de santiago,13,cordillera,132,puente alto,13201,63,4735,2178,2557,4735,2178,2557,0,0,0
11795,metropolitana de santiago,13,cordillera,132,puente alto,13201,64,4329,2004,2325,4329,2004,2325,0,0,0
11796,metropolitana de santiago,13,cordillera,132,puente alto,13201,65,3928,1840,2088,3928,1840,2088,0,0,0
11797,metropolitana de santiago,13,cordillera,132,puente alto,13201,66,3545,1617,1928,3545,1617,1928,0,0,0
11798,metropolitana de santiago,13,cordillera,132,puente alto,13201,67,3365,1511,1854,3364,1510,1854,1,1,0
11799,metropolitana de santiago,13,cordillera,132,puente alto,13201,68,3065,1386,1679,3065,1386,1679,0,0,0
11800,metropolitana de santiago,13,cordillera,132,puente alto,13201,69,2823,1284,1539,2823,1284,1539,0,0,0
11801,metropolitana de santiago,13,cordillera,132,puente alto,13201,70,2704,1151,1553,2704,1151,1553,0,0,0
11802,metropolitana de santiago,13,cordillera,132,puente alto,13201,71,2400,1078,1322,2400,1078,1322,0,0,0
11803,metropolitana de santiago,13,cordillera,132,puente alto,13201,72,2298,974,1324,2298,974,1324,0,0,0
11804,metropolitana de santiago,13,cordillera,132,puente alto,13201,73,1939,821,1118,1939,821,1118,0,0,0
11805,metropolitana de santiago,13,cordillera,132,puente alto,13201,74,1848,764,1084,1848,764,1084,0,0,0
11806,metropolitana de santiago,13,cordillera,132,puente alto,13201,75,1680,677,1003,1680,677,1003,0,0,0
11807,metropolitana de santiago,13,cordillera,132,puente alto,13201,76,1529,601,928,1529,601,928,0,0,0
11808,metropolitana de santiago,13,cordillera,132,puente alto,13201,77,1461,542,919,1461,542,919,0,0,0
11809,metropolitana de santiago,13,cordillera,132,puente alto,13201,78,1226,452,774,1226,452,774,0,0,0
11810,metropolitana de santiago,13,cordillera,132,puente alto,13201,79,1125,438,687,1125,438,687,0,0,0
11811,metropolitana de santiago,13,cordillera,132,puente alto,13201,80,1044,383,661,1044,383,661,0,0,0
11812,metropolitana de santiago,13,cordillera,132,puente alto,13201,81,976,370,606,976,370,606,0,0,0
11813,metropolitana de santiago,13,cordillera,132,puente alto,13201,82,912,288,624,912,288,624,0,0,0
11814,metropolitana de santiago,13,cordillera,132,puente alto,13201,83,777,270,507,777,270,507,0,0,0
11815,metropolitana de santiago,13,cordillera,132,puente alto,13201,84,720,240,480,720,240,480,0,0,0
11816,metropolitana de santiago,13,cordillera,132,puente alto,13201,85,730,216,514,730,216,514,0,0,0
11817,metropolitana de santiago,13,cordillera,132,puente alto,13201,86,677,203,474,677,203,474,0,0,0
11818,metropolitana de santiago,13,cordillera,132,puente alto,13201,87,525,171,354,525,171,354,0,0,0
11819,metropolitana de santiago,13,cordillera,132,puente alto,13201,88,456,123,333,456,123,333,0,0,0
11820,metropolitana de santiago,13,cordillera,132,puente alto,13201,89,397,120,277,397,120,277,0,0,0
11821,metropolitana de santiago,13,cordillera,132,puente alto,13201,90,304,88,216,304,88,216,0,0,0
11822,metropolitana de santiago,13,cordillera,132,puente alto,13201,91,207,52,155,207,52,155,0,0,0
11823,metropolitana de santiago,13,cordillera,132,puente alto,13201,92,177,45,132,177,45,132,0,0,0
11824,metropolitana de santiago,13,cordillera,132,puente alto,13201,93,138,29,109,138,29,109,0,0,0
11825,metropolitana de santiago,13,cordillera,132,puente alto,13201,94,146,31,115,146,31,115,0,0,0
11826,metropolitana de santiago,13,cordillera,132,puente alto,13201,95,101,20,81,101,20,81,0,0,0
11827,metropolitana de santiago,13,cordillera,132,puente alto,13201,96,71,25,46,71,25,46,0,0,0
11828,metropolitana de santiago,13,cordillera,132,puente alto,13201,97,45,10,35,45,10,35,0,0,0
11829,metropolitana de santiago,13,cordillera,132,puente alto,13201,98,33,14,19,33,14,19,0,0,0
11830,metropolitana de santiago,13,cordillera,132,puente alto,13201,99,26,7,19,26,7,19,0,0,0
11831,metropolitana de santiago,13,cordillera,132,puente alto,13201,100 o más,90,30,60,90,30,60,0,0,0
11832,metropolitana de santiago,13,cordillera,132,pirque,13202,total comuna,26521,13429,13092,11670,5893,5777,14851,7536,7315
11833,metropolitana de santiago,13,cordillera,132,pirque,13202,0,314,164,150,158,93,65,156,71,85
11834,metropolitana de santiago,13,cordillera,132,pirque,13202,1,366,189,177,171,85,86,195,104,91
11835,metropolitana de santiago,13,cordillera,132,pirque,13202,2,390,193,197,188,87,101,202,106,96
11836,metropolitana de santiago,13,cordillera,132,pirque,13202,3,368,184,184,196,101,95,172,83,89
11837,metropolitana de santiago,13,cordillera,132,pirque,13202,4,386,190,196,169,81,88,217,109,108
11838,metropolitana de santiago,13,cordillera,132,pirque,13202,5,377,193,184,173,94,79,204,99,105
11839,metropolitana de santiago,13,cordillera,132,pirque,13202,6,402,227,175,158,92,66,244,135,109
11840,metropolitana de santiago,13,cordillera,132,pirque,13202,7,376,198,178,162,80,82,214,118,96
11841,metropolitana de santiago,13,cordillera,132,pirque,13202,8,398,213,185,168,83,85,230,130,100
11842,metropolitana de santiago,13,cordillera,132,pirque,13202,9,387,193,194,172,86,86,215,107,108
11843,metropolitana de santiago,13,cordillera,132,pirque,13202,10,331,157,174,146,65,81,185,92,93
11844,metropolitana de santiago,13,cordillera,132,pirque,13202,11,372,191,181,191,94,97,181,97,84
11845,metropolitana de santiago,13,cordillera,132,pirque,13202,12,320,163,157,153,86,67,167,77,90
11846,metropolitana de santiago,13,cordillera,132,pirque,13202,13,376,190,186,155,78,77,221,112,109
11847,metropolitana de santiago,13,cordillera,132,pirque,13202,14,375,180,195,155,77,78,220,103,117
11848,metropolitana de santiago,13,cordillera,132,pirque,13202,15,354,169,185,152,75,77,202,94,108
11849,metropolitana de santiago,13,cordillera,132,pirque,13202,16,403,209,194,200,115,85,203,94,109
11850,metropolitana de santiago,13,cordillera,132,pirque,13202,17,400,225,175,180,103,77,220,122,98
11851,metropolitana de santiago,13,cordillera,132,pirque,13202,18,367,178,189,171,76,95,196,102,94
11852,metropolitana de santiago,13,cordillera,132,pirque,13202,19,369,195,174,164,83,81,205,112,93
11853,metropolitana de santiago,13,cordillera,132,pirque,13202,20,409,195,214,182,83,99,227,112,115
11854,metropolitana de santiago,13,cordillera,132,pirque,13202,21,416,200,216,190,89,101,226,111,115
11855,metropolitana de santiago,13,cordillera,132,pirque,13202,22,422,227,195,184,96,88,238,131,107
11856,metropolitana de santiago,13,cordillera,132,pirque,13202,23,395,211,184,177,88,89,218,123,95
11857,metropolitana de santiago,13,cordillera,132,pirque,13202,24,434,223,211,199,97,102,235,126,109
11858,metropolitana de santiago,13,cordillera,132,pirque,13202,25,406,211,195,196,106,90,210,105,105
11859,metropolitana de santiago,13,cordillera,132,pirque,13202,26,414,218,196,187,83,104,227,135,92
11860,metropolitana de santiago,13,cordillera,132,pirque,13202,27,468,239,229,216,110,106,252,129,123
11861,metropolitana de santiago,13,cordillera,132,pirque,13202,28,458,247,211,209,113,96,249,134,115
11862,metropolitana de santiago,13,cordillera,132,pirque,13202,29,389,193,196,201,90,111,188,103,85
11863,metropolitana de santiago,13,cordillera,132,pirque,13202,30,354,190,164,187,99,88,167,91,76
11864,metropolitana de santiago,13,cordillera,132,pirque,13202,31,375,198,177,178,92,86,197,106,91
11865,metropolitana de santiago,13,cordillera,132,pirque,13202,32,353,164,189,145,70,75,208,94,114
11866,metropolitana de santiago,13,cordillera,132,pirque,13202,33,342,176,166,162,91,71,180,85,95
11867,metropolitana de santiago,13,cordillera,132,pirque,13202,34,341,162,179,165,75,90,176,87,89
11868,metropolitana de santiago,13,cordillera,132,pirque,13202,35,365,194,171,144,75,69,221,119,102
11869,metropolitana de santiago,13,cordillera,132,pirque,13202,36,347,164,183,149,74,75,198,90,108
11870,metropolitana de santiago,13,cordillera,132,pirque,13202,37,347,161,186,135,66,69,212,95,117
11871,metropolitana de santiago,13,cordillera,132,pirque,13202,38,354,168,186,150,79,71,204,89,115
11872,metropolitana de santiago,13,cordillera,132,pirque,13202,39,326,174,152,140,76,64,186,98,88
11873,metropolitana de santiago,13,cordillera,132,pirque,13202,40,326,160,166,146,74,72,180,86,94
11874,metropolitana de santiago,13,cordillera,132,pirque,13202,41,382,189,193,153,70,83,229,119,110
11875,metropolitana de santiago,13,cordillera,132,pirque,13202,42,374,197,177,144,85,59,230,112,118
11876,metropolitana de santiago,13,cordillera,132,pirque,13202,43,390,191,199,166,79,87,224,112,112
11877,metropolitana de santiago,13,cordillera,132,pirque,13202,44,334,153,181,142,59,83,192,94,98
11878,metropolitana de santiago,13,cordillera,132,pirque,13202,45,363,174,189,147,73,74,216,101,115
11879,metropolitana de santiago,13,cordillera,132,pirque,13202,46,366,193,173,155,82,73,211,111,100
11880,metropolitana de santiago,13,cordillera,132,pirque,13202,47,378,171,207,157,78,79,221,93,128
11881,metropolitana de santiago,13,cordillera,132,pirque,13202,48,382,195,187,162,85,77,220,110,110
11882,metropolitana de santiago,13,cordillera,132,pirque,13202,49,355,173,182,155,79,76,200,94,106
11883,metropolitana de santiago,13,cordillera,132,pirque,13202,50,390,185,205,171,73,98,219,112,107
11884,metropolitana de santiago,13,cordillera,132,pirque,13202,51,401,200,201,179,87,92,222,113,109
11885,metropolitana de santiago,13,cordillera,132,pirque,13202,52,422,202,220,177,79,98,245,123,122
11886,metropolitana de santiago,13,cordillera,132,pirque,13202,53,413,208,205,186,98,88,227,110,117
11887,metropolitana de santiago,13,cordillera,132,pirque,13202,54,427,229,198,196,98,98,231,131,100
11888,metropolitana de santiago,13,cordillera,132,pirque,13202,55,373,194,179,163,86,77,210,108,102
11889,metropolitana de santiago,13,cordillera,132,pirque,13202,56,344,178,166,148,65,83,196,113,83
11890,metropolitana de santiago,13,cordillera,132,pirque,13202,57,370,192,178,154,87,67,216,105,111
11891,metropolitana de santiago,13,cordillera,132,pirque,13202,58,314,166,148,120,69,51,194,97,97
11892,metropolitana de santiago,13,cordillera,132,pirque,13202,59,291,156,135,117,67,50,174,89,85
11893,metropolitana de santiago,13,cordillera,132,pirque,13202,60,305,177,128,123,72,51,182,105,77
11894,metropolitana de santiago,13,cordillera,132,pirque,13202,61,282,152,130,112,62,50,170,90,80
11895,metropolitana de santiago,13,cordillera,132,pirque,13202,62,242,110,132,99,40,59,143,70,73
11896,metropolitana de santiago,13,cordillera,132,pirque,13202,63,253,114,139,92,48,44,161,66,95
11897,metropolitana de santiago,13,cordillera,132,pirque,13202,64,221,125,96,96,55,41,125,70,55
11898,metropolitana de santiago,13,cordillera,132,pirque,13202,65,205,102,103,78,44,34,127,58,69
11899,metropolitana de santiago,13,cordillera,132,pirque,13202,66,226,123,103,99,48,51,127,75,52
11900,metropolitana de santiago,13,cordillera,132,pirque,13202,67,171,83,88,77,34,43,94,49,45
11901,metropolitana de santiago,13,cordillera,132,pirque,13202,68,180,93,87,74,38,36,106,55,51
11902,metropolitana de santiago,13,cordillera,132,pirque,13202,69,159,83,76,64,30,34,95,53,42
11903,metropolitana de santiago,13,cordillera,132,pirque,13202,70,142,69,73,63,33,30,79,36,43
11904,metropolitana de santiago,13,cordillera,132,pirque,13202,71,156,90,66,66,35,31,90,55,35
11905,metropolitana de santiago,13,cordillera,132,pirque,13202,72,149,83,66,65,38,27,84,45,39
11906,metropolitana de santiago,13,cordillera,132,pirque,13202,73,130,79,51,63,37,26,67,42,25
11907,metropolitana de santiago,13,cordillera,132,pirque,13202,74,130,62,68,54,25,29,76,37,39
11908,metropolitana de santiago,13,cordillera,132,pirque,13202,75,108,47,61,51,22,29,57,25,32
11909,metropolitana de santiago,13,cordillera,132,pirque,13202,76,109,58,51,47,26,21,62,32,30
11910,metropolitana de santiago,13,cordillera,132,pirque,13202,77,89,52,37,45,23,22,44,29,15
11911,metropolitana de santiago,13,cordillera,132,pirque,13202,78,74,36,38,32,18,14,42,18,24
11912,metropolitana de santiago,13,cordillera,132,pirque,13202,79,74,35,39,35,15,20,39,20,19
11913,metropolitana de santiago,13,cordillera,132,pirque,13202,80,76,29,47,40,15,25,36,14,22
11914,metropolitana de santiago,13,cordillera,132,pirque,13202,81,64,22,42,22,6,16,42,16,26
11915,metropolitana de santiago,13,cordillera,132,pirque,13202,82,60,23,37,26,11,15,34,12,22
11916,metropolitana de santiago,13,cordillera,132,pirque,13202,83,50,19,31,18,7,11,32,12,20
11917,metropolitana de santiago,13,cordillera,132,pirque,13202,84,44,23,21,14,8,6,30,15,15
11918,metropolitana de santiago,13,cordillera,132,pirque,13202,85,53,29,24,19,11,8,34,18,16
11919,metropolitana de santiago,13,cordillera,132,pirque,13202,86,41,23,18,9,6,3,32,17,15
11920,metropolitana de santiago,13,cordillera,132,pirque,13202,87,32,10,22,9,3,6,23,7,16
11921,metropolitana de santiago,13,cordillera,132,pirque,13202,88,28,11,17,13,7,6,15,4,11
11922,metropolitana de santiago,13,cordillera,132,pirque,13202,89,30,8,22,13,2,11,17,6,11
11923,metropolitana de santiago,13,cordillera,132,pirque,13202,90,22,9,13,8,5,3,14,4,10
11924,metropolitana de santiago,13,cordillera,132,pirque,13202,91,20,7,13,6,1,5,14,6,8
11925,metropolitana de santiago,13,cordillera,132,pirque,13202,92,14,4,10,6,2,4,8,2,6
11926,metropolitana de santiago,13,cordillera,132,pirque,13202,93,11,6,5,6,3,3,5,3,2
11927,metropolitana de santiago,13,cordillera,132,pirque,13202,94,11,4,7,5,2,3,6,2,4
11928,metropolitana de santiago,13,cordillera,132,pirque,13202,95,1,0,1,0,0,0,1,0,1
11929,metropolitana de santiago,13,cordillera,132,pirque,13202,96,3,1,2,0,0,0,3,1,2
11930,metropolitana de santiago,13,cordillera,132,pirque,13202,97,5,2,3,1,1,0,4,1,3
11931,metropolitana de santiago,13,cordillera,132,pirque,13202,98,3,0,3,1,0,1,2,0,2
11932,metropolitana de santiago,13,cordillera,132,pirque,13202,99,0,0,0,0,0,0,0,0,0
11933,metropolitana de santiago,13,cordillera,132,pirque,13202,100 o más,7,4,3,3,1,2,4,3,1
11934,metropolitana de santiago,13,cordillera,132,san josé de maipo,13203,total comuna,18189,9861,8328,11208,5628,5580,6981,4233,2748
11935,metropolitana de santiago,13,cordillera,132,san josé de maipo,13203,0,205,116,89,125,76,49,80,40,40
11936,metropolitana de santiago,13,cordillera,132,san josé de maipo,13203,1,204,107,97,127,63,64,77,44,33
11937,metropolitana de santiago,13,cordillera,132,san josé de maipo,13203,2,219,124,95,133,82,51,86,42,44
11938,metropolitana de santiago,13,cordillera,132,san josé de maipo,13203,3,216,100,116,151,67,84,65,33,32
11939,metropolitana de santiago,13,cordillera,132,san josé de maipo,13203,4,208,119,89,131,78,53,77,41,36
11940,metropolitana de santiago,13,cordillera,132,san josé de maipo,13203,5,189,93,96,128,61,67,61,32,29
11941,metropolitana de santiago,13,cordillera,132,san josé de maipo,13203,6,222,118,104,148,79,69,74,39,35
11942,metropolitana de santiago,13,cordillera,132,san josé de maipo,13203,7,218,112,106,144,69,75,74,43,31
11943,metropolitana de santiago,13,cordillera,132,san josé de maipo,13203,8,229,109,120,142,73,69,87,36,51
11944,metropolitana de santiago,13,cordillera,132,san josé de maipo,13203,9,217,106,111,152,72,80,65,34,31
11945,metropolitana de santiago,13,cordillera,132,san josé de maipo,13203,10,236,120,116,160,88,72,76,32,44
11946,metropolitana de santiago,13,cordillera,132,san josé de maipo,13203,11,209,117,92,148,79,69,61,38,23
11947,metropolitana de santiago,13,cordillera,132,san josé de maipo,13203,12,208,108,100,129,69,60,79,39,40
11948,metropolitana de santiago,13,cordillera,132,san josé de maipo,13203,13,230,117,113,163,86,77,67,31,36
11949,metropolitana de santiago,13,cordillera,132,san josé de maipo,13203,14,239,134,105,148,92,56,91,42,49
11950,metropolitana de santiago,13,cordillera,132,san josé de maipo,13203,15,224,111,113,156,76,80,68,35,33
11951,metropolitana de santiago,13,cordillera,132,san josé de maipo,13203,16,251,142,109,162,94,68,89,48,41
11952,metropolitana de santiago,13,cordillera,132,san josé de maipo,13203,17,227,111,116,159,75,84,68,36,32
11953,metropolitana de santiago,13,cordillera,132,san josé de maipo,13203,18,215,105,110,141,67,74,74,38,36
11954,metropolitana de santiago,13,cordillera,132,san josé de maipo,13203,19,204,104,100,137,64,73,67,40,27
11955,metropolitana de santiago,13,cordillera,132,san josé de maipo,13203,20,244,116,128,166,72,94,78,44,34
11956,metropolitana de santiago,13,cordillera,132,san josé de maipo,13203,21,245,129,116,158,80,78,87,49,38
11957,metropolitana de santiago,13,cordillera,132,san josé de maipo,13203,22,277,145,132,173,93,80,104,52,52
11958,metropolitana de santiago,13,cordillera,132,san josé de maipo,13203,23,265,160,105,169,99,70,96,61,35
11959,metropolitana de santiago,13,cordillera,132,san josé de maipo,13203,24,271,122,149,172,75,97,99,47,52
11960,metropolitana de santiago,13,cordillera,132,san josé de maipo,13203,25,303,176,127,184,102,82,119,74,45
11961,metropolitana de santiago,13,cordillera,132,san josé de maipo,13203,26,338,189,149,211,102,109,127,87,40
11962,metropolitana de santiago,13,cordillera,132,san josé de maipo,13203,27,268,152,116,151,78,73,117,74,43
11963,metropolitana de santiago,13,cordillera,132,san josé de maipo,13203,28,307,183,124,166,93,73,141,90,51
11964,metropolitana de santiago,13,cordillera,132,san josé de maipo,13203,29,275,132,143,159,69,90,116,63,53
11965,metropolitana de santiago,13,cordillera,132,san josé de maipo,13203,30,270,161,109,147,78,69,123,83,40
11966,metropolitana de santiago,13,cordillera,132,san josé de maipo,13203,31,279,167,112,160,91,69,119,76,43
11967,metropolitana de santiago,13,cordillera,132,san josé de maipo,13203,32,265,151,114,145,76,69,120,75,45
11968,metropolitana de santiago,13,cordillera,132,san josé de maipo,13203,33,263,157,106,146,81,65,117,76,41
11969,metropolitana de santiago,13,cordillera,132,san josé de maipo,13203,34,290,178,112,154,82,72,136,96,40
11970,metropolitana de santiago,13,cordillera,132,san josé de maipo,13203,35,306,166,140,167,82,85,139,84,55
11971,metropolitana de santiago,13,cordillera,132,san josé de maipo,13203,36,289,167,122,160,80,80,129,87,42
11972,metropolitana de santiago,13,cordillera,132,san josé de maipo,13203,37,280,155,125,167,76,91,113,79,34
11973,metropolitana de santiago,13,cordillera,132,san josé de maipo,13203,38,305,185,120,171,86,85,134,99,35
11974,metropolitana de santiago,13,cordillera,132,san josé de maipo,13203,39,263,164,99,145,82,63,118,82,36
11975,metropolitana de santiago,13,cordillera,132,san josé de maipo,13203,40,298,186,112,162,85,77,136,101,35
11976,metropolitana de santiago,13,cordillera,132,san josé de maipo,13203,41,276,160,116,144,69,75,132,91,41
11977,metropolitana de santiago,13,cordillera,132,san josé de maipo,13203,42,280,149,131,166,82,84,114,67,47
11978,metropolitana de santiago,13,cordillera,132,san josé de maipo,13203,43,278,173,105,164,94,70,114,79,35
11979,metropolitana de santiago,13,cordillera,132,san josé de maipo,13203,44,303,186,117,169,88,81,134,98,36
11980,metropolitana de santiago,13,cordillera,132,san josé de maipo,13203,45,292,173,119,159,82,77,133,91,42
11981,metropolitana de santiago,13,cordillera,132,san josé de maipo,13203,46,263,148,115,165,83,82,98,65,33
11982,metropolitana de santiago,13,cordillera,132,san josé de maipo,13203,47,267,148,119,140,64,76,127,84,43
11983,metropolitana de santiago,13,cordillera,132,san josé de maipo,13203,48,283,168,115,175,97,78,108,71,37
11984,metropolitana de santiago,13,cordillera,132,san josé de maipo,13203,49,275,162,113,160,87,73,115,75,40
11985,metropolitana de santiago,13,cordillera,132,san josé de maipo,13203,50,241,145,96,136,71,65,105,74,31
11986,metropolitana de santiago,13,cordillera,132,san josé de maipo,13203,51,246,147,99,136,69,67,110,78,32
11987,metropolitana de santiago,13,cordillera,132,san josé de maipo,13203,52,266,157,109,150,75,75,116,82,34
11988,metropolitana de santiago,13,cordillera,132,san josé de maipo,13203,53,268,146,122,153,73,80,115,73,42
11989,metropolitana de santiago,13,cordillera,132,san josé de maipo,13203,54,277,149,128,170,87,83,107,62,45
11990,metropolitana de santiago,13,cordillera,132,san josé de maipo,13203,55,252,134,118,147,70,77,105,64,41
11991,metropolitana de santiago,13,cordillera,132,san josé de maipo,13203,56,240,134,106,153,79,74,87,55,32
11992,metropolitana de santiago,13,cordillera,132,san josé de maipo,13203,57,228,123,105,143,69,74,85,54,31
11993,metropolitana de santiago,13,cordillera,132,san josé de maipo,13203,58,237,122,115,132,63,69,105,59,46
11994,metropolitana de santiago,13,cordillera,132,san josé de maipo,13203,59,206,114,92,114,54,60,92,60,32
11995,metropolitana de santiago,13,cordillera,132,san josé de maipo,13203,60,208,105,103,132,62,70,76,43,33
11996,metropolitana de santiago,13,cordillera,132,san josé de maipo,13203,61,190,96,94,115,51,64,75,45,30
11997,metropolitana de santiago,13,cordillera,132,san josé de maipo,13203,62,204,110,94,141,76,65,63,34,29
11998,metropolitana de santiago,13,cordillera,132,san josé de maipo,13203,63,169,88,81,110,47,63,59,41,18
11999,metropolitana de santiago,13,cordillera,132,san josé de maipo,13203,64,166,88,78,106,54,52,60,34,26
12000,metropolitana de santiago,13,cordillera,132,san josé de maipo,13203,65,120,63,57,81,38,43,39,25,14
12001,metropolitana de santiago,13,cordillera,132,san josé de maipo,13203,66,129,61,68,84,34,50,45,27,18
12002,metropolitana de santiago,13,cordillera,132,san josé de maipo,13203,67,129,67,62,86,43,43,43,24,19
12003,metropolitana de santiago,13,cordillera,132,san josé de maipo,13203,68,134,54,80,90,31,59,44,23,21
12004,metropolitana de santiago,13,cordillera,132,san josé de maipo,13203,69,133,72,61,93,51,42,40,21,19
12005,metropolitana de santiago,13,cordillera,132,san josé de maipo,13203,70,107,55,52,77,36,41,30,19,11
12006,metropolitana de santiago,13,cordillera,132,san josé de maipo,13203,71,105,50,55,74,30,44,31,20,11
12007,metropolitana de santiago,13,cordillera,132,san josé de maipo,13203,72,123,54,69,84,38,46,39,16,23
12008,metropolitana de santiago,13,cordillera,132,san josé de maipo,13203,73,115,54,61,82,38,44,33,16,17
12009,metropolitana de santiago,13,cordillera,132,san josé de maipo,13203,74,93,56,37,63,37,26,30,19,11
12010,metropolitana de santiago,13,cordillera,132,san josé de maipo,13203,75,77,35,42,50,19,31,27,16,11
12011,metropolitana de santiago,13,cordillera,132,san josé de maipo,13203,76,66,27,39,51,20,31,15,7,8
12012,metropolitana de santiago,13,cordillera,132,san josé de maipo,13203,77,78,28,50,51,19,32,27,9,18
12013,metropolitana de santiago,13,cordillera,132,san josé de maipo,13203,78,64,32,32,49,25,24,15,7,8
12014,metropolitana de santiago,13,cordillera,132,san josé de maipo,13203,79,65,23,42,37,12,25,28,11,17
12015,metropolitana de santiago,13,cordillera,132,san josé de maipo,13203,80,62,32,30,46,26,20,16,6,10
12016,metropolitana de santiago,13,cordillera,132,san josé de maipo,13203,81,43,20,23,30,15,15,13,5,8
12017,metropolitana de santiago,13,cordillera,132,san josé de maipo,13203,82,54,27,27,41,19,22,13,8,5
12018,metropolitana de santiago,13,cordillera,132,san josé de maipo,13203,83,41,16,25,29,11,18,12,5,7
12019,metropolitana de santiago,13,cordillera,132,san josé de maipo,13203,84,37,17,20,29,13,16,8,4,4
12020,metropolitana de santiago,13,cordillera,132,san josé de maipo,13203,85,37,13,24,28,8,20,9,5,4
12021,metropolitana de santiago,13,cordillera,132,san josé de maipo,13203,86,38,17,21,30,13,17,8,4,4
12022,metropolitana de santiago,13,cordillera,132,san josé de maipo,13203,87,34,10,24,27,6,21,7,4,3
12023,metropolitana de santiago,13,cordillera,132,san josé de maipo,13203,88,26,11,15,18,7,11,8,4,4
12024,metropolitana de santiago,13,cordillera,132,san josé de maipo,13203,89,24,8,16,20,6,14,4,2,2
12025,metropolitana de santiago,13,cordillera,132,san josé de maipo,13203,90,16,6,10,14,5,9,2,1,1
12026,metropolitana de santiago,13,cordillera,132,san josé de maipo,13203,91,11,3,8,9,1,8,2,2,0
12027,metropolitana de santiago,13,cordillera,132,san josé de maipo,13203,92,11,4,7,11,4,7,0,0,0
12028,metropolitana de santiago,13,cordillera,132,san josé de maipo,13203,93,6,3,3,6,3,3,0,0,0
12029,metropolitana de santiago,13,cordillera,132,san josé de maipo,13203,94,7,2,5,5,1,4,2,1,1
12030,metropolitana de santiago,13,cordillera,132,san josé de maipo,13203,95,3,0,3,3,0,3,0,0,0
12031,metropolitana de santiago,13,cordillera,132,san josé de maipo,13203,96,3,0,3,3,0,3,0,0,0
12032,metropolitana de santiago,13,cordillera,132,san josé de maipo,13203,97,4,0,4,3,0,3,1,0,1
12033,metropolitana de santiago,13,cordillera,132,san josé de maipo,13203,98,2,0,2,2,0,2,0,0,0
12034,metropolitana de santiago,13,cordillera,132,san josé de maipo,13203,99,1,1,0,1,1,0,0,0,0
12035,metropolitana de santiago,13,cordillera,132,san josé de maipo,13203,100 o más,5,1,4,4,0,4,1,1,0
12036,metropolitana de santiago,13,chacabuco,133,colina,13301,total comuna,146207,74635,71572,118018,60695,57323,28189,13940,14249
12037,metropolitana de santiago,13,chacabuco,133,colina,13301,0,2232,1117,1115,1933,952,981,299,165,134
12038,metropolitana de santiago,13,chacabuco,133,colina,13301,1,2720,1383,1337,2340,1182,1158,380,201,179
12039,metropolitana de santiago,13,chacabuco,133,colina,13301,2,2690,1356,1334,2237,1125,1112,453,231,222
12040,metropolitana de santiago,13,chacabuco,133,colina,13301,3,2724,1373,1351,2303,1162,1141,421,211,210
12041,metropolitana de santiago,13,chacabuco,133,colina,13301,4,2840,1498,1342,2358,1240,1118,482,258,224
12042,metropolitana de santiago,13,chacabuco,133,colina,13301,5,2841,1457,1384,2347,1196,1151,494,261,233
12043,metropolitana de santiago,13,chacabuco,133,colina,13301,6,2824,1451,1373,2307,1183,1124,517,268,249
12044,metropolitana de santiago,13,chacabuco,133,colina,13301,7,2719,1404,1315,2192,1129,1063,527,275,252
12045,metropolitana de santiago,13,chacabuco,133,colina,13301,8,2732,1385,1347,2152,1099,1053,580,286,294
12046,metropolitana de santiago,13,chacabuco,133,colina,13301,9,2522,1313,1209,1975,1033,942,547,280,267
12047,metropolitana de santiago,13,chacabuco,133,colina,13301,10,2413,1259,1154,1884,989,895,529,270,259
12048,metropolitana de santiago,13,chacabuco,133,colina,13301,11,2423,1249,1174,1881,957,924,542,292,250
12049,metropolitana de santiago,13,chacabuco,133,colina,13301,12,2253,1163,1090,1714,876,838,539,287,252
12050,metropolitana de santiago,13,chacabuco,133,colina,13301,13,2220,1158,1062,1690,883,807,530,275,255
12051,metropolitana de santiago,13,chacabuco,133,colina,13301,14,2228,1139,1089,1673,850,823,555,289,266
12052,metropolitana de santiago,13,chacabuco,133,colina,13301,15,2290,1173,1117,1713,878,835,577,295,282
12053,metropolitana de santiago,13,chacabuco,133,colina,13301,16,2314,1169,1145,1754,896,858,560,273,287
12054,metropolitana de santiago,13,chacabuco,133,colina,13301,17,2181,1111,1070,1620,847,773,561,264,297
12055,metropolitana de santiago,13,chacabuco,133,colina,13301,18,2206,1161,1045,1751,921,830,455,240,215
12056,metropolitana de santiago,13,chacabuco,133,colina,13301,19,2153,1116,1037,1721,897,824,432,219,213
12057,metropolitana de santiago,13,chacabuco,133,colina,13301,20,2181,1221,960,1719,968,751,462,253,209
12058,metropolitana de santiago,13,chacabuco,133,colina,13301,21,2204,1199,1005,1777,988,789,427,211,216
12059,metropolitana de santiago,13,chacabuco,133,colina,13301,22,2193,1159,1034,1788,967,821,405,192,213
12060,metropolitana de santiago,13,chacabuco,133,colina,13301,23,2245,1215,1030,1860,1005,855,385,210,175
12061,metropolitana de santiago,13,chacabuco,133,colina,13301,24,2241,1233,1008,1885,1046,839,356,187,169
12062,metropolitana de santiago,13,chacabuco,133,colina,13301,25,2196,1215,981,1882,1053,829,314,162,152
12063,metropolitana de santiago,13,chacabuco,133,colina,13301,26,2337,1267,1070,2023,1112,911,314,155,159
12064,metropolitana de santiago,13,chacabuco,133,colina,13301,27,2193,1181,1012,1907,1038,869,286,143,143
12065,metropolitana de santiago,13,chacabuco,133,colina,13301,28,2174,1141,1033,1920,1030,890,254,111,143
12066,metropolitana de santiago,13,chacabuco,133,colina,13301,29,2076,1120,956,1850,1014,836,226,106,120
12067,metropolitana de santiago,13,chacabuco,133,colina,13301,30,2141,1168,973,1905,1065,840,236,103,133
12068,metropolitana de santiago,13,chacabuco,133,colina,13301,31,2094,1093,1001,1838,969,869,256,124,132
12069,metropolitana de santiago,13,chacabuco,133,colina,13301,32,2098,1106,992,1859,991,868,239,115,124
12070,metropolitana de santiago,13,chacabuco,133,colina,13301,33,2142,1078,1064,1880,965,915,262,113,149
12071,metropolitana de santiago,13,chacabuco,133,colina,13301,34,2331,1167,1164,2062,1065,997,269,102,167
12072,metropolitana de santiago,13,chacabuco,133,colina,13301,35,2588,1309,1279,2245,1156,1089,343,153,190
12073,metropolitana de santiago,13,chacabuco,133,colina,13301,36,2556,1267,1289,2199,1103,1096,357,164,193
12074,metropolitana de santiago,13,chacabuco,133,colina,13301,37,2635,1296,1339,2268,1145,1123,367,151,216
12075,metropolitana de santiago,13,chacabuco,133,colina,13301,38,2422,1212,1210,2015,1044,971,407,168,239
12076,metropolitana de santiago,13,chacabuco,133,colina,13301,39,2395,1173,1222,1967,998,969,428,175,253
12077,metropolitana de santiago,13,chacabuco,133,colina,13301,40,2376,1177,1199,1900,958,942,476,219,257
12078,metropolitana de santiago,13,chacabuco,133,colina,13301,41,2450,1196,1254,1981,1015,966,469,181,288
12079,metropolitana de santiago,13,chacabuco,133,colina,13301,42,2505,1256,1249,2009,1027,982,496,229,267
12080,metropolitana de santiago,13,chacabuco,133,colina,13301,43,2586,1311,1275,2027,1054,973,559,257,302
12081,metropolitana de santiago,13,chacabuco,133,colina,13301,44,2485,1283,1202,1909,994,915,576,289,287
12082,metropolitana de santiago,13,chacabuco,133,colina,13301,45,2329,1190,1139,1776,932,844,553,258,295
12083,metropolitana de santiago,13,chacabuco,133,colina,13301,46,2297,1165,1132,1715,868,847,582,297,285
12084,metropolitana de santiago,13,chacabuco,133,colina,13301,47,2045,1047,998,1530,794,736,515,253,262
12085,metropolitana de santiago,13,chacabuco,133,colina,13301,48,1951,1000,951,1456,748,708,495,252,243
12086,metropolitana de santiago,13,chacabuco,133,colina,13301,49,1791,880,911,1366,677,689,425,203,222
12087,metropolitana de santiago,13,chacabuco,133,colina,13301,50,1800,946,854,1397,758,639,403,188,215
12088,metropolitana de santiago,13,chacabuco,133,colina,13301,51,1744,858,886,1326,653,673,418,205,213
12089,metropolitana de santiago,13,chacabuco,133,colina,13301,52,1743,881,862,1300,656,644,443,225,218
12090,metropolitana de santiago,13,chacabuco,133,colina,13301,53,1651,824,827,1225,601,624,426,223,203
12091,metropolitana de santiago,13,chacabuco,133,colina,13301,54,1542,770,772,1173,566,607,369,204,165
12092,metropolitana de santiago,13,chacabuco,133,colina,13301,55,1440,743,697,1098,551,547,342,192,150
12093,metropolitana de santiago,13,chacabuco,133,colina,13301,56,1350,679,671,1063,527,536,287,152,135
12094,metropolitana de santiago,13,chacabuco,133,colina,13301,57,1247,616,631,994,481,513,253,135,118
12095,metropolitana de santiago,13,chacabuco,133,colina,13301,58,1226,605,621,952,457,495,274,148,126
12096,metropolitana de santiago,13,chacabuco,133,colina,13301,59,1120,517,603,860,394,466,260,123,137
12097,metropolitana de santiago,13,chacabuco,133,colina,13301,60,1131,574,557,902,452,450,229,122,107
12098,metropolitana de santiago,13,chacabuco,133,colina,13301,61,1039,502,537,840,408,432,199,94,105
12099,metropolitana de santiago,13,chacabuco,133,colina,13301,62,913,438,475,695,330,365,218,108,110
12100,metropolitana de santiago,13,chacabuco,133,colina,13301,63,882,444,438,703,344,359,179,100,79
12101,metropolitana de santiago,13,chacabuco,133,colina,13301,64,876,432,444,689,342,347,187,90,97
12102,metropolitana de santiago,13,chacabuco,133,colina,13301,65,761,362,399,619,286,333,142,76,66
12103,metropolitana de santiago,13,chacabuco,133,colina,13301,66,764,377,387,601,285,316,163,92,71
12104,metropolitana de santiago,13,chacabuco,133,colina,13301,67,639,320,319,510,246,264,129,74,55
12105,metropolitana de santiago,13,chacabuco,133,colina,13301,68,641,316,325,514,247,267,127,69,58
12106,metropolitana de santiago,13,chacabuco,133,colina,13301,69,622,320,302,484,257,227,138,63,75
12107,metropolitana de santiago,13,chacabuco,133,colina,13301,70,601,280,321,478,219,259,123,61,62
12108,metropolitana de santiago,13,chacabuco,133,colina,13301,71,490,238,252,385,188,197,105,50,55
12109,metropolitana de santiago,13,chacabuco,133,colina,13301,72,490,231,259,390,187,203,100,44,56
12110,metropolitana de santiago,13,chacabuco,133,colina,13301,73,426,199,227,292,135,157,134,64,70
12111,metropolitana de santiago,13,chacabuco,133,colina,13301,74,366,172,194,282,129,153,84,43,41
12112,metropolitana de santiago,13,chacabuco,133,colina,13301,75,330,145,185,262,115,147,68,30,38
12113,metropolitana de santiago,13,chacabuco,133,colina,13301,76,344,158,186,252,122,130,92,36,56
12114,metropolitana de santiago,13,chacabuco,133,colina,13301,77,259,116,143,195,87,108,64,29,35
12115,metropolitana de santiago,13,chacabuco,133,colina,13301,78,265,122,143,188,87,101,77,35,42
12116,metropolitana de santiago,13,chacabuco,133,colina,13301,79,212,91,121,159,66,93,53,25,28
12117,metropolitana de santiago,13,chacabuco,133,colina,13301,80,192,85,107,152,67,85,40,18,22
12118,metropolitana de santiago,13,chacabuco,133,colina,13301,81,174,75,99,136,55,81,38,20,18
12119,metropolitana de santiago,13,chacabuco,133,colina,13301,82,162,80,82,121,56,65,41,24,17
12120,metropolitana de santiago,13,chacabuco,133,colina,13301,83,159,56,103,119,39,80,40,17,23
12121,metropolitana de santiago,13,chacabuco,133,colina,13301,84,130,52,78,95,35,60,35,17,18
12122,metropolitana de santiago,13,chacabuco,133,colina,13301,85,107,39,68,80,28,52,27,11,16
12123,metropolitana de santiago,13,chacabuco,133,colina,13301,86,101,37,64,72,25,47,29,12,17
12124,metropolitana de santiago,13,chacabuco,133,colina,13301,87,100,30,70,74,22,52,26,8,18
12125,metropolitana de santiago,13,chacabuco,133,colina,13301,88,78,35,43,52,22,30,26,13,13
12126,metropolitana de santiago,13,chacabuco,133,colina,13301,89,67,26,41,45,19,26,22,7,15
12127,metropolitana de santiago,13,chacabuco,133,colina,13301,90,53,17,36,41,16,25,12,1,11
12128,metropolitana de santiago,13,chacabuco,133,colina,13301,91,39,11,28,30,8,22,9,3,6
12129,metropolitana de santiago,13,chacabuco,133,colina,13301,92,39,15,24,24,8,16,15,7,8
12130,metropolitana de santiago,13,chacabuco,133,colina,13301,93,22,8,14,19,7,12,3,1,2
12131,metropolitana de santiago,13,chacabuco,133,colina,13301,94,17,4,13,11,1,10,6,3,3
12132,metropolitana de santiago,13,chacabuco,133,colina,13301,95,19,5,14,17,5,12,2,0,2
12133,metropolitana de santiago,13,chacabuco,133,colina,13301,96,14,6,8,10,5,5,4,1,3
12134,metropolitana de santiago,13,chacabuco,133,colina,13301,97,11,3,8,8,3,5,3,0,3
12135,metropolitana de santiago,13,chacabuco,133,colina,13301,98,6,3,3,3,3,0,3,0,3
12136,metropolitana de santiago,13,chacabuco,133,colina,13301,99,5,3,2,4,2,2,1,1,0
12137,metropolitana de santiago,13,chacabuco,133,colina,13301,100 o más,16,9,7,14,9,5,2,0,2
12138,metropolitana de santiago,13,chacabuco,133,lampa,13302,total comuna,102034,51545,50489,80761,40549,40212,21273,10996,10277
12139,metropolitana de santiago,13,chacabuco,133,lampa,13302,0,1597,823,774,1320,672,648,277,151,126
12140,metropolitana de santiago,13,chacabuco,133,lampa,13302,1,1913,1005,908,1591,834,757,322,171,151
12141,metropolitana de santiago,13,chacabuco,133,lampa,13302,2,1982,981,1001,1594,792,802,388,189,199
12142,metropolitana de santiago,13,chacabuco,133,lampa,13302,3,1877,990,887,1563,841,722,314,149,165
12143,metropolitana de santiago,13,chacabuco,133,lampa,13302,4,1899,982,917,1550,804,746,349,178,171
12144,metropolitana de santiago,13,chacabuco,133,lampa,13302,5,1865,962,903,1518,789,729,347,173,174
12145,metropolitana de santiago,13,chacabuco,133,lampa,13302,6,1936,1017,919,1570,824,746,366,193,173
12146,metropolitana de santiago,13,chacabuco,133,lampa,13302,7,1828,947,881,1481,772,709,347,175,172
12147,metropolitana de santiago,13,chacabuco,133,lampa,13302,8,1842,918,924,1498,754,744,344,164,180
12148,metropolitana de santiago,13,chacabuco,133,lampa,13302,9,1871,988,883,1524,811,713,347,177,170
12149,metropolitana de santiago,13,chacabuco,133,lampa,13302,10,1649,832,817,1335,673,662,314,159,155
12150,metropolitana de santiago,13,chacabuco,133,lampa,13302,11,1690,858,832,1376,692,684,314,166,148
12151,metropolitana de santiago,13,chacabuco,133,lampa,13302,12,1633,836,797,1331,679,652,302,157,145
12152,metropolitana de santiago,13,chacabuco,133,lampa,13302,13,1589,792,797,1268,622,646,321,170,151
12153,metropolitana de santiago,13,chacabuco,133,lampa,13302,14,1566,837,729,1279,675,604,287,162,125
12154,metropolitana de santiago,13,chacabuco,133,lampa,13302,15,1593,812,781,1269,646,623,324,166,158
12155,metropolitana de santiago,13,chacabuco,133,lampa,13302,16,1584,820,764,1249,637,612,335,183,152
12156,metropolitana de santiago,13,chacabuco,133,lampa,13302,17,1499,764,735,1180,590,590,319,174,145
12157,metropolitana de santiago,13,chacabuco,133,lampa,13302,18,1486,718,768,1159,556,603,327,162,165
12158,metropolitana de santiago,13,chacabuco,133,lampa,13302,19,1521,790,731,1191,612,579,330,178,152
12159,metropolitana de santiago,13,chacabuco,133,lampa,13302,20,1521,763,758,1242,625,617,279,138,141
12160,metropolitana de santiago,13,chacabuco,133,lampa,13302,21,1514,793,721,1188,625,563,326,168,158
12161,metropolitana de santiago,13,chacabuco,133,lampa,13302,22,1532,779,753,1232,617,615,300,162,138
12162,metropolitana de santiago,13,chacabuco,133,lampa,13302,23,1523,751,772,1235,609,626,288,142,146
12163,metropolitana de santiago,13,chacabuco,133,lampa,13302,24,1528,755,773,1189,578,611,339,177,162
12164,metropolitana de santiago,13,chacabuco,133,lampa,13302,25,1620,777,843,1295,608,687,325,169,156
12165,metropolitana de santiago,13,chacabuco,133,lampa,13302,26,1757,903,854,1428,731,697,329,172,157
12166,metropolitana de santiago,13,chacabuco,133,lampa,13302,27,1792,902,890,1484,743,741,308,159,149
12167,metropolitana de santiago,13,chacabuco,133,lampa,13302,28,1786,878,908,1485,725,760,301,153,148
12168,metropolitana de santiago,13,chacabuco,133,lampa,13302,29,1731,839,892,1453,708,745,278,131,147
12169,metropolitana de santiago,13,chacabuco,133,lampa,13302,30,1806,868,938,1518,717,801,288,151,137
12170,metropolitana de santiago,13,chacabuco,133,lampa,13302,31,1798,890,908,1517,748,769,281,142,139
12171,metropolitana de santiago,13,chacabuco,133,lampa,13302,32,1801,915,886,1510,763,747,291,152,139
12172,metropolitana de santiago,13,chacabuco,133,lampa,13302,33,1755,874,881,1475,729,746,280,145,135
12173,metropolitana de santiago,13,chacabuco,133,lampa,13302,34,1871,929,942,1602,791,811,269,138,131
12174,metropolitana de santiago,13,chacabuco,133,lampa,13302,35,1924,920,1004,1571,758,813,353,162,191
12175,metropolitana de santiago,13,chacabuco,133,lampa,13302,36,1776,881,895,1463,741,722,313,140,173
12176,metropolitana de santiago,13,chacabuco,133,lampa,13302,37,1786,872,914,1473,717,756,313,155,158
12177,metropolitana de santiago,13,chacabuco,133,lampa,13302,38,1610,797,813,1321,649,672,289,148,141
12178,metropolitana de santiago,13,chacabuco,133,lampa,13302,39,1651,813,838,1330,659,671,321,154,167
12179,metropolitana de santiago,13,chacabuco,133,lampa,13302,40,1579,807,772,1299,669,630,280,138,142
12180,metropolitana de santiago,13,chacabuco,133,lampa,13302,41,1529,770,759,1197,605,592,332,165,167
12181,metropolitana de santiago,13,chacabuco,133,lampa,13302,42,1631,777,854,1262,597,665,369,180,189
12182,metropolitana de santiago,13,chacabuco,133,lampa,13302,43,1604,819,785,1201,607,594,403,212,191
12183,metropolitana de santiago,13,chacabuco,133,lampa,13302,44,1522,828,694,1153,626,527,369,202,167
12184,metropolitana de santiago,13,chacabuco,133,lampa,13302,45,1427,748,679,1095,575,520,332,173,159
12185,metropolitana de santiago,13,chacabuco,133,lampa,13302,46,1313,668,645,1014,513,501,299,155,144
12186,metropolitana de santiago,13,chacabuco,133,lampa,13302,47,1259,664,595,972,506,466,287,158,129
12187,metropolitana de santiago,13,chacabuco,133,lampa,13302,48,1227,652,575,916,490,426,311,162,149
12188,metropolitana de santiago,13,chacabuco,133,lampa,13302,49,1232,632,600,907,455,452,325,177,148
12189,metropolitana de santiago,13,chacabuco,133,lampa,13302,50,1169,582,587,883,432,451,286,150,136
12190,metropolitana de santiago,13,chacabuco,133,lampa,13302,51,1169,622,547,851,443,408,318,179,139
12191,metropolitana de santiago,13,chacabuco,133,lampa,13302,52,1107,588,519,796,418,378,311,170,141
12192,metropolitana de santiago,13,chacabuco,133,lampa,13302,53,1061,559,502,790,396,394,271,163,108
12193,metropolitana de santiago,13,chacabuco,133,lampa,13302,54,1069,538,531,773,381,392,296,157,139
12194,metropolitana de santiago,13,chacabuco,133,lampa,13302,55,962,489,473,710,342,368,252,147,105
12195,metropolitana de santiago,13,chacabuco,133,lampa,13302,56,920,473,447,668,341,327,252,132,120
12196,metropolitana de santiago,13,chacabuco,133,lampa,13302,57,839,434,405,625,311,314,214,123,91
12197,metropolitana de santiago,13,chacabuco,133,lampa,13302,58,863,398,465,654,310,344,209,88,121
12198,metropolitana de santiago,13,chacabuco,133,lampa,13302,59,855,444,411,622,311,311,233,133,100
12199,metropolitana de santiago,13,chacabuco,133,lampa,13302,60,786,407,379,573,286,287,213,121,92
12200,metropolitana de santiago,13,chacabuco,133,lampa,13302,61,685,350,335,511,262,249,174,88,86
12201,metropolitana de santiago,13,chacabuco,133,lampa,13302,62,648,326,322,454,226,228,194,100,94
12202,metropolitana de santiago,13,chacabuco,133,lampa,13302,63,580,301,279,409,207,202,171,94,77
12203,metropolitana de santiago,13,chacabuco,133,lampa,13302,64,545,272,273,393,188,205,152,84,68
12204,metropolitana de santiago,13,chacabuco,133,lampa,13302,65,509,239,270,347,160,187,162,79,83
12205,metropolitana de santiago,13,chacabuco,133,lampa,13302,66,454,220,234,329,156,173,125,64,61
12206,metropolitana de santiago,13,chacabuco,133,lampa,13302,67,436,210,226,315,145,170,121,65,56
12207,metropolitana de santiago,13,chacabuco,133,lampa,13302,68,423,221,202,297,153,144,126,68,58
12208,metropolitana de santiago,13,chacabuco,133,lampa,13302,69,413,199,214,301,135,166,112,64,48
12209,metropolitana de santiago,13,chacabuco,133,lampa,13302,70,368,175,193,249,114,135,119,61,58
12210,metropolitana de santiago,13,chacabuco,133,lampa,13302,71,338,178,160,235,126,109,103,52,51
12211,metropolitana de santiago,13,chacabuco,133,lampa,13302,72,278,127,151,192,90,102,86,37,49
12212,metropolitana de santiago,13,chacabuco,133,lampa,13302,73,300,150,150,199,99,100,101,51,50
12213,metropolitana de santiago,13,chacabuco,133,lampa,13302,74,268,132,136,188,89,99,80,43,37
12214,metropolitana de santiago,13,chacabuco,133,lampa,13302,75,251,124,127,181,82,99,70,42,28
12215,metropolitana de santiago,13,chacabuco,133,lampa,13302,76,206,99,107,140,61,79,66,38,28
12216,metropolitana de santiago,13,chacabuco,133,lampa,13302,77,218,103,115,158,76,82,60,27,33
12217,metropolitana de santiago,13,chacabuco,133,lampa,13302,78,157,72,85,116,54,62,41,18,23
12218,metropolitana de santiago,13,chacabuco,133,lampa,13302,79,157,83,74,109,58,51,48,25,23
12219,metropolitana de santiago,13,chacabuco,133,lampa,13302,80,160,68,92,119,48,71,41,20,21
12220,metropolitana de santiago,13,chacabuco,133,lampa,13302,81,134,58,76,94,41,53,40,17,23
12221,metropolitana de santiago,13,chacabuco,133,lampa,13302,82,114,47,67,75,26,49,39,21,18
12222,metropolitana de santiago,13,chacabuco,133,lampa,13302,83,116,52,64,83,37,46,33,15,18
12223,metropolitana de santiago,13,chacabuco,133,lampa,13302,84,93,51,42,67,37,30,26,14,12
12224,metropolitana de santiago,13,chacabuco,133,lampa,13302,85,75,33,42,49,19,30,26,14,12
12225,metropolitana de santiago,13,chacabuco,133,lampa,13302,86,94,48,46,73,39,34,21,9,12
12226,metropolitana de santiago,13,chacabuco,133,lampa,13302,87,77,27,50,54,15,39,23,12,11
12227,metropolitana de santiago,13,chacabuco,133,lampa,13302,88,67,18,49,45,12,33,22,6,16
12228,metropolitana de santiago,13,chacabuco,133,lampa,13302,89,47,17,30,25,11,14,22,6,16
12229,metropolitana de santiago,13,chacabuco,133,lampa,13302,90,46,19,27,33,14,19,13,5,8
12230,metropolitana de santiago,13,chacabuco,133,lampa,13302,91,31,12,19,19,8,11,12,4,8
12231,metropolitana de santiago,13,chacabuco,133,lampa,13302,92,23,6,17,15,4,11,8,2,6
12232,metropolitana de santiago,13,chacabuco,133,lampa,13302,93,24,9,15,15,7,8,9,2,7
12233,metropolitana de santiago,13,chacabuco,133,lampa,13302,94,18,5,13,14,3,11,4,2,2
12234,metropolitana de santiago,13,chacabuco,133,lampa,13302,95,15,4,11,12,3,9,3,1,2
12235,metropolitana de santiago,13,chacabuco,133,lampa,13302,96,14,7,7,10,4,6,4,3,1
12236,metropolitana de santiago,13,chacabuco,133,lampa,13302,97,4,3,1,1,1,0,3,2,1
12237,metropolitana de santiago,13,chacabuco,133,lampa,13302,98,5,2,3,3,2,1,2,0,2
12238,metropolitana de santiago,13,chacabuco,133,lampa,13302,99,4,2,2,4,2,2,0,0,0
12239,metropolitana de santiago,13,chacabuco,133,lampa,13302,100 o más,14,6,8,10,5,5,4,1,3
12240,metropolitana de santiago,13,chacabuco,133,tiltil,13303,total comuna,19312,10047,9265,13070,6548,6522,6242,3499,2743
12241,metropolitana de santiago,13,chacabuco,133,tiltil,13303,0,296,155,141,214,115,99,82,40,42
12242,metropolitana de santiago,13,chacabuco,133,tiltil,13303,1,292,148,144,204,100,104,88,48,40
12243,metropolitana de santiago,13,chacabuco,133,tiltil,13303,2,284,144,140,206,104,102,78,40,38
12244,metropolitana de santiago,13,chacabuco,133,tiltil,13303,3,262,136,126,182,95,87,80,41,39
12245,metropolitana de santiago,13,chacabuco,133,tiltil,13303,4,274,153,121,194,105,89,80,48,32
12246,metropolitana de santiago,13,chacabuco,133,tiltil,13303,5,259,133,126,191,100,91,68,33,35
12247,metropolitana de santiago,13,chacabuco,133,tiltil,13303,6,271,138,133,190,93,97,81,45,36
12248,metropolitana de santiago,13,chacabuco,133,tiltil,13303,7,242,128,114,172,91,81,70,37,33
12249,metropolitana de santiago,13,chacabuco,133,tiltil,13303,8,269,144,125,189,101,88,80,43,37
12250,metropolitana de santiago,13,chacabuco,133,tiltil,13303,9,290,149,141,206,109,97,84,40,44
12251,metropolitana de santiago,13,chacabuco,133,tiltil,13303,10,288,162,126,200,112,88,88,50,38
12252,metropolitana de santiago,13,chacabuco,133,tiltil,13303,11,287,150,137,199,102,97,88,48,40
12253,metropolitana de santiago,13,chacabuco,133,tiltil,13303,12,219,108,111,150,77,73,69,31,38
12254,metropolitana de santiago,13,chacabuco,133,tiltil,13303,13,285,146,139,200,100,100,85,46,39
12255,metropolitana de santiago,13,chacabuco,133,tiltil,13303,14,253,119,134,180,85,95,73,34,39
12256,metropolitana de santiago,13,chacabuco,133,tiltil,13303,15,259,144,115,177,94,83,82,50,32
12257,metropolitana de santiago,13,chacabuco,133,tiltil,13303,16,298,164,134,206,109,97,92,55,37
12258,metropolitana de santiago,13,chacabuco,133,tiltil,13303,17,317,164,153,197,88,109,120,76,44
12259,metropolitana de santiago,13,chacabuco,133,tiltil,13303,18,299,173,126,186,96,90,113,77,36
12260,metropolitana de santiago,13,chacabuco,133,tiltil,13303,19,284,145,139,181,90,91,103,55,48
12261,metropolitana de santiago,13,chacabuco,133,tiltil,13303,20,310,182,128,194,114,80,116,68,48
12262,metropolitana de santiago,13,chacabuco,133,tiltil,13303,21,320,173,147,214,103,111,106,70,36
12263,metropolitana de santiago,13,chacabuco,133,tiltil,13303,22,330,161,169,223,95,128,107,66,41
12264,metropolitana de santiago,13,chacabuco,133,tiltil,13303,23,310,168,142,206,112,94,104,56,48
12265,metropolitana de santiago,13,chacabuco,133,tiltil,13303,24,314,175,139,203,105,98,111,70,41
12266,metropolitana de santiago,13,chacabuco,133,tiltil,13303,25,316,162,154,215,98,117,101,64,37
12267,metropolitana de santiago,13,chacabuco,133,tiltil,13303,26,315,170,145,210,112,98,105,58,47
12268,metropolitana de santiago,13,chacabuco,133,tiltil,13303,27,370,204,166,257,138,119,113,66,47
12269,metropolitana de santiago,13,chacabuco,133,tiltil,13303,28,335,168,167,240,113,127,95,55,40
12270,metropolitana de santiago,13,chacabuco,133,tiltil,13303,29,287,136,151,191,100,91,96,36,60
12271,metropolitana de santiago,13,chacabuco,133,tiltil,13303,30,292,149,143,204,104,100,88,45,43
12272,metropolitana de santiago,13,chacabuco,133,tiltil,13303,31,283,155,128,192,106,86,91,49,42
12273,metropolitana de santiago,13,chacabuco,133,tiltil,13303,32,313,158,155,221,109,112,92,49,43
12274,metropolitana de santiago,13,chacabuco,133,tiltil,13303,33,256,128,128,186,91,95,70,37,33
12275,metropolitana de santiago,13,chacabuco,133,tiltil,13303,34,287,142,145,210,101,109,77,41,36
12276,metropolitana de santiago,13,chacabuco,133,tiltil,13303,35,286,147,139,207,99,108,79,48,31
12277,metropolitana de santiago,13,chacabuco,133,tiltil,13303,36,266,129,137,184,82,102,82,47,35
12278,metropolitana de santiago,13,chacabuco,133,tiltil,13303,37,267,140,127,194,97,97,73,43,30
12279,metropolitana de santiago,13,chacabuco,133,tiltil,13303,38,237,123,114,165,85,80,72,38,34
12280,metropolitana de santiago,13,chacabuco,133,tiltil,13303,39,244,127,117,182,90,92,62,37,25
12281,metropolitana de santiago,13,chacabuco,133,tiltil,13303,40,267,130,137,186,88,98,81,42,39
12282,metropolitana de santiago,13,chacabuco,133,tiltil,13303,41,251,126,125,183,89,94,68,37,31
12283,metropolitana de santiago,13,chacabuco,133,tiltil,13303,42,271,141,130,193,101,92,78,40,38
12284,metropolitana de santiago,13,chacabuco,133,tiltil,13303,43,299,152,147,212,106,106,87,46,41
12285,metropolitana de santiago,13,chacabuco,133,tiltil,13303,44,270,141,129,196,102,94,74,39,35
12286,metropolitana de santiago,13,chacabuco,133,tiltil,13303,45,255,135,120,160,87,73,95,48,47
12287,metropolitana de santiago,13,chacabuco,133,tiltil,13303,46,249,121,128,171,83,88,78,38,40
12288,metropolitana de santiago,13,chacabuco,133,tiltil,13303,47,250,136,114,176,97,79,74,39,35
12289,metropolitana de santiago,13,chacabuco,133,tiltil,13303,48,236,132,104,148,76,72,88,56,32
12290,metropolitana de santiago,13,chacabuco,133,tiltil,13303,49,281,144,137,195,100,95,86,44,42
12291,metropolitana de santiago,13,chacabuco,133,tiltil,13303,50,235,122,113,171,85,86,64,37,27
12292,metropolitana de santiago,13,chacabuco,133,tiltil,13303,51,277,139,138,191,93,98,86,46,40
12293,metropolitana de santiago,13,chacabuco,133,tiltil,13303,52,272,146,126,168,86,82,104,60,44
12294,metropolitana de santiago,13,chacabuco,133,tiltil,13303,53,249,131,118,167,91,76,82,40,42
12295,metropolitana de santiago,13,chacabuco,133,tiltil,13303,54,278,135,143,193,91,102,85,44,41
12296,metropolitana de santiago,13,chacabuco,133,tiltil,13303,55,209,114,95,136,73,63,73,41,32
12297,metropolitana de santiago,13,chacabuco,133,tiltil,13303,56,235,128,107,153,83,70,82,45,37
12298,metropolitana de santiago,13,chacabuco,133,tiltil,13303,57,201,111,90,133,72,61,68,39,29
12299,metropolitana de santiago,13,chacabuco,133,tiltil,13303,58,220,104,116,146,61,85,74,43,31
12300,metropolitana de santiago,13,chacabuco,133,tiltil,13303,59,210,113,97,141,69,72,69,44,25
12301,metropolitana de santiago,13,chacabuco,133,tiltil,13303,60,203,91,112,134,56,78,69,35,34
12302,metropolitana de santiago,13,chacabuco,133,tiltil,13303,61,171,84,87,115,52,63,56,32,24
12303,metropolitana de santiago,13,chacabuco,133,tiltil,13303,62,143,75,68,92,49,43,51,26,25
12304,metropolitana de santiago,13,chacabuco,133,tiltil,13303,63,141,73,68,83,36,47,58,37,21
12305,metropolitana de santiago,13,chacabuco,133,tiltil,13303,64,164,86,78,105,50,55,59,36,23
12306,metropolitana de santiago,13,chacabuco,133,tiltil,13303,65,163,86,77,102,51,51,61,35,26
12307,metropolitana de santiago,13,chacabuco,133,tiltil,13303,66,152,82,70,93,42,51,59,40,19
12308,metropolitana de santiago,13,chacabuco,133,tiltil,13303,67,145,74,71,81,35,46,64,39,25
12309,metropolitana de santiago,13,chacabuco,133,tiltil,13303,68,134,80,54,91,53,38,43,27,16
12310,metropolitana de santiago,13,chacabuco,133,tiltil,13303,69,120,62,58,74,42,32,46,20,26
12311,metropolitana de santiago,13,chacabuco,133,tiltil,13303,70,116,66,50,61,27,34,55,39,16
12312,metropolitana de santiago,13,chacabuco,133,tiltil,13303,71,115,57,58,68,32,36,47,25,22
12313,metropolitana de santiago,13,chacabuco,133,tiltil,13303,72,103,54,49,67,33,34,36,21,15
12314,metropolitana de santiago,13,chacabuco,133,tiltil,13303,73,105,58,47,61,30,31,44,28,16
12315,metropolitana de santiago,13,chacabuco,133,tiltil,13303,74,87,49,38,51,25,26,36,24,12
12316,metropolitana de santiago,13,chacabuco,133,tiltil,13303,75,82,42,40,48,22,26,34,20,14
12317,metropolitana de santiago,13,chacabuco,133,tiltil,13303,76,64,32,32,39,18,21,25,14,11
12318,metropolitana de santiago,13,chacabuco,133,tiltil,13303,77,68,38,30,44,21,23,24,17,7
12319,metropolitana de santiago,13,chacabuco,133,tiltil,13303,78,88,47,41,51,23,28,37,24,13
12320,metropolitana de santiago,13,chacabuco,133,tiltil,13303,79,57,23,34,34,12,22,23,11,12
12321,metropolitana de santiago,13,chacabuco,133,tiltil,13303,80,58,29,29,28,11,17,30,18,12
12322,metropolitana de santiago,13,chacabuco,133,tiltil,13303,81,36,17,19,14,4,10,22,13,9
12323,metropolitana de santiago,13,chacabuco,133,tiltil,13303,82,53,31,22,26,13,13,27,18,9
12324,metropolitana de santiago,13,chacabuco,133,tiltil,13303,83,43,20,23,17,5,12,26,15,11
12325,metropolitana de santiago,13,chacabuco,133,tiltil,13303,84,45,17,28,30,9,21,15,8,7
12326,metropolitana de santiago,13,chacabuco,133,tiltil,13303,85,31,11,20,20,7,13,11,4,7
12327,metropolitana de santiago,13,chacabuco,133,tiltil,13303,86,24,12,12,13,6,7,11,6,5
12328,metropolitana de santiago,13,chacabuco,133,tiltil,13303,87,24,10,14,13,3,10,11,7,4
12329,metropolitana de santiago,13,chacabuco,133,tiltil,13303,88,30,19,11,25,16,9,5,3,2
12330,metropolitana de santiago,13,chacabuco,133,tiltil,13303,89,17,4,13,15,2,13,2,2,0
12331,metropolitana de santiago,13,chacabuco,133,tiltil,13303,90,12,3,9,7,1,6,5,2,3
12332,metropolitana de santiago,13,chacabuco,133,tiltil,13303,91,11,5,6,8,3,5,3,2,1
12333,metropolitana de santiago,13,chacabuco,133,tiltil,13303,92,8,3,5,6,3,3,2,0,2
12334,metropolitana de santiago,13,chacabuco,133,tiltil,13303,93,3,0,3,3,0,3,0,0,0
12335,metropolitana de santiago,13,chacabuco,133,tiltil,13303,94,4,1,3,4,1,3,0,0,0
12336,metropolitana de santiago,13,chacabuco,133,tiltil,13303,95,3,2,1,1,0,1,2,2,0
12337,metropolitana de santiago,13,chacabuco,133,tiltil,13303,96,0,0,0,0,0,0,0,0,0
12338,metropolitana de santiago,13,chacabuco,133,tiltil,13303,97,4,2,2,2,2,0,2,0,2
12339,metropolitana de santiago,13,chacabuco,133,tiltil,13303,98,1,0,1,1,0,1,0,0,0
12340,metropolitana de santiago,13,chacabuco,133,tiltil,13303,99,1,0,1,1,0,1,0,0,0
12341,metropolitana de santiago,13,chacabuco,133,tiltil,13303,100 o más,2,1,1,1,0,1,1,1,0
12342,metropolitana de santiago,13,maipo,134,san bernardo,13401,total comuna,301313,147800,153513,296248,145204,151044,5065,2596,2469
12343,metropolitana de santiago,13,maipo,134,san bernardo,13401,0,4206,2112,2094,4155,2088,2067,51,24,27
12344,metropolitana de santiago,13,maipo,134,san bernardo,13401,1,4434,2258,2176,4367,2231,2136,67,27,40
12345,metropolitana de santiago,13,maipo,134,san bernardo,13401,2,4672,2331,2341,4588,2290,2298,84,41,43
12346,metropolitana de santiago,13,maipo,134,san bernardo,13401,3,4611,2325,2286,4547,2290,2257,64,35,29
12347,metropolitana de santiago,13,maipo,134,san bernardo,13401,4,4797,2445,2352,4734,2412,2322,63,33,30
12348,metropolitana de santiago,13,maipo,134,san bernardo,13401,5,4716,2414,2302,4641,2369,2272,75,45,30
12349,metropolitana de santiago,13,maipo,134,san bernardo,13401,6,4769,2405,2364,4699,2373,2326,70,32,38
12350,metropolitana de santiago,13,maipo,134,san bernardo,13401,7,4885,2521,2364,4813,2482,2331,72,39,33
12351,metropolitana de santiago,13,maipo,134,san bernardo,13401,8,4692,2406,2286,4626,2369,2257,66,37,29
12352,metropolitana de santiago,13,maipo,134,san bernardo,13401,9,4621,2287,2334,4546,2245,2301,75,42,33
12353,metropolitana de santiago,13,maipo,134,san bernardo,13401,10,4514,2335,2179,4446,2301,2145,68,34,34
12354,metropolitana de santiago,13,maipo,134,san bernardo,13401,11,4375,2213,2162,4318,2182,2136,57,31,26
12355,metropolitana de santiago,13,maipo,134,san bernardo,13401,12,4175,2121,2054,4113,2084,2029,62,37,25
12356,metropolitana de santiago,13,maipo,134,san bernardo,13401,13,4380,2257,2123,4308,2213,2095,72,44,28
12357,metropolitana de santiago,13,maipo,134,san bernardo,13401,14,4585,2325,2260,4500,2274,2226,85,51,34
12358,metropolitana de santiago,13,maipo,134,san bernardo,13401,15,4611,2322,2289,4537,2290,2247,74,32,42
12359,metropolitana de santiago,13,maipo,134,san bernardo,13401,16,4799,2428,2371,4725,2386,2339,74,42,32
12360,metropolitana de santiago,13,maipo,134,san bernardo,13401,17,4684,2418,2266,4601,2367,2234,83,51,32
12361,metropolitana de santiago,13,maipo,134,san bernardo,13401,18,4904,2520,2384,4819,2476,2343,85,44,41
12362,metropolitana de santiago,13,maipo,134,san bernardo,13401,19,5013,2535,2478,4936,2496,2440,77,39,38
12363,metropolitana de santiago,13,maipo,134,san bernardo,13401,20,5091,2644,2447,5017,2608,2409,74,36,38
12364,metropolitana de santiago,13,maipo,134,san bernardo,13401,21,4969,2537,2432,4899,2500,2399,70,37,33
12365,metropolitana de santiago,13,maipo,134,san bernardo,13401,22,5269,2763,2506,5192,2731,2461,77,32,45
12366,metropolitana de santiago,13,maipo,134,san bernardo,13401,23,5111,2591,2520,5044,2556,2488,67,35,32
12367,metropolitana de santiago,13,maipo,134,san bernardo,13401,24,5034,2546,2488,4970,2513,2457,64,33,31
12368,metropolitana de santiago,13,maipo,134,san bernardo,13401,25,5162,2620,2542,5090,2581,2509,72,39,33
12369,metropolitana de santiago,13,maipo,134,san bernardo,13401,26,5227,2664,2563,5144,2623,2521,83,41,42
12370,metropolitana de santiago,13,maipo,134,san bernardo,13401,27,5195,2639,2556,5113,2598,2515,82,41,41
12371,metropolitana de santiago,13,maipo,134,san bernardo,13401,28,4949,2418,2531,4878,2389,2489,71,29,42
12372,metropolitana de santiago,13,maipo,134,san bernardo,13401,29,4789,2387,2402,4721,2351,2370,68,36,32
12373,metropolitana de santiago,13,maipo,134,san bernardo,13401,30,4527,2231,2296,4456,2194,2262,71,37,34
12374,metropolitana de santiago,13,maipo,134,san bernardo,13401,31,4491,2242,2249,4423,2204,2219,68,38,30
12375,metropolitana de santiago,13,maipo,134,san bernardo,13401,32,4317,2144,2173,4249,2114,2135,68,30,38
12376,metropolitana de santiago,13,maipo,134,san bernardo,13401,33,4171,2027,2144,4106,1997,2109,65,30,35
12377,metropolitana de santiago,13,maipo,134,san bernardo,13401,34,4428,2226,2202,4371,2194,2177,57,32,25
12378,metropolitana de santiago,13,maipo,134,san bernardo,13401,35,4600,2234,2366,4529,2191,2338,71,43,28
12379,metropolitana de santiago,13,maipo,134,san bernardo,13401,36,4186,2052,2134,4129,2024,2105,57,28,29
12380,metropolitana de santiago,13,maipo,134,san bernardo,13401,37,4136,2039,2097,4070,2006,2064,66,33,33
12381,metropolitana de santiago,13,maipo,134,san bernardo,13401,38,3916,1968,1948,3851,1940,1911,65,28,37
12382,metropolitana de santiago,13,maipo,134,san bernardo,13401,39,3781,1912,1869,3721,1882,1839,60,30,30
12383,metropolitana de santiago,13,maipo,134,san bernardo,13401,40,3749,1889,1860,3682,1853,1829,67,36,31
12384,metropolitana de santiago,13,maipo,134,san bernardo,13401,41,3927,1985,1942,3875,1958,1917,52,27,25
12385,metropolitana de santiago,13,maipo,134,san bernardo,13401,42,4255,2078,2177,4189,2045,2144,66,33,33
12386,metropolitana de santiago,13,maipo,134,san bernardo,13401,43,4387,2121,2266,4323,2090,2233,64,31,33
12387,metropolitana de santiago,13,maipo,134,san bernardo,13401,44,4300,2073,2227,4233,2031,2202,67,42,25
12388,metropolitana de santiago,13,maipo,134,san bernardo,13401,45,4318,2043,2275,4250,2008,2242,68,35,33
12389,metropolitana de santiago,13,maipo,134,san bernardo,13401,46,4090,1975,2115,4028,1942,2086,62,33,29
12390,metropolitana de santiago,13,maipo,134,san bernardo,13401,47,3886,1876,2010,3813,1842,1971,73,34,39
12391,metropolitana de santiago,13,maipo,134,san bernardo,13401,48,4018,1951,2067,3945,1913,2032,73,38,35
12392,metropolitana de santiago,13,maipo,134,san bernardo,13401,49,3928,1871,2057,3856,1830,2026,72,41,31
12393,metropolitana de santiago,13,maipo,134,san bernardo,13401,50,3809,1869,1940,3733,1820,1913,76,49,27
12394,metropolitana de santiago,13,maipo,134,san bernardo,13401,51,3804,1792,2012,3727,1758,1969,77,34,43
12395,metropolitana de santiago,13,maipo,134,san bernardo,13401,52,3839,1784,2055,3758,1743,2015,81,41,40
12396,metropolitana de santiago,13,maipo,134,san bernardo,13401,53,3838,1814,2024,3764,1783,1981,74,31,43
12397,metropolitana de santiago,13,maipo,134,san bernardo,13401,54,3741,1732,2009,3668,1704,1964,73,28,45
12398,metropolitana de santiago,13,maipo,134,san bernardo,13401,55,3536,1650,1886,3466,1617,1849,70,33,37
12399,metropolitana de santiago,13,maipo,134,san bernardo,13401,56,3466,1623,1843,3393,1582,1811,73,41,32
12400,metropolitana de santiago,13,maipo,134,san bernardo,13401,57,3375,1594,1781,3310,1558,1752,65,36,29
12401,metropolitana de santiago,13,maipo,134,san bernardo,13401,58,3254,1557,1697,3177,1519,1658,77,38,39
12402,metropolitana de santiago,13,maipo,134,san bernardo,13401,59,3079,1506,1573,3017,1468,1549,62,38,24
12403,metropolitana de santiago,13,maipo,134,san bernardo,13401,60,2892,1396,1496,2820,1357,1463,72,39,33
12404,metropolitana de santiago,13,maipo,134,san bernardo,13401,61,2736,1245,1491,2666,1211,1455,70,34,36
12405,metropolitana de santiago,13,maipo,134,san bernardo,13401,62,2488,1190,1298,2433,1158,1275,55,32,23
12406,metropolitana de santiago,13,maipo,134,san bernardo,13401,63,2439,1149,1290,2384,1126,1258,55,23,32
12407,metropolitana de santiago,13,maipo,134,san bernardo,13401,64,2244,1035,1209,2211,1017,1194,33,18,15
12408,metropolitana de santiago,13,maipo,134,san bernardo,13401,65,2070,944,1126,2031,924,1107,39,20,19
12409,metropolitana de santiago,13,maipo,134,san bernardo,13401,66,1941,905,1036,1905,885,1020,36,20,16
12410,metropolitana de santiago,13,maipo,134,san bernardo,13401,67,1830,851,979,1791,835,956,39,16,23
12411,metropolitana de santiago,13,maipo,134,san bernardo,13401,68,1784,779,1005,1751,763,988,33,16,17
12412,metropolitana de santiago,13,maipo,134,san bernardo,13401,69,1835,872,963,1790,843,947,45,29,16
12413,metropolitana de santiago,13,maipo,134,san bernardo,13401,70,1647,757,890,1615,739,876,32,18,14
12414,metropolitana de santiago,13,maipo,134,san bernardo,13401,71,1457,671,786,1424,652,772,33,19,14
12415,metropolitana de santiago,13,maipo,134,san bernardo,13401,72,1362,612,750,1333,594,739,29,18,11
12416,metropolitana de santiago,13,maipo,134,san bernardo,13401,73,1283,568,715,1259,555,704,24,13,11
12417,metropolitana de santiago,13,maipo,134,san bernardo,13401,74,1194,495,699,1169,483,686,25,12,13
12418,metropolitana de santiago,13,maipo,134,san bernardo,13401,75,1038,435,603,1012,429,583,26,6,20
12419,metropolitana de santiago,13,maipo,134,san bernardo,13401,76,1024,435,589,1005,427,578,19,8,11
12420,metropolitana de santiago,13,maipo,134,san bernardo,13401,77,865,356,509,839,342,497,26,14,12
12421,metropolitana de santiago,13,maipo,134,san bernardo,13401,78,804,336,468,787,329,458,17,7,10
12422,metropolitana de santiago,13,maipo,134,san bernardo,13401,79,658,270,388,646,263,383,12,7,5
12423,metropolitana de santiago,13,maipo,134,san bernardo,13401,80,641,244,397,621,236,385,20,8,12
12424,metropolitana de santiago,13,maipo,134,san bernardo,13401,81,600,230,370,584,222,362,16,8,8
12425,metropolitana de santiago,13,maipo,134,san bernardo,13401,82,562,206,356,554,201,353,8,5,3
12426,metropolitana de santiago,13,maipo,134,san bernardo,13401,83,495,188,307,477,181,296,18,7,11
12427,metropolitana de santiago,13,maipo,134,san bernardo,13401,84,493,186,307,480,181,299,13,5,8
12428,metropolitana de santiago,13,maipo,134,san bernardo,13401,85,419,146,273,405,137,268,14,9,5
12429,metropolitana de santiago,13,maipo,134,san bernardo,13401,86,427,139,288,413,135,278,14,4,10
12430,metropolitana de santiago,13,maipo,134,san bernardo,13401,87,358,121,237,351,119,232,7,2,5
12431,metropolitana de santiago,13,maipo,134,san bernardo,13401,88,273,92,181,261,87,174,12,5,7
12432,metropolitana de santiago,13,maipo,134,san bernardo,13401,89,263,75,188,255,72,183,8,3,5
12433,metropolitana de santiago,13,maipo,134,san bernardo,13401,90,213,59,154,211,59,152,2,0,2
12434,metropolitana de santiago,13,maipo,134,san bernardo,13401,91,143,46,97,140,45,95,3,1,2
12435,metropolitana de santiago,13,maipo,134,san bernardo,13401,92,105,22,83,99,21,78,6,1,5
12436,metropolitana de santiago,13,maipo,134,san bernardo,13401,93,81,24,57,78,24,54,3,0,3
12437,metropolitana de santiago,13,maipo,134,san bernardo,13401,94,61,13,48,59,12,47,2,1,1
12438,metropolitana de santiago,13,maipo,134,san bernardo,13401,95,48,13,35,46,12,34,2,1,1
12439,metropolitana de santiago,13,maipo,134,san bernardo,13401,96,47,16,31,45,16,29,2,0,2
12440,metropolitana de santiago,13,maipo,134,san bernardo,13401,97,28,5,23,26,5,21,2,0,2
12441,metropolitana de santiago,13,maipo,134,san bernardo,13401,98,24,9,15,23,9,14,1,0,1
12442,metropolitana de santiago,13,maipo,134,san bernardo,13401,99,15,6,9,15,6,9,0,0,0
12443,metropolitana de santiago,13,maipo,134,san bernardo,13401,100 o más,35,14,21,35,14,21,0,0,0
12444,metropolitana de santiago,13,maipo,134,buin,13402,total comuna,96614,47575,49039,82911,40543,42368,13703,7032,6671
12445,metropolitana de santiago,13,maipo,134,buin,13402,0,1391,772,619,1214,677,537,177,95,82
12446,metropolitana de santiago,13,maipo,134,buin,13402,1,1480,743,737,1300,664,636,180,79,101
12447,metropolitana de santiago,13,maipo,134,buin,13402,2,1502,752,750,1295,644,651,207,108,99
12448,metropolitana de santiago,13,maipo,134,buin,13402,3,1459,745,714,1275,649,626,184,96,88
12449,metropolitana de santiago,13,maipo,134,buin,13402,4,1511,730,781,1295,627,668,216,103,113
12450,metropolitana de santiago,13,maipo,134,buin,13402,5,1528,758,770,1316,640,676,212,118,94
12451,metropolitana de santiago,13,maipo,134,buin,13402,6,1501,779,722,1287,664,623,214,115,99
12452,metropolitana de santiago,13,maipo,134,buin,13402,7,1559,811,748,1352,702,650,207,109,98
12453,metropolitana de santiago,13,maipo,134,buin,13402,8,1398,744,654,1220,644,576,178,100,78
12454,metropolitana de santiago,13,maipo,134,buin,13402,9,1465,751,714,1230,626,604,235,125,110
12455,metropolitana de santiago,13,maipo,134,buin,13402,10,1421,727,694,1219,621,598,202,106,96
12456,metropolitana de santiago,13,maipo,134,buin,13402,11,1309,686,623,1117,592,525,192,94,98
12457,metropolitana de santiago,13,maipo,134,buin,13402,12,1358,661,697,1156,565,591,202,96,106
12458,metropolitana de santiago,13,maipo,134,buin,13402,13,1424,719,705,1219,614,605,205,105,100
12459,metropolitana de santiago,13,maipo,134,buin,13402,14,1366,689,677,1167,572,595,199,117,82
12460,metropolitana de santiago,13,maipo,134,buin,13402,15,1335,685,650,1119,583,536,216,102,114
12461,metropolitana de santiago,13,maipo,134,buin,13402,16,1474,748,726,1264,646,618,210,102,108
12462,metropolitana de santiago,13,maipo,134,buin,13402,17,1450,757,693,1209,613,596,241,144,97
12463,metropolitana de santiago,13,maipo,134,buin,13402,18,1401,675,726,1171,566,605,230,109,121
12464,metropolitana de santiago,13,maipo,134,buin,13402,19,1404,710,694,1167,588,579,237,122,115
12465,metropolitana de santiago,13,maipo,134,buin,13402,20,1452,733,719,1222,617,605,230,116,114
12466,metropolitana de santiago,13,maipo,134,buin,13402,21,1403,730,673,1185,615,570,218,115,103
12467,metropolitana de santiago,13,maipo,134,buin,13402,22,1472,732,740,1251,614,637,221,118,103
12468,metropolitana de santiago,13,maipo,134,buin,13402,23,1480,736,744,1264,634,630,216,102,114
12469,metropolitana de santiago,13,maipo,134,buin,13402,24,1544,787,757,1322,670,652,222,117,105
12470,metropolitana de santiago,13,maipo,134,buin,13402,25,1613,787,826,1403,678,725,210,109,101
12471,metropolitana de santiago,13,maipo,134,buin,13402,26,1589,793,796,1359,672,687,230,121,109
12472,metropolitana de santiago,13,maipo,134,buin,13402,27,1756,864,892,1549,762,787,207,102,105
12473,metropolitana de santiago,13,maipo,134,buin,13402,28,1676,838,838,1474,735,739,202,103,99
12474,metropolitana de santiago,13,maipo,134,buin,13402,29,1731,824,907,1548,720,828,183,104,79
12475,metropolitana de santiago,13,maipo,134,buin,13402,30,1569,761,808,1383,671,712,186,90,96
12476,metropolitana de santiago,13,maipo,134,buin,13402,31,1583,791,792,1419,699,720,164,92,72
12477,metropolitana de santiago,13,maipo,134,buin,13402,32,1517,744,773,1353,657,696,164,87,77
12478,metropolitana de santiago,13,maipo,134,buin,13402,33,1527,729,798,1376,647,729,151,82,69
12479,metropolitana de santiago,13,maipo,134,buin,13402,34,1615,797,818,1450,718,732,165,79,86
12480,metropolitana de santiago,13,maipo,134,buin,13402,35,1661,813,848,1471,715,756,190,98,92
12481,metropolitana de santiago,13,maipo,134,buin,13402,36,1556,753,803,1362,658,704,194,95,99
12482,metropolitana de santiago,13,maipo,134,buin,13402,37,1441,695,746,1282,618,664,159,77,82
12483,metropolitana de santiago,13,maipo,134,buin,13402,38,1377,704,673,1209,610,599,168,94,74
12484,metropolitana de santiago,13,maipo,134,buin,13402,39,1323,652,671,1136,554,582,187,98,89
12485,metropolitana de santiago,13,maipo,134,buin,13402,40,1358,659,699,1156,562,594,202,97,105
12486,metropolitana de santiago,13,maipo,134,buin,13402,41,1283,645,638,1084,541,543,199,104,95
12487,metropolitana de santiago,13,maipo,134,buin,13402,42,1425,711,714,1224,623,601,201,88,113
12488,metropolitana de santiago,13,maipo,134,buin,13402,43,1381,684,697,1168,568,600,213,116,97
12489,metropolitana de santiago,13,maipo,134,buin,13402,44,1310,618,692,1115,528,587,195,90,105
12490,metropolitana de santiago,13,maipo,134,buin,13402,45,1374,688,686,1170,583,587,204,105,99
12491,metropolitana de santiago,13,maipo,134,buin,13402,46,1300,623,677,1095,526,569,205,97,108
12492,metropolitana de santiago,13,maipo,134,buin,13402,47,1176,585,591,979,484,495,197,101,96
12493,metropolitana de santiago,13,maipo,134,buin,13402,48,1255,589,666,1066,498,568,189,91,98
12494,metropolitana de santiago,13,maipo,134,buin,13402,49,1308,623,685,1089,514,575,219,109,110
12495,metropolitana de santiago,13,maipo,134,buin,13402,50,1247,645,602,1043,541,502,204,104,100
12496,metropolitana de santiago,13,maipo,134,buin,13402,51,1259,606,653,1057,506,551,202,100,102
12497,metropolitana de santiago,13,maipo,134,buin,13402,52,1246,582,664,1051,490,561,195,92,103
12498,metropolitana de santiago,13,maipo,134,buin,13402,53,1144,551,593,959,462,497,185,89,96
12499,metropolitana de santiago,13,maipo,134,buin,13402,54,1224,622,602,1011,509,502,213,113,100
12500,metropolitana de santiago,13,maipo,134,buin,13402,55,1155,582,573,971,482,489,184,100,84
12501,metropolitana de santiago,13,maipo,134,buin,13402,56,1107,540,567,943,449,494,164,91,73
12502,metropolitana de santiago,13,maipo,134,buin,13402,57,1115,560,555,939,469,470,176,91,85
12503,metropolitana de santiago,13,maipo,134,buin,13402,58,1028,482,546,883,401,482,145,81,64
12504,metropolitana de santiago,13,maipo,134,buin,13402,59,951,472,479,791,385,406,160,87,73
12505,metropolitana de santiago,13,maipo,134,buin,13402,60,903,412,491,759,337,422,144,75,69
12506,metropolitana de santiago,13,maipo,134,buin,13402,61,802,389,413,679,321,358,123,68,55
12507,metropolitana de santiago,13,maipo,134,buin,13402,62,754,389,365,651,329,322,103,60,43
12508,metropolitana de santiago,13,maipo,134,buin,13402,63,739,347,392,630,282,348,109,65,44
12509,metropolitana de santiago,13,maipo,134,buin,13402,64,696,344,352,586,284,302,110,60,50
12510,metropolitana de santiago,13,maipo,134,buin,13402,65,617,289,328,523,250,273,94,39,55
12511,metropolitana de santiago,13,maipo,134,buin,13402,66,603,264,339,535,227,308,68,37,31
12512,metropolitana de santiago,13,maipo,134,buin,13402,67,592,271,321,518,232,286,74,39,35
12513,metropolitana de santiago,13,maipo,134,buin,13402,68,567,260,307,463,203,260,104,57,47
12514,metropolitana de santiago,13,maipo,134,buin,13402,69,516,251,265,421,205,216,95,46,49
12515,metropolitana de santiago,13,maipo,134,buin,13402,70,468,216,252,402,182,220,66,34,32
12516,metropolitana de santiago,13,maipo,134,buin,13402,71,471,216,255,396,178,218,75,38,37
12517,metropolitana de santiago,13,maipo,134,buin,13402,72,452,195,257,386,163,223,66,32,34
12518,metropolitana de santiago,13,maipo,134,buin,13402,73,438,184,254,369,147,222,69,37,32
12519,metropolitana de santiago,13,maipo,134,buin,13402,74,396,183,213,334,149,185,62,34,28
12520,metropolitana de santiago,13,maipo,134,buin,13402,75,328,165,163,273,134,139,55,31,24
12521,metropolitana de santiago,13,maipo,134,buin,13402,76,344,159,185,304,133,171,40,26,14
12522,metropolitana de santiago,13,maipo,134,buin,13402,77,305,131,174,262,115,147,43,16,27
12523,metropolitana de santiago,13,maipo,134,buin,13402,78,266,111,155,236,100,136,30,11,19
12524,metropolitana de santiago,13,maipo,134,buin,13402,79,217,92,125,175,71,104,42,21,21
12525,metropolitana de santiago,13,maipo,134,buin,13402,80,250,125,125,226,112,114,24,13,11
12526,metropolitana de santiago,13,maipo,134,buin,13402,81,223,89,134,181,69,112,42,20,22
12527,metropolitana de santiago,13,maipo,134,buin,13402,82,180,84,96,157,73,84,23,11,12
12528,metropolitana de santiago,13,maipo,134,buin,13402,83,184,74,110,156,63,93,28,11,17
12529,metropolitana de santiago,13,maipo,134,buin,13402,84,145,50,95,124,44,80,21,6,15
12530,metropolitana de santiago,13,maipo,134,buin,13402,85,150,58,92,129,48,81,21,10,11
12531,metropolitana de santiago,13,maipo,134,buin,13402,86,126,45,81,109,40,69,17,5,12
12532,metropolitana de santiago,13,maipo,134,buin,13402,87,118,37,81,103,32,71,15,5,10
12533,metropolitana de santiago,13,maipo,134,buin,13402,88,97,32,65,82,26,56,15,6,9
12534,metropolitana de santiago,13,maipo,134,buin,13402,89,89,35,54,75,27,48,14,8,6
12535,metropolitana de santiago,13,maipo,134,buin,13402,90,60,26,34,52,23,29,8,3,5
12536,metropolitana de santiago,13,maipo,134,buin,13402,91,53,19,34,43,15,28,10,4,6
12537,metropolitana de santiago,13,maipo,134,buin,13402,92,49,20,29,37,11,26,12,9,3
12538,metropolitana de santiago,13,maipo,134,buin,13402,93,25,10,15,21,10,11,4,0,4
12539,metropolitana de santiago,13,maipo,134,buin,13402,94,37,8,29,34,7,27,3,1,2
12540,metropolitana de santiago,13,maipo,134,buin,13402,95,23,8,15,19,7,12,4,1,3
12541,metropolitana de santiago,13,maipo,134,buin,13402,96,20,1,19,19,1,18,1,0,1
12542,metropolitana de santiago,13,maipo,134,buin,13402,97,11,3,8,11,3,8,0,0,0
12543,metropolitana de santiago,13,maipo,134,buin,13402,98,6,0,6,6,0,6,0,0,0
12544,metropolitana de santiago,13,maipo,134,buin,13402,99,5,1,4,4,1,3,1,0,1
12545,metropolitana de santiago,13,maipo,134,buin,13402,100 o más,22,10,12,17,7,10,5,3,2
12546,metropolitana de santiago,13,maipo,134,calera de tango,13403,total comuna,25392,12718,12674,11545,5755,5790,13847,6963,6884
12547,metropolitana de santiago,13,maipo,134,calera de tango,13403,0,314,158,156,166,86,80,148,72,76
12548,metropolitana de santiago,13,maipo,134,calera de tango,13403,1,324,152,172,163,78,85,161,74,87
12549,metropolitana de santiago,13,maipo,134,calera de tango,13403,2,347,172,175,173,84,89,174,88,86
12550,metropolitana de santiago,13,maipo,134,calera de tango,13403,3,327,177,150,172,91,81,155,86,69
12551,metropolitana de santiago,13,maipo,134,calera de tango,13403,4,331,173,158,159,88,71,172,85,87
12552,metropolitana de santiago,13,maipo,134,calera de tango,13403,5,365,185,180,155,77,78,210,108,102
12553,metropolitana de santiago,13,maipo,134,calera de tango,13403,6,367,177,190,169,82,87,198,95,103
12554,metropolitana de santiago,13,maipo,134,calera de tango,13403,7,360,181,179,167,85,82,193,96,97
12555,metropolitana de santiago,13,maipo,134,calera de tango,13403,8,346,181,165,152,84,68,194,97,97
12556,metropolitana de santiago,13,maipo,134,calera de tango,13403,9,377,202,175,169,83,86,208,119,89
12557,metropolitana de santiago,13,maipo,134,calera de tango,13403,10,373,183,190,178,95,83,195,88,107
12558,metropolitana de santiago,13,maipo,134,calera de tango,13403,11,371,188,183,160,80,80,211,108,103
12559,metropolitana de santiago,13,maipo,134,calera de tango,13403,12,362,195,167,144,80,64,218,115,103
12560,metropolitana de santiago,13,maipo,134,calera de tango,13403,13,391,191,200,171,90,81,220,101,119
12561,metropolitana de santiago,13,maipo,134,calera de tango,13403,14,357,182,175,173,81,92,184,101,83
12562,metropolitana de santiago,13,maipo,134,calera de tango,13403,15,366,173,193,170,78,92,196,95,101
12563,metropolitana de santiago,13,maipo,134,calera de tango,13403,16,406,219,187,174,93,81,232,126,106
12564,metropolitana de santiago,13,maipo,134,calera de tango,13403,17,360,194,166,146,69,77,214,125,89
12565,metropolitana de santiago,13,maipo,134,calera de tango,13403,18,394,199,195,178,88,90,216,111,105
12566,metropolitana de santiago,13,maipo,134,calera de tango,13403,19,425,244,181,195,106,89,230,138,92
12567,metropolitana de santiago,13,maipo,134,calera de tango,13403,20,413,204,209,178,87,91,235,117,118
12568,metropolitana de santiago,13,maipo,134,calera de tango,13403,21,405,207,198,181,97,84,224,110,114
12569,metropolitana de santiago,13,maipo,134,calera de tango,13403,22,422,206,216,188,102,86,234,104,130
12570,metropolitana de santiago,13,maipo,134,calera de tango,13403,23,483,263,220,196,107,89,287,156,131
12571,metropolitana de santiago,13,maipo,134,calera de tango,13403,24,428,252,176,193,108,85,235,144,91
12572,metropolitana de santiago,13,maipo,134,calera de tango,13403,25,453,218,235,223,104,119,230,114,116
12573,metropolitana de santiago,13,maipo,134,calera de tango,13403,26,427,193,234,215,93,122,212,100,112
12574,metropolitana de santiago,13,maipo,134,calera de tango,13403,27,454,260,194,227,135,92,227,125,102
12575,metropolitana de santiago,13,maipo,134,calera de tango,13403,28,375,190,185,183,83,100,192,107,85
12576,metropolitana de santiago,13,maipo,134,calera de tango,13403,29,339,183,156,175,103,72,164,80,84
12577,metropolitana de santiago,13,maipo,134,calera de tango,13403,30,330,159,171,179,93,86,151,66,85
12578,metropolitana de santiago,13,maipo,134,calera de tango,13403,31,319,164,155,157,86,71,162,78,84
12579,metropolitana de santiago,13,maipo,134,calera de tango,13403,32,322,175,147,152,87,65,170,88,82
12580,metropolitana de santiago,13,maipo,134,calera de tango,13403,33,301,138,163,141,57,84,160,81,79
12581,metropolitana de santiago,13,maipo,134,calera de tango,13403,34,301,143,158,165,84,81,136,59,77
12582,metropolitana de santiago,13,maipo,134,calera de tango,13403,35,338,159,179,166,79,87,172,80,92
12583,metropolitana de santiago,13,maipo,134,calera de tango,13403,36,311,154,157,164,80,84,147,74,73
12584,metropolitana de santiago,13,maipo,134,calera de tango,13403,37,331,162,169,149,75,74,182,87,95
12585,metropolitana de santiago,13,maipo,134,calera de tango,13403,38,332,173,159,148,78,70,184,95,89
12586,metropolitana de santiago,13,maipo,134,calera de tango,13403,39,317,148,169,145,72,73,172,76,96
12587,metropolitana de santiago,13,maipo,134,calera de tango,13403,40,358,174,184,179,92,87,179,82,97
12588,metropolitana de santiago,13,maipo,134,calera de tango,13403,41,350,184,166,160,92,68,190,92,98
12589,metropolitana de santiago,13,maipo,134,calera de tango,13403,42,371,185,186,160,79,81,211,106,105
12590,metropolitana de santiago,13,maipo,134,calera de tango,13403,43,381,190,191,163,83,80,218,107,111
12591,metropolitana de santiago,13,maipo,134,calera de tango,13403,44,396,197,199,163,84,79,233,113,120
12592,metropolitana de santiago,13,maipo,134,calera de tango,13403,45,340,163,177,140,61,79,200,102,98
12593,metropolitana de santiago,13,maipo,134,calera de tango,13403,46,341,172,169,155,77,78,186,95,91
12594,metropolitana de santiago,13,maipo,134,calera de tango,13403,47,382,196,186,154,74,80,228,122,106
12595,metropolitana de santiago,13,maipo,134,calera de tango,13403,48,343,163,180,155,74,81,188,89,99
12596,metropolitana de santiago,13,maipo,134,calera de tango,13403,49,357,164,193,157,75,82,200,89,111
12597,metropolitana de santiago,13,maipo,134,calera de tango,13403,50,393,185,208,183,81,102,210,104,106
12598,metropolitana de santiago,13,maipo,134,calera de tango,13403,51,378,190,188,164,83,81,214,107,107
12599,metropolitana de santiago,13,maipo,134,calera de tango,13403,52,361,164,197,143,55,88,218,109,109
12600,metropolitana de santiago,13,maipo,134,calera de tango,13403,53,382,176,206,164,72,92,218,104,114
12601,metropolitana de santiago,13,maipo,134,calera de tango,13403,54,358,166,192,158,66,92,200,100,100
12602,metropolitana de santiago,13,maipo,134,calera de tango,13403,55,338,161,177,138,65,73,200,96,104
12603,metropolitana de santiago,13,maipo,134,calera de tango,13403,56,350,190,160,155,87,68,195,103,92
12604,metropolitana de santiago,13,maipo,134,calera de tango,13403,57,337,161,176,140,65,75,197,96,101
12605,metropolitana de santiago,13,maipo,134,calera de tango,13403,58,331,158,173,141,60,81,190,98,92
12606,metropolitana de santiago,13,maipo,134,calera de tango,13403,59,280,130,150,116,57,59,164,73,91
12607,metropolitana de santiago,13,maipo,134,calera de tango,13403,60,278,145,133,127,60,67,151,85,66
12608,metropolitana de santiago,13,maipo,134,calera de tango,13403,61,259,139,120,109,58,51,150,81,69
12609,metropolitana de santiago,13,maipo,134,calera de tango,13403,62,253,117,136,112,49,63,141,68,73
12610,metropolitana de santiago,13,maipo,134,calera de tango,13403,63,225,117,108,102,55,47,123,62,61
12611,metropolitana de santiago,13,maipo,134,calera de tango,13403,64,194,103,91,76,37,39,118,66,52
12612,metropolitana de santiago,13,maipo,134,calera de tango,13403,65,203,112,91,91,48,43,112,64,48
12613,metropolitana de santiago,13,maipo,134,calera de tango,13403,66,158,79,79,64,30,34,94,49,45
12614,metropolitana de santiago,13,maipo,134,calera de tango,13403,67,197,98,99,104,52,52,93,46,47
12615,metropolitana de santiago,13,maipo,134,calera de tango,13403,68,148,77,71,64,29,35,84,48,36
12616,metropolitana de santiago,13,maipo,134,calera de tango,13403,69,165,90,75,75,39,36,90,51,39
12617,metropolitana de santiago,13,maipo,134,calera de tango,13403,70,135,64,71,57,24,33,78,40,38
12618,metropolitana de santiago,13,maipo,134,calera de tango,13403,71,129,66,63,68,31,37,61,35,26
12619,metropolitana de santiago,13,maipo,134,calera de tango,13403,72,129,69,60,55,31,24,74,38,36
12620,metropolitana de santiago,13,maipo,134,calera de tango,13403,73,119,67,52,57,34,23,62,33,29
12621,metropolitana de santiago,13,maipo,134,calera de tango,13403,74,119,56,63,49,22,27,70,34,36
12622,metropolitana de santiago,13,maipo,134,calera de tango,13403,75,84,29,55,42,16,26,42,13,29
12623,metropolitana de santiago,13,maipo,134,calera de tango,13403,76,82,38,44,40,19,21,42,19,23
12624,metropolitana de santiago,13,maipo,134,calera de tango,13403,77,77,32,45,33,14,19,44,18,26
12625,metropolitana de santiago,13,maipo,134,calera de tango,13403,78,63,28,35,29,11,18,34,17,17
12626,metropolitana de santiago,13,maipo,134,calera de tango,13403,79,74,42,32,37,20,17,37,22,15
12627,metropolitana de santiago,13,maipo,134,calera de tango,13403,80,53,31,22,21,16,5,32,15,17
12628,metropolitana de santiago,13,maipo,134,calera de tango,13403,81,45,18,27,18,7,11,27,11,16
12629,metropolitana de santiago,13,maipo,134,calera de tango,13403,82,65,28,37,32,16,16,33,12,21
12630,metropolitana de santiago,13,maipo,134,calera de tango,13403,83,40,19,21,14,5,9,26,14,12
12631,metropolitana de santiago,13,maipo,134,calera de tango,13403,84,52,21,31,20,9,11,32,12,20
12632,metropolitana de santiago,13,maipo,134,calera de tango,13403,85,37,12,25,11,3,8,26,9,17
12633,metropolitana de santiago,13,maipo,134,calera de tango,13403,86,32,16,16,15,7,8,17,9,8
12634,metropolitana de santiago,13,maipo,134,calera de tango,13403,87,47,15,32,20,5,15,27,10,17
12635,metropolitana de santiago,13,maipo,134,calera de tango,13403,88,29,10,19,16,6,10,13,4,9
12636,metropolitana de santiago,13,maipo,134,calera de tango,13403,89,26,9,17,5,1,4,21,8,13
12637,metropolitana de santiago,13,maipo,134,calera de tango,13403,90,15,4,11,10,2,8,5,2,3
12638,metropolitana de santiago,13,maipo,134,calera de tango,13403,91,12,5,7,5,1,4,7,4,3
12639,metropolitana de santiago,13,maipo,134,calera de tango,13403,92,11,1,10,3,0,3,8,1,7
12640,metropolitana de santiago,13,maipo,134,calera de tango,13403,93,11,5,6,5,3,2,6,2,4
12641,metropolitana de santiago,13,maipo,134,calera de tango,13403,94,7,2,5,2,2,0,5,0,5
12642,metropolitana de santiago,13,maipo,134,calera de tango,13403,95,6,3,3,2,2,0,4,1,3
12643,metropolitana de santiago,13,maipo,134,calera de tango,13403,96,10,1,9,4,0,4,6,1,5
12644,metropolitana de santiago,13,maipo,134,calera de tango,13403,97,3,0,3,1,0,1,2,0,2
12645,metropolitana de santiago,13,maipo,134,calera de tango,13403,98,0,0,0,0,0,0,0,0,0
12646,metropolitana de santiago,13,maipo,134,calera de tango,13403,99,1,0,1,1,0,1,0,0,0
12647,metropolitana de santiago,13,maipo,134,calera de tango,13403,100 o más,8,4,4,2,1,1,6,3,3
12648,metropolitana de santiago,13,maipo,134,paine,13404,total comuna,72759,36521,36238,46753,23191,23562,26006,13330,12676
12649,metropolitana de santiago,13,maipo,134,paine,13404,0,927,475,452,615,335,280,312,140,172
12650,metropolitana de santiago,13,maipo,134,paine,13404,1,1029,528,501,668,347,321,361,181,180
12651,metropolitana de santiago,13,maipo,134,paine,13404,2,1046,533,513,681,353,328,365,180,185
12652,metropolitana de santiago,13,maipo,134,paine,13404,3,1007,541,466,642,349,293,365,192,173
12653,metropolitana de santiago,13,maipo,134,paine,13404,4,1091,561,530,715,377,338,376,184,192
12654,metropolitana de santiago,13,maipo,134,paine,13404,5,1138,568,570,732,373,359,406,195,211
12655,metropolitana de santiago,13,maipo,134,paine,13404,6,1128,574,554,767,395,372,361,179,182
12656,metropolitana de santiago,13,maipo,134,paine,13404,7,1172,609,563,782,404,378,390,205,185
12657,metropolitana de santiago,13,maipo,134,paine,13404,8,1085,536,549,729,361,368,356,175,181
12658,metropolitana de santiago,13,maipo,134,paine,13404,9,1075,530,545,720,350,370,355,180,175
12659,metropolitana de santiago,13,maipo,134,paine,13404,10,1053,506,547,681,339,342,372,167,205
12660,metropolitana de santiago,13,maipo,134,paine,13404,11,1043,531,512,677,348,329,366,183,183
12661,metropolitana de santiago,13,maipo,134,paine,13404,12,1051,543,508,689,345,344,362,198,164
12662,metropolitana de santiago,13,maipo,134,paine,13404,13,1006,491,515,689,337,352,317,154,163
12663,metropolitana de santiago,13,maipo,134,paine,13404,14,1073,561,512,696,341,355,377,220,157
12664,metropolitana de santiago,13,maipo,134,paine,13404,15,1111,578,533,711,346,365,400,232,168
12665,metropolitana de santiago,13,maipo,134,paine,13404,16,1159,575,584,785,391,394,374,184,190
12666,metropolitana de santiago,13,maipo,134,paine,13404,17,1048,543,505,696,359,337,352,184,168
12667,metropolitana de santiago,13,maipo,134,paine,13404,18,1026,485,541,721,340,381,305,145,160
12668,metropolitana de santiago,13,maipo,134,paine,13404,19,1103,578,525,753,399,354,350,179,171
12669,metropolitana de santiago,13,maipo,134,paine,13404,20,1122,541,581,745,359,386,377,182,195
12670,metropolitana de santiago,13,maipo,134,paine,13404,21,1112,539,573,767,374,393,345,165,180
12671,metropolitana de santiago,13,maipo,134,paine,13404,22,1160,584,576,798,401,397,362,183,179
12672,metropolitana de santiago,13,maipo,134,paine,13404,23,1147,617,530,775,422,353,372,195,177
12673,metropolitana de santiago,13,maipo,134,paine,13404,24,1229,666,563,813,444,369,416,222,194
12674,metropolitana de santiago,13,maipo,134,paine,13404,25,1178,610,568,801,423,378,377,187,190
12675,metropolitana de santiago,13,maipo,134,paine,13404,26,1203,597,606,780,384,396,423,213,210
12676,metropolitana de santiago,13,maipo,134,paine,13404,27,1188,616,572,805,419,386,383,197,186
12677,metropolitana de santiago,13,maipo,134,paine,13404,28,1158,571,587,772,385,387,386,186,200
12678,metropolitana de santiago,13,maipo,134,paine,13404,29,1092,512,580,716,332,384,376,180,196
12679,metropolitana de santiago,13,maipo,134,paine,13404,30,1052,546,506,704,354,350,348,192,156
12680,metropolitana de santiago,13,maipo,134,paine,13404,31,997,513,484,671,349,322,326,164,162
12681,metropolitana de santiago,13,maipo,134,paine,13404,32,996,518,478,683,354,329,313,164,149
12682,metropolitana de santiago,13,maipo,134,paine,13404,33,996,493,503,666,323,343,330,170,160
12683,metropolitana de santiago,13,maipo,134,paine,13404,34,1058,514,544,696,336,360,362,178,184
12684,metropolitana de santiago,13,maipo,134,paine,13404,35,1182,595,587,736,363,373,446,232,214
12685,metropolitana de santiago,13,maipo,134,paine,13404,36,976,469,507,621,300,321,355,169,186
12686,metropolitana de santiago,13,maipo,134,paine,13404,37,1042,538,504,671,343,328,371,195,176
12687,metropolitana de santiago,13,maipo,134,paine,13404,38,978,508,470,649,332,317,329,176,153
12688,metropolitana de santiago,13,maipo,134,paine,13404,39,974,478,496,593,278,315,381,200,181
12689,metropolitana de santiago,13,maipo,134,paine,13404,40,988,492,496,637,307,330,351,185,166
12690,metropolitana de santiago,13,maipo,134,paine,13404,41,973,494,479,636,322,314,337,172,165
12691,metropolitana de santiago,13,maipo,134,paine,13404,42,989,523,466,625,332,293,364,191,173
12692,metropolitana de santiago,13,maipo,134,paine,13404,43,1055,514,541,665,321,344,390,193,197
12693,metropolitana de santiago,13,maipo,134,paine,13404,44,993,477,516,637,293,344,356,184,172
12694,metropolitana de santiago,13,maipo,134,paine,13404,45,1019,502,517,645,307,338,374,195,179
12695,metropolitana de santiago,13,maipo,134,paine,13404,46,947,478,469,612,300,312,335,178,157
12696,metropolitana de santiago,13,maipo,134,paine,13404,47,933,457,476,614,295,319,319,162,157
12697,metropolitana de santiago,13,maipo,134,paine,13404,48,1001,514,487,651,334,317,350,180,170
12698,metropolitana de santiago,13,maipo,134,paine,13404,49,1064,523,541,681,328,353,383,195,188
12699,metropolitana de santiago,13,maipo,134,paine,13404,50,1043,530,513,654,331,323,389,199,190
12700,metropolitana de santiago,13,maipo,134,paine,13404,51,955,485,470,584,294,290,371,191,180
12701,metropolitana de santiago,13,maipo,134,paine,13404,52,1021,486,535,636,309,327,385,177,208
12702,metropolitana de santiago,13,maipo,134,paine,13404,53,1019,502,517,610,294,316,409,208,201
12703,metropolitana de santiago,13,maipo,134,paine,13404,54,986,494,492,612,301,311,374,193,181
12704,metropolitana de santiago,13,maipo,134,paine,13404,55,892,476,416,530,279,251,362,197,165
12705,metropolitana de santiago,13,maipo,134,paine,13404,56,863,422,441,535,246,289,328,176,152
12706,metropolitana de santiago,13,maipo,134,paine,13404,57,811,421,390,488,248,240,323,173,150
12707,metropolitana de santiago,13,maipo,134,paine,13404,58,832,403,429,521,238,283,311,165,146
12708,metropolitana de santiago,13,maipo,134,paine,13404,59,785,393,392,446,201,245,339,192,147
12709,metropolitana de santiago,13,maipo,134,paine,13404,60,764,410,354,451,230,221,313,180,133
12710,metropolitana de santiago,13,maipo,134,paine,13404,61,695,337,358,406,175,231,289,162,127
12711,metropolitana de santiago,13,maipo,134,paine,13404,62,643,307,336,384,177,207,259,130,129
12712,metropolitana de santiago,13,maipo,134,paine,13404,63,617,296,321,377,172,205,240,124,116
12713,metropolitana de santiago,13,maipo,134,paine,13404,64,576,275,301,341,157,184,235,118,117
12714,metropolitana de santiago,13,maipo,134,paine,13404,65,603,301,302,335,155,180,268,146,122
12715,metropolitana de santiago,13,maipo,134,paine,13404,66,518,274,244,301,152,149,217,122,95
12716,metropolitana de santiago,13,maipo,134,paine,13404,67,539,256,283,296,148,148,243,108,135
12717,metropolitana de santiago,13,maipo,134,paine,13404,68,483,238,245,283,129,154,200,109,91
12718,metropolitana de santiago,13,maipo,134,paine,13404,69,481,259,222,291,157,134,190,102,88
12719,metropolitana de santiago,13,maipo,134,paine,13404,70,405,209,196,233,114,119,172,95,77
12720,metropolitana de santiago,13,maipo,134,paine,13404,71,390,201,189,226,112,114,164,89,75
12721,metropolitana de santiago,13,maipo,134,paine,13404,72,372,181,191,229,111,118,143,70,73
12722,metropolitana de santiago,13,maipo,134,paine,13404,73,337,180,157,209,105,104,128,75,53
12723,metropolitana de santiago,13,maipo,134,paine,13404,74,328,166,162,184,83,101,144,83,61
12724,metropolitana de santiago,13,maipo,134,paine,13404,75,313,165,148,195,100,95,118,65,53
12725,metropolitana de santiago,13,maipo,134,paine,13404,76,263,109,154,156,64,92,107,45,62
12726,metropolitana de santiago,13,maipo,134,paine,13404,77,215,105,110,137,63,74,78,42,36
12727,metropolitana de santiago,13,maipo,134,paine,13404,78,204,110,94,132,67,65,72,43,29
12728,metropolitana de santiago,13,maipo,134,paine,13404,79,202,88,114,116,45,71,86,43,43
12729,metropolitana de santiago,13,maipo,134,paine,13404,80,180,84,96,104,49,55,76,35,41
12730,metropolitana de santiago,13,maipo,134,paine,13404,81,157,78,79,93,42,51,64,36,28
12731,metropolitana de santiago,13,maipo,134,paine,13404,82,134,58,76,74,32,42,60,26,34
12732,metropolitana de santiago,13,maipo,134,paine,13404,83,120,46,74,72,23,49,48,23,25
12733,metropolitana de santiago,13,maipo,134,paine,13404,84,113,45,68,66,29,37,47,16,31
12734,metropolitana de santiago,13,maipo,134,paine,13404,85,114,53,61,77,35,42,37,18,19
12735,metropolitana de santiago,13,maipo,134,paine,13404,86,124,54,70,69,27,42,55,27,28
12736,metropolitana de santiago,13,maipo,134,paine,13404,87,102,42,60,55,19,36,47,23,24
12737,metropolitana de santiago,13,maipo,134,paine,13404,88,76,29,47,43,16,27,33,13,20
12738,metropolitana de santiago,13,maipo,134,paine,13404,89,74,25,49,47,16,31,27,9,18
12739,metropolitana de santiago,13,maipo,134,paine,13404,90,53,20,33,27,9,18,26,11,15
12740,metropolitana de santiago,13,maipo,134,paine,13404,91,38,15,23,19,7,12,19,8,11
12741,metropolitana de santiago,13,maipo,134,paine,13404,92,30,7,23,20,3,17,10,4,6
12742,metropolitana de santiago,13,maipo,134,paine,13404,93,29,14,15,18,9,9,11,5,6
12743,metropolitana de santiago,13,maipo,134,paine,13404,94,22,7,15,14,4,10,8,3,5
12744,metropolitana de santiago,13,maipo,134,paine,13404,95,13,3,10,8,3,5,5,0,5
12745,metropolitana de santiago,13,maipo,134,paine,13404,96,19,7,12,13,4,9,6,3,3
12746,metropolitana de santiago,13,maipo,134,paine,13404,97,10,1,9,9,1,8,1,0,1
12747,metropolitana de santiago,13,maipo,134,paine,13404,98,4,2,2,2,0,2,2,2,0
12748,metropolitana de santiago,13,maipo,134,paine,13404,99,4,2,2,0,0,0,4,2,2
12749,metropolitana de santiago,13,maipo,134,paine,13404,100 o más,15,5,10,11,3,8,4,2,2
12750,metropolitana de santiago,13,melipilla,135,melipilla,13501,total comuna,123627,61410,62217,84724,41346,43378,38903,20064,18839
12751,metropolitana de santiago,13,melipilla,135,melipilla,13501,0,1545,788,757,1107,571,536,438,217,221
12752,metropolitana de santiago,13,melipilla,135,melipilla,13501,1,1728,869,859,1215,611,604,513,258,255
12753,metropolitana de santiago,13,melipilla,135,melipilla,13501,2,1834,904,930,1299,646,653,535,258,277
12754,metropolitana de santiago,13,melipilla,135,melipilla,13501,3,1724,904,820,1228,643,585,496,261,235
12755,metropolitana de santiago,13,melipilla,135,melipilla,13501,4,1707,859,848,1192,574,618,515,285,230
12756,metropolitana de santiago,13,melipilla,135,melipilla,13501,5,1882,1004,878,1366,738,628,516,266,250
12757,metropolitana de santiago,13,melipilla,135,melipilla,13501,6,1837,959,878,1317,703,614,520,256,264
12758,metropolitana de santiago,13,melipilla,135,melipilla,13501,7,1829,861,968,1316,610,706,513,251,262
12759,metropolitana de santiago,13,melipilla,135,melipilla,13501,8,1821,922,899,1250,621,629,571,301,270
12760,metropolitana de santiago,13,melipilla,135,melipilla,13501,9,1634,830,804,1138,570,568,496,260,236
12761,metropolitana de santiago,13,melipilla,135,melipilla,13501,10,1614,821,793,1126,553,573,488,268,220
12762,metropolitana de santiago,13,melipilla,135,melipilla,13501,11,1667,877,790,1157,589,568,510,288,222
12763,metropolitana de santiago,13,melipilla,135,melipilla,13501,12,1689,889,800,1173,617,556,516,272,244
12764,metropolitana de santiago,13,melipilla,135,melipilla,13501,13,1621,787,834,1108,513,595,513,274,239
12765,metropolitana de santiago,13,melipilla,135,melipilla,13501,14,1775,934,841,1231,657,574,544,277,267
12766,metropolitana de santiago,13,melipilla,135,melipilla,13501,15,1805,953,852,1271,674,597,534,279,255
12767,metropolitana de santiago,13,melipilla,135,melipilla,13501,16,1814,917,897,1240,631,609,574,286,288
12768,metropolitana de santiago,13,melipilla,135,melipilla,13501,17,1831,907,924,1307,633,674,524,274,250
12769,metropolitana de santiago,13,melipilla,135,melipilla,13501,18,1806,956,850,1298,687,611,508,269,239
12770,metropolitana de santiago,13,melipilla,135,melipilla,13501,19,1768,901,867,1268,649,619,500,252,248
12771,metropolitana de santiago,13,melipilla,135,melipilla,13501,20,1777,867,910,1253,610,643,524,257,267
12772,metropolitana de santiago,13,melipilla,135,melipilla,13501,21,1794,886,908,1272,631,641,522,255,267
12773,metropolitana de santiago,13,melipilla,135,melipilla,13501,22,1951,981,970,1396,682,714,555,299,256
12774,metropolitana de santiago,13,melipilla,135,melipilla,13501,23,1985,1027,958,1445,753,692,540,274,266
12775,metropolitana de santiago,13,melipilla,135,melipilla,13501,24,1991,985,1006,1429,697,732,562,288,274
12776,metropolitana de santiago,13,melipilla,135,melipilla,13501,25,1942,971,971,1422,707,715,520,264,256
12777,metropolitana de santiago,13,melipilla,135,melipilla,13501,26,2002,1030,972,1441,737,704,561,293,268
12778,metropolitana de santiago,13,melipilla,135,melipilla,13501,27,2070,1011,1059,1514,739,775,556,272,284
12779,metropolitana de santiago,13,melipilla,135,melipilla,13501,28,2054,1071,983,1491,790,701,563,281,282
12780,metropolitana de santiago,13,melipilla,135,melipilla,13501,29,1894,947,947,1350,677,673,544,270,274
12781,metropolitana de santiago,13,melipilla,135,melipilla,13501,30,1877,951,926,1377,687,690,500,264,236
12782,metropolitana de santiago,13,melipilla,135,melipilla,13501,31,1803,920,883,1316,656,660,487,264,223
12783,metropolitana de santiago,13,melipilla,135,melipilla,13501,32,1702,848,854,1237,605,632,465,243,222
12784,metropolitana de santiago,13,melipilla,135,melipilla,13501,33,1695,836,859,1209,602,607,486,234,252
12785,metropolitana de santiago,13,melipilla,135,melipilla,13501,34,1849,919,930,1349,674,675,500,245,255
12786,metropolitana de santiago,13,melipilla,135,melipilla,13501,35,1864,929,935,1395,693,702,469,236,233
12787,metropolitana de santiago,13,melipilla,135,melipilla,13501,36,1749,871,878,1253,622,631,496,249,247
12788,metropolitana de santiago,13,melipilla,135,melipilla,13501,37,1708,862,846,1207,588,619,501,274,227
12789,metropolitana de santiago,13,melipilla,135,melipilla,13501,38,1602,807,795,1114,554,560,488,253,235
12790,metropolitana de santiago,13,melipilla,135,melipilla,13501,39,1540,756,784,1068,517,551,472,239,233
12791,metropolitana de santiago,13,melipilla,135,melipilla,13501,40,1567,772,795,1094,534,560,473,238,235
12792,metropolitana de santiago,13,melipilla,135,melipilla,13501,41,1651,821,830,1144,564,580,507,257,250
12793,metropolitana de santiago,13,melipilla,135,melipilla,13501,42,1685,847,838,1168,599,569,517,248,269
12794,metropolitana de santiago,13,melipilla,135,melipilla,13501,43,1683,796,887,1174,550,624,509,246,263
12795,metropolitana de santiago,13,melipilla,135,melipilla,13501,44,1631,776,855,1127,530,597,504,246,258
12796,metropolitana de santiago,13,melipilla,135,melipilla,13501,45,1550,792,758,1021,522,499,529,270,259
12797,metropolitana de santiago,13,melipilla,135,melipilla,13501,46,1557,754,803,1044,489,555,513,265,248
12798,metropolitana de santiago,13,melipilla,135,melipilla,13501,47,1562,779,783,1036,504,532,526,275,251
12799,metropolitana de santiago,13,melipilla,135,melipilla,13501,48,1613,779,834,1043,506,537,570,273,297
12800,metropolitana de santiago,13,melipilla,135,melipilla,13501,49,1576,798,778,1032,525,507,544,273,271
12801,metropolitana de santiago,13,melipilla,135,melipilla,13501,50,1617,782,835,1042,500,542,575,282,293
12802,metropolitana de santiago,13,melipilla,135,melipilla,13501,51,1686,810,876,1064,472,592,622,338,284
12803,metropolitana de santiago,13,melipilla,135,melipilla,13501,52,1659,805,854,1034,483,551,625,322,303
12804,metropolitana de santiago,13,melipilla,135,melipilla,13501,53,1588,803,785,1013,498,515,575,305,270
12805,metropolitana de santiago,13,melipilla,135,melipilla,13501,54,1628,809,819,1049,494,555,579,315,264
12806,metropolitana de santiago,13,melipilla,135,melipilla,13501,55,1598,771,827,1026,465,561,572,306,266
12807,metropolitana de santiago,13,melipilla,135,melipilla,13501,56,1579,781,798,997,477,520,582,304,278
12808,metropolitana de santiago,13,melipilla,135,melipilla,13501,57,1423,680,743,900,435,465,523,245,278
12809,metropolitana de santiago,13,melipilla,135,melipilla,13501,58,1479,738,741,955,445,510,524,293,231
12810,metropolitana de santiago,13,melipilla,135,melipilla,13501,59,1417,674,743,955,418,537,462,256,206
12811,metropolitana de santiago,13,melipilla,135,melipilla,13501,60,1291,634,657,827,384,443,464,250,214
12812,metropolitana de santiago,13,melipilla,135,melipilla,13501,61,1235,597,638,812,376,436,423,221,202
12813,metropolitana de santiago,13,melipilla,135,melipilla,13501,62,1182,586,596,734,344,390,448,242,206
12814,metropolitana de santiago,13,melipilla,135,melipilla,13501,63,1089,523,566,718,326,392,371,197,174
12815,metropolitana de santiago,13,melipilla,135,melipilla,13501,64,1038,518,520,652,316,336,386,202,184
12816,metropolitana de santiago,13,melipilla,135,melipilla,13501,65,1043,520,523,650,317,333,393,203,190
12817,metropolitana de santiago,13,melipilla,135,melipilla,13501,66,982,464,518,628,279,349,354,185,169
12818,metropolitana de santiago,13,melipilla,135,melipilla,13501,67,942,449,493,581,267,314,361,182,179
12819,metropolitana de santiago,13,melipilla,135,melipilla,13501,68,909,422,487,577,240,337,332,182,150
12820,metropolitana de santiago,13,melipilla,135,melipilla,13501,69,836,390,446,537,238,299,299,152,147
12821,metropolitana de santiago,13,melipilla,135,melipilla,13501,70,768,375,393,474,222,252,294,153,141
12822,metropolitana de santiago,13,melipilla,135,melipilla,13501,71,803,379,424,481,205,276,322,174,148
12823,metropolitana de santiago,13,melipilla,135,melipilla,13501,72,766,393,373,460,213,247,306,180,126
12824,metropolitana de santiago,13,melipilla,135,melipilla,13501,73,675,334,341,425,199,226,250,135,115
12825,metropolitana de santiago,13,melipilla,135,melipilla,13501,74,648,307,341,394,168,226,254,139,115
12826,metropolitana de santiago,13,melipilla,135,melipilla,13501,75,628,293,335,390,181,209,238,112,126
12827,metropolitana de santiago,13,melipilla,135,melipilla,13501,76,562,252,310,354,154,200,208,98,110
12828,metropolitana de santiago,13,melipilla,135,melipilla,13501,77,533,245,288,325,139,186,208,106,102
12829,metropolitana de santiago,13,melipilla,135,melipilla,13501,78,469,239,230,300,144,156,169,95,74
12830,metropolitana de santiago,13,melipilla,135,melipilla,13501,79,461,201,260,287,110,177,174,91,83
12831,metropolitana de santiago,13,melipilla,135,melipilla,13501,80,393,190,203,245,102,143,148,88,60
12832,metropolitana de santiago,13,melipilla,135,melipilla,13501,81,348,166,182,208,96,112,140,70,70
12833,metropolitana de santiago,13,melipilla,135,melipilla,13501,82,367,163,204,225,84,141,142,79,63
12834,metropolitana de santiago,13,melipilla,135,melipilla,13501,83,289,135,154,172,72,100,117,63,54
12835,metropolitana de santiago,13,melipilla,135,melipilla,13501,84,278,138,140,175,80,95,103,58,45
12836,metropolitana de santiago,13,melipilla,135,melipilla,13501,85,262,114,148,172,71,101,90,43,47
12837,metropolitana de santiago,13,melipilla,135,melipilla,13501,86,244,95,149,146,55,91,98,40,58
12838,metropolitana de santiago,13,melipilla,135,melipilla,13501,87,216,97,119,150,56,94,66,41,25
12839,metropolitana de santiago,13,melipilla,135,melipilla,13501,88,168,65,103,102,34,68,66,31,35
12840,metropolitana de santiago,13,melipilla,135,melipilla,13501,89,130,52,78,78,27,51,52,25,27
12841,metropolitana de santiago,13,melipilla,135,melipilla,13501,90,121,48,73,86,35,51,35,13,22
12842,metropolitana de santiago,13,melipilla,135,melipilla,13501,91,84,30,54,60,20,40,24,10,14
12843,metropolitana de santiago,13,melipilla,135,melipilla,13501,92,83,34,49,60,25,35,23,9,14
12844,metropolitana de santiago,13,melipilla,135,melipilla,13501,93,70,23,47,45,10,35,25,13,12
12845,metropolitana de santiago,13,melipilla,135,melipilla,13501,94,55,21,34,41,16,25,14,5,9
12846,metropolitana de santiago,13,melipilla,135,melipilla,13501,95,45,11,34,33,6,27,12,5,7
12847,metropolitana de santiago,13,melipilla,135,melipilla,13501,96,29,4,25,18,3,15,11,1,10
12848,metropolitana de santiago,13,melipilla,135,melipilla,13501,97,13,5,8,7,2,5,6,3,3
12849,metropolitana de santiago,13,melipilla,135,melipilla,13501,98,9,2,7,7,1,6,2,1,1
12850,metropolitana de santiago,13,melipilla,135,melipilla,13501,99,12,1,11,8,0,8,4,1,3
12851,metropolitana de santiago,13,melipilla,135,melipilla,13501,100 o más,22,11,11,17,8,9,5,3,2
12852,metropolitana de santiago,13,melipilla,135,alhué,13502,total comuna,6444,3516,2928,2784,1561,1223,3660,1955,1705
12853,metropolitana de santiago,13,melipilla,135,alhué,13502,0,63,27,36,23,9,14,40,18,22
12854,metropolitana de santiago,13,melipilla,135,alhué,13502,1,90,47,43,32,14,18,58,33,25
12855,metropolitana de santiago,13,melipilla,135,alhué,13502,2,97,48,49,38,15,23,59,33,26
12856,metropolitana de santiago,13,melipilla,135,alhué,13502,3,80,36,44,33,16,17,47,20,27
12857,metropolitana de santiago,13,melipilla,135,alhué,13502,4,93,47,46,40,24,16,53,23,30
12858,metropolitana de santiago,13,melipilla,135,alhué,13502,5,82,33,49,27,9,18,55,24,31
12859,metropolitana de santiago,13,melipilla,135,alhué,13502,6,71,38,33,25,17,8,46,21,25
12860,metropolitana de santiago,13,melipilla,135,alhué,13502,7,95,53,42,39,21,18,56,32,24
12861,metropolitana de santiago,13,melipilla,135,alhué,13502,8,77,43,34,35,19,16,42,24,18
12862,metropolitana de santiago,13,melipilla,135,alhué,13502,9,77,39,38,36,16,20,41,23,18
12863,metropolitana de santiago,13,melipilla,135,alhué,13502,10,78,42,36,29,19,10,49,23,26
12864,metropolitana de santiago,13,melipilla,135,alhué,13502,11,72,37,35,31,17,14,41,20,21
12865,metropolitana de santiago,13,melipilla,135,alhué,13502,12,93,52,41,37,20,17,56,32,24
12866,metropolitana de santiago,13,melipilla,135,alhué,13502,13,72,34,38,39,20,19,33,14,19
12867,metropolitana de santiago,13,melipilla,135,alhué,13502,14,70,36,34,31,16,15,39,20,19
12868,metropolitana de santiago,13,melipilla,135,alhué,13502,15,77,41,36,32,15,17,45,26,19
12869,metropolitana de santiago,13,melipilla,135,alhué,13502,16,55,34,21,21,13,8,34,21,13
12870,metropolitana de santiago,13,melipilla,135,alhué,13502,17,68,39,29,31,16,15,37,23,14
12871,metropolitana de santiago,13,melipilla,135,alhué,13502,18,82,40,42,35,19,16,47,21,26
12872,metropolitana de santiago,13,melipilla,135,alhué,13502,19,60,35,25,17,8,9,43,27,16
12873,metropolitana de santiago,13,melipilla,135,alhué,13502,20,87,45,42,31,19,12,56,26,30
12874,metropolitana de santiago,13,melipilla,135,alhué,13502,21,79,38,41,30,14,16,49,24,25
12875,metropolitana de santiago,13,melipilla,135,alhué,13502,22,95,51,44,38,17,21,57,34,23
12876,metropolitana de santiago,13,melipilla,135,alhué,13502,23,98,56,42,39,25,14,59,31,28
12877,metropolitana de santiago,13,melipilla,135,alhué,13502,24,113,66,47,36,20,16,77,46,31
12878,metropolitana de santiago,13,melipilla,135,alhué,13502,25,118,58,60,48,22,26,70,36,34
12879,metropolitana de santiago,13,melipilla,135,alhué,13502,26,131,72,59,55,34,21,76,38,38
12880,metropolitana de santiago,13,melipilla,135,alhué,13502,27,113,57,56,52,27,25,61,30,31
12881,metropolitana de santiago,13,melipilla,135,alhué,13502,28,131,74,57,58,36,22,73,38,35
12882,metropolitana de santiago,13,melipilla,135,alhué,13502,29,107,57,50,45,25,20,62,32,30
12883,metropolitana de santiago,13,melipilla,135,alhué,13502,30,128,62,66,57,37,20,71,25,46
12884,metropolitana de santiago,13,melipilla,135,alhué,13502,31,99,59,40,34,19,15,65,40,25
12885,metropolitana de santiago,13,melipilla,135,alhué,13502,32,102,44,58,43,18,25,59,26,33
12886,metropolitana de santiago,13,melipilla,135,alhué,13502,33,102,61,41,37,24,13,65,37,28
12887,metropolitana de santiago,13,melipilla,135,alhué,13502,34,100,63,37,40,24,16,60,39,21
12888,metropolitana de santiago,13,melipilla,135,alhué,13502,35,119,61,58,49,25,24,70,36,34
12889,metropolitana de santiago,13,melipilla,135,alhué,13502,36,89,50,39,37,20,17,52,30,22
12890,metropolitana de santiago,13,melipilla,135,alhué,13502,37,84,45,39,44,21,23,40,24,16
12891,metropolitana de santiago,13,melipilla,135,alhué,13502,38,90,50,40,36,21,15,54,29,25
12892,metropolitana de santiago,13,melipilla,135,alhué,13502,39,98,58,40,53,39,14,45,19,26
12893,metropolitana de santiago,13,melipilla,135,alhué,13502,40,84,41,43,35,15,20,49,26,23
12894,metropolitana de santiago,13,melipilla,135,alhué,13502,41,236,210,26,159,148,11,77,62,15
12895,metropolitana de santiago,13,melipilla,135,alhué,13502,42,87,46,41,34,18,16,53,28,25
12896,metropolitana de santiago,13,melipilla,135,alhué,13502,43,75,42,33,37,23,14,38,19,19
12897,metropolitana de santiago,13,melipilla,135,alhué,13502,44,65,42,23,27,21,6,38,21,17
12898,metropolitana de santiago,13,melipilla,135,alhué,13502,45,95,49,46,35,17,18,60,32,28
12899,metropolitana de santiago,13,melipilla,135,alhué,13502,46,89,44,45,43,23,20,46,21,25
12900,metropolitana de santiago,13,melipilla,135,alhué,13502,47,72,40,32,28,14,14,44,26,18
12901,metropolitana de santiago,13,melipilla,135,alhué,13502,48,94,57,37,39,20,19,55,37,18
12902,metropolitana de santiago,13,melipilla,135,alhué,13502,49,90,51,39,40,19,21,50,32,18
12903,metropolitana de santiago,13,melipilla,135,alhué,13502,50,90,52,38,42,24,18,48,28,20
12904,metropolitana de santiago,13,melipilla,135,alhué,13502,51,107,59,48,61,37,24,46,22,24
12905,metropolitana de santiago,13,melipilla,135,alhué,13502,52,94,51,43,45,26,19,49,25,24
12906,metropolitana de santiago,13,melipilla,135,alhué,13502,53,83,55,28,38,26,12,45,29,16
12907,metropolitana de santiago,13,melipilla,135,alhué,13502,54,81,34,47,37,18,19,44,16,28
12908,metropolitana de santiago,13,melipilla,135,alhué,13502,55,76,41,35,39,24,15,37,17,20
12909,metropolitana de santiago,13,melipilla,135,alhué,13502,56,81,41,40,30,12,18,51,29,22
12910,metropolitana de santiago,13,melipilla,135,alhué,13502,57,87,53,34,38,21,17,49,32,17
12911,metropolitana de santiago,13,melipilla,135,alhué,13502,58,57,25,32,24,12,12,33,13,20
12912,metropolitana de santiago,13,melipilla,135,alhué,13502,59,68,36,32,26,17,9,42,19,23
12913,metropolitana de santiago,13,melipilla,135,alhué,13502,60,63,42,21,34,22,12,29,20,9
12914,metropolitana de santiago,13,melipilla,135,alhué,13502,61,71,37,34,35,19,16,36,18,18
12915,metropolitana de santiago,13,melipilla,135,alhué,13502,62,55,33,22,26,18,8,29,15,14
12916,metropolitana de santiago,13,melipilla,135,alhué,13502,63,50,30,20,24,14,10,26,16,10
12917,metropolitana de santiago,13,melipilla,135,alhué,13502,64,47,25,22,19,8,11,28,17,11
12918,metropolitana de santiago,13,melipilla,135,alhué,13502,65,62,30,32,30,13,17,32,17,15
12919,metropolitana de santiago,13,melipilla,135,alhué,13502,66,54,31,23,20,11,9,34,20,14
12920,metropolitana de santiago,13,melipilla,135,alhué,13502,67,50,25,25,15,7,8,35,18,17
12921,metropolitana de santiago,13,melipilla,135,alhué,13502,68,36,19,17,17,8,9,19,11,8
12922,metropolitana de santiago,13,melipilla,135,alhué,13502,69,42,23,19,16,9,7,26,14,12
12923,metropolitana de santiago,13,melipilla,135,alhué,13502,70,37,16,21,17,7,10,20,9,11
12924,metropolitana de santiago,13,melipilla,135,alhué,13502,71,33,15,18,12,7,5,21,8,13
12925,metropolitana de santiago,13,melipilla,135,alhué,13502,72,38,20,18,11,5,6,27,15,12
12926,metropolitana de santiago,13,melipilla,135,alhué,13502,73,30,15,15,11,5,6,19,10,9
12927,metropolitana de santiago,13,melipilla,135,alhué,13502,74,30,16,14,13,9,4,17,7,10
12928,metropolitana de santiago,13,melipilla,135,alhué,13502,75,24,14,10,12,8,4,12,6,6
12929,metropolitana de santiago,13,melipilla,135,alhué,13502,76,23,8,15,11,4,7,12,4,8
12930,metropolitana de santiago,13,melipilla,135,alhué,13502,77,25,17,8,11,7,4,14,10,4
12931,metropolitana de santiago,13,melipilla,135,alhué,13502,78,20,8,12,6,1,5,14,7,7
12932,metropolitana de santiago,13,melipilla,135,alhué,13502,79,23,9,14,10,2,8,13,7,6
12933,metropolitana de santiago,13,melipilla,135,alhué,13502,80,23,12,11,11,4,7,12,8,4
12934,metropolitana de santiago,13,melipilla,135,alhué,13502,81,24,12,12,12,4,8,12,8,4
12935,metropolitana de santiago,13,melipilla,135,alhué,13502,82,21,8,13,8,2,6,13,6,7
12936,metropolitana de santiago,13,melipilla,135,alhué,13502,83,14,7,7,8,4,4,6,3,3
12937,metropolitana de santiago,13,melipilla,135,alhué,13502,84,16,8,8,7,2,5,9,6,3
12938,metropolitana de santiago,13,melipilla,135,alhué,13502,85,15,7,8,5,2,3,10,5,5
12939,metropolitana de santiago,13,melipilla,135,alhué,13502,86,9,5,4,5,2,3,4,3,1
12940,metropolitana de santiago,13,melipilla,135,alhué,13502,87,16,8,8,6,3,3,10,5,5
12941,metropolitana de santiago,13,melipilla,135,alhué,13502,88,11,6,5,8,5,3,3,1,2
12942,metropolitana de santiago,13,melipilla,135,alhué,13502,89,12,5,7,3,0,3,9,5,4
12943,metropolitana de santiago,13,melipilla,135,alhué,13502,90,3,2,1,3,2,1,0,0,0
12944,metropolitana de santiago,13,melipilla,135,alhué,13502,91,5,1,4,2,0,2,3,1,2
12945,metropolitana de santiago,13,melipilla,135,alhué,13502,92,6,1,5,1,0,1,5,1,4
12946,metropolitana de santiago,13,melipilla,135,alhué,13502,93,3,1,2,1,1,0,2,0,2
12947,metropolitana de santiago,13,melipilla,135,alhué,13502,94,1,1,0,1,1,0,0,0,0
12948,metropolitana de santiago,13,melipilla,135,alhué,13502,95,2,1,1,1,0,1,1,1,0
12949,metropolitana de santiago,13,melipilla,135,alhué,13502,96,0,0,0,0,0,0,0,0,0
12950,metropolitana de santiago,13,melipilla,135,alhué,13502,97,1,0,1,1,0,1,0,0,0
12951,metropolitana de santiago,13,melipilla,135,alhué,13502,98,0,0,0,0,0,0,0,0,0
12952,metropolitana de santiago,13,melipilla,135,alhué,13502,99,1,1,0,0,0,0,1,1,0
12953,metropolitana de santiago,13,melipilla,135,alhué,13502,100 o más,2,0,2,1,0,1,1,0,1
12954,metropolitana de santiago,13,melipilla,135,curacaví,13503,total comuna,32579,16222,16357,20360,9934,10426,12219,6288,5931
12955,metropolitana de santiago,13,melipilla,135,curacaví,13503,0,375,191,184,242,128,114,133,63,70
12956,metropolitana de santiago,13,melipilla,135,curacaví,13503,1,482,231,251,296,147,149,186,84,102
12957,metropolitana de santiago,13,melipilla,135,curacaví,13503,2,467,231,236,301,160,141,166,71,95
12958,metropolitana de santiago,13,melipilla,135,curacaví,13503,3,469,238,231,312,161,151,157,77,80
12959,metropolitana de santiago,13,melipilla,135,curacaví,13503,4,447,234,213,292,151,141,155,83,72
12960,metropolitana de santiago,13,melipilla,135,curacaví,13503,5,462,231,231,290,147,143,172,84,88
12961,metropolitana de santiago,13,melipilla,135,curacaví,13503,6,479,240,239,302,152,150,177,88,89
12962,metropolitana de santiago,13,melipilla,135,curacaví,13503,7,481,245,236,295,142,153,186,103,83
12963,metropolitana de santiago,13,melipilla,135,curacaví,13503,8,462,231,231,290,134,156,172,97,75
12964,metropolitana de santiago,13,melipilla,135,curacaví,13503,9,441,227,214,284,140,144,157,87,70
12965,metropolitana de santiago,13,melipilla,135,curacaví,13503,10,428,224,204,270,137,133,158,87,71
12966,metropolitana de santiago,13,melipilla,135,curacaví,13503,11,436,220,216,274,137,137,162,83,79
12967,metropolitana de santiago,13,melipilla,135,curacaví,13503,12,430,223,207,264,144,120,166,79,87
12968,metropolitana de santiago,13,melipilla,135,curacaví,13503,13,421,222,199,283,148,135,138,74,64
12969,metropolitana de santiago,13,melipilla,135,curacaví,13503,14,445,219,226,285,149,136,160,70,90
12970,metropolitana de santiago,13,melipilla,135,curacaví,13503,15,432,247,185,286,160,126,146,87,59
12971,metropolitana de santiago,13,melipilla,135,curacaví,13503,16,453,244,209,281,144,137,172,100,72
12972,metropolitana de santiago,13,melipilla,135,curacaví,13503,17,485,237,248,299,141,158,186,96,90
12973,metropolitana de santiago,13,melipilla,135,curacaví,13503,18,422,212,210,274,133,141,148,79,69
12974,metropolitana de santiago,13,melipilla,135,curacaví,13503,19,442,215,227,284,137,147,158,78,80
12975,metropolitana de santiago,13,melipilla,135,curacaví,13503,20,477,243,234,327,162,165,150,81,69
12976,metropolitana de santiago,13,melipilla,135,curacaví,13503,21,488,233,255,335,160,175,153,73,80
12977,metropolitana de santiago,13,melipilla,135,curacaví,13503,22,513,258,255,368,179,189,145,79,66
12978,metropolitana de santiago,13,melipilla,135,curacaví,13503,23,520,258,262,360,173,187,160,85,75
12979,metropolitana de santiago,13,melipilla,135,curacaví,13503,24,510,280,230,361,206,155,149,74,75
12980,metropolitana de santiago,13,melipilla,135,curacaví,13503,25,533,289,244,355,195,160,178,94,84
12981,metropolitana de santiago,13,melipilla,135,curacaví,13503,26,532,291,241,362,195,167,170,96,74
12982,metropolitana de santiago,13,melipilla,135,curacaví,13503,27,495,251,244,330,167,163,165,84,81
12983,metropolitana de santiago,13,melipilla,135,curacaví,13503,28,519,251,268,347,163,184,172,88,84
12984,metropolitana de santiago,13,melipilla,135,curacaví,13503,29,447,245,202,297,168,129,150,77,73
12985,metropolitana de santiago,13,melipilla,135,curacaví,13503,30,467,234,233,320,160,160,147,74,73
12986,metropolitana de santiago,13,melipilla,135,curacaví,13503,31,463,228,235,306,143,163,157,85,72
12987,metropolitana de santiago,13,melipilla,135,curacaví,13503,32,452,194,258,300,124,176,152,70,82
12988,metropolitana de santiago,13,melipilla,135,curacaví,13503,33,440,211,229,280,133,147,160,78,82
12989,metropolitana de santiago,13,melipilla,135,curacaví,13503,34,452,228,224,265,133,132,187,95,92
12990,metropolitana de santiago,13,melipilla,135,curacaví,13503,35,470,243,227,296,156,140,174,87,87
12991,metropolitana de santiago,13,melipilla,135,curacaví,13503,36,427,202,225,260,117,143,167,85,82
12992,metropolitana de santiago,13,melipilla,135,curacaví,13503,37,457,226,231,285,134,151,172,92,80
12993,metropolitana de santiago,13,melipilla,135,curacaví,13503,38,426,218,208,264,137,127,162,81,81
12994,metropolitana de santiago,13,melipilla,135,curacaví,13503,39,414,206,208,250,121,129,164,85,79
12995,metropolitana de santiago,13,melipilla,135,curacaví,13503,40,396,194,202,249,120,129,147,74,73
12996,metropolitana de santiago,13,melipilla,135,curacaví,13503,41,411,210,201,260,124,136,151,86,65
12997,metropolitana de santiago,13,melipilla,135,curacaví,13503,42,436,213,223,269,127,142,167,86,81
12998,metropolitana de santiago,13,melipilla,135,curacaví,13503,43,432,230,202,262,134,128,170,96,74
12999,metropolitana de santiago,13,melipilla,135,curacaví,13503,44,409,191,218,253,116,137,156,75,81
13000,metropolitana de santiago,13,melipilla,135,curacaví,13503,45,412,194,218,252,109,143,160,85,75
13001,metropolitana de santiago,13,melipilla,135,curacaví,13503,46,390,181,209,242,113,129,148,68,80
13002,metropolitana de santiago,13,melipilla,135,curacaví,13503,47,435,202,233,254,116,138,181,86,95
13003,metropolitana de santiago,13,melipilla,135,curacaví,13503,48,431,210,221,276,130,146,155,80,75
13004,metropolitana de santiago,13,melipilla,135,curacaví,13503,49,465,225,240,274,133,141,191,92,99
13005,metropolitana de santiago,13,melipilla,135,curacaví,13503,50,440,223,217,267,130,137,173,93,80
13006,metropolitana de santiago,13,melipilla,135,curacaví,13503,51,496,237,259,312,144,168,184,93,91
13007,metropolitana de santiago,13,melipilla,135,curacaví,13503,52,459,236,223,269,136,133,190,100,90
13008,metropolitana de santiago,13,melipilla,135,curacaví,13503,53,452,213,239,257,122,135,195,91,104
13009,metropolitana de santiago,13,melipilla,135,curacaví,13503,54,472,233,239,286,140,146,186,93,93
13010,metropolitana de santiago,13,melipilla,135,curacaví,13503,55,449,229,220,271,135,136,178,94,84
13011,metropolitana de santiago,13,melipilla,135,curacaví,13503,56,433,219,214,255,112,143,178,107,71
13012,metropolitana de santiago,13,melipilla,135,curacaví,13503,57,424,221,203,267,131,136,157,90,67
13013,metropolitana de santiago,13,melipilla,135,curacaví,13503,58,394,191,203,227,101,126,167,90,77
13014,metropolitana de santiago,13,melipilla,135,curacaví,13503,59,403,185,218,228,107,121,175,78,97
13015,metropolitana de santiago,13,melipilla,135,curacaví,13503,60,357,173,184,223,99,124,134,74,60
13016,metropolitana de santiago,13,melipilla,135,curacaví,13503,61,334,152,182,186,77,109,148,75,73
13017,metropolitana de santiago,13,melipilla,135,curacaví,13503,62,296,147,149,166,79,87,130,68,62
13018,metropolitana de santiago,13,melipilla,135,curacaví,13503,63,313,160,153,178,87,91,135,73,62
13019,metropolitana de santiago,13,melipilla,135,curacaví,13503,64,310,145,165,201,92,109,109,53,56
13020,metropolitana de santiago,13,melipilla,135,curacaví,13503,65,261,140,121,137,65,72,124,75,49
13021,metropolitana de santiago,13,melipilla,135,curacaví,13503,66,238,111,127,151,70,81,87,41,46
13022,metropolitana de santiago,13,melipilla,135,curacaví,13503,67,269,148,121,154,83,71,115,65,50
13023,metropolitana de santiago,13,melipilla,135,curacaví,13503,68,256,126,130,151,63,88,105,63,42
13024,metropolitana de santiago,13,melipilla,135,curacaví,13503,69,243,110,133,152,63,89,91,47,44
13025,metropolitana de santiago,13,melipilla,135,curacaví,13503,70,232,117,115,135,66,69,97,51,46
13026,metropolitana de santiago,13,melipilla,135,curacaví,13503,71,231,105,126,117,52,65,114,53,61
13027,metropolitana de santiago,13,melipilla,135,curacaví,13503,72,204,101,103,98,48,50,106,53,53
13028,metropolitana de santiago,13,melipilla,135,curacaví,13503,73,197,101,96,108,54,54,89,47,42
13029,metropolitana de santiago,13,melipilla,135,curacaví,13503,74,169,70,99,89,34,55,80,36,44
13030,metropolitana de santiago,13,melipilla,135,curacaví,13503,75,163,78,85,99,49,50,64,29,35
13031,metropolitana de santiago,13,melipilla,135,curacaví,13503,76,151,74,77,91,42,49,60,32,28
13032,metropolitana de santiago,13,melipilla,135,curacaví,13503,77,160,87,73,92,48,44,68,39,29
13033,metropolitana de santiago,13,melipilla,135,curacaví,13503,78,140,64,76,81,35,46,59,29,30
13034,metropolitana de santiago,13,melipilla,135,curacaví,13503,79,118,52,66,63,27,36,55,25,30
13035,metropolitana de santiago,13,melipilla,135,curacaví,13503,80,105,50,55,59,25,34,46,25,21
13036,metropolitana de santiago,13,melipilla,135,curacaví,13503,81,101,48,53,58,27,31,43,21,22
13037,metropolitana de santiago,13,melipilla,135,curacaví,13503,82,105,44,61,55,19,36,50,25,25
13038,metropolitana de santiago,13,melipilla,135,curacaví,13503,83,78,41,37,50,20,30,28,21,7
13039,metropolitana de santiago,13,melipilla,135,curacaví,13503,84,83,45,38,49,26,23,34,19,15
13040,metropolitana de santiago,13,melipilla,135,curacaví,13503,85,61,23,38,35,16,19,26,7,19
13041,metropolitana de santiago,13,melipilla,135,curacaví,13503,86,51,15,36,29,8,21,22,7,15
13042,metropolitana de santiago,13,melipilla,135,curacaví,13503,87,48,21,27,31,11,20,17,10,7
13043,metropolitana de santiago,13,melipilla,135,curacaví,13503,88,49,26,23,25,12,13,24,14,10
13044,metropolitana de santiago,13,melipilla,135,curacaví,13503,89,32,14,18,22,10,12,10,4,6
13045,metropolitana de santiago,13,melipilla,135,curacaví,13503,90,25,8,17,12,6,6,13,2,11
13046,metropolitana de santiago,13,melipilla,135,curacaví,13503,91,28,9,19,18,4,14,10,5,5
13047,metropolitana de santiago,13,melipilla,135,curacaví,13503,92,15,5,10,11,4,7,4,1,3
13048,metropolitana de santiago,13,melipilla,135,curacaví,13503,93,8,2,6,7,2,5,1,0,1
13049,metropolitana de santiago,13,melipilla,135,curacaví,13503,94,16,8,8,9,5,4,7,3,4
13050,metropolitana de santiago,13,melipilla,135,curacaví,13503,95,7,4,3,2,2,0,5,2,3
13051,metropolitana de santiago,13,melipilla,135,curacaví,13503,96,5,2,3,2,1,1,3,1,2
13052,metropolitana de santiago,13,melipilla,135,curacaví,13503,97,5,3,2,3,2,1,2,1,1
13053,metropolitana de santiago,13,melipilla,135,curacaví,13503,98,5,0,5,3,0,3,2,0,2
13054,metropolitana de santiago,13,melipilla,135,curacaví,13503,99,1,0,1,1,0,1,0,0,0
13055,metropolitana de santiago,13,melipilla,135,curacaví,13503,100 o más,9,5,4,5,3,2,4,2,2
13056,metropolitana de santiago,13,melipilla,135,maría pinto,13504,total comuna,13590,6830,6760,6667,3310,3357,6923,3520,3403
13057,metropolitana de santiago,13,melipilla,135,maría pinto,13504,0,156,76,80,76,31,45,80,45,35
13058,metropolitana de santiago,13,melipilla,135,maría pinto,13504,1,194,94,100,106,55,51,88,39,49
13059,metropolitana de santiago,13,melipilla,135,maría pinto,13504,2,188,103,85,106,56,50,82,47,35
13060,metropolitana de santiago,13,melipilla,135,maría pinto,13504,3,203,99,104,107,54,53,96,45,51
13061,metropolitana de santiago,13,melipilla,135,maría pinto,13504,4,185,92,93,93,42,51,92,50,42
13062,metropolitana de santiago,13,melipilla,135,maría pinto,13504,5,167,76,91,85,41,44,82,35,47
13063,metropolitana de santiago,13,melipilla,135,maría pinto,13504,6,214,114,100,117,64,53,97,50,47
13064,metropolitana de santiago,13,melipilla,135,maría pinto,13504,7,170,80,90,77,36,41,93,44,49
13065,metropolitana de santiago,13,melipilla,135,maría pinto,13504,8,216,107,109,133,69,64,83,38,45
13066,metropolitana de santiago,13,melipilla,135,maría pinto,13504,9,206,98,108,108,53,55,98,45,53
13067,metropolitana de santiago,13,melipilla,135,maría pinto,13504,10,189,111,78,91,54,37,98,57,41
13068,metropolitana de santiago,13,melipilla,135,maría pinto,13504,11,172,77,95,88,36,52,84,41,43
13069,metropolitana de santiago,13,melipilla,135,maría pinto,13504,12,160,80,80,78,38,40,82,42,40
13070,metropolitana de santiago,13,melipilla,135,maría pinto,13504,13,183,92,91,90,51,39,93,41,52
13071,metropolitana de santiago,13,melipilla,135,maría pinto,13504,14,189,90,99,104,46,58,85,44,41
13072,metropolitana de santiago,13,melipilla,135,maría pinto,13504,15,206,123,83,103,57,46,103,66,37
13073,metropolitana de santiago,13,melipilla,135,maría pinto,13504,16,185,91,94,86,41,45,99,50,49
13074,metropolitana de santiago,13,melipilla,135,maría pinto,13504,17,177,82,95,99,45,54,78,37,41
13075,metropolitana de santiago,13,melipilla,135,maría pinto,13504,18,156,85,71,87,46,41,69,39,30
13076,metropolitana de santiago,13,melipilla,135,maría pinto,13504,19,207,96,111,105,46,59,102,50,52
13077,metropolitana de santiago,13,melipilla,135,maría pinto,13504,20,165,77,88,80,33,47,85,44,41
13078,metropolitana de santiago,13,melipilla,135,maría pinto,13504,21,222,117,105,117,63,54,105,54,51
13079,metropolitana de santiago,13,melipilla,135,maría pinto,13504,22,217,96,121,107,50,57,110,46,64
13080,metropolitana de santiago,13,melipilla,135,maría pinto,13504,23,191,103,88,96,52,44,95,51,44
13081,metropolitana de santiago,13,melipilla,135,maría pinto,13504,24,216,103,113,120,61,59,96,42,54
13082,metropolitana de santiago,13,melipilla,135,maría pinto,13504,25,225,107,118,128,61,67,97,46,51
13083,metropolitana de santiago,13,melipilla,135,maría pinto,13504,26,205,109,96,95,41,54,110,68,42
13084,metropolitana de santiago,13,melipilla,135,maría pinto,13504,27,254,142,112,127,69,58,127,73,54
13085,metropolitana de santiago,13,melipilla,135,maría pinto,13504,28,198,105,93,109,57,52,89,48,41
13086,metropolitana de santiago,13,melipilla,135,maría pinto,13504,29,220,123,97,113,71,42,107,52,55
13087,metropolitana de santiago,13,melipilla,135,maría pinto,13504,30,201,94,107,94,48,46,107,46,61
13088,metropolitana de santiago,13,melipilla,135,maría pinto,13504,31,206,94,112,97,47,50,109,47,62
13089,metropolitana de santiago,13,melipilla,135,maría pinto,13504,32,189,100,89,101,56,45,88,44,44
13090,metropolitana de santiago,13,melipilla,135,maría pinto,13504,33,183,93,90,80,44,36,103,49,54
13091,metropolitana de santiago,13,melipilla,135,maría pinto,13504,34,180,89,91,87,45,42,93,44,49
13092,metropolitana de santiago,13,melipilla,135,maría pinto,13504,35,205,97,108,101,44,57,104,53,51
13093,metropolitana de santiago,13,melipilla,135,maría pinto,13504,36,180,88,92,90,43,47,90,45,45
13094,metropolitana de santiago,13,melipilla,135,maría pinto,13504,37,171,81,90,80,33,47,91,48,43
13095,metropolitana de santiago,13,melipilla,135,maría pinto,13504,38,185,91,94,83,37,46,102,54,48
13096,metropolitana de santiago,13,melipilla,135,maría pinto,13504,39,180,97,83,75,41,34,105,56,49
13097,metropolitana de santiago,13,melipilla,135,maría pinto,13504,40,152,93,59,64,40,24,88,53,35
13098,metropolitana de santiago,13,melipilla,135,maría pinto,13504,41,176,87,89,78,36,42,98,51,47
13099,metropolitana de santiago,13,melipilla,135,maría pinto,13504,42,189,91,98,91,40,51,98,51,47
13100,metropolitana de santiago,13,melipilla,135,maría pinto,13504,43,187,96,91,96,49,47,91,47,44
13101,metropolitana de santiago,13,melipilla,135,maría pinto,13504,44,187,97,90,85,44,41,102,53,49
13102,metropolitana de santiago,13,melipilla,135,maría pinto,13504,45,182,91,91,99,44,55,83,47,36
13103,metropolitana de santiago,13,melipilla,135,maría pinto,13504,46,196,95,101,111,49,62,85,46,39
13104,metropolitana de santiago,13,melipilla,135,maría pinto,13504,47,177,93,84,90,50,40,87,43,44
13105,metropolitana de santiago,13,melipilla,135,maría pinto,13504,48,187,97,90,99,51,48,88,46,42
13106,metropolitana de santiago,13,melipilla,135,maría pinto,13504,49,195,103,92,90,40,50,105,63,42
13107,metropolitana de santiago,13,melipilla,135,maría pinto,13504,50,189,101,88,100,56,44,89,45,44
13108,metropolitana de santiago,13,melipilla,135,maría pinto,13504,51,200,96,104,103,47,56,97,49,48
13109,metropolitana de santiago,13,melipilla,135,maría pinto,13504,52,197,96,101,88,44,44,109,52,57
13110,metropolitana de santiago,13,melipilla,135,maría pinto,13504,53,200,101,99,99,45,54,101,56,45
13111,metropolitana de santiago,13,melipilla,135,maría pinto,13504,54,201,95,106,94,45,49,107,50,57
13112,metropolitana de santiago,13,melipilla,135,maría pinto,13504,55,166,78,88,82,45,37,84,33,51
13113,metropolitana de santiago,13,melipilla,135,maría pinto,13504,56,182,90,92,84,48,36,98,42,56
13114,metropolitana de santiago,13,melipilla,135,maría pinto,13504,57,162,87,75,74,39,35,88,48,40
13115,metropolitana de santiago,13,melipilla,135,maría pinto,13504,58,146,78,68,69,40,29,77,38,39
13116,metropolitana de santiago,13,melipilla,135,maría pinto,13504,59,158,74,84,68,30,38,90,44,46
13117,metropolitana de santiago,13,melipilla,135,maría pinto,13504,60,154,74,80,59,31,28,95,43,52
13118,metropolitana de santiago,13,melipilla,135,maría pinto,13504,61,151,75,76,70,34,36,81,41,40
13119,metropolitana de santiago,13,melipilla,135,maría pinto,13504,62,137,68,69,56,25,31,81,43,38
13120,metropolitana de santiago,13,melipilla,135,maría pinto,13504,63,123,54,69,44,22,22,79,32,47
13121,metropolitana de santiago,13,melipilla,135,maría pinto,13504,64,121,56,65,49,23,26,72,33,39
13122,metropolitana de santiago,13,melipilla,135,maría pinto,13504,65,118,62,56,49,22,27,69,40,29
13123,metropolitana de santiago,13,melipilla,135,maría pinto,13504,66,95,42,53,42,21,21,53,21,32
13124,metropolitana de santiago,13,melipilla,135,maría pinto,13504,67,89,50,39,47,26,21,42,24,18
13125,metropolitana de santiago,13,melipilla,135,maría pinto,13504,68,95,55,40,41,24,17,54,31,23
13126,metropolitana de santiago,13,melipilla,135,maría pinto,13504,69,97,52,45,36,13,23,61,39,22
13127,metropolitana de santiago,13,melipilla,135,maría pinto,13504,70,85,47,38,32,15,17,53,32,21
13128,metropolitana de santiago,13,melipilla,135,maría pinto,13504,71,98,47,51,50,21,29,48,26,22
13129,metropolitana de santiago,13,melipilla,135,maría pinto,13504,72,93,45,48,39,17,22,54,28,26
13130,metropolitana de santiago,13,melipilla,135,maría pinto,13504,73,72,40,32,31,18,13,41,22,19
13131,metropolitana de santiago,13,melipilla,135,maría pinto,13504,74,62,35,27,28,17,11,34,18,16
13132,metropolitana de santiago,13,melipilla,135,maría pinto,13504,75,70,34,36,38,16,22,32,18,14
13133,metropolitana de santiago,13,melipilla,135,maría pinto,13504,76,58,26,32,35,13,22,23,13,10
13134,metropolitana de santiago,13,melipilla,135,maría pinto,13504,77,71,29,42,30,13,17,41,16,25
13135,metropolitana de santiago,13,melipilla,135,maría pinto,13504,78,44,23,21,19,8,11,25,15,10
13136,metropolitana de santiago,13,melipilla,135,maría pinto,13504,79,44,21,23,24,12,12,20,9,11
13137,metropolitana de santiago,13,melipilla,135,maría pinto,13504,80,48,28,20,25,16,9,23,12,11
13138,metropolitana de santiago,13,melipilla,135,maría pinto,13504,81,42,18,24,19,10,9,23,8,15
13139,metropolitana de santiago,13,melipilla,135,maría pinto,13504,82,41,16,25,15,4,11,26,12,14
13140,metropolitana de santiago,13,melipilla,135,maría pinto,13504,83,34,23,11,10,7,3,24,16,8
13141,metropolitana de santiago,13,melipilla,135,maría pinto,13504,84,28,7,21,16,4,12,12,3,9
13142,metropolitana de santiago,13,melipilla,135,maría pinto,13504,85,28,19,9,15,9,6,13,10,3
13143,metropolitana de santiago,13,melipilla,135,maría pinto,13504,86,38,19,19,19,12,7,19,7,12
13144,metropolitana de santiago,13,melipilla,135,maría pinto,13504,87,14,6,8,9,3,6,5,3,2
13145,metropolitana de santiago,13,melipilla,135,maría pinto,13504,88,18,11,7,8,5,3,10,6,4
13146,metropolitana de santiago,13,melipilla,135,maría pinto,13504,89,15,8,7,5,3,2,10,5,5
13147,metropolitana de santiago,13,melipilla,135,maría pinto,13504,90,11,6,5,2,1,1,9,5,4
13148,metropolitana de santiago,13,melipilla,135,maría pinto,13504,91,14,6,8,5,2,3,9,4,5
13149,metropolitana de santiago,13,melipilla,135,maría pinto,13504,92,8,4,4,3,2,1,5,2,3
13150,metropolitana de santiago,13,melipilla,135,maría pinto,13504,93,8,3,5,3,0,3,5,3,2
13151,metropolitana de santiago,13,melipilla,135,maría pinto,13504,94,4,2,2,1,0,1,3,2,1
13152,metropolitana de santiago,13,melipilla,135,maría pinto,13504,95,3,1,2,3,1,2,0,0,0
13153,metropolitana de santiago,13,melipilla,135,maría pinto,13504,96,5,2,3,2,0,2,3,2,1
13154,metropolitana de santiago,13,melipilla,135,maría pinto,13504,97,3,1,2,2,0,2,1,1,0
13155,metropolitana de santiago,13,melipilla,135,maría pinto,13504,98,1,1,0,0,0,0,1,1,0
13156,metropolitana de santiago,13,melipilla,135,maría pinto,13504,99,1,0,1,1,0,1,0,0,0
13157,metropolitana de santiago,13,melipilla,135,maría pinto,13504,100 o más,4,3,1,2,1,1,2,2,0
13158,metropolitana de santiago,13,melipilla,135,san pedro,13505,total comuna,9726,5132,4594,0,0,0,9726,5132,4594
13159,metropolitana de santiago,13,melipilla,135,san pedro,13505,0,130,63,67,0,0,0,130,63,67
13160,metropolitana de santiago,13,melipilla,135,san pedro,13505,1,141,72,69,0,0,0,141,72,69
13161,metropolitana de santiago,13,melipilla,135,san pedro,13505,2,144,70,74,0,0,0,144,70,74
13162,metropolitana de santiago,13,melipilla,135,san pedro,13505,3,143,76,67,0,0,0,143,76,67
13163,metropolitana de santiago,13,melipilla,135,san pedro,13505,4,138,71,67,0,0,0,138,71,67
13164,metropolitana de santiago,13,melipilla,135,san pedro,13505,5,136,76,60,0,0,0,136,76,60
13165,metropolitana de santiago,13,melipilla,135,san pedro,13505,6,142,68,74,0,0,0,142,68,74
13166,metropolitana de santiago,13,melipilla,135,san pedro,13505,7,129,66,63,0,0,0,129,66,63
13167,metropolitana de santiago,13,melipilla,135,san pedro,13505,8,122,63,59,0,0,0,122,63,59
13168,metropolitana de santiago,13,melipilla,135,san pedro,13505,9,139,72,67,0,0,0,139,72,67
13169,metropolitana de santiago,13,melipilla,135,san pedro,13505,10,124,61,63,0,0,0,124,61,63
13170,metropolitana de santiago,13,melipilla,135,san pedro,13505,11,141,62,79,0,0,0,141,62,79
13171,metropolitana de santiago,13,melipilla,135,san pedro,13505,12,150,64,86,0,0,0,150,64,86
13172,metropolitana de santiago,13,melipilla,135,san pedro,13505,13,127,62,65,0,0,0,127,62,65
13173,metropolitana de santiago,13,melipilla,135,san pedro,13505,14,149,69,80,0,0,0,149,69,80
13174,metropolitana de santiago,13,melipilla,135,san pedro,13505,15,132,67,65,0,0,0,132,67,65
13175,metropolitana de santiago,13,melipilla,135,san pedro,13505,16,142,73,69,0,0,0,142,73,69
13176,metropolitana de santiago,13,melipilla,135,san pedro,13505,17,111,55,56,0,0,0,111,55,56
13177,metropolitana de santiago,13,melipilla,135,san pedro,13505,18,103,60,43,0,0,0,103,60,43
13178,metropolitana de santiago,13,melipilla,135,san pedro,13505,19,102,49,53,0,0,0,102,49,53
13179,metropolitana de santiago,13,melipilla,135,san pedro,13505,20,114,65,49,0,0,0,114,65,49
13180,metropolitana de santiago,13,melipilla,135,san pedro,13505,21,112,60,52,0,0,0,112,60,52
13181,metropolitana de santiago,13,melipilla,135,san pedro,13505,22,137,68,69,0,0,0,137,68,69
13182,metropolitana de santiago,13,melipilla,135,san pedro,13505,23,114,66,48,0,0,0,114,66,48
13183,metropolitana de santiago,13,melipilla,135,san pedro,13505,24,129,73,56,0,0,0,129,73,56
13184,metropolitana de santiago,13,melipilla,135,san pedro,13505,25,142,71,71,0,0,0,142,71,71
13185,metropolitana de santiago,13,melipilla,135,san pedro,13505,26,132,86,46,0,0,0,132,86,46
13186,metropolitana de santiago,13,melipilla,135,san pedro,13505,27,154,81,73,0,0,0,154,81,73
13187,metropolitana de santiago,13,melipilla,135,san pedro,13505,28,142,68,74,0,0,0,142,68,74
13188,metropolitana de santiago,13,melipilla,135,san pedro,13505,29,154,82,72,0,0,0,154,82,72
13189,metropolitana de santiago,13,melipilla,135,san pedro,13505,30,156,84,72,0,0,0,156,84,72
13190,metropolitana de santiago,13,melipilla,135,san pedro,13505,31,153,74,79,0,0,0,153,74,79
13191,metropolitana de santiago,13,melipilla,135,san pedro,13505,32,114,56,58,0,0,0,114,56,58
13192,metropolitana de santiago,13,melipilla,135,san pedro,13505,33,148,79,69,0,0,0,148,79,69
13193,metropolitana de santiago,13,melipilla,135,san pedro,13505,34,127,73,54,0,0,0,127,73,54
13194,metropolitana de santiago,13,melipilla,135,san pedro,13505,35,123,59,64,0,0,0,123,59,64
13195,metropolitana de santiago,13,melipilla,135,san pedro,13505,36,118,63,55,0,0,0,118,63,55
13196,metropolitana de santiago,13,melipilla,135,san pedro,13505,37,109,69,40,0,0,0,109,69,40
13197,metropolitana de santiago,13,melipilla,135,san pedro,13505,38,150,85,65,0,0,0,150,85,65
13198,metropolitana de santiago,13,melipilla,135,san pedro,13505,39,125,62,63,0,0,0,125,62,63
13199,metropolitana de santiago,13,melipilla,135,san pedro,13505,40,108,56,52,0,0,0,108,56,52
13200,metropolitana de santiago,13,melipilla,135,san pedro,13505,41,121,70,51,0,0,0,121,70,51
13201,metropolitana de santiago,13,melipilla,135,san pedro,13505,42,130,60,70,0,0,0,130,60,70
13202,metropolitana de santiago,13,melipilla,135,san pedro,13505,43,125,73,52,0,0,0,125,73,52
13203,metropolitana de santiago,13,melipilla,135,san pedro,13505,44,124,60,64,0,0,0,124,60,64
13204,metropolitana de santiago,13,melipilla,135,san pedro,13505,45,123,68,55,0,0,0,123,68,55
13205,metropolitana de santiago,13,melipilla,135,san pedro,13505,46,112,65,47,0,0,0,112,65,47
13206,metropolitana de santiago,13,melipilla,135,san pedro,13505,47,111,63,48,0,0,0,111,63,48
13207,metropolitana de santiago,13,melipilla,135,san pedro,13505,48,135,57,78,0,0,0,135,57,78
13208,metropolitana de santiago,13,melipilla,135,san pedro,13505,49,126,67,59,0,0,0,126,67,59
13209,metropolitana de santiago,13,melipilla,135,san pedro,13505,50,133,80,53,0,0,0,133,80,53
13210,metropolitana de santiago,13,melipilla,135,san pedro,13505,51,127,69,58,0,0,0,127,69,58
13211,metropolitana de santiago,13,melipilla,135,san pedro,13505,52,146,75,71,0,0,0,146,75,71
13212,metropolitana de santiago,13,melipilla,135,san pedro,13505,53,107,59,48,0,0,0,107,59,48
13213,metropolitana de santiago,13,melipilla,135,san pedro,13505,54,139,77,62,0,0,0,139,77,62
13214,metropolitana de santiago,13,melipilla,135,san pedro,13505,55,129,77,52,0,0,0,129,77,52
13215,metropolitana de santiago,13,melipilla,135,san pedro,13505,56,128,66,62,0,0,0,128,66,62
13216,metropolitana de santiago,13,melipilla,135,san pedro,13505,57,122,72,50,0,0,0,122,72,50
13217,metropolitana de santiago,13,melipilla,135,san pedro,13505,58,134,72,62,0,0,0,134,72,62
13218,metropolitana de santiago,13,melipilla,135,san pedro,13505,59,122,70,52,0,0,0,122,70,52
13219,metropolitana de santiago,13,melipilla,135,san pedro,13505,60,116,62,54,0,0,0,116,62,54
13220,metropolitana de santiago,13,melipilla,135,san pedro,13505,61,127,71,56,0,0,0,127,71,56
13221,metropolitana de santiago,13,melipilla,135,san pedro,13505,62,113,66,47,0,0,0,113,66,47
13222,metropolitana de santiago,13,melipilla,135,san pedro,13505,63,92,44,48,0,0,0,92,44,48
13223,metropolitana de santiago,13,melipilla,135,san pedro,13505,64,88,51,37,0,0,0,88,51,37
13224,metropolitana de santiago,13,melipilla,135,san pedro,13505,65,79,45,34,0,0,0,79,45,34
13225,metropolitana de santiago,13,melipilla,135,san pedro,13505,66,86,43,43,0,0,0,86,43,43
13226,metropolitana de santiago,13,melipilla,135,san pedro,13505,67,94,55,39,0,0,0,94,55,39
13227,metropolitana de santiago,13,melipilla,135,san pedro,13505,68,87,47,40,0,0,0,87,47,40
13228,metropolitana de santiago,13,melipilla,135,san pedro,13505,69,94,53,41,0,0,0,94,53,41
13229,metropolitana de santiago,13,melipilla,135,san pedro,13505,70,61,36,25,0,0,0,61,36,25
13230,metropolitana de santiago,13,melipilla,135,san pedro,13505,71,76,40,36,0,0,0,76,40,36
13231,metropolitana de santiago,13,melipilla,135,san pedro,13505,72,72,34,38,0,0,0,72,34,38
13232,metropolitana de santiago,13,melipilla,135,san pedro,13505,73,69,37,32,0,0,0,69,37,32
13233,metropolitana de santiago,13,melipilla,135,san pedro,13505,74,71,42,29,0,0,0,71,42,29
13234,metropolitana de santiago,13,melipilla,135,san pedro,13505,75,66,32,34,0,0,0,66,32,34
13235,metropolitana de santiago,13,melipilla,135,san pedro,13505,76,68,37,31,0,0,0,68,37,31
13236,metropolitana de santiago,13,melipilla,135,san pedro,13505,77,55,33,22,0,0,0,55,33,22
13237,metropolitana de santiago,13,melipilla,135,san pedro,13505,78,47,25,22,0,0,0,47,25,22
13238,metropolitana de santiago,13,melipilla,135,san pedro,13505,79,40,25,15,0,0,0,40,25,15
13239,metropolitana de santiago,13,melipilla,135,san pedro,13505,80,50,27,23,0,0,0,50,27,23
13240,metropolitana de santiago,13,melipilla,135,san pedro,13505,81,30,13,17,0,0,0,30,13,17
13241,metropolitana de santiago,13,melipilla,135,san pedro,13505,82,30,11,19,0,0,0,30,11,19
13242,metropolitana de santiago,13,melipilla,135,san pedro,13505,83,28,17,11,0,0,0,28,17,11
13243,metropolitana de santiago,13,melipilla,135,san pedro,13505,84,33,20,13,0,0,0,33,20,13
13244,metropolitana de santiago,13,melipilla,135,san pedro,13505,85,26,14,12,0,0,0,26,14,12
13245,metropolitana de santiago,13,melipilla,135,san pedro,13505,86,30,12,18,0,0,0,30,12,18
13246,metropolitana de santiago,13,melipilla,135,san pedro,13505,87,23,10,13,0,0,0,23,10,13
13247,metropolitana de santiago,13,melipilla,135,san pedro,13505,88,12,8,4,0,0,0,12,8,4
13248,metropolitana de santiago,13,melipilla,135,san pedro,13505,89,16,4,12,0,0,0,16,4,12
13249,metropolitana de santiago,13,melipilla,135,san pedro,13505,90,11,3,8,0,0,0,11,3,8
13250,metropolitana de santiago,13,melipilla,135,san pedro,13505,91,8,5,3,0,0,0,8,5,3
13251,metropolitana de santiago,13,melipilla,135,san pedro,13505,92,9,3,6,0,0,0,9,3,6
13252,metropolitana de santiago,13,melipilla,135,san pedro,13505,93,6,1,5,0,0,0,6,1,5
13253,metropolitana de santiago,13,melipilla,135,san pedro,13505,94,2,1,1,0,0,0,2,1,1
13254,metropolitana de santiago,13,melipilla,135,san pedro,13505,95,4,3,1,0,0,0,4,3,1
13255,metropolitana de santiago,13,melipilla,135,san pedro,13505,96,2,1,1,0,0,0,2,1,1
13256,metropolitana de santiago,13,melipilla,135,san pedro,13505,97,1,0,1,0,0,0,1,0,1
13257,metropolitana de santiago,13,melipilla,135,san pedro,13505,98,2,0,2,0,0,0,2,0,2
13258,metropolitana de santiago,13,melipilla,135,san pedro,13505,99,0,0,0,0,0,0,0,0,0
13259,metropolitana de santiago,13,melipilla,135,san pedro,13505,100 o más,2,2,0,0,0,0,2,2,0
13260,metropolitana de santiago,13,talagante,136,talagante,13601,total comuna,74237,36769,37468,59209,29238,29971,15028,7531,7497
13261,metropolitana de santiago,13,talagante,136,talagante,13601,0,977,483,494,820,404,416,157,79,78
13262,metropolitana de santiago,13,talagante,136,talagante,13601,1,1067,524,543,862,417,445,205,107,98
13263,metropolitana de santiago,13,talagante,136,talagante,13601,2,1116,567,549,900,451,449,216,116,100
13264,metropolitana de santiago,13,talagante,136,talagante,13601,3,1090,577,513,872,479,393,218,98,120
13265,metropolitana de santiago,13,talagante,136,talagante,13601,4,1101,576,525,876,458,418,225,118,107
13266,metropolitana de santiago,13,talagante,136,talagante,13601,5,1122,575,547,880,451,429,242,124,118
13267,metropolitana de santiago,13,talagante,136,talagante,13601,6,1086,558,528,856,455,401,230,103,127
13268,metropolitana de santiago,13,talagante,136,talagante,13601,7,1122,590,532,880,459,421,242,131,111
13269,metropolitana de santiago,13,talagante,136,talagante,13601,8,1118,553,565,894,435,459,224,118,106
13270,metropolitana de santiago,13,talagante,136,talagante,13601,9,1046,531,515,824,419,405,222,112,110
13271,metropolitana de santiago,13,talagante,136,talagante,13601,10,1014,526,488,795,418,377,219,108,111
13272,metropolitana de santiago,13,talagante,136,talagante,13601,11,1025,532,493,788,408,380,237,124,113
13273,metropolitana de santiago,13,talagante,136,talagante,13601,12,996,489,507,765,374,391,231,115,116
13274,metropolitana de santiago,13,talagante,136,talagante,13601,13,1034,522,512,773,403,370,261,119,142
13275,metropolitana de santiago,13,talagante,136,talagante,13601,14,1045,549,496,809,424,385,236,125,111
13276,metropolitana de santiago,13,talagante,136,talagante,13601,15,1068,529,539,833,417,416,235,112,123
13277,metropolitana de santiago,13,talagante,136,talagante,13601,16,1158,596,562,902,468,434,256,128,128
13278,metropolitana de santiago,13,talagante,136,talagante,13601,17,1092,568,524,844,425,419,248,143,105
13279,metropolitana de santiago,13,talagante,136,talagante,13601,18,1074,536,538,886,448,438,188,88,100
13280,metropolitana de santiago,13,talagante,136,talagante,13601,19,1164,610,554,950,497,453,214,113,101
13281,metropolitana de santiago,13,talagante,136,talagante,13601,20,1144,582,562,926,479,447,218,103,115
13282,metropolitana de santiago,13,talagante,136,talagante,13601,21,1139,589,550,951,485,466,188,104,84
13283,metropolitana de santiago,13,talagante,136,talagante,13601,22,1285,654,631,1080,553,527,205,101,104
13284,metropolitana de santiago,13,talagante,136,talagante,13601,23,1222,642,580,1003,533,470,219,109,110
13285,metropolitana de santiago,13,talagante,136,talagante,13601,24,1243,678,565,1055,578,477,188,100,88
13286,metropolitana de santiago,13,talagante,136,talagante,13601,25,1249,611,638,1065,525,540,184,86,98
13287,metropolitana de santiago,13,talagante,136,talagante,13601,26,1231,643,588,1035,530,505,196,113,83
13288,metropolitana de santiago,13,talagante,136,talagante,13601,27,1229,640,589,1050,562,488,179,78,101
13289,metropolitana de santiago,13,talagante,136,talagante,13601,28,1165,578,587,1014,504,510,151,74,77
13290,metropolitana de santiago,13,talagante,136,talagante,13601,29,1198,602,596,1026,519,507,172,83,89
13291,metropolitana de santiago,13,talagante,136,talagante,13601,30,1059,555,504,927,473,454,132,82,50
13292,metropolitana de santiago,13,talagante,136,talagante,13601,31,1031,513,518,883,440,443,148,73,75
13293,metropolitana de santiago,13,talagante,136,talagante,13601,32,1072,552,520,885,454,431,187,98,89
13294,metropolitana de santiago,13,talagante,136,talagante,13601,33,987,517,470,855,442,413,132,75,57
13295,metropolitana de santiago,13,talagante,136,talagante,13601,34,1101,553,548,882,456,426,219,97,122
13296,metropolitana de santiago,13,talagante,136,talagante,13601,35,1089,547,542,868,436,432,221,111,110
13297,metropolitana de santiago,13,talagante,136,talagante,13601,36,1030,524,506,825,427,398,205,97,108
13298,metropolitana de santiago,13,talagante,136,talagante,13601,37,944,459,485,745,369,376,199,90,109
13299,metropolitana de santiago,13,talagante,136,talagante,13601,38,965,487,478,756,400,356,209,87,122
13300,metropolitana de santiago,13,talagante,136,talagante,13601,39,984,484,500,720,361,359,264,123,141
13301,metropolitana de santiago,13,talagante,136,talagante,13601,40,944,455,489,723,348,375,221,107,114
13302,metropolitana de santiago,13,talagante,136,talagante,13601,41,972,488,484,705,357,348,267,131,136
13303,metropolitana de santiago,13,talagante,136,talagante,13601,42,997,488,509,735,366,369,262,122,140
13304,metropolitana de santiago,13,talagante,136,talagante,13601,43,1038,521,517,781,395,386,257,126,131
13305,metropolitana de santiago,13,talagante,136,talagante,13601,44,1017,512,505,739,371,368,278,141,137
13306,metropolitana de santiago,13,talagante,136,talagante,13601,45,1004,517,487,764,382,382,240,135,105
13307,metropolitana de santiago,13,talagante,136,talagante,13601,46,997,485,512,740,361,379,257,124,133
13308,metropolitana de santiago,13,talagante,136,talagante,13601,47,940,430,510,727,329,398,213,101,112
13309,metropolitana de santiago,13,talagante,136,talagante,13601,48,986,492,494,753,370,383,233,122,111
13310,metropolitana de santiago,13,talagante,136,talagante,13601,49,1067,512,555,806,360,446,261,152,109
13311,metropolitana de santiago,13,talagante,136,talagante,13601,50,1040,484,556,838,385,453,202,99,103
13312,metropolitana de santiago,13,talagante,136,talagante,13601,51,1093,501,592,872,396,476,221,105,116
13313,metropolitana de santiago,13,talagante,136,talagante,13601,52,1081,514,567,869,398,471,212,116,96
13314,metropolitana de santiago,13,talagante,136,talagante,13601,53,983,481,502,792,378,414,191,103,88
13315,metropolitana de santiago,13,talagante,136,talagante,13601,54,1091,505,586,895,405,490,196,100,96
13316,metropolitana de santiago,13,talagante,136,talagante,13601,55,1016,508,508,813,402,411,203,106,97
13317,metropolitana de santiago,13,talagante,136,talagante,13601,56,971,495,476,777,394,383,194,101,93
13318,metropolitana de santiago,13,talagante,136,talagante,13601,57,892,427,465,706,327,379,186,100,86
13319,metropolitana de santiago,13,talagante,136,talagante,13601,58,915,457,458,709,350,359,206,107,99
13320,metropolitana de santiago,13,talagante,136,talagante,13601,59,805,387,418,662,311,351,143,76,67
13321,metropolitana de santiago,13,talagante,136,talagante,13601,60,794,384,410,634,306,328,160,78,82
13322,metropolitana de santiago,13,talagante,136,talagante,13601,61,672,329,343,541,264,277,131,65,66
13323,metropolitana de santiago,13,talagante,136,talagante,13601,62,681,326,355,535,255,280,146,71,75
13324,metropolitana de santiago,13,talagante,136,talagante,13601,63,604,287,317,471,220,251,133,67,66
13325,metropolitana de santiago,13,talagante,136,talagante,13601,64,573,248,325,431,181,250,142,67,75
13326,metropolitana de santiago,13,talagante,136,talagante,13601,65,557,271,286,424,204,220,133,67,66
13327,metropolitana de santiago,13,talagante,136,talagante,13601,66,521,243,278,413,193,220,108,50,58
13328,metropolitana de santiago,13,talagante,136,talagante,13601,67,491,232,259,369,170,199,122,62,60
13329,metropolitana de santiago,13,talagante,136,talagante,13601,68,487,203,284,392,160,232,95,43,52
13330,metropolitana de santiago,13,talagante,136,talagante,13601,69,416,197,219,325,152,173,91,45,46
13331,metropolitana de santiago,13,talagante,136,talagante,13601,70,405,177,228,323,143,180,82,34,48
13332,metropolitana de santiago,13,talagante,136,talagante,13601,71,396,178,218,300,132,168,96,46,50
13333,metropolitana de santiago,13,talagante,136,talagante,13601,72,402,173,229,314,121,193,88,52,36
13334,metropolitana de santiago,13,talagante,136,talagante,13601,73,342,152,190,270,112,158,72,40,32
13335,metropolitana de santiago,13,talagante,136,talagante,13601,74,314,138,176,221,89,132,93,49,44
13336,metropolitana de santiago,13,talagante,136,talagante,13601,75,292,138,154,233,112,121,59,26,33
13337,metropolitana de santiago,13,talagante,136,talagante,13601,76,299,136,163,235,105,130,64,31,33
13338,metropolitana de santiago,13,talagante,136,talagante,13601,77,260,116,144,206,89,117,54,27,27
13339,metropolitana de santiago,13,talagante,136,talagante,13601,78,224,95,129,180,74,106,44,21,23
13340,metropolitana de santiago,13,talagante,136,talagante,13601,79,215,81,134,177,63,114,38,18,20
13341,metropolitana de santiago,13,talagante,136,talagante,13601,80,198,92,106,156,68,88,42,24,18
13342,metropolitana de santiago,13,talagante,136,talagante,13601,81,179,68,111,137,53,84,42,15,27
13343,metropolitana de santiago,13,talagante,136,talagante,13601,82,147,67,80,123,51,72,24,16,8
13344,metropolitana de santiago,13,talagante,136,talagante,13601,83,147,59,88,121,47,74,26,12,14
13345,metropolitana de santiago,13,talagante,136,talagante,13601,84,137,48,89,117,41,76,20,7,13
13346,metropolitana de santiago,13,talagante,136,talagante,13601,85,108,41,67,88,33,55,20,8,12
13347,metropolitana de santiago,13,talagante,136,talagante,13601,86,141,40,101,110,30,80,31,10,21
13348,metropolitana de santiago,13,talagante,136,talagante,13601,87,101,41,60,78,29,49,23,12,11
13349,metropolitana de santiago,13,talagante,136,talagante,13601,88,85,29,56,69,23,46,16,6,10
13350,metropolitana de santiago,13,talagante,136,talagante,13601,89,72,42,30,61,36,25,11,6,5
13351,metropolitana de santiago,13,talagante,136,talagante,13601,90,61,23,38,49,18,31,12,5,7
13352,metropolitana de santiago,13,talagante,136,talagante,13601,91,42,8,34,33,6,27,9,2,7
13353,metropolitana de santiago,13,talagante,136,talagante,13601,92,28,13,15,23,11,12,5,2,3
13354,metropolitana de santiago,13,talagante,136,talagante,13601,93,25,8,17,19,5,14,6,3,3
13355,metropolitana de santiago,13,talagante,136,talagante,13601,94,23,6,17,17,3,14,6,3,3
13356,metropolitana de santiago,13,talagante,136,talagante,13601,95,16,3,13,10,2,8,6,1,5
13357,metropolitana de santiago,13,talagante,136,talagante,13601,96,13,3,10,9,3,6,4,0,4
13358,metropolitana de santiago,13,talagante,136,talagante,13601,97,8,2,6,7,2,5,1,0,1
13359,metropolitana de santiago,13,talagante,136,talagante,13601,98,4,1,3,4,1,3,0,0,0
13360,metropolitana de santiago,13,talagante,136,talagante,13601,99,4,0,4,3,0,3,1,0,1
13361,metropolitana de santiago,13,talagante,136,talagante,13601,100 o más,22,11,11,15,10,5,7,1,6
13362,metropolitana de santiago,13,talagante,136,el monte,13602,total comuna,35923,17793,18130,30045,14776,15269,5878,3017,2861
13363,metropolitana de santiago,13,talagante,136,el monte,13602,0,509,249,260,438,206,232,71,43,28
13364,metropolitana de santiago,13,talagante,136,el monte,13602,1,567,291,276,489,255,234,78,36,42
13365,metropolitana de santiago,13,talagante,136,el monte,13602,2,579,287,292,486,231,255,93,56,37
13366,metropolitana de santiago,13,talagante,136,el monte,13602,3,593,301,292,501,250,251,92,51,41
13367,metropolitana de santiago,13,talagante,136,el monte,13602,4,577,302,275,499,262,237,78,40,38
13368,metropolitana de santiago,13,talagante,136,el monte,13602,5,557,282,275,477,243,234,80,39,41
13369,metropolitana de santiago,13,talagante,136,el monte,13602,6,590,323,267,505,279,226,85,44,41
13370,metropolitana de santiago,13,talagante,136,el monte,13602,7,552,280,272,473,245,228,79,35,44
13371,metropolitana de santiago,13,talagante,136,el monte,13602,8,525,266,259,451,231,220,74,35,39
13372,metropolitana de santiago,13,talagante,136,el monte,13602,9,523,265,258,454,236,218,69,29,40
13373,metropolitana de santiago,13,talagante,136,el monte,13602,10,525,264,261,449,219,230,76,45,31
13374,metropolitana de santiago,13,talagante,136,el monte,13602,11,504,231,273,422,190,232,82,41,41
13375,metropolitana de santiago,13,talagante,136,el monte,13602,12,499,253,246,419,215,204,80,38,42
13376,metropolitana de santiago,13,talagante,136,el monte,13602,13,482,231,251,394,192,202,88,39,49
13377,metropolitana de santiago,13,talagante,136,el monte,13602,14,508,246,262,422,203,219,86,43,43
13378,metropolitana de santiago,13,talagante,136,el monte,13602,15,528,269,259,440,221,219,88,48,40
13379,metropolitana de santiago,13,talagante,136,el monte,13602,16,531,285,246,439,235,204,92,50,42
13380,metropolitana de santiago,13,talagante,136,el monte,13602,17,495,245,250,414,206,208,81,39,42
13381,metropolitana de santiago,13,talagante,136,el monte,13602,18,544,263,281,456,220,236,88,43,45
13382,metropolitana de santiago,13,talagante,136,el monte,13602,19,525,259,266,456,221,235,69,38,31
13383,metropolitana de santiago,13,talagante,136,el monte,13602,20,531,288,243,445,240,205,86,48,38
13384,metropolitana de santiago,13,talagante,136,el monte,13602,21,570,296,274,487,250,237,83,46,37
13385,metropolitana de santiago,13,talagante,136,el monte,13602,22,599,320,279,525,288,237,74,32,42
13386,metropolitana de santiago,13,talagante,136,el monte,13602,23,593,312,281,501,267,234,92,45,47
13387,metropolitana de santiago,13,talagante,136,el monte,13602,24,583,284,299,499,241,258,84,43,41
13388,metropolitana de santiago,13,talagante,136,el monte,13602,25,574,292,282,494,248,246,80,44,36
13389,metropolitana de santiago,13,talagante,136,el monte,13602,26,595,277,318,530,248,282,65,29,36
13390,metropolitana de santiago,13,talagante,136,el monte,13602,27,601,300,301,511,252,259,90,48,42
13391,metropolitana de santiago,13,talagante,136,el monte,13602,28,632,313,319,539,255,284,93,58,35
13392,metropolitana de santiago,13,talagante,136,el monte,13602,29,583,306,277,491,256,235,92,50,42
13393,metropolitana de santiago,13,talagante,136,el monte,13602,30,592,276,316,514,246,268,78,30,48
13394,metropolitana de santiago,13,talagante,136,el monte,13602,31,522,259,263,439,219,220,83,40,43
13395,metropolitana de santiago,13,talagante,136,el monte,13602,32,539,253,286,465,218,247,74,35,39
13396,metropolitana de santiago,13,talagante,136,el monte,13602,33,454,252,202,392,222,170,62,30,32
13397,metropolitana de santiago,13,talagante,136,el monte,13602,34,506,236,270,421,197,224,85,39,46
13398,metropolitana de santiago,13,talagante,136,el monte,13602,35,500,261,239,415,214,201,85,47,38
13399,metropolitana de santiago,13,talagante,136,el monte,13602,36,476,232,244,393,186,207,83,46,37
13400,metropolitana de santiago,13,talagante,136,el monte,13602,37,492,249,243,402,205,197,90,44,46
13401,metropolitana de santiago,13,talagante,136,el monte,13602,38,424,192,232,362,168,194,62,24,38
13402,metropolitana de santiago,13,talagante,136,el monte,13602,39,443,235,208,368,190,178,75,45,30
13403,metropolitana de santiago,13,talagante,136,el monte,13602,40,463,228,235,391,193,198,72,35,37
13404,metropolitana de santiago,13,talagante,136,el monte,13602,41,471,217,254,397,178,219,74,39,35
13405,metropolitana de santiago,13,talagante,136,el monte,13602,42,499,246,253,400,198,202,99,48,51
13406,metropolitana de santiago,13,talagante,136,el monte,13602,43,455,227,228,372,191,181,83,36,47
13407,metropolitana de santiago,13,talagante,136,el monte,13602,44,469,251,218,388,209,179,81,42,39
13408,metropolitana de santiago,13,talagante,136,el monte,13602,45,471,232,239,390,190,200,81,42,39
13409,metropolitana de santiago,13,talagante,136,el monte,13602,46,437,228,209,362,182,180,75,46,29
13410,metropolitana de santiago,13,talagante,136,el monte,13602,47,455,225,230,355,170,185,100,55,45
13411,metropolitana de santiago,13,talagante,136,el monte,13602,48,476,224,252,396,188,208,80,36,44
13412,metropolitana de santiago,13,talagante,136,el monte,13602,49,473,224,249,401,190,211,72,34,38
13413,metropolitana de santiago,13,talagante,136,el monte,13602,50,497,233,264,414,195,219,83,38,45
13414,metropolitana de santiago,13,talagante,136,el monte,13602,51,513,245,268,423,193,230,90,52,38
13415,metropolitana de santiago,13,talagante,136,el monte,13602,52,488,257,231,384,198,186,104,59,45
13416,metropolitana de santiago,13,talagante,136,el monte,13602,53,462,236,226,380,186,194,82,50,32
13417,metropolitana de santiago,13,talagante,136,el monte,13602,54,471,255,216,392,206,186,79,49,30
13418,metropolitana de santiago,13,talagante,136,el monte,13602,55,465,214,251,381,175,206,84,39,45
13419,metropolitana de santiago,13,talagante,136,el monte,13602,56,430,208,222,347,168,179,83,40,43
13420,metropolitana de santiago,13,talagante,136,el monte,13602,57,424,192,232,340,157,183,84,35,49
13421,metropolitana de santiago,13,talagante,136,el monte,13602,58,405,201,204,324,152,172,81,49,32
13422,metropolitana de santiago,13,talagante,136,el monte,13602,59,372,192,180,284,140,144,88,52,36
13423,metropolitana de santiago,13,talagante,136,el monte,13602,60,337,175,162,269,141,128,68,34,34
13424,metropolitana de santiago,13,talagante,136,el monte,13602,61,321,142,179,251,109,142,70,33,37
13425,metropolitana de santiago,13,talagante,136,el monte,13602,62,328,177,151,254,132,122,74,45,29
13426,metropolitana de santiago,13,talagante,136,el monte,13602,63,293,173,120,234,138,96,59,35,24
13427,metropolitana de santiago,13,talagante,136,el monte,13602,64,272,123,149,228,108,120,44,15,29
13428,metropolitana de santiago,13,talagante,136,el monte,13602,65,257,116,141,206,95,111,51,21,30
13429,metropolitana de santiago,13,talagante,136,el monte,13602,66,249,122,127,199,94,105,50,28,22
13430,metropolitana de santiago,13,talagante,136,el monte,13602,67,253,120,133,205,94,111,48,26,22
13431,metropolitana de santiago,13,talagante,136,el monte,13602,68,251,123,128,209,98,111,42,25,17
13432,metropolitana de santiago,13,talagante,136,el monte,13602,69,210,89,121,179,73,106,31,16,15
13433,metropolitana de santiago,13,talagante,136,el monte,13602,70,229,125,104,183,97,86,46,28,18
13434,metropolitana de santiago,13,talagante,136,el monte,13602,71,208,105,103,161,80,81,47,25,22
13435,metropolitana de santiago,13,talagante,136,el monte,13602,72,173,70,103,145,56,89,28,14,14
13436,metropolitana de santiago,13,talagante,136,el monte,13602,73,192,89,103,165,72,93,27,17,10
13437,metropolitana de santiago,13,talagante,136,el monte,13602,74,152,64,88,133,54,79,19,10,9
13438,metropolitana de santiago,13,talagante,136,el monte,13602,75,170,81,89,145,70,75,25,11,14
13439,metropolitana de santiago,13,talagante,136,el monte,13602,76,137,58,79,108,44,64,29,14,15
13440,metropolitana de santiago,13,talagante,136,el monte,13602,77,137,57,80,117,49,68,20,8,12
13441,metropolitana de santiago,13,talagante,136,el monte,13602,78,115,61,54,91,51,40,24,10,14
13442,metropolitana de santiago,13,talagante,136,el monte,13602,79,103,46,57,79,33,46,24,13,11
13443,metropolitana de santiago,13,talagante,136,el monte,13602,80,114,54,60,103,51,52,11,3,8
13444,metropolitana de santiago,13,talagante,136,el monte,13602,81,100,45,55,85,37,48,15,8,7
13445,metropolitana de santiago,13,talagante,136,el monte,13602,82,84,28,56,69,24,45,15,4,11
13446,metropolitana de santiago,13,talagante,136,el monte,13602,83,77,33,44,65,25,40,12,8,4
13447,metropolitana de santiago,13,talagante,136,el monte,13602,84,67,24,43,59,19,40,8,5,3
13448,metropolitana de santiago,13,talagante,136,el monte,13602,85,56,28,28,46,22,24,10,6,4
13449,metropolitana de santiago,13,talagante,136,el monte,13602,86,71,25,46,59,21,38,12,4,8
13450,metropolitana de santiago,13,talagante,136,el monte,13602,87,47,15,32,35,10,25,12,5,7
13451,metropolitana de santiago,13,talagante,136,el monte,13602,88,30,8,22,25,6,19,5,2,3
13452,metropolitana de santiago,13,talagante,136,el monte,13602,89,29,17,12,21,12,9,8,5,3
13453,metropolitana de santiago,13,talagante,136,el monte,13602,90,31,13,18,28,11,17,3,2,1
13454,metropolitana de santiago,13,talagante,136,el monte,13602,91,26,4,22,19,2,17,7,2,5
13455,metropolitana de santiago,13,talagante,136,el monte,13602,92,17,6,11,16,6,10,1,0,1
13456,metropolitana de santiago,13,talagante,136,el monte,13602,93,18,9,9,15,7,8,3,2,1
13457,metropolitana de santiago,13,talagante,136,el monte,13602,94,13,2,11,10,2,8,3,0,3
13458,metropolitana de santiago,13,talagante,136,el monte,13602,95,15,1,14,12,1,11,3,0,3
13459,metropolitana de santiago,13,talagante,136,el monte,13602,96,11,2,9,11,2,9,0,0,0
13460,metropolitana de santiago,13,talagante,136,el monte,13602,97,2,0,2,2,0,2,0,0,0
13461,metropolitana de santiago,13,talagante,136,el monte,13602,98,2,1,1,1,0,1,1,1,0
13462,metropolitana de santiago,13,talagante,136,el monte,13602,99,2,0,2,1,0,1,1,0,1
13463,metropolitana de santiago,13,talagante,136,el monte,13602,100 o más,6,2,4,4,1,3,2,1,1
13464,metropolitana de santiago,13,talagante,136,isla de maipo,13603,total comuna,36219,18051,18168,26941,13295,13646,9278,4756,4522
13465,metropolitana de santiago,13,talagante,136,isla de maipo,13603,0,431,214,217,323,154,169,108,60,48
13466,metropolitana de santiago,13,talagante,136,isla de maipo,13603,1,557,260,297,410,192,218,147,68,79
13467,metropolitana de santiago,13,talagante,136,isla de maipo,13603,2,548,290,258,410,218,192,138,72,66
13468,metropolitana de santiago,13,talagante,136,isla de maipo,13603,3,531,265,266,403,197,206,128,68,60
13469,metropolitana de santiago,13,talagante,136,isla de maipo,13603,4,543,292,251,399,209,190,144,83,61
13470,metropolitana de santiago,13,talagante,136,isla de maipo,13603,5,557,280,277,403,212,191,154,68,86
13471,metropolitana de santiago,13,talagante,136,isla de maipo,13603,6,521,278,243,397,206,191,124,72,52
13472,metropolitana de santiago,13,talagante,136,isla de maipo,13603,7,579,301,278,445,235,210,134,66,68
13473,metropolitana de santiago,13,talagante,136,isla de maipo,13603,8,521,264,257,405,199,206,116,65,51
13474,metropolitana de santiago,13,talagante,136,isla de maipo,13603,9,553,277,276,421,210,211,132,67,65
13475,metropolitana de santiago,13,talagante,136,isla de maipo,13603,10,559,281,278,444,225,219,115,56,59
13476,metropolitana de santiago,13,talagante,136,isla de maipo,13603,11,491,261,230,365,186,179,126,75,51
13477,metropolitana de santiago,13,talagante,136,isla de maipo,13603,12,484,229,255,364,167,197,120,62,58
13478,metropolitana de santiago,13,talagante,136,isla de maipo,13603,13,559,283,276,424,217,207,135,66,69
13479,metropolitana de santiago,13,talagante,136,isla de maipo,13603,14,527,273,254,397,202,195,130,71,59
13480,metropolitana de santiago,13,talagante,136,isla de maipo,13603,15,529,265,264,381,193,188,148,72,76
13481,metropolitana de santiago,13,talagante,136,isla de maipo,13603,16,569,291,278,435,235,200,134,56,78
13482,metropolitana de santiago,13,talagante,136,isla de maipo,13603,17,556,278,278,425,201,224,131,77,54
13483,metropolitana de santiago,13,talagante,136,isla de maipo,13603,18,531,277,254,404,211,193,127,66,61
13484,metropolitana de santiago,13,talagante,136,isla de maipo,13603,19,501,262,239,386,202,184,115,60,55
13485,metropolitana de santiago,13,talagante,136,isla de maipo,13603,20,568,291,277,422,211,211,146,80,66
13486,metropolitana de santiago,13,talagante,136,isla de maipo,13603,21,556,285,271,427,223,204,129,62,67
13487,metropolitana de santiago,13,talagante,136,isla de maipo,13603,22,626,302,324,486,236,250,140,66,74
13488,metropolitana de santiago,13,talagante,136,isla de maipo,13603,23,533,279,254,422,223,199,111,56,55
13489,metropolitana de santiago,13,talagante,136,isla de maipo,13603,24,549,275,274,416,209,207,133,66,67
13490,metropolitana de santiago,13,talagante,136,isla de maipo,13603,25,603,302,301,462,236,226,141,66,75
13491,metropolitana de santiago,13,talagante,136,isla de maipo,13603,26,569,284,285,426,208,218,143,76,67
13492,metropolitana de santiago,13,talagante,136,isla de maipo,13603,27,574,278,296,443,216,227,131,62,69
13493,metropolitana de santiago,13,talagante,136,isla de maipo,13603,28,520,253,267,415,202,213,105,51,54
13494,metropolitana de santiago,13,talagante,136,isla de maipo,13603,29,539,266,273,406,203,203,133,63,70
13495,metropolitana de santiago,13,talagante,136,isla de maipo,13603,30,521,268,253,397,195,202,124,73,51
13496,metropolitana de santiago,13,talagante,136,isla de maipo,13603,31,508,264,244,393,207,186,115,57,58
13497,metropolitana de santiago,13,talagante,136,isla de maipo,13603,32,504,249,255,389,186,203,115,63,52
13498,metropolitana de santiago,13,talagante,136,isla de maipo,13603,33,484,227,257,350,169,181,134,58,76
13499,metropolitana de santiago,13,talagante,136,isla de maipo,13603,34,500,244,256,373,184,189,127,60,67
13500,metropolitana de santiago,13,talagante,136,isla de maipo,13603,35,492,232,260,353,171,182,139,61,78
13501,metropolitana de santiago,13,talagante,136,isla de maipo,13603,36,496,242,254,378,178,200,118,64,54
13502,metropolitana de santiago,13,talagante,136,isla de maipo,13603,37,463,243,220,326,164,162,137,79,58
13503,metropolitana de santiago,13,talagante,136,isla de maipo,13603,38,473,233,240,347,173,174,126,60,66
13504,metropolitana de santiago,13,talagante,136,isla de maipo,13603,39,490,234,256,347,171,176,143,63,80
13505,metropolitana de santiago,13,talagante,136,isla de maipo,13603,40,511,259,252,381,187,194,130,72,58
13506,metropolitana de santiago,13,talagante,136,isla de maipo,13603,41,511,262,249,381,197,184,130,65,65
13507,metropolitana de santiago,13,talagante,136,isla de maipo,13603,42,476,231,245,349,168,181,127,63,64
13508,metropolitana de santiago,13,talagante,136,isla de maipo,13603,43,514,259,255,364,188,176,150,71,79
13509,metropolitana de santiago,13,talagante,136,isla de maipo,13603,44,518,256,262,380,186,194,138,70,68
13510,metropolitana de santiago,13,talagante,136,isla de maipo,13603,45,526,252,274,373,176,197,153,76,77
13511,metropolitana de santiago,13,talagante,136,isla de maipo,13603,46,447,217,230,313,142,171,134,75,59
13512,metropolitana de santiago,13,talagante,136,isla de maipo,13603,47,458,242,216,329,177,152,129,65,64
13513,metropolitana de santiago,13,talagante,136,isla de maipo,13603,48,459,202,257,317,138,179,142,64,78
13514,metropolitana de santiago,13,talagante,136,isla de maipo,13603,49,537,252,285,390,173,217,147,79,68
13515,metropolitana de santiago,13,talagante,136,isla de maipo,13603,50,515,272,243,381,199,182,134,73,61
13516,metropolitana de santiago,13,talagante,136,isla de maipo,13603,51,533,262,271,396,187,209,137,75,62
13517,metropolitana de santiago,13,talagante,136,isla de maipo,13603,52,510,249,261,368,176,192,142,73,69
13518,metropolitana de santiago,13,talagante,136,isla de maipo,13603,53,484,259,225,356,185,171,128,74,54
13519,metropolitana de santiago,13,talagante,136,isla de maipo,13603,54,522,265,257,383,187,196,139,78,61
13520,metropolitana de santiago,13,talagante,136,isla de maipo,13603,55,487,240,247,363,173,190,124,67,57
13521,metropolitana de santiago,13,talagante,136,isla de maipo,13603,56,436,200,236,314,143,171,122,57,65
13522,metropolitana de santiago,13,talagante,136,isla de maipo,13603,57,413,213,200,315,165,150,98,48,50
13523,metropolitana de santiago,13,talagante,136,isla de maipo,13603,58,434,220,214,317,152,165,117,68,49
13524,metropolitana de santiago,13,talagante,136,isla de maipo,13603,59,382,185,197,288,135,153,94,50,44
13525,metropolitana de santiago,13,talagante,136,isla de maipo,13603,60,396,202,194,295,146,149,101,56,45
13526,metropolitana de santiago,13,talagante,136,isla de maipo,13603,61,345,167,178,264,127,137,81,40,41
13527,metropolitana de santiago,13,talagante,136,isla de maipo,13603,62,314,154,160,212,97,115,102,57,45
13528,metropolitana de santiago,13,talagante,136,isla de maipo,13603,63,310,169,141,228,120,108,82,49,33
13529,metropolitana de santiago,13,talagante,136,isla de maipo,13603,64,269,143,126,187,99,88,82,44,38
13530,metropolitana de santiago,13,talagante,136,isla de maipo,13603,65,257,109,148,188,76,112,69,33,36
13531,metropolitana de santiago,13,talagante,136,isla de maipo,13603,66,244,122,122,173,84,89,71,38,33
13532,metropolitana de santiago,13,talagante,136,isla de maipo,13603,67,266,130,136,197,91,106,69,39,30
13533,metropolitana de santiago,13,talagante,136,isla de maipo,13603,68,251,120,131,167,78,89,84,42,42
13534,metropolitana de santiago,13,talagante,136,isla de maipo,13603,69,226,114,112,170,89,81,56,25,31
13535,metropolitana de santiago,13,talagante,136,isla de maipo,13603,70,229,108,121,160,72,88,69,36,33
13536,metropolitana de santiago,13,talagante,136,isla de maipo,13603,71,235,108,127,177,81,96,58,27,31
13537,metropolitana de santiago,13,talagante,136,isla de maipo,13603,72,211,117,94,143,77,66,68,40,28
13538,metropolitana de santiago,13,talagante,136,isla de maipo,13603,73,185,83,102,137,62,75,48,21,27
13539,metropolitana de santiago,13,talagante,136,isla de maipo,13603,74,154,77,77,110,50,60,44,27,17
13540,metropolitana de santiago,13,talagante,136,isla de maipo,13603,75,151,75,76,106,49,57,45,26,19
13541,metropolitana de santiago,13,talagante,136,isla de maipo,13603,76,140,66,74,96,43,53,44,23,21
13542,metropolitana de santiago,13,talagante,136,isla de maipo,13603,77,130,69,61,97,56,41,33,13,20
13543,metropolitana de santiago,13,talagante,136,isla de maipo,13603,78,111,59,52,80,42,38,31,17,14
13544,metropolitana de santiago,13,talagante,136,isla de maipo,13603,79,93,45,48,66,30,36,27,15,12
13545,metropolitana de santiago,13,talagante,136,isla de maipo,13603,80,93,41,52,69,29,40,24,12,12
13546,metropolitana de santiago,13,talagante,136,isla de maipo,13603,81,87,42,45,66,32,34,21,10,11
13547,metropolitana de santiago,13,talagante,136,isla de maipo,13603,82,82,35,47,60,25,35,22,10,12
13548,metropolitana de santiago,13,talagante,136,isla de maipo,13603,83,80,35,45,55,25,30,25,10,15
13549,metropolitana de santiago,13,talagante,136,isla de maipo,13603,84,70,30,40,51,23,28,19,7,12
13550,metropolitana de santiago,13,talagante,136,isla de maipo,13603,85,71,28,43,57,23,34,14,5,9
13551,metropolitana de santiago,13,talagante,136,isla de maipo,13603,86,54,26,28,38,16,22,16,10,6
13552,metropolitana de santiago,13,talagante,136,isla de maipo,13603,87,50,19,31,38,13,25,12,6,6
13553,metropolitana de santiago,13,talagante,136,isla de maipo,13603,88,42,20,22,28,13,15,14,7,7
13554,metropolitana de santiago,13,talagante,136,isla de maipo,13603,89,32,11,21,29,11,18,3,0,3
13555,metropolitana de santiago,13,talagante,136,isla de maipo,13603,90,35,14,21,26,13,13,9,1,8
13556,metropolitana de santiago,13,talagante,136,isla de maipo,13603,91,33,13,20,26,9,17,7,4,3
13557,metropolitana de santiago,13,talagante,136,isla de maipo,13603,92,21,8,13,17,7,10,4,1,3
13558,metropolitana de santiago,13,talagante,136,isla de maipo,13603,93,13,8,5,12,8,4,1,0,1
13559,metropolitana de santiago,13,talagante,136,isla de maipo,13603,94,15,2,13,12,0,12,3,2,1
13560,metropolitana de santiago,13,talagante,136,isla de maipo,13603,95,6,1,5,4,1,3,2,0,2
13561,metropolitana de santiago,13,talagante,136,isla de maipo,13603,96,9,4,5,7,2,5,2,2,0
13562,metropolitana de santiago,13,talagante,136,isla de maipo,13603,97,9,4,5,8,3,5,1,1,0
13563,metropolitana de santiago,13,talagante,136,isla de maipo,13603,98,4,2,2,3,1,2,1,1,0
13564,metropolitana de santiago,13,talagante,136,isla de maipo,13603,99,1,0,1,1,0,1,0,0,0
13565,metropolitana de santiago,13,talagante,136,isla de maipo,13603,100 o más,7,2,5,4,2,2,3,0,3
13566,metropolitana de santiago,13,talagante,136,padre hurtado,13604,total comuna,63250,31452,31798,55728,27533,28195,7522,3919,3603
13567,metropolitana de santiago,13,talagante,136,padre hurtado,13604,0,901,446,455,794,391,403,107,55,52
13568,metropolitana de santiago,13,talagante,136,padre hurtado,13604,1,1010,544,466,910,484,426,100,60,40
13569,metropolitana de santiago,13,talagante,136,padre hurtado,13604,2,1050,558,492,953,505,448,97,53,44
13570,metropolitana de santiago,13,talagante,136,padre hurtado,13604,3,1054,566,488,932,494,438,122,72,50
13571,metropolitana de santiago,13,talagante,136,padre hurtado,13604,4,1002,508,494,884,448,436,118,60,58
13572,metropolitana de santiago,13,talagante,136,padre hurtado,13604,5,996,515,481,891,456,435,105,59,46
13573,metropolitana de santiago,13,talagante,136,padre hurtado,13604,6,982,531,451,878,473,405,104,58,46
13574,metropolitana de santiago,13,talagante,136,padre hurtado,13604,7,881,451,430,759,385,374,122,66,56
13575,metropolitana de santiago,13,talagante,136,padre hurtado,13604,8,960,499,461,867,452,415,93,47,46
13576,metropolitana de santiago,13,talagante,136,padre hurtado,13604,9,910,469,441,808,409,399,102,60,42
13577,metropolitana de santiago,13,talagante,136,padre hurtado,13604,10,895,454,441,787,403,384,108,51,57
13578,metropolitana de santiago,13,talagante,136,padre hurtado,13604,11,906,460,446,792,397,395,114,63,51
13579,metropolitana de santiago,13,talagante,136,padre hurtado,13604,12,846,416,430,733,361,372,113,55,58
13580,metropolitana de santiago,13,talagante,136,padre hurtado,13604,13,859,427,432,744,369,375,115,58,57
13581,metropolitana de santiago,13,talagante,136,padre hurtado,13604,14,956,499,457,824,427,397,132,72,60
13582,metropolitana de santiago,13,talagante,136,padre hurtado,13604,15,924,470,454,830,416,414,94,54,40
13583,metropolitana de santiago,13,talagante,136,padre hurtado,13604,16,925,474,451,806,406,400,119,68,51
13584,metropolitana de santiago,13,talagante,136,padre hurtado,13604,17,920,480,440,807,419,388,113,61,52
13585,metropolitana de santiago,13,talagante,136,padre hurtado,13604,18,924,460,464,793,392,401,131,68,63
13586,metropolitana de santiago,13,talagante,136,padre hurtado,13604,19,931,459,472,825,403,422,106,56,50
13587,metropolitana de santiago,13,talagante,136,padre hurtado,13604,20,970,484,486,856,418,438,114,66,48
13588,metropolitana de santiago,13,talagante,136,padre hurtado,13604,21,1003,496,507,862,424,438,141,72,69
13589,metropolitana de santiago,13,talagante,136,padre hurtado,13604,22,1020,519,501,914,463,451,106,56,50
13590,metropolitana de santiago,13,talagante,136,padre hurtado,13604,23,966,471,495,858,424,434,108,47,61
13591,metropolitana de santiago,13,talagante,136,padre hurtado,13604,24,996,511,485,878,452,426,118,59,59
13592,metropolitana de santiago,13,talagante,136,padre hurtado,13604,25,1014,510,504,894,447,447,120,63,57
13593,metropolitana de santiago,13,talagante,136,padre hurtado,13604,26,1111,538,573,983,464,519,128,74,54
13594,metropolitana de santiago,13,talagante,136,padre hurtado,13604,27,1139,558,581,1019,499,520,120,59,61
13595,metropolitana de santiago,13,talagante,136,padre hurtado,13604,28,1138,566,572,1043,516,527,95,50,45
13596,metropolitana de santiago,13,talagante,136,padre hurtado,13604,29,1089,546,543,985,491,494,104,55,49
13597,metropolitana de santiago,13,talagante,136,padre hurtado,13604,30,1100,529,571,987,476,511,113,53,60
13598,metropolitana de santiago,13,talagante,136,padre hurtado,13604,31,1087,530,557,993,472,521,94,58,36
13599,metropolitana de santiago,13,talagante,136,padre hurtado,13604,32,989,509,480,902,470,432,87,39,48
13600,metropolitana de santiago,13,talagante,136,padre hurtado,13604,33,973,489,484,884,447,437,89,42,47
13601,metropolitana de santiago,13,talagante,136,padre hurtado,13604,34,988,486,502,895,445,450,93,41,52
13602,metropolitana de santiago,13,talagante,136,padre hurtado,13604,35,995,494,501,910,459,451,85,35,50
13603,metropolitana de santiago,13,talagante,136,padre hurtado,13604,36,955,484,471,870,440,430,85,44,41
13604,metropolitana de santiago,13,talagante,136,padre hurtado,13604,37,902,458,444,812,413,399,90,45,45
13605,metropolitana de santiago,13,talagante,136,padre hurtado,13604,38,896,457,439,782,399,383,114,58,56
13606,metropolitana de santiago,13,talagante,136,padre hurtado,13604,39,831,412,419,755,369,386,76,43,33
13607,metropolitana de santiago,13,talagante,136,padre hurtado,13604,40,852,414,438,738,358,380,114,56,58
13608,metropolitana de santiago,13,talagante,136,padre hurtado,13604,41,907,475,432,809,426,383,98,49,49
13609,metropolitana de santiago,13,talagante,136,padre hurtado,13604,42,921,468,453,815,414,401,106,54,52
13610,metropolitana de santiago,13,talagante,136,padre hurtado,13604,43,905,478,427,779,410,369,126,68,58
13611,metropolitana de santiago,13,talagante,136,padre hurtado,13604,44,886,439,447,775,382,393,111,57,54
13612,metropolitana de santiago,13,talagante,136,padre hurtado,13604,45,860,410,450,759,355,404,101,55,46
13613,metropolitana de santiago,13,talagante,136,padre hurtado,13604,46,834,420,414,726,367,359,108,53,55
13614,metropolitana de santiago,13,talagante,136,padre hurtado,13604,47,767,362,405,649,311,338,118,51,67
13615,metropolitana de santiago,13,talagante,136,padre hurtado,13604,48,770,388,382,667,339,328,103,49,54
13616,metropolitana de santiago,13,talagante,136,padre hurtado,13604,49,821,413,408,713,355,358,108,58,50
13617,metropolitana de santiago,13,talagante,136,padre hurtado,13604,50,907,443,464,794,386,408,113,57,56
13618,metropolitana de santiago,13,talagante,136,padre hurtado,13604,51,855,391,464,739,331,408,116,60,56
13619,metropolitana de santiago,13,talagante,136,padre hurtado,13604,52,853,411,442,729,347,382,124,64,60
13620,metropolitana de santiago,13,talagante,136,padre hurtado,13604,53,813,406,407,704,347,357,109,59,50
13621,metropolitana de santiago,13,talagante,136,padre hurtado,13604,54,815,403,412,709,352,357,106,51,55
13622,metropolitana de santiago,13,talagante,136,padre hurtado,13604,55,776,378,398,653,307,346,123,71,52
13623,metropolitana de santiago,13,talagante,136,padre hurtado,13604,56,656,309,347,568,261,307,88,48,40
13624,metropolitana de santiago,13,talagante,136,padre hurtado,13604,57,656,323,333,555,274,281,101,49,52
13625,metropolitana de santiago,13,talagante,136,padre hurtado,13604,58,628,302,326,537,257,280,91,45,46
13626,metropolitana de santiago,13,talagante,136,padre hurtado,13604,59,603,312,291,514,265,249,89,47,42
13627,metropolitana de santiago,13,talagante,136,padre hurtado,13604,60,573,276,297,491,224,267,82,52,30
13628,metropolitana de santiago,13,talagante,136,padre hurtado,13604,61,555,265,290,469,220,249,86,45,41
13629,metropolitana de santiago,13,talagante,136,padre hurtado,13604,62,456,231,225,402,199,203,54,32,22
13630,metropolitana de santiago,13,talagante,136,padre hurtado,13604,63,503,250,253,449,217,232,54,33,21
13631,metropolitana de santiago,13,talagante,136,padre hurtado,13604,64,488,205,283,415,166,249,73,39,34
13632,metropolitana de santiago,13,talagante,136,padre hurtado,13604,65,465,233,232,404,201,203,61,32,29
13633,metropolitana de santiago,13,talagante,136,padre hurtado,13604,66,419,183,236,360,154,206,59,29,30
13634,metropolitana de santiago,13,talagante,136,padre hurtado,13604,67,425,200,225,366,174,192,59,26,33
13635,metropolitana de santiago,13,talagante,136,padre hurtado,13604,68,371,173,198,334,154,180,37,19,18
13636,metropolitana de santiago,13,talagante,136,padre hurtado,13604,69,340,171,169,274,133,141,66,38,28
13637,metropolitana de santiago,13,talagante,136,padre hurtado,13604,70,312,132,180,265,112,153,47,20,27
13638,metropolitana de santiago,13,talagante,136,padre hurtado,13604,71,297,135,162,254,116,138,43,19,24
13639,metropolitana de santiago,13,talagante,136,padre hurtado,13604,72,306,148,158,271,128,143,35,20,15
13640,metropolitana de santiago,13,talagante,136,padre hurtado,13604,73,273,129,144,236,113,123,37,16,21
13641,metropolitana de santiago,13,talagante,136,padre hurtado,13604,74,268,110,158,240,101,139,28,9,19
13642,metropolitana de santiago,13,talagante,136,padre hurtado,13604,75,222,122,100,195,104,91,27,18,9
13643,metropolitana de santiago,13,talagante,136,padre hurtado,13604,76,237,111,126,212,98,114,25,13,12
13644,metropolitana de santiago,13,talagante,136,padre hurtado,13604,77,191,100,91,160,77,83,31,23,8
13645,metropolitana de santiago,13,talagante,136,padre hurtado,13604,78,193,87,106,172,78,94,21,9,12
13646,metropolitana de santiago,13,talagante,136,padre hurtado,13604,79,168,83,85,141,64,77,27,19,8
13647,metropolitana de santiago,13,talagante,136,padre hurtado,13604,80,123,58,65,114,54,60,9,4,5
13648,metropolitana de santiago,13,talagante,136,padre hurtado,13604,81,160,55,105,136,44,92,24,11,13
13649,metropolitana de santiago,13,talagante,136,padre hurtado,13604,82,106,41,65,95,37,58,11,4,7
13650,metropolitana de santiago,13,talagante,136,padre hurtado,13604,83,107,44,63,92,41,51,15,3,12
13651,metropolitana de santiago,13,talagante,136,padre hurtado,13604,84,99,40,59,88,34,54,11,6,5
13652,metropolitana de santiago,13,talagante,136,padre hurtado,13604,85,89,45,44,81,41,40,8,4,4
13653,metropolitana de santiago,13,talagante,136,padre hurtado,13604,86,96,32,64,82,23,59,14,9,5
13654,metropolitana de santiago,13,talagante,136,padre hurtado,13604,87,60,24,36,53,21,32,7,3,4
13655,metropolitana de santiago,13,talagante,136,padre hurtado,13604,88,44,19,25,40,16,24,4,3,1
13656,metropolitana de santiago,13,talagante,136,padre hurtado,13604,89,55,20,35,49,19,30,6,1,5
13657,metropolitana de santiago,13,talagante,136,padre hurtado,13604,90,33,10,23,31,10,21,2,0,2
13658,metropolitana de santiago,13,talagante,136,padre hurtado,13604,91,20,6,14,16,5,11,4,1,3
13659,metropolitana de santiago,13,talagante,136,padre hurtado,13604,92,24,8,16,22,7,15,2,1,1
13660,metropolitana de santiago,13,talagante,136,padre hurtado,13604,93,18,5,13,17,4,13,1,1,0
13661,metropolitana de santiago,13,talagante,136,padre hurtado,13604,94,18,5,13,17,5,12,1,0,1
13662,metropolitana de santiago,13,talagante,136,padre hurtado,13604,95,7,4,3,7,4,3,0,0,0
13663,metropolitana de santiago,13,talagante,136,padre hurtado,13604,96,10,2,8,8,1,7,2,1,1
13664,metropolitana de santiago,13,talagante,136,padre hurtado,13604,97,4,0,4,4,0,4,0,0,0
13665,metropolitana de santiago,13,talagante,136,padre hurtado,13604,98,9,4,5,9,4,5,0,0,0
13666,metropolitana de santiago,13,talagante,136,padre hurtado,13604,99,2,0,2,2,0,2,0,0,0
13667,metropolitana de santiago,13,talagante,136,padre hurtado,13604,100 o más,25,8,17,24,8,16,1,0,1
13668,metropolitana de santiago,13,talagante,136,peñaflor,13605,total comuna,90201,43944,46257,83064,40372,42692,7137,3572,3565
13669,metropolitana de santiago,13,talagante,136,peñaflor,13605,0,1208,597,611,1129,553,576,79,44,35
13670,metropolitana de santiago,13,talagante,136,peñaflor,13605,1,1382,755,627,1293,704,589,89,51,38
13671,metropolitana de santiago,13,talagante,136,peñaflor,13605,2,1319,664,655,1232,616,616,87,48,39
13672,metropolitana de santiago,13,talagante,136,peñaflor,13605,3,1258,638,620,1168,595,573,90,43,47
13673,metropolitana de santiago,13,talagante,136,peñaflor,13605,4,1388,698,690,1278,648,630,110,50,60
13674,metropolitana de santiago,13,talagante,136,peñaflor,13605,5,1328,675,653,1200,612,588,128,63,65
13675,metropolitana de santiago,13,talagante,136,peñaflor,13605,6,1405,700,705,1286,649,637,119,51,68
13676,metropolitana de santiago,13,talagante,136,peñaflor,13605,7,1357,703,654,1248,655,593,109,48,61
13677,metropolitana de santiago,13,talagante,136,peñaflor,13605,8,1384,692,692,1284,645,639,100,47,53
13678,metropolitana de santiago,13,talagante,136,peñaflor,13605,9,1315,672,643,1218,616,602,97,56,41
13679,metropolitana de santiago,13,talagante,136,peñaflor,13605,10,1303,683,620,1196,624,572,107,59,48
13680,metropolitana de santiago,13,talagante,136,peñaflor,13605,11,1256,625,631,1147,568,579,109,57,52
13681,metropolitana de santiago,13,talagante,136,peñaflor,13605,12,1358,711,647,1255,657,598,103,54,49
13682,metropolitana de santiago,13,talagante,136,peñaflor,13605,13,1278,630,648,1149,560,589,129,70,59
13683,metropolitana de santiago,13,talagante,136,peñaflor,13605,14,1373,715,658,1273,659,614,100,56,44
13684,metropolitana de santiago,13,talagante,136,peñaflor,13605,15,1249,645,604,1153,600,553,96,45,51
13685,metropolitana de santiago,13,talagante,136,peñaflor,13605,16,1438,759,679,1319,695,624,119,64,55
13686,metropolitana de santiago,13,talagante,136,peñaflor,13605,17,1424,738,686,1281,675,606,143,63,80
13687,metropolitana de santiago,13,talagante,136,peñaflor,13605,18,1357,657,700,1260,610,650,97,47,50
13688,metropolitana de santiago,13,talagante,136,peñaflor,13605,19,1323,666,657,1207,606,601,116,60,56
13689,metropolitana de santiago,13,talagante,136,peñaflor,13605,20,1385,715,670,1289,671,618,96,44,52
13690,metropolitana de santiago,13,talagante,136,peñaflor,13605,21,1509,777,732,1398,720,678,111,57,54
13691,metropolitana de santiago,13,talagante,136,peñaflor,13605,22,1539,757,782,1424,706,718,115,51,64
13692,metropolitana de santiago,13,talagante,136,peñaflor,13605,23,1464,737,727,1359,677,682,105,60,45
13693,metropolitana de santiago,13,talagante,136,peñaflor,13605,24,1383,695,688,1271,639,632,112,56,56
13694,metropolitana de santiago,13,talagante,136,peñaflor,13605,25,1398,691,707,1306,644,662,92,47,45
13695,metropolitana de santiago,13,talagante,136,peñaflor,13605,26,1480,756,724,1400,720,680,80,36,44
13696,metropolitana de santiago,13,talagante,136,peñaflor,13605,27,1446,704,742,1339,654,685,107,50,57
13697,metropolitana de santiago,13,talagante,136,peñaflor,13605,28,1402,692,710,1311,644,667,91,48,43
13698,metropolitana de santiago,13,talagante,136,peñaflor,13605,29,1336,655,681,1262,623,639,74,32,42
13699,metropolitana de santiago,13,talagante,136,peñaflor,13605,30,1261,624,637,1181,583,598,80,41,39
13700,metropolitana de santiago,13,talagante,136,peñaflor,13605,31,1212,567,645,1138,526,612,74,41,33
13701,metropolitana de santiago,13,talagante,136,peñaflor,13605,32,1183,593,590,1118,564,554,65,29,36
13702,metropolitana de santiago,13,talagante,136,peñaflor,13605,33,1109,544,565,1039,504,535,70,40,30
13703,metropolitana de santiago,13,talagante,136,peñaflor,13605,34,1190,560,630,1128,538,590,62,22,40
13704,metropolitana de santiago,13,talagante,136,peñaflor,13605,35,1264,605,659,1178,557,621,86,48,38
13705,metropolitana de santiago,13,talagante,136,peñaflor,13605,36,1184,570,614,1123,537,586,61,33,28
13706,metropolitana de santiago,13,talagante,136,peñaflor,13605,37,1251,602,649,1143,547,596,108,55,53
13707,metropolitana de santiago,13,talagante,136,peñaflor,13605,38,1193,552,641,1101,511,590,92,41,51
13708,metropolitana de santiago,13,talagante,136,peñaflor,13605,39,1184,570,614,1090,530,560,94,40,54
13709,metropolitana de santiago,13,talagante,136,peñaflor,13605,40,1277,578,699,1182,527,655,95,51,44
13710,metropolitana de santiago,13,talagante,136,peñaflor,13605,41,1375,670,705,1271,618,653,104,52,52
13711,metropolitana de santiago,13,talagante,136,peñaflor,13605,42,1339,629,710,1218,578,640,121,51,70
13712,metropolitana de santiago,13,talagante,136,peñaflor,13605,43,1390,657,733,1274,605,669,116,52,64
13713,metropolitana de santiago,13,talagante,136,peñaflor,13605,44,1396,707,689,1270,640,630,126,67,59
13714,metropolitana de santiago,13,talagante,136,peñaflor,13605,45,1413,701,712,1280,632,648,133,69,64
13715,metropolitana de santiago,13,talagante,136,peñaflor,13605,46,1250,625,625,1145,575,570,105,50,55
13716,metropolitana de santiago,13,talagante,136,peñaflor,13605,47,1250,623,627,1124,556,568,126,67,59
13717,metropolitana de santiago,13,talagante,136,peñaflor,13605,48,1231,614,617,1125,563,562,106,51,55
13718,metropolitana de santiago,13,talagante,136,peñaflor,13605,49,1277,640,637,1174,583,591,103,57,46
13719,metropolitana de santiago,13,talagante,136,peñaflor,13605,50,1212,534,678,1111,489,622,101,45,56
13720,metropolitana de santiago,13,talagante,136,peñaflor,13605,51,1189,590,599,1094,534,560,95,56,39
13721,metropolitana de santiago,13,talagante,136,peñaflor,13605,52,1198,552,646,1088,499,589,110,53,57
13722,metropolitana de santiago,13,talagante,136,peñaflor,13605,53,1193,590,603,1084,529,555,109,61,48
13723,metropolitana de santiago,13,talagante,136,peñaflor,13605,54,1243,584,659,1114,520,594,129,64,65
13724,metropolitana de santiago,13,talagante,136,peñaflor,13605,55,1114,521,593,1028,484,544,86,37,49
13725,metropolitana de santiago,13,talagante,136,peñaflor,13605,56,1087,502,585,998,457,541,89,45,44
13726,metropolitana de santiago,13,talagante,136,peñaflor,13605,57,985,490,495,897,439,458,88,51,37
13727,metropolitana de santiago,13,talagante,136,peñaflor,13605,58,981,473,508,887,420,467,94,53,41
13728,metropolitana de santiago,13,talagante,136,peñaflor,13605,59,897,397,500,818,368,450,79,29,50
13729,metropolitana de santiago,13,talagante,136,peñaflor,13605,60,863,394,469,787,354,433,76,40,36
13730,metropolitana de santiago,13,talagante,136,peñaflor,13605,61,820,368,452,737,328,409,83,40,43
13731,metropolitana de santiago,13,talagante,136,peñaflor,13605,62,799,356,443,721,320,401,78,36,42
13732,metropolitana de santiago,13,talagante,136,peñaflor,13605,63,720,335,385,645,291,354,75,44,31
13733,metropolitana de santiago,13,talagante,136,peñaflor,13605,64,674,305,369,617,282,335,57,23,34
13734,metropolitana de santiago,13,talagante,136,peñaflor,13605,65,652,320,332,583,283,300,69,37,32
13735,metropolitana de santiago,13,talagante,136,peñaflor,13605,66,631,282,349,580,258,322,51,24,27
13736,metropolitana de santiago,13,talagante,136,peñaflor,13605,67,621,295,326,572,261,311,49,34,15
13737,metropolitana de santiago,13,talagante,136,peñaflor,13605,68,610,301,309,554,276,278,56,25,31
13738,metropolitana de santiago,13,talagante,136,peñaflor,13605,69,560,244,316,525,230,295,35,14,21
13739,metropolitana de santiago,13,talagante,136,peñaflor,13605,70,566,265,301,504,230,274,62,35,27
13740,metropolitana de santiago,13,talagante,136,peñaflor,13605,71,484,216,268,443,194,249,41,22,19
13741,metropolitana de santiago,13,talagante,136,peñaflor,13605,72,447,190,257,412,169,243,35,21,14
13742,metropolitana de santiago,13,talagante,136,peñaflor,13605,73,424,193,231,384,170,214,40,23,17
13743,metropolitana de santiago,13,talagante,136,peñaflor,13605,74,437,193,244,403,171,232,34,22,12
13744,metropolitana de santiago,13,talagante,136,peñaflor,13605,75,403,171,232,377,159,218,26,12,14
13745,metropolitana de santiago,13,talagante,136,peñaflor,13605,76,382,176,206,358,162,196,24,14,10
13746,metropolitana de santiago,13,talagante,136,peñaflor,13605,77,332,163,169,299,146,153,33,17,16
13747,metropolitana de santiago,13,talagante,136,peñaflor,13605,78,273,113,160,249,99,150,24,14,10
13748,metropolitana de santiago,13,talagante,136,peñaflor,13605,79,245,96,149,226,93,133,19,3,16
13749,metropolitana de santiago,13,talagante,136,peñaflor,13605,80,206,92,114,195,86,109,11,6,5
13750,metropolitana de santiago,13,talagante,136,peñaflor,13605,81,214,90,124,198,81,117,16,9,7
13751,metropolitana de santiago,13,talagante,136,peñaflor,13605,82,204,83,121,188,79,109,16,4,12
13752,metropolitana de santiago,13,talagante,136,peñaflor,13605,83,165,71,94,146,60,86,19,11,8
13753,metropolitana de santiago,13,talagante,136,peñaflor,13605,84,172,58,114,151,47,104,21,11,10
13754,metropolitana de santiago,13,talagante,136,peñaflor,13605,85,142,50,92,135,45,90,7,5,2
13755,metropolitana de santiago,13,talagante,136,peñaflor,13605,86,136,52,84,124,50,74,12,2,10
13756,metropolitana de santiago,13,talagante,136,peñaflor,13605,87,122,40,82,113,37,76,9,3,6
13757,metropolitana de santiago,13,talagante,136,peñaflor,13605,88,108,40,68,99,37,62,9,3,6
13758,metropolitana de santiago,13,talagante,136,peñaflor,13605,89,79,23,56,72,21,51,7,2,5
13759,metropolitana de santiago,13,talagante,136,peñaflor,13605,90,74,23,51,68,21,47,6,2,4
13760,metropolitana de santiago,13,talagante,136,peñaflor,13605,91,51,14,37,48,14,34,3,0,3
13761,metropolitana de santiago,13,talagante,136,peñaflor,13605,92,60,15,45,55,14,41,5,1,4
13762,metropolitana de santiago,13,talagante,136,peñaflor,13605,93,46,14,32,44,13,31,2,1,1
13763,metropolitana de santiago,13,talagante,136,peñaflor,13605,94,31,12,19,30,12,18,1,0,1
13764,metropolitana de santiago,13,talagante,136,peñaflor,13605,95,19,5,14,16,4,12,3,1,2
13765,metropolitana de santiago,13,talagante,136,peñaflor,13605,96,13,4,9,12,4,8,1,0,1
13766,metropolitana de santiago,13,talagante,136,peñaflor,13605,97,13,4,9,12,3,9,1,1,0
13767,metropolitana de santiago,13,talagante,136,peñaflor,13605,98,10,5,5,8,4,4,2,1,1
13768,metropolitana de santiago,13,talagante,136,peñaflor,13605,99,3,1,2,3,1,2,0,0,0
13769,metropolitana de santiago,13,talagante,136,peñaflor,13605,100 o más,17,6,11,15,5,10,2,1,1
13770,libertador general bernardo o'higgins,6,cachapoal,61,rancagua,6101,total comuna,241774,117942,123832,234183,113275,120908,7591,4667,2924
13771,libertador general bernardo o'higgins,6,cachapoal,61,rancagua,6101,0,3010,1529,1481,2945,1493,1452,65,36,29
13772,libertador general bernardo o'higgins,6,cachapoal,61,rancagua,6101,1,3273,1689,1584,3186,1639,1547,87,50,37
13773,libertador general bernardo o'higgins,6,cachapoal,61,rancagua,6101,2,3409,1786,1623,3313,1735,1578,96,51,45
13774,libertador general bernardo o'higgins,6,cachapoal,61,rancagua,6101,3,3299,1694,1605,3217,1657,1560,82,37,45
13775,libertador general bernardo o'higgins,6,cachapoal,61,rancagua,6101,4,3466,1802,1664,3387,1762,1625,79,40,39
13776,libertador general bernardo o'higgins,6,cachapoal,61,rancagua,6101,5,3444,1804,1640,3358,1761,1597,86,43,43
13777,libertador general bernardo o'higgins,6,cachapoal,61,rancagua,6101,6,3653,1838,1815,3561,1788,1773,92,50,42
13778,libertador general bernardo o'higgins,6,cachapoal,61,rancagua,6101,7,3498,1830,1668,3413,1784,1629,85,46,39
13779,libertador general bernardo o'higgins,6,cachapoal,61,rancagua,6101,8,3554,1842,1712,3471,1801,1670,83,41,42
13780,libertador general bernardo o'higgins,6,cachapoal,61,rancagua,6101,9,3427,1752,1675,3346,1707,1639,81,45,36
13781,libertador general bernardo o'higgins,6,cachapoal,61,rancagua,6101,10,3297,1697,1600,3213,1655,1558,84,42,42
13782,libertador general bernardo o'higgins,6,cachapoal,61,rancagua,6101,11,3369,1698,1671,3278,1647,1631,91,51,40
13783,libertador general bernardo o'higgins,6,cachapoal,61,rancagua,6101,12,3338,1759,1579,3240,1699,1541,98,60,38
13784,libertador general bernardo o'higgins,6,cachapoal,61,rancagua,6101,13,3321,1668,1653,3237,1628,1609,84,40,44
13785,libertador general bernardo o'higgins,6,cachapoal,61,rancagua,6101,14,3512,1775,1737,3418,1724,1694,94,51,43
13786,libertador general bernardo o'higgins,6,cachapoal,61,rancagua,6101,15,3319,1706,1613,3255,1673,1582,64,33,31
13787,libertador general bernardo o'higgins,6,cachapoal,61,rancagua,6101,16,3435,1746,1689,3341,1693,1648,94,53,41
13788,libertador general bernardo o'higgins,6,cachapoal,61,rancagua,6101,17,3534,1836,1698,3444,1790,1654,90,46,44
13789,libertador general bernardo o'higgins,6,cachapoal,61,rancagua,6101,18,3296,1645,1651,3212,1602,1610,84,43,41
13790,libertador general bernardo o'higgins,6,cachapoal,61,rancagua,6101,19,3294,1678,1616,3187,1613,1574,107,65,42
13791,libertador general bernardo o'higgins,6,cachapoal,61,rancagua,6101,20,3333,1747,1586,3196,1659,1537,137,88,49
13792,libertador general bernardo o'higgins,6,cachapoal,61,rancagua,6101,21,3419,1759,1660,3286,1665,1621,133,94,39
13793,libertador general bernardo o'higgins,6,cachapoal,61,rancagua,6101,22,3489,1812,1677,3340,1710,1630,149,102,47
13794,libertador general bernardo o'higgins,6,cachapoal,61,rancagua,6101,23,3530,1791,1739,3385,1687,1698,145,104,41
13795,libertador general bernardo o'higgins,6,cachapoal,61,rancagua,6101,24,3703,1842,1861,3562,1746,1816,141,96,45
13796,libertador general bernardo o'higgins,6,cachapoal,61,rancagua,6101,25,3785,1940,1845,3605,1801,1804,180,139,41
13797,libertador general bernardo o'higgins,6,cachapoal,61,rancagua,6101,26,4046,2018,2028,3877,1897,1980,169,121,48
13798,libertador general bernardo o'higgins,6,cachapoal,61,rancagua,6101,27,4235,2146,2089,4068,2025,2043,167,121,46
13799,libertador general bernardo o'higgins,6,cachapoal,61,rancagua,6101,28,4114,2049,2065,3944,1920,2024,170,129,41
13800,libertador general bernardo o'higgins,6,cachapoal,61,rancagua,6101,29,3828,1937,1891,3648,1811,1837,180,126,54
13801,libertador general bernardo o'higgins,6,cachapoal,61,rancagua,6101,30,3791,1890,1901,3641,1780,1861,150,110,40
13802,libertador general bernardo o'higgins,6,cachapoal,61,rancagua,6101,31,3616,1783,1833,3462,1677,1785,154,106,48
13803,libertador general bernardo o'higgins,6,cachapoal,61,rancagua,6101,32,3386,1674,1712,3225,1561,1664,161,113,48
13804,libertador general bernardo o'higgins,6,cachapoal,61,rancagua,6101,33,3421,1706,1715,3285,1618,1667,136,88,48
13805,libertador general bernardo o'higgins,6,cachapoal,61,rancagua,6101,34,3503,1780,1723,3360,1678,1682,143,102,41
13806,libertador general bernardo o'higgins,6,cachapoal,61,rancagua,6101,35,3682,1810,1872,3560,1726,1834,122,84,38
13807,libertador general bernardo o'higgins,6,cachapoal,61,rancagua,6101,36,3519,1836,1683,3379,1738,1641,140,98,42
13808,libertador general bernardo o'higgins,6,cachapoal,61,rancagua,6101,37,3307,1636,1671,3191,1563,1628,116,73,43
13809,libertador general bernardo o'higgins,6,cachapoal,61,rancagua,6101,38,3179,1589,1590,3059,1517,1542,120,72,48
13810,libertador general bernardo o'higgins,6,cachapoal,61,rancagua,6101,39,3033,1502,1531,2931,1437,1494,102,65,37
13811,libertador general bernardo o'higgins,6,cachapoal,61,rancagua,6101,40,3239,1607,1632,3132,1537,1595,107,70,37
13812,libertador general bernardo o'higgins,6,cachapoal,61,rancagua,6101,41,3322,1615,1707,3214,1547,1667,108,68,40
13813,libertador general bernardo o'higgins,6,cachapoal,61,rancagua,6101,42,3230,1553,1677,3128,1498,1630,102,55,47
13814,libertador general bernardo o'higgins,6,cachapoal,61,rancagua,6101,43,3359,1627,1732,3247,1547,1700,112,80,32
13815,libertador general bernardo o'higgins,6,cachapoal,61,rancagua,6101,44,3261,1497,1764,3146,1429,1717,115,68,47
13816,libertador general bernardo o'higgins,6,cachapoal,61,rancagua,6101,45,3382,1646,1736,3256,1562,1694,126,84,42
13817,libertador general bernardo o'higgins,6,cachapoal,61,rancagua,6101,46,3227,1512,1715,3113,1448,1665,114,64,50
13818,libertador general bernardo o'higgins,6,cachapoal,61,rancagua,6101,47,3009,1456,1553,2904,1393,1511,105,63,42
13819,libertador general bernardo o'higgins,6,cachapoal,61,rancagua,6101,48,3105,1469,1636,3005,1407,1598,100,62,38
13820,libertador general bernardo o'higgins,6,cachapoal,61,rancagua,6101,49,3155,1533,1622,3042,1467,1575,113,66,47
13821,libertador general bernardo o'higgins,6,cachapoal,61,rancagua,6101,50,3212,1559,1653,3093,1490,1603,119,69,50
13822,libertador general bernardo o'higgins,6,cachapoal,61,rancagua,6101,51,3138,1491,1647,3017,1419,1598,121,72,49
13823,libertador general bernardo o'higgins,6,cachapoal,61,rancagua,6101,52,3272,1571,1701,3172,1516,1656,100,55,45
13824,libertador general bernardo o'higgins,6,cachapoal,61,rancagua,6101,53,3233,1499,1734,3117,1434,1683,116,65,51
13825,libertador general bernardo o'higgins,6,cachapoal,61,rancagua,6101,54,3284,1517,1767,3187,1464,1723,97,53,44
13826,libertador general bernardo o'higgins,6,cachapoal,61,rancagua,6101,55,3066,1471,1595,2979,1427,1552,87,44,43
13827,libertador general bernardo o'higgins,6,cachapoal,61,rancagua,6101,56,2986,1399,1587,2896,1350,1546,90,49,41
13828,libertador general bernardo o'higgins,6,cachapoal,61,rancagua,6101,57,2793,1320,1473,2707,1271,1436,86,49,37
13829,libertador general bernardo o'higgins,6,cachapoal,61,rancagua,6101,58,2745,1249,1496,2676,1213,1463,69,36,33
13830,libertador general bernardo o'higgins,6,cachapoal,61,rancagua,6101,59,2745,1254,1491,2677,1216,1461,68,38,30
13831,libertador general bernardo o'higgins,6,cachapoal,61,rancagua,6101,60,2680,1198,1482,2603,1156,1447,77,42,35
13832,libertador general bernardo o'higgins,6,cachapoal,61,rancagua,6101,61,2501,1141,1360,2447,1107,1340,54,34,20
13833,libertador general bernardo o'higgins,6,cachapoal,61,rancagua,6101,62,2471,1109,1362,2405,1066,1339,66,43,23
13834,libertador general bernardo o'higgins,6,cachapoal,61,rancagua,6101,63,2342,1112,1230,2282,1074,1208,60,38,22
13835,libertador general bernardo o'higgins,6,cachapoal,61,rancagua,6101,64,2164,972,1192,2119,944,1175,45,28,17
13836,libertador general bernardo o'higgins,6,cachapoal,61,rancagua,6101,65,2032,914,1118,1993,888,1105,39,26,13
13837,libertador general bernardo o'higgins,6,cachapoal,61,rancagua,6101,66,2028,889,1139,1968,856,1112,60,33,27
13838,libertador general bernardo o'higgins,6,cachapoal,61,rancagua,6101,67,1843,840,1003,1801,821,980,42,19,23
13839,libertador general bernardo o'higgins,6,cachapoal,61,rancagua,6101,68,1842,870,972,1797,846,951,45,24,21
13840,libertador general bernardo o'higgins,6,cachapoal,61,rancagua,6101,69,1705,782,923,1676,767,909,29,15,14
13841,libertador general bernardo o'higgins,6,cachapoal,61,rancagua,6101,70,1643,712,931,1606,693,913,37,19,18
13842,libertador general bernardo o'higgins,6,cachapoal,61,rancagua,6101,71,1515,692,823,1479,668,811,36,24,12
13843,libertador general bernardo o'higgins,6,cachapoal,61,rancagua,6101,72,1378,622,756,1344,602,742,34,20,14
13844,libertador general bernardo o'higgins,6,cachapoal,61,rancagua,6101,73,1311,573,738,1279,557,722,32,16,16
13845,libertador general bernardo o'higgins,6,cachapoal,61,rancagua,6101,74,1195,529,666,1171,514,657,24,15,9
13846,libertador general bernardo o'higgins,6,cachapoal,61,rancagua,6101,75,1161,495,666,1133,481,652,28,14,14
13847,libertador general bernardo o'higgins,6,cachapoal,61,rancagua,6101,76,1092,486,606,1067,472,595,25,14,11
13848,libertador general bernardo o'higgins,6,cachapoal,61,rancagua,6101,77,997,446,551,978,434,544,19,12,7
13849,libertador general bernardo o'higgins,6,cachapoal,61,rancagua,6101,78,842,346,496,824,339,485,18,7,11
13850,libertador general bernardo o'higgins,6,cachapoal,61,rancagua,6101,79,750,297,453,737,291,446,13,6,7
13851,libertador general bernardo o'higgins,6,cachapoal,61,rancagua,6101,80,697,260,437,684,254,430,13,6,7
13852,libertador general bernardo o'higgins,6,cachapoal,61,rancagua,6101,81,686,276,410,675,268,407,11,8,3
13853,libertador general bernardo o'higgins,6,cachapoal,61,rancagua,6101,82,635,240,395,626,235,391,9,5,4
13854,libertador general bernardo o'higgins,6,cachapoal,61,rancagua,6101,83,542,188,354,527,181,346,15,7,8
13855,libertador general bernardo o'higgins,6,cachapoal,61,rancagua,6101,84,508,193,315,496,186,310,12,7,5
13856,libertador general bernardo o'higgins,6,cachapoal,61,rancagua,6101,85,466,176,290,461,171,290,5,5,0
13857,libertador general bernardo o'higgins,6,cachapoal,61,rancagua,6101,86,433,138,295,427,136,291,6,2,4
13858,libertador general bernardo o'higgins,6,cachapoal,61,rancagua,6101,87,390,121,269,381,118,263,9,3,6
13859,libertador general bernardo o'higgins,6,cachapoal,61,rancagua,6101,88,301,96,205,299,96,203,2,0,2
13860,libertador general bernardo o'higgins,6,cachapoal,61,rancagua,6101,89,279,100,179,271,96,175,8,4,4
13861,libertador general bernardo o'higgins,6,cachapoal,61,rancagua,6101,90,205,66,139,199,62,137,6,4,2
13862,libertador general bernardo o'higgins,6,cachapoal,61,rancagua,6101,91,158,52,106,153,51,102,5,1,4
13863,libertador general bernardo o'higgins,6,cachapoal,61,rancagua,6101,92,136,36,100,134,36,98,2,0,2
13864,libertador general bernardo o'higgins,6,cachapoal,61,rancagua,6101,93,120,26,94,117,26,91,3,0,3
13865,libertador general bernardo o'higgins,6,cachapoal,61,rancagua,6101,94,83,23,60,83,23,60,0,0,0
13866,libertador general bernardo o'higgins,6,cachapoal,61,rancagua,6101,95,53,16,37,51,16,35,2,0,2
13867,libertador general bernardo o'higgins,6,cachapoal,61,rancagua,6101,96,42,12,30,41,12,29,1,0,1
13868,libertador general bernardo o'higgins,6,cachapoal,61,rancagua,6101,97,31,4,27,31,4,27,0,0,0
13869,libertador general bernardo o'higgins,6,cachapoal,61,rancagua,6101,98,24,6,18,23,5,18,1,1,0
13870,libertador general bernardo o'higgins,6,cachapoal,61,rancagua,6101,99,18,5,13,17,5,12,1,0,1
13871,libertador general bernardo o'higgins,6,cachapoal,61,rancagua,6101,100 o más,45,17,28,44,16,28,1,1,0
13872,libertador general bernardo o'higgins,6,cachapoal,61,codegua,6102,total comuna,12988,6510,6478,7019,3454,3565,5969,3056,2913
13873,libertador general bernardo o'higgins,6,cachapoal,61,codegua,6102,0,151,71,80,91,45,46,60,26,34
13874,libertador general bernardo o'higgins,6,cachapoal,61,codegua,6102,1,182,91,91,91,52,39,91,39,52
13875,libertador general bernardo o'higgins,6,cachapoal,61,codegua,6102,2,164,79,85,91,40,51,73,39,34
13876,libertador general bernardo o'higgins,6,cachapoal,61,codegua,6102,3,177,93,84,94,50,44,83,43,40
13877,libertador general bernardo o'higgins,6,cachapoal,61,codegua,6102,4,189,95,94,108,55,53,81,40,41
13878,libertador general bernardo o'higgins,6,cachapoal,61,codegua,6102,5,186,95,91,97,52,45,89,43,46
13879,libertador general bernardo o'higgins,6,cachapoal,61,codegua,6102,6,194,96,98,110,54,56,84,42,42
13880,libertador general bernardo o'higgins,6,cachapoal,61,codegua,6102,7,227,106,121,145,67,78,82,39,43
13881,libertador general bernardo o'higgins,6,cachapoal,61,codegua,6102,8,184,88,96,98,51,47,86,37,49
13882,libertador general bernardo o'higgins,6,cachapoal,61,codegua,6102,9,166,78,88,91,47,44,75,31,44
13883,libertador general bernardo o'higgins,6,cachapoal,61,codegua,6102,10,187,93,94,107,47,60,80,46,34
13884,libertador general bernardo o'higgins,6,cachapoal,61,codegua,6102,11,196,104,92,118,68,50,78,36,42
13885,libertador general bernardo o'higgins,6,cachapoal,61,codegua,6102,12,193,87,106,110,54,56,83,33,50
13886,libertador general bernardo o'higgins,6,cachapoal,61,codegua,6102,13,185,94,91,87,41,46,98,53,45
13887,libertador general bernardo o'higgins,6,cachapoal,61,codegua,6102,14,178,98,80,106,61,45,72,37,35
13888,libertador general bernardo o'higgins,6,cachapoal,61,codegua,6102,15,182,97,85,101,55,46,81,42,39
13889,libertador general bernardo o'higgins,6,cachapoal,61,codegua,6102,16,186,81,105,104,38,66,82,43,39
13890,libertador general bernardo o'higgins,6,cachapoal,61,codegua,6102,17,163,83,80,95,41,54,68,42,26
13891,libertador general bernardo o'higgins,6,cachapoal,61,codegua,6102,18,204,92,112,107,51,56,97,41,56
13892,libertador general bernardo o'higgins,6,cachapoal,61,codegua,6102,19,176,99,77,110,57,53,66,42,24
13893,libertador general bernardo o'higgins,6,cachapoal,61,codegua,6102,20,162,75,87,86,38,48,76,37,39
13894,libertador general bernardo o'higgins,6,cachapoal,61,codegua,6102,21,180,89,91,95,49,46,85,40,45
13895,libertador general bernardo o'higgins,6,cachapoal,61,codegua,6102,22,177,92,85,101,48,53,76,44,32
13896,libertador general bernardo o'higgins,6,cachapoal,61,codegua,6102,23,190,96,94,106,53,53,84,43,41
13897,libertador general bernardo o'higgins,6,cachapoal,61,codegua,6102,24,174,94,80,90,49,41,84,45,39
13898,libertador general bernardo o'higgins,6,cachapoal,61,codegua,6102,25,200,108,92,117,64,53,83,44,39
13899,libertador general bernardo o'higgins,6,cachapoal,61,codegua,6102,26,211,113,98,119,64,55,92,49,43
13900,libertador general bernardo o'higgins,6,cachapoal,61,codegua,6102,27,230,93,137,125,48,77,105,45,60
13901,libertador general bernardo o'higgins,6,cachapoal,61,codegua,6102,28,202,100,102,115,50,65,87,50,37
13902,libertador general bernardo o'higgins,6,cachapoal,61,codegua,6102,29,179,95,84,99,52,47,80,43,37
13903,libertador general bernardo o'higgins,6,cachapoal,61,codegua,6102,30,188,97,91,104,53,51,84,44,40
13904,libertador general bernardo o'higgins,6,cachapoal,61,codegua,6102,31,154,78,76,86,46,40,68,32,36
13905,libertador general bernardo o'higgins,6,cachapoal,61,codegua,6102,32,170,84,86,92,44,48,78,40,38
13906,libertador general bernardo o'higgins,6,cachapoal,61,codegua,6102,33,174,84,90,95,46,49,79,38,41
13907,libertador general bernardo o'higgins,6,cachapoal,61,codegua,6102,34,176,91,85,95,50,45,81,41,40
13908,libertador general bernardo o'higgins,6,cachapoal,61,codegua,6102,35,166,82,84,91,44,47,75,38,37
13909,libertador general bernardo o'higgins,6,cachapoal,61,codegua,6102,36,183,92,91,107,50,57,76,42,34
13910,libertador general bernardo o'higgins,6,cachapoal,61,codegua,6102,37,159,83,76,78,43,35,81,40,41
13911,libertador general bernardo o'higgins,6,cachapoal,61,codegua,6102,38,192,98,94,100,55,45,92,43,49
13912,libertador general bernardo o'higgins,6,cachapoal,61,codegua,6102,39,170,89,81,82,42,40,88,47,41
13913,libertador general bernardo o'higgins,6,cachapoal,61,codegua,6102,40,185,103,82,91,49,42,94,54,40
13914,libertador general bernardo o'higgins,6,cachapoal,61,codegua,6102,41,173,88,85,92,40,52,81,48,33
13915,libertador general bernardo o'higgins,6,cachapoal,61,codegua,6102,42,195,94,101,119,58,61,76,36,40
13916,libertador general bernardo o'higgins,6,cachapoal,61,codegua,6102,43,172,86,86,85,41,44,87,45,42
13917,libertador general bernardo o'higgins,6,cachapoal,61,codegua,6102,44,175,76,99,84,38,46,91,38,53
13918,libertador general bernardo o'higgins,6,cachapoal,61,codegua,6102,45,160,78,82,82,38,44,78,40,38
13919,libertador general bernardo o'higgins,6,cachapoal,61,codegua,6102,46,166,77,89,76,37,39,90,40,50
13920,libertador general bernardo o'higgins,6,cachapoal,61,codegua,6102,47,151,66,85,76,27,49,75,39,36
13921,libertador general bernardo o'higgins,6,cachapoal,61,codegua,6102,48,194,109,85,106,57,49,88,52,36
13922,libertador general bernardo o'higgins,6,cachapoal,61,codegua,6102,49,193,91,102,89,43,46,104,48,56
13923,libertador general bernardo o'higgins,6,cachapoal,61,codegua,6102,50,195,108,87,118,60,58,77,48,29
13924,libertador general bernardo o'higgins,6,cachapoal,61,codegua,6102,51,200,111,89,109,59,50,91,52,39
13925,libertador general bernardo o'higgins,6,cachapoal,61,codegua,6102,52,189,90,99,102,47,55,87,43,44
13926,libertador general bernardo o'higgins,6,cachapoal,61,codegua,6102,53,199,105,94,102,53,49,97,52,45
13927,libertador general bernardo o'higgins,6,cachapoal,61,codegua,6102,54,213,107,106,111,52,59,102,55,47
13928,libertador general bernardo o'higgins,6,cachapoal,61,codegua,6102,55,196,96,100,104,56,48,92,40,52
13929,libertador general bernardo o'higgins,6,cachapoal,61,codegua,6102,56,182,92,90,95,42,53,87,50,37
13930,libertador general bernardo o'higgins,6,cachapoal,61,codegua,6102,57,177,97,80,85,54,31,92,43,49
13931,libertador general bernardo o'higgins,6,cachapoal,61,codegua,6102,58,168,82,86,91,45,46,77,37,40
13932,libertador general bernardo o'higgins,6,cachapoal,61,codegua,6102,59,149,79,70,75,33,42,74,46,28
13933,libertador general bernardo o'higgins,6,cachapoal,61,codegua,6102,60,158,77,81,80,35,45,78,42,36
13934,libertador general bernardo o'higgins,6,cachapoal,61,codegua,6102,61,142,75,67,82,44,38,60,31,29
13935,libertador general bernardo o'higgins,6,cachapoal,61,codegua,6102,62,137,75,62,68,36,32,69,39,30
13936,libertador general bernardo o'higgins,6,cachapoal,61,codegua,6102,63,134,64,70,78,36,42,56,28,28
13937,libertador general bernardo o'higgins,6,cachapoal,61,codegua,6102,64,119,65,54,55,28,27,64,37,27
13938,libertador general bernardo o'higgins,6,cachapoal,61,codegua,6102,65,110,49,61,58,27,31,52,22,30
13939,libertador general bernardo o'higgins,6,cachapoal,61,codegua,6102,66,101,50,51,47,20,27,54,30,24
13940,libertador general bernardo o'higgins,6,cachapoal,61,codegua,6102,67,89,51,38,48,27,21,41,24,17
13941,libertador general bernardo o'higgins,6,cachapoal,61,codegua,6102,68,86,45,41,48,24,24,38,21,17
13942,libertador general bernardo o'higgins,6,cachapoal,61,codegua,6102,69,85,49,36,44,29,15,41,20,21
13943,libertador general bernardo o'higgins,6,cachapoal,61,codegua,6102,70,75,35,40,31,14,17,44,21,23
13944,libertador general bernardo o'higgins,6,cachapoal,61,codegua,6102,71,76,35,41,37,16,21,39,19,20
13945,libertador general bernardo o'higgins,6,cachapoal,61,codegua,6102,72,74,40,34,40,21,19,34,19,15
13946,libertador general bernardo o'higgins,6,cachapoal,61,codegua,6102,73,60,36,24,28,13,15,32,23,9
13947,libertador general bernardo o'higgins,6,cachapoal,61,codegua,6102,74,65,33,32,39,15,24,26,18,8
13948,libertador general bernardo o'higgins,6,cachapoal,61,codegua,6102,75,45,17,28,20,6,14,25,11,14
13949,libertador general bernardo o'higgins,6,cachapoal,61,codegua,6102,76,48,21,27,30,10,20,18,11,7
13950,libertador general bernardo o'higgins,6,cachapoal,61,codegua,6102,77,53,24,29,29,12,17,24,12,12
13951,libertador general bernardo o'higgins,6,cachapoal,61,codegua,6102,78,60,25,35,33,15,18,27,10,17
13952,libertador general bernardo o'higgins,6,cachapoal,61,codegua,6102,79,28,15,13,16,8,8,12,7,5
13953,libertador general bernardo o'higgins,6,cachapoal,61,codegua,6102,80,33,12,21,17,6,11,16,6,10
13954,libertador general bernardo o'higgins,6,cachapoal,61,codegua,6102,81,36,16,20,19,8,11,17,8,9
13955,libertador general bernardo o'higgins,6,cachapoal,61,codegua,6102,82,37,17,20,20,8,12,17,9,8
13956,libertador general bernardo o'higgins,6,cachapoal,61,codegua,6102,83,29,15,14,22,11,11,7,4,3
13957,libertador general bernardo o'higgins,6,cachapoal,61,codegua,6102,84,30,19,11,13,7,6,17,12,5
13958,libertador general bernardo o'higgins,6,cachapoal,61,codegua,6102,85,15,7,8,7,3,4,8,4,4
13959,libertador general bernardo o'higgins,6,cachapoal,61,codegua,6102,86,26,15,11,17,9,8,9,6,3
13960,libertador general bernardo o'higgins,6,cachapoal,61,codegua,6102,87,27,9,18,14,3,11,13,6,7
13961,libertador general bernardo o'higgins,6,cachapoal,61,codegua,6102,88,15,8,7,11,7,4,4,1,3
13962,libertador general bernardo o'higgins,6,cachapoal,61,codegua,6102,89,14,6,8,10,5,5,4,1,3
13963,libertador general bernardo o'higgins,6,cachapoal,61,codegua,6102,90,7,4,3,4,2,2,3,2,1
13964,libertador general bernardo o'higgins,6,cachapoal,61,codegua,6102,91,4,1,3,2,1,1,2,0,2
13965,libertador general bernardo o'higgins,6,cachapoal,61,codegua,6102,92,8,3,5,3,0,3,5,3,2
13966,libertador general bernardo o'higgins,6,cachapoal,61,codegua,6102,93,6,4,2,4,2,2,2,2,0
13967,libertador general bernardo o'higgins,6,cachapoal,61,codegua,6102,94,5,3,2,3,2,1,2,1,1
13968,libertador general bernardo o'higgins,6,cachapoal,61,codegua,6102,95,4,1,3,3,1,2,1,0,1
13969,libertador general bernardo o'higgins,6,cachapoal,61,codegua,6102,96,1,0,1,1,0,1,0,0,0
13970,libertador general bernardo o'higgins,6,cachapoal,61,codegua,6102,97,1,0,1,0,0,0,1,0,1
13971,libertador general bernardo o'higgins,6,cachapoal,61,codegua,6102,98,0,0,0,0,0,0,0,0,0
13972,libertador general bernardo o'higgins,6,cachapoal,61,codegua,6102,99,1,0,1,1,0,1,0,0,0
13973,libertador general bernardo o'higgins,6,cachapoal,61,codegua,6102,100 o más,5,1,4,1,0,1,4,1,3
13974,libertador general bernardo o'higgins,6,cachapoal,61,coinco,6103,total comuna,7359,3729,3630,3424,1705,1719,3935,2024,1911
13975,libertador general bernardo o'higgins,6,cachapoal,61,coinco,6103,0,112,53,59,49,22,27,63,31,32
13976,libertador general bernardo o'higgins,6,cachapoal,61,coinco,6103,1,91,52,39,38,22,16,53,30,23
13977,libertador general bernardo o'higgins,6,cachapoal,61,coinco,6103,2,95,47,48,39,21,18,56,26,30
13978,libertador general bernardo o'higgins,6,cachapoal,61,coinco,6103,3,74,37,37,38,16,22,36,21,15
13979,libertador general bernardo o'higgins,6,cachapoal,61,coinco,6103,4,86,42,44,32,15,17,54,27,27
13980,libertador general bernardo o'higgins,6,cachapoal,61,coinco,6103,5,93,48,45,45,19,26,48,29,19
13981,libertador general bernardo o'higgins,6,cachapoal,61,coinco,6103,6,101,54,47,49,24,25,52,30,22
13982,libertador general bernardo o'higgins,6,cachapoal,61,coinco,6103,7,86,45,41,44,21,23,42,24,18
13983,libertador general bernardo o'higgins,6,cachapoal,61,coinco,6103,8,109,50,59,47,21,26,62,29,33
13984,libertador general bernardo o'higgins,6,cachapoal,61,coinco,6103,9,97,51,46,44,20,24,53,31,22
13985,libertador general bernardo o'higgins,6,cachapoal,61,coinco,6103,10,83,34,49,33,12,21,50,22,28
13986,libertador general bernardo o'higgins,6,cachapoal,61,coinco,6103,11,92,52,40,35,16,19,57,36,21
13987,libertador general bernardo o'higgins,6,cachapoal,61,coinco,6103,12,104,44,60,55,24,31,49,20,29
13988,libertador general bernardo o'higgins,6,cachapoal,61,coinco,6103,13,92,51,41,42,22,20,50,29,21
13989,libertador general bernardo o'higgins,6,cachapoal,61,coinco,6103,14,87,45,42,34,18,16,53,27,26
13990,libertador general bernardo o'higgins,6,cachapoal,61,coinco,6103,15,116,62,54,59,29,30,57,33,24
13991,libertador general bernardo o'higgins,6,cachapoal,61,coinco,6103,16,113,49,64,58,28,30,55,21,34
13992,libertador general bernardo o'higgins,6,cachapoal,61,coinco,6103,17,90,39,51,44,17,27,46,22,24
13993,libertador general bernardo o'higgins,6,cachapoal,61,coinco,6103,18,100,54,46,54,28,26,46,26,20
13994,libertador general bernardo o'higgins,6,cachapoal,61,coinco,6103,19,95,55,40,42,22,20,53,33,20
13995,libertador general bernardo o'higgins,6,cachapoal,61,coinco,6103,20,88,40,48,45,20,25,43,20,23
13996,libertador general bernardo o'higgins,6,cachapoal,61,coinco,6103,21,89,51,38,36,22,14,53,29,24
13997,libertador general bernardo o'higgins,6,cachapoal,61,coinco,6103,22,93,44,49,50,23,27,43,21,22
13998,libertador general bernardo o'higgins,6,cachapoal,61,coinco,6103,23,104,61,43,55,38,17,49,23,26
13999,libertador general bernardo o'higgins,6,cachapoal,61,coinco,6103,24,105,52,53,48,23,25,57,29,28
14000,libertador general bernardo o'higgins,6,cachapoal,61,coinco,6103,25,104,54,50,48,25,23,56,29,27
14001,libertador general bernardo o'higgins,6,cachapoal,61,coinco,6103,26,105,53,52,59,27,32,46,26,20
14002,libertador general bernardo o'higgins,6,cachapoal,61,coinco,6103,27,106,50,56,38,20,18,68,30,38
14003,libertador general bernardo o'higgins,6,cachapoal,61,coinco,6103,28,90,51,39,41,21,20,49,30,19
14004,libertador general bernardo o'higgins,6,cachapoal,61,coinco,6103,29,110,54,56,42,23,19,68,31,37
14005,libertador general bernardo o'higgins,6,cachapoal,61,coinco,6103,30,106,57,49,50,30,20,56,27,29
14006,libertador general bernardo o'higgins,6,cachapoal,61,coinco,6103,31,92,42,50,42,22,20,50,20,30
14007,libertador general bernardo o'higgins,6,cachapoal,61,coinco,6103,32,81,45,36,43,22,21,38,23,15
14008,libertador general bernardo o'higgins,6,cachapoal,61,coinco,6103,33,84,47,37,34,17,17,50,30,20
14009,libertador general bernardo o'higgins,6,cachapoal,61,coinco,6103,34,98,54,44,46,26,20,52,28,24
14010,libertador general bernardo o'higgins,6,cachapoal,61,coinco,6103,35,99,53,46,53,24,29,46,29,17
14011,libertador general bernardo o'higgins,6,cachapoal,61,coinco,6103,36,101,55,46,43,27,16,58,28,30
14012,libertador general bernardo o'higgins,6,cachapoal,61,coinco,6103,37,118,62,56,56,34,22,62,28,34
14013,libertador general bernardo o'higgins,6,cachapoal,61,coinco,6103,38,97,56,41,45,25,20,52,31,21
14014,libertador general bernardo o'higgins,6,cachapoal,61,coinco,6103,39,78,45,33,30,18,12,48,27,21
14015,libertador general bernardo o'higgins,6,cachapoal,61,coinco,6103,40,99,40,59,44,17,27,55,23,32
14016,libertador general bernardo o'higgins,6,cachapoal,61,coinco,6103,41,90,40,50,47,24,23,43,16,27
14017,libertador general bernardo o'higgins,6,cachapoal,61,coinco,6103,42,84,47,37,33,18,15,51,29,22
14018,libertador general bernardo o'higgins,6,cachapoal,61,coinco,6103,43,80,45,35,33,19,14,47,26,21
14019,libertador general bernardo o'higgins,6,cachapoal,61,coinco,6103,44,86,41,45,41,17,24,45,24,21
14020,libertador general bernardo o'higgins,6,cachapoal,61,coinco,6103,45,106,52,54,54,28,26,52,24,28
14021,libertador general bernardo o'higgins,6,cachapoal,61,coinco,6103,46,91,43,48,52,23,29,39,20,19
14022,libertador general bernardo o'higgins,6,cachapoal,61,coinco,6103,47,85,31,54,39,15,24,46,16,30
14023,libertador general bernardo o'higgins,6,cachapoal,61,coinco,6103,48,107,55,52,44,21,23,63,34,29
14024,libertador general bernardo o'higgins,6,cachapoal,61,coinco,6103,49,118,54,64,51,21,30,67,33,34
14025,libertador general bernardo o'higgins,6,cachapoal,61,coinco,6103,50,95,45,50,39,19,20,56,26,30
14026,libertador general bernardo o'higgins,6,cachapoal,61,coinco,6103,51,113,48,65,36,14,22,77,34,43
14027,libertador general bernardo o'higgins,6,cachapoal,61,coinco,6103,52,110,59,51,52,27,25,58,32,26
14028,libertador general bernardo o'higgins,6,cachapoal,61,coinco,6103,53,118,62,56,53,30,23,65,32,33
14029,libertador general bernardo o'higgins,6,cachapoal,61,coinco,6103,54,121,59,62,64,29,35,57,30,27
14030,libertador general bernardo o'higgins,6,cachapoal,61,coinco,6103,55,111,68,43,51,28,23,60,40,20
14031,libertador general bernardo o'higgins,6,cachapoal,61,coinco,6103,56,109,57,52,54,26,28,55,31,24
14032,libertador general bernardo o'higgins,6,cachapoal,61,coinco,6103,57,93,41,52,44,21,23,49,20,29
14033,libertador general bernardo o'higgins,6,cachapoal,61,coinco,6103,58,96,45,51,38,14,24,58,31,27
14034,libertador general bernardo o'higgins,6,cachapoal,61,coinco,6103,59,90,54,36,41,25,16,49,29,20
14035,libertador general bernardo o'higgins,6,cachapoal,61,coinco,6103,60,101,48,53,43,21,22,58,27,31
14036,libertador general bernardo o'higgins,6,cachapoal,61,coinco,6103,61,91,41,50,44,18,26,47,23,24
14037,libertador general bernardo o'higgins,6,cachapoal,61,coinco,6103,62,85,44,41,43,21,22,42,23,19
14038,libertador general bernardo o'higgins,6,cachapoal,61,coinco,6103,63,86,48,38,47,22,25,39,26,13
14039,libertador general bernardo o'higgins,6,cachapoal,61,coinco,6103,64,61,23,38,31,12,19,30,11,19
14040,libertador general bernardo o'higgins,6,cachapoal,61,coinco,6103,65,71,35,36,36,20,16,35,15,20
14041,libertador general bernardo o'higgins,6,cachapoal,61,coinco,6103,66,52,29,23,27,15,12,25,14,11
14042,libertador general bernardo o'higgins,6,cachapoal,61,coinco,6103,67,74,48,26,37,25,12,37,23,14
14043,libertador general bernardo o'higgins,6,cachapoal,61,coinco,6103,68,65,29,36,32,12,20,33,17,16
14044,libertador general bernardo o'higgins,6,cachapoal,61,coinco,6103,69,69,28,41,26,13,13,43,15,28
14045,libertador general bernardo o'higgins,6,cachapoal,61,coinco,6103,70,76,43,33,28,18,10,48,25,23
14046,libertador general bernardo o'higgins,6,cachapoal,61,coinco,6103,71,51,23,28,25,10,15,26,13,13
14047,libertador general bernardo o'higgins,6,cachapoal,61,coinco,6103,72,51,28,23,27,16,11,24,12,12
14048,libertador general bernardo o'higgins,6,cachapoal,61,coinco,6103,73,51,21,30,26,14,12,25,7,18
14049,libertador general bernardo o'higgins,6,cachapoal,61,coinco,6103,74,45,27,18,20,13,7,25,14,11
14050,libertador general bernardo o'higgins,6,cachapoal,61,coinco,6103,75,51,26,25,25,12,13,26,14,12
14051,libertador general bernardo o'higgins,6,cachapoal,61,coinco,6103,76,52,27,25,25,12,13,27,15,12
14052,libertador general bernardo o'higgins,6,cachapoal,61,coinco,6103,77,52,32,20,26,13,13,26,19,7
14053,libertador general bernardo o'higgins,6,cachapoal,61,coinco,6103,78,34,19,15,16,10,6,18,9,9
14054,libertador general bernardo o'higgins,6,cachapoal,61,coinco,6103,79,43,29,14,22,15,7,21,14,7
14055,libertador general bernardo o'higgins,6,cachapoal,61,coinco,6103,80,26,12,14,14,4,10,12,8,4
14056,libertador general bernardo o'higgins,6,cachapoal,61,coinco,6103,81,29,12,17,16,5,11,13,7,6
14057,libertador general bernardo o'higgins,6,cachapoal,61,coinco,6103,82,31,14,17,15,5,10,16,9,7
14058,libertador general bernardo o'higgins,6,cachapoal,61,coinco,6103,83,15,7,8,9,4,5,6,3,3
14059,libertador general bernardo o'higgins,6,cachapoal,61,coinco,6103,84,19,7,12,4,3,1,15,4,11
14060,libertador general bernardo o'higgins,6,cachapoal,61,coinco,6103,85,15,6,9,7,3,4,8,3,5
14061,libertador general bernardo o'higgins,6,cachapoal,61,coinco,6103,86,16,6,10,10,5,5,6,1,5
14062,libertador general bernardo o'higgins,6,cachapoal,61,coinco,6103,87,10,7,3,7,6,1,3,1,2
14063,libertador general bernardo o'higgins,6,cachapoal,61,coinco,6103,88,14,6,8,7,2,5,7,4,3
14064,libertador general bernardo o'higgins,6,cachapoal,61,coinco,6103,89,10,2,8,5,0,5,5,2,3
14065,libertador general bernardo o'higgins,6,cachapoal,61,coinco,6103,90,10,8,2,6,5,1,4,3,1
14066,libertador general bernardo o'higgins,6,cachapoal,61,coinco,6103,91,7,2,5,3,1,2,4,1,3
14067,libertador general bernardo o'higgins,6,cachapoal,61,coinco,6103,92,5,3,2,3,1,2,2,2,0
14068,libertador general bernardo o'higgins,6,cachapoal,61,coinco,6103,93,4,4,0,3,3,0,1,1,0
14069,libertador general bernardo o'higgins,6,cachapoal,61,coinco,6103,94,4,2,2,3,2,1,1,0,1
14070,libertador general bernardo o'higgins,6,cachapoal,61,coinco,6103,95,4,1,3,3,1,2,1,0,1
14071,libertador general bernardo o'higgins,6,cachapoal,61,coinco,6103,96,1,1,0,1,1,0,0,0,0
14072,libertador general bernardo o'higgins,6,cachapoal,61,coinco,6103,97,1,1,0,0,0,0,1,1,0
14073,libertador general bernardo o'higgins,6,cachapoal,61,coinco,6103,98,1,0,1,0,0,0,1,0,1
14074,libertador general bernardo o'higgins,6,cachapoal,61,coinco,6103,99,2,2,0,1,1,0,1,1,0
14075,libertador general bernardo o'higgins,6,cachapoal,61,coinco,6103,100 o más,8,2,6,6,1,5,2,1,1
14076,libertador general bernardo o'higgins,6,cachapoal,61,coltauco,6104,total comuna,19597,9806,9791,11211,5507,5704,8386,4299,4087
14077,libertador general bernardo o'higgins,6,cachapoal,61,coltauco,6104,0,196,105,91,113,62,51,83,43,40
14078,libertador general bernardo o'higgins,6,cachapoal,61,coltauco,6104,1,286,150,136,175,92,83,111,58,53
14079,libertador general bernardo o'higgins,6,cachapoal,61,coltauco,6104,2,267,147,120,164,96,68,103,51,52
14080,libertador general bernardo o'higgins,6,cachapoal,61,coltauco,6104,3,280,132,148,184,84,100,96,48,48
14081,libertador general bernardo o'higgins,6,cachapoal,61,coltauco,6104,4,281,152,129,173,92,81,108,60,48
14082,libertador general bernardo o'higgins,6,cachapoal,61,coltauco,6104,5,279,128,151,167,76,91,112,52,60
14083,libertador general bernardo o'higgins,6,cachapoal,61,coltauco,6104,6,289,148,141,166,84,82,123,64,59
14084,libertador general bernardo o'higgins,6,cachapoal,61,coltauco,6104,7,300,147,153,179,87,92,121,60,61
14085,libertador general bernardo o'higgins,6,cachapoal,61,coltauco,6104,8,286,144,142,186,88,98,100,56,44
14086,libertador general bernardo o'higgins,6,cachapoal,61,coltauco,6104,9,279,137,142,155,78,77,124,59,65
14087,libertador general bernardo o'higgins,6,cachapoal,61,coltauco,6104,10,280,150,130,165,86,79,115,64,51
14088,libertador general bernardo o'higgins,6,cachapoal,61,coltauco,6104,11,250,121,129,161,78,83,89,43,46
14089,libertador general bernardo o'higgins,6,cachapoal,61,coltauco,6104,12,258,130,128,151,74,77,107,56,51
14090,libertador general bernardo o'higgins,6,cachapoal,61,coltauco,6104,13,303,150,153,201,101,100,102,49,53
14091,libertador general bernardo o'higgins,6,cachapoal,61,coltauco,6104,14,256,134,122,158,87,71,98,47,51
14092,libertador general bernardo o'higgins,6,cachapoal,61,coltauco,6104,15,275,135,140,174,83,91,101,52,49
14093,libertador general bernardo o'higgins,6,cachapoal,61,coltauco,6104,16,298,140,158,183,84,99,115,56,59
14094,libertador general bernardo o'higgins,6,cachapoal,61,coltauco,6104,17,301,145,156,178,81,97,123,64,59
14095,libertador general bernardo o'higgins,6,cachapoal,61,coltauco,6104,18,276,146,130,160,91,69,116,55,61
14096,libertador general bernardo o'higgins,6,cachapoal,61,coltauco,6104,19,251,132,119,143,74,69,108,58,50
14097,libertador general bernardo o'higgins,6,cachapoal,61,coltauco,6104,20,271,149,122,168,86,82,103,63,40
14098,libertador general bernardo o'higgins,6,cachapoal,61,coltauco,6104,21,239,118,121,155,72,83,84,46,38
14099,libertador general bernardo o'higgins,6,cachapoal,61,coltauco,6104,22,329,165,164,199,95,104,130,70,60
14100,libertador general bernardo o'higgins,6,cachapoal,61,coltauco,6104,23,288,142,146,172,82,90,116,60,56
14101,libertador general bernardo o'higgins,6,cachapoal,61,coltauco,6104,24,299,161,138,159,86,73,140,75,65
14102,libertador general bernardo o'higgins,6,cachapoal,61,coltauco,6104,25,283,130,153,166,73,93,117,57,60
14103,libertador general bernardo o'higgins,6,cachapoal,61,coltauco,6104,26,298,144,154,178,79,99,120,65,55
14104,libertador general bernardo o'higgins,6,cachapoal,61,coltauco,6104,27,301,166,135,176,93,83,125,73,52
14105,libertador general bernardo o'higgins,6,cachapoal,61,coltauco,6104,28,292,140,152,166,77,89,126,63,63
14106,libertador general bernardo o'higgins,6,cachapoal,61,coltauco,6104,29,256,133,123,154,77,77,102,56,46
14107,libertador general bernardo o'higgins,6,cachapoal,61,coltauco,6104,30,270,134,136,153,78,75,117,56,61
14108,libertador general bernardo o'higgins,6,cachapoal,61,coltauco,6104,31,252,134,118,156,81,75,96,53,43
14109,libertador general bernardo o'higgins,6,cachapoal,61,coltauco,6104,32,215,111,104,129,63,66,86,48,38
14110,libertador general bernardo o'higgins,6,cachapoal,61,coltauco,6104,33,217,105,112,132,70,62,85,35,50
14111,libertador general bernardo o'higgins,6,cachapoal,61,coltauco,6104,34,264,131,133,163,80,83,101,51,50
14112,libertador general bernardo o'higgins,6,cachapoal,61,coltauco,6104,35,266,130,136,152,70,82,114,60,54
14113,libertador general bernardo o'higgins,6,cachapoal,61,coltauco,6104,36,240,123,117,144,76,68,96,47,49
14114,libertador general bernardo o'higgins,6,cachapoal,61,coltauco,6104,37,229,108,121,144,65,79,85,43,42
14115,libertador general bernardo o'higgins,6,cachapoal,61,coltauco,6104,38,285,153,132,173,94,79,112,59,53
14116,libertador general bernardo o'higgins,6,cachapoal,61,coltauco,6104,39,223,127,96,131,64,67,92,63,29
14117,libertador general bernardo o'higgins,6,cachapoal,61,coltauco,6104,40,277,133,144,151,65,86,126,68,58
14118,libertador general bernardo o'higgins,6,cachapoal,61,coltauco,6104,41,258,123,135,145,66,79,113,57,56
14119,libertador general bernardo o'higgins,6,cachapoal,61,coltauco,6104,42,247,119,128,151,76,75,96,43,53
14120,libertador general bernardo o'higgins,6,cachapoal,61,coltauco,6104,43,289,135,154,174,84,90,115,51,64
14121,libertador general bernardo o'higgins,6,cachapoal,61,coltauco,6104,44,245,120,125,150,77,73,95,43,52
14122,libertador general bernardo o'higgins,6,cachapoal,61,coltauco,6104,45,247,115,132,158,76,82,89,39,50
14123,libertador general bernardo o'higgins,6,cachapoal,61,coltauco,6104,46,251,130,121,154,81,73,97,49,48
14124,libertador general bernardo o'higgins,6,cachapoal,61,coltauco,6104,47,228,119,109,131,66,65,97,53,44
14125,libertador general bernardo o'higgins,6,cachapoal,61,coltauco,6104,48,271,136,135,154,79,75,117,57,60
14126,libertador general bernardo o'higgins,6,cachapoal,61,coltauco,6104,49,277,148,129,151,75,76,126,73,53
14127,libertador general bernardo o'higgins,6,cachapoal,61,coltauco,6104,50,279,137,142,141,63,78,138,74,64
14128,libertador general bernardo o'higgins,6,cachapoal,61,coltauco,6104,51,267,120,147,152,64,88,115,56,59
14129,libertador general bernardo o'higgins,6,cachapoal,61,coltauco,6104,52,303,145,158,158,73,85,145,72,73
14130,libertador general bernardo o'higgins,6,cachapoal,61,coltauco,6104,53,296,141,155,172,85,87,124,56,68
14131,libertador general bernardo o'higgins,6,cachapoal,61,coltauco,6104,54,258,141,117,139,74,65,119,67,52
14132,libertador general bernardo o'higgins,6,cachapoal,61,coltauco,6104,55,287,147,140,165,87,78,122,60,62
14133,libertador general bernardo o'higgins,6,cachapoal,61,coltauco,6104,56,238,133,105,130,65,65,108,68,40
14134,libertador general bernardo o'higgins,6,cachapoal,61,coltauco,6104,57,256,123,133,123,62,61,133,61,72
14135,libertador general bernardo o'higgins,6,cachapoal,61,coltauco,6104,58,252,133,119,128,61,67,124,72,52
14136,libertador general bernardo o'higgins,6,cachapoal,61,coltauco,6104,59,244,131,113,130,63,67,114,68,46
14137,libertador general bernardo o'higgins,6,cachapoal,61,coltauco,6104,60,250,119,131,114,48,66,136,71,65
14138,libertador general bernardo o'higgins,6,cachapoal,61,coltauco,6104,61,203,97,106,96,45,51,107,52,55
14139,libertador general bernardo o'higgins,6,cachapoal,61,coltauco,6104,62,206,106,100,114,56,58,92,50,42
14140,libertador general bernardo o'higgins,6,cachapoal,61,coltauco,6104,63,209,98,111,109,53,56,100,45,55
14141,libertador general bernardo o'higgins,6,cachapoal,61,coltauco,6104,64,203,92,111,94,41,53,109,51,58
14142,libertador general bernardo o'higgins,6,cachapoal,61,coltauco,6104,65,169,90,79,83,44,39,86,46,40
14143,libertador general bernardo o'higgins,6,cachapoal,61,coltauco,6104,66,171,90,81,91,46,45,80,44,36
14144,libertador general bernardo o'higgins,6,cachapoal,61,coltauco,6104,67,158,87,71,88,45,43,70,42,28
14145,libertador general bernardo o'higgins,6,cachapoal,61,coltauco,6104,68,151,71,80,74,36,38,77,35,42
14146,libertador general bernardo o'higgins,6,cachapoal,61,coltauco,6104,69,184,100,84,94,52,42,90,48,42
14147,libertador general bernardo o'higgins,6,cachapoal,61,coltauco,6104,70,119,65,54,59,31,28,60,34,26
14148,libertador general bernardo o'higgins,6,cachapoal,61,coltauco,6104,71,131,64,67,75,40,35,56,24,32
14149,libertador general bernardo o'higgins,6,cachapoal,61,coltauco,6104,72,128,64,64,59,24,35,69,40,29
14150,libertador general bernardo o'higgins,6,cachapoal,61,coltauco,6104,73,123,57,66,53,25,28,70,32,38
14151,libertador general bernardo o'higgins,6,cachapoal,61,coltauco,6104,74,109,51,58,58,26,32,51,25,26
14152,libertador general bernardo o'higgins,6,cachapoal,61,coltauco,6104,75,95,36,59,45,16,29,50,20,30
14153,libertador general bernardo o'higgins,6,cachapoal,61,coltauco,6104,76,94,46,48,45,21,24,49,25,24
14154,libertador general bernardo o'higgins,6,cachapoal,61,coltauco,6104,77,72,41,31,35,19,16,37,22,15
14155,libertador general bernardo o'higgins,6,cachapoal,61,coltauco,6104,78,100,42,58,48,22,26,52,20,32
14156,libertador general bernardo o'higgins,6,cachapoal,61,coltauco,6104,79,75,42,33,40,20,20,35,22,13
14157,libertador general bernardo o'higgins,6,cachapoal,61,coltauco,6104,80,71,37,34,35,18,17,36,19,17
14158,libertador general bernardo o'higgins,6,cachapoal,61,coltauco,6104,81,61,22,39,30,11,19,31,11,20
14159,libertador general bernardo o'higgins,6,cachapoal,61,coltauco,6104,82,61,26,35,34,13,21,27,13,14
14160,libertador general bernardo o'higgins,6,cachapoal,61,coltauco,6104,83,53,25,28,27,14,13,26,11,15
14161,libertador general bernardo o'higgins,6,cachapoal,61,coltauco,6104,84,38,20,18,18,8,10,20,12,8
14162,libertador general bernardo o'higgins,6,cachapoal,61,coltauco,6104,85,54,26,28,28,11,17,26,15,11
14163,libertador general bernardo o'higgins,6,cachapoal,61,coltauco,6104,86,32,17,15,15,9,6,17,8,9
14164,libertador general bernardo o'higgins,6,cachapoal,61,coltauco,6104,87,42,21,21,16,8,8,26,13,13
14165,libertador general bernardo o'higgins,6,cachapoal,61,coltauco,6104,88,40,19,21,18,11,7,22,8,14
14166,libertador general bernardo o'higgins,6,cachapoal,61,coltauco,6104,89,28,5,23,13,0,13,15,5,10
14167,libertador general bernardo o'higgins,6,cachapoal,61,coltauco,6104,90,30,10,20,12,6,6,18,4,14
14168,libertador general bernardo o'higgins,6,cachapoal,61,coltauco,6104,91,15,4,11,5,3,2,10,1,9
14169,libertador general bernardo o'higgins,6,cachapoal,61,coltauco,6104,92,10,3,7,7,2,5,3,1,2
14170,libertador general bernardo o'higgins,6,cachapoal,61,coltauco,6104,93,9,1,8,3,0,3,6,1,5
14171,libertador general bernardo o'higgins,6,cachapoal,61,coltauco,6104,94,5,3,2,4,2,2,1,1,0
14172,libertador general bernardo o'higgins,6,cachapoal,61,coltauco,6104,95,6,2,4,2,0,2,4,2,2
14173,libertador general bernardo o'higgins,6,cachapoal,61,coltauco,6104,96,2,1,1,1,0,1,1,1,0
14174,libertador general bernardo o'higgins,6,cachapoal,61,coltauco,6104,97,3,0,3,1,0,1,2,0,2
14175,libertador general bernardo o'higgins,6,cachapoal,61,coltauco,6104,98,1,0,1,1,0,1,0,0,0
14176,libertador general bernardo o'higgins,6,cachapoal,61,coltauco,6104,99,5,0,5,4,0,4,1,0,1
14177,libertador general bernardo o'higgins,6,cachapoal,61,coltauco,6104,100 o más,3,0,3,0,0,0,3,0,3
14178,libertador general bernardo o'higgins,6,cachapoal,61,doñihue,6105,total comuna,20887,10394,10493,16424,8070,8354,4463,2324,2139
14179,libertador general bernardo o'higgins,6,cachapoal,61,doñihue,6105,0,242,118,124,184,87,97,58,31,27
14180,libertador general bernardo o'higgins,6,cachapoal,61,doñihue,6105,1,284,144,140,227,119,108,57,25,32
14181,libertador general bernardo o'higgins,6,cachapoal,61,doñihue,6105,2,308,148,160,229,116,113,79,32,47
14182,libertador general bernardo o'higgins,6,cachapoal,61,doñihue,6105,3,290,144,146,231,117,114,59,27,32
14183,libertador general bernardo o'higgins,6,cachapoal,61,doñihue,6105,4,304,156,148,243,122,121,61,34,27
14184,libertador general bernardo o'higgins,6,cachapoal,61,doñihue,6105,5,309,156,153,251,129,122,58,27,31
14185,libertador general bernardo o'higgins,6,cachapoal,61,doñihue,6105,6,315,143,172,269,122,147,46,21,25
14186,libertador general bernardo o'higgins,6,cachapoal,61,doñihue,6105,7,303,159,144,253,133,120,50,26,24
14187,libertador general bernardo o'higgins,6,cachapoal,61,doñihue,6105,8,298,167,131,243,132,111,55,35,20
14188,libertador general bernardo o'higgins,6,cachapoal,61,doñihue,6105,9,304,163,141,245,129,116,59,34,25
14189,libertador general bernardo o'higgins,6,cachapoal,61,doñihue,6105,10,304,150,154,238,111,127,66,39,27
14190,libertador general bernardo o'higgins,6,cachapoal,61,doñihue,6105,11,297,162,135,246,130,116,51,32,19
14191,libertador general bernardo o'higgins,6,cachapoal,61,doñihue,6105,12,317,170,147,265,149,116,52,21,31
14192,libertador general bernardo o'higgins,6,cachapoal,61,doñihue,6105,13,329,180,149,263,143,120,66,37,29
14193,libertador general bernardo o'higgins,6,cachapoal,61,doñihue,6105,14,299,164,135,236,128,108,63,36,27
14194,libertador general bernardo o'higgins,6,cachapoal,61,doñihue,6105,15,285,131,154,232,105,127,53,26,27
14195,libertador general bernardo o'higgins,6,cachapoal,61,doñihue,6105,16,318,154,164,256,119,137,62,35,27
14196,libertador general bernardo o'higgins,6,cachapoal,61,doñihue,6105,17,321,159,162,263,128,135,58,31,27
14197,libertador general bernardo o'higgins,6,cachapoal,61,doñihue,6105,18,279,152,127,226,120,106,53,32,21
14198,libertador general bernardo o'higgins,6,cachapoal,61,doñihue,6105,19,265,142,123,218,116,102,47,26,21
14199,libertador general bernardo o'higgins,6,cachapoal,61,doñihue,6105,20,270,139,131,214,110,104,56,29,27
14200,libertador general bernardo o'higgins,6,cachapoal,61,doñihue,6105,21,276,138,138,218,106,112,58,32,26
14201,libertador general bernardo o'higgins,6,cachapoal,61,doñihue,6105,22,317,154,163,244,114,130,73,40,33
14202,libertador general bernardo o'higgins,6,cachapoal,61,doñihue,6105,23,266,144,122,204,104,100,62,40,22
14203,libertador general bernardo o'higgins,6,cachapoal,61,doñihue,6105,24,319,153,166,261,125,136,58,28,30
14204,libertador general bernardo o'higgins,6,cachapoal,61,doñihue,6105,25,290,144,146,229,114,115,61,30,31
14205,libertador general bernardo o'higgins,6,cachapoal,61,doñihue,6105,26,291,149,142,228,120,108,63,29,34
14206,libertador general bernardo o'higgins,6,cachapoal,61,doñihue,6105,27,308,157,151,243,117,126,65,40,25
14207,libertador general bernardo o'higgins,6,cachapoal,61,doñihue,6105,28,279,148,131,225,120,105,54,28,26
14208,libertador general bernardo o'higgins,6,cachapoal,61,doñihue,6105,29,328,153,175,261,124,137,67,29,38
14209,libertador general bernardo o'higgins,6,cachapoal,61,doñihue,6105,30,258,135,123,204,107,97,54,28,26
14210,libertador general bernardo o'higgins,6,cachapoal,61,doñihue,6105,31,286,142,144,225,114,111,61,28,33
14211,libertador general bernardo o'higgins,6,cachapoal,61,doñihue,6105,32,296,151,145,247,127,120,49,24,25
14212,libertador general bernardo o'higgins,6,cachapoal,61,doñihue,6105,33,274,146,128,216,112,104,58,34,24
14213,libertador general bernardo o'higgins,6,cachapoal,61,doñihue,6105,34,289,138,151,240,117,123,49,21,28
14214,libertador general bernardo o'higgins,6,cachapoal,61,doñihue,6105,35,335,175,160,262,140,122,73,35,38
14215,libertador general bernardo o'higgins,6,cachapoal,61,doñihue,6105,36,301,161,140,233,125,108,68,36,32
14216,libertador general bernardo o'higgins,6,cachapoal,61,doñihue,6105,37,271,119,152,223,95,128,48,24,24
14217,libertador general bernardo o'higgins,6,cachapoal,61,doñihue,6105,38,291,143,148,224,109,115,67,34,33
14218,libertador general bernardo o'higgins,6,cachapoal,61,doñihue,6105,39,284,127,157,228,103,125,56,24,32
14219,libertador general bernardo o'higgins,6,cachapoal,61,doñihue,6105,40,260,142,118,203,106,97,57,36,21
14220,libertador general bernardo o'higgins,6,cachapoal,61,doñihue,6105,41,311,154,157,242,114,128,69,40,29
14221,libertador general bernardo o'higgins,6,cachapoal,61,doñihue,6105,42,290,145,145,231,106,125,59,39,20
14222,libertador general bernardo o'higgins,6,cachapoal,61,doñihue,6105,43,306,146,160,250,112,138,56,34,22
14223,libertador general bernardo o'higgins,6,cachapoal,61,doñihue,6105,44,288,129,159,229,101,128,59,28,31
14224,libertador general bernardo o'higgins,6,cachapoal,61,doñihue,6105,45,302,139,163,233,104,129,69,35,34
14225,libertador general bernardo o'higgins,6,cachapoal,61,doñihue,6105,46,286,150,136,230,118,112,56,32,24
14226,libertador general bernardo o'higgins,6,cachapoal,61,doñihue,6105,47,264,131,133,201,99,102,63,32,31
14227,libertador general bernardo o'higgins,6,cachapoal,61,doñihue,6105,48,292,150,142,230,115,115,62,35,27
14228,libertador general bernardo o'higgins,6,cachapoal,61,doñihue,6105,49,291,143,148,242,119,123,49,24,25
14229,libertador general bernardo o'higgins,6,cachapoal,61,doñihue,6105,50,291,142,149,222,112,110,69,30,39
14230,libertador general bernardo o'higgins,6,cachapoal,61,doñihue,6105,51,284,132,152,233,110,123,51,22,29
14231,libertador general bernardo o'higgins,6,cachapoal,61,doñihue,6105,52,285,153,132,229,122,107,56,31,25
14232,libertador general bernardo o'higgins,6,cachapoal,61,doñihue,6105,53,273,127,146,215,96,119,58,31,27
14233,libertador general bernardo o'higgins,6,cachapoal,61,doñihue,6105,54,287,137,150,225,105,120,62,32,30
14234,libertador general bernardo o'higgins,6,cachapoal,61,doñihue,6105,55,281,137,144,217,103,114,64,34,30
14235,libertador general bernardo o'higgins,6,cachapoal,61,doñihue,6105,56,236,110,126,185,89,96,51,21,30
14236,libertador general bernardo o'higgins,6,cachapoal,61,doñihue,6105,57,275,129,146,208,95,113,67,34,33
14237,libertador general bernardo o'higgins,6,cachapoal,61,doñihue,6105,58,231,103,128,177,76,101,54,27,27
14238,libertador general bernardo o'higgins,6,cachapoal,61,doñihue,6105,59,227,119,108,168,88,80,59,31,28
14239,libertador general bernardo o'higgins,6,cachapoal,61,doñihue,6105,60,282,140,142,219,106,113,63,34,29
14240,libertador general bernardo o'higgins,6,cachapoal,61,doñihue,6105,61,225,124,101,173,97,76,52,27,25
14241,libertador general bernardo o'higgins,6,cachapoal,61,doñihue,6105,62,210,108,102,160,79,81,50,29,21
14242,libertador general bernardo o'higgins,6,cachapoal,61,doñihue,6105,63,229,98,131,180,78,102,49,20,29
14243,libertador general bernardo o'higgins,6,cachapoal,61,doñihue,6105,64,188,98,90,144,74,70,44,24,20
14244,libertador general bernardo o'higgins,6,cachapoal,61,doñihue,6105,65,188,81,107,135,59,76,53,22,31
14245,libertador general bernardo o'higgins,6,cachapoal,61,doñihue,6105,66,161,85,76,121,66,55,40,19,21
14246,libertador general bernardo o'higgins,6,cachapoal,61,doñihue,6105,67,160,81,79,107,53,54,53,28,25
14247,libertador general bernardo o'higgins,6,cachapoal,61,doñihue,6105,68,162,85,77,114,58,56,48,27,21
14248,libertador general bernardo o'higgins,6,cachapoal,61,doñihue,6105,69,161,86,75,113,57,56,48,29,19
14249,libertador general bernardo o'higgins,6,cachapoal,61,doñihue,6105,70,141,64,77,103,45,58,38,19,19
14250,libertador general bernardo o'higgins,6,cachapoal,61,doñihue,6105,71,132,53,79,92,38,54,40,15,25
14251,libertador general bernardo o'higgins,6,cachapoal,61,doñihue,6105,72,126,67,59,83,44,39,43,23,20
14252,libertador general bernardo o'higgins,6,cachapoal,61,doñihue,6105,73,99,52,47,69,33,36,30,19,11
14253,libertador general bernardo o'higgins,6,cachapoal,61,doñihue,6105,74,102,53,49,66,31,35,36,22,14
14254,libertador general bernardo o'higgins,6,cachapoal,61,doñihue,6105,75,109,49,60,83,39,44,26,10,16
14255,libertador general bernardo o'higgins,6,cachapoal,61,doñihue,6105,76,98,47,51,72,32,40,26,15,11
14256,libertador general bernardo o'higgins,6,cachapoal,61,doñihue,6105,77,89,42,47,74,32,42,15,10,5
14257,libertador general bernardo o'higgins,6,cachapoal,61,doñihue,6105,78,72,36,36,50,22,28,22,14,8
14258,libertador general bernardo o'higgins,6,cachapoal,61,doñihue,6105,79,68,30,38,53,25,28,15,5,10
14259,libertador general bernardo o'higgins,6,cachapoal,61,doñihue,6105,80,72,28,44,59,20,39,13,8,5
14260,libertador general bernardo o'higgins,6,cachapoal,61,doñihue,6105,81,58,26,32,43,17,26,15,9,6
14261,libertador general bernardo o'higgins,6,cachapoal,61,doñihue,6105,82,50,23,27,38,18,20,12,5,7
14262,libertador general bernardo o'higgins,6,cachapoal,61,doñihue,6105,83,47,21,26,32,12,20,15,9,6
14263,libertador general bernardo o'higgins,6,cachapoal,61,doñihue,6105,84,57,27,30,44,21,23,13,6,7
14264,libertador general bernardo o'higgins,6,cachapoal,61,doñihue,6105,85,47,18,29,37,13,24,10,5,5
14265,libertador general bernardo o'higgins,6,cachapoal,61,doñihue,6105,86,43,15,28,37,13,24,6,2,4
14266,libertador general bernardo o'higgins,6,cachapoal,61,doñihue,6105,87,35,15,20,24,9,15,11,6,5
14267,libertador general bernardo o'higgins,6,cachapoal,61,doñihue,6105,88,31,12,19,22,8,14,9,4,5
14268,libertador general bernardo o'higgins,6,cachapoal,61,doñihue,6105,89,22,10,12,16,8,8,6,2,4
14269,libertador general bernardo o'higgins,6,cachapoal,61,doñihue,6105,90,15,5,10,10,4,6,5,1,4
14270,libertador general bernardo o'higgins,6,cachapoal,61,doñihue,6105,91,6,4,2,3,1,2,3,3,0
14271,libertador general bernardo o'higgins,6,cachapoal,61,doñihue,6105,92,11,5,6,9,5,4,2,0,2
14272,libertador general bernardo o'higgins,6,cachapoal,61,doñihue,6105,93,6,2,4,4,0,4,2,2,0
14273,libertador general bernardo o'higgins,6,cachapoal,61,doñihue,6105,94,7,3,4,5,2,3,2,1,1
14274,libertador general bernardo o'higgins,6,cachapoal,61,doñihue,6105,95,5,2,3,3,1,2,2,1,1
14275,libertador general bernardo o'higgins,6,cachapoal,61,doñihue,6105,96,3,2,1,3,2,1,0,0,0
14276,libertador general bernardo o'higgins,6,cachapoal,61,doñihue,6105,97,2,0,2,2,0,2,0,0,0
14277,libertador general bernardo o'higgins,6,cachapoal,61,doñihue,6105,98,4,0,4,3,0,3,1,0,1
14278,libertador general bernardo o'higgins,6,cachapoal,61,doñihue,6105,99,2,1,1,1,0,1,1,1,0
14279,libertador general bernardo o'higgins,6,cachapoal,61,doñihue,6105,100 o más,2,0,2,1,0,1,1,0,1
14280,libertador general bernardo o'higgins,6,cachapoal,61,graneros,6106,total comuna,33437,16634,16803,29821,14703,15118,3616,1931,1685
14281,libertador general bernardo o'higgins,6,cachapoal,61,graneros,6106,0,463,243,220,428,225,203,35,18,17
14282,libertador general bernardo o'higgins,6,cachapoal,61,graneros,6106,1,556,306,250,496,267,229,60,39,21
14283,libertador general bernardo o'higgins,6,cachapoal,61,graneros,6106,2,531,287,244,488,262,226,43,25,18
14284,libertador general bernardo o'higgins,6,cachapoal,61,graneros,6106,3,548,279,269,502,255,247,46,24,22
14285,libertador general bernardo o'higgins,6,cachapoal,61,graneros,6106,4,461,231,230,427,216,211,34,15,19
14286,libertador general bernardo o'higgins,6,cachapoal,61,graneros,6106,5,508,263,245,456,240,216,52,23,29
14287,libertador general bernardo o'higgins,6,cachapoal,61,graneros,6106,6,542,277,265,486,249,237,56,28,28
14288,libertador general bernardo o'higgins,6,cachapoal,61,graneros,6106,7,545,276,269,504,252,252,41,24,17
14289,libertador general bernardo o'higgins,6,cachapoal,61,graneros,6106,8,508,258,250,468,244,224,40,14,26
14290,libertador general bernardo o'higgins,6,cachapoal,61,graneros,6106,9,577,290,287,528,269,259,49,21,28
14291,libertador general bernardo o'higgins,6,cachapoal,61,graneros,6106,10,515,256,259,462,227,235,53,29,24
14292,libertador general bernardo o'higgins,6,cachapoal,61,graneros,6106,11,492,258,234,430,226,204,62,32,30
14293,libertador general bernardo o'higgins,6,cachapoal,61,graneros,6106,12,498,258,240,456,239,217,42,19,23
14294,libertador general bernardo o'higgins,6,cachapoal,61,graneros,6106,13,515,253,262,455,218,237,60,35,25
14295,libertador general bernardo o'higgins,6,cachapoal,61,graneros,6106,14,503,250,253,454,222,232,49,28,21
14296,libertador general bernardo o'higgins,6,cachapoal,61,graneros,6106,15,506,250,256,451,218,233,55,32,23
14297,libertador general bernardo o'higgins,6,cachapoal,61,graneros,6106,16,496,267,229,442,233,209,54,34,20
14298,libertador general bernardo o'higgins,6,cachapoal,61,graneros,6106,17,475,245,230,415,211,204,60,34,26
14299,libertador general bernardo o'higgins,6,cachapoal,61,graneros,6106,18,466,248,218,407,216,191,59,32,27
14300,libertador general bernardo o'higgins,6,cachapoal,61,graneros,6106,19,459,236,223,408,214,194,51,22,29
14301,libertador general bernardo o'higgins,6,cachapoal,61,graneros,6106,20,485,240,245,438,217,221,47,23,24
14302,libertador general bernardo o'higgins,6,cachapoal,61,graneros,6106,21,476,235,241,427,209,218,49,26,23
14303,libertador general bernardo o'higgins,6,cachapoal,61,graneros,6106,22,506,265,241,458,241,217,48,24,24
14304,libertador general bernardo o'higgins,6,cachapoal,61,graneros,6106,23,497,259,238,442,234,208,55,25,30
14305,libertador general bernardo o'higgins,6,cachapoal,61,graneros,6106,24,505,249,256,453,220,233,52,29,23
14306,libertador general bernardo o'higgins,6,cachapoal,61,graneros,6106,25,515,259,256,461,228,233,54,31,23
14307,libertador general bernardo o'higgins,6,cachapoal,61,graneros,6106,26,551,247,304,501,223,278,50,24,26
14308,libertador general bernardo o'higgins,6,cachapoal,61,graneros,6106,27,547,273,274,494,248,246,53,25,28
14309,libertador general bernardo o'higgins,6,cachapoal,61,graneros,6106,28,502,229,273,456,205,251,46,24,22
14310,libertador general bernardo o'higgins,6,cachapoal,61,graneros,6106,29,520,258,262,481,237,244,39,21,18
14311,libertador general bernardo o'higgins,6,cachapoal,61,graneros,6106,30,512,246,266,473,226,247,39,20,19
14312,libertador general bernardo o'higgins,6,cachapoal,61,graneros,6106,31,487,235,252,433,205,228,54,30,24
14313,libertador general bernardo o'higgins,6,cachapoal,61,graneros,6106,32,511,263,248,458,232,226,53,31,22
14314,libertador general bernardo o'higgins,6,cachapoal,61,graneros,6106,33,476,237,239,427,214,213,49,23,26
14315,libertador general bernardo o'higgins,6,cachapoal,61,graneros,6106,34,462,227,235,429,206,223,33,21,12
14316,libertador general bernardo o'higgins,6,cachapoal,61,graneros,6106,35,517,249,268,478,235,243,39,14,25
14317,libertador general bernardo o'higgins,6,cachapoal,61,graneros,6106,36,434,228,206,393,207,186,41,21,20
14318,libertador general bernardo o'higgins,6,cachapoal,61,graneros,6106,37,492,247,245,442,218,224,50,29,21
14319,libertador general bernardo o'higgins,6,cachapoal,61,graneros,6106,38,443,228,215,397,203,194,46,25,21
14320,libertador general bernardo o'higgins,6,cachapoal,61,graneros,6106,39,444,221,223,397,192,205,47,29,18
14321,libertador general bernardo o'higgins,6,cachapoal,61,graneros,6106,40,448,224,224,389,193,196,59,31,28
14322,libertador general bernardo o'higgins,6,cachapoal,61,graneros,6106,41,459,235,224,402,209,193,57,26,31
14323,libertador general bernardo o'higgins,6,cachapoal,61,graneros,6106,42,454,222,232,408,198,210,46,24,22
14324,libertador general bernardo o'higgins,6,cachapoal,61,graneros,6106,43,455,232,223,402,202,200,53,30,23
14325,libertador general bernardo o'higgins,6,cachapoal,61,graneros,6106,44,481,237,244,420,207,213,61,30,31
14326,libertador general bernardo o'higgins,6,cachapoal,61,graneros,6106,45,492,243,249,423,208,215,69,35,34
14327,libertador general bernardo o'higgins,6,cachapoal,61,graneros,6106,46,420,195,225,374,167,207,46,28,18
14328,libertador general bernardo o'higgins,6,cachapoal,61,graneros,6106,47,441,208,233,385,177,208,56,31,25
14329,libertador general bernardo o'higgins,6,cachapoal,61,graneros,6106,48,421,217,204,376,193,183,45,24,21
14330,libertador general bernardo o'higgins,6,cachapoal,61,graneros,6106,49,444,205,239,394,185,209,50,20,30
14331,libertador general bernardo o'higgins,6,cachapoal,61,graneros,6106,50,453,235,218,386,198,188,67,37,30
14332,libertador general bernardo o'higgins,6,cachapoal,61,graneros,6106,51,462,243,219,402,213,189,60,30,30
14333,libertador general bernardo o'higgins,6,cachapoal,61,graneros,6106,52,465,248,217,397,209,188,68,39,29
14334,libertador general bernardo o'higgins,6,cachapoal,61,graneros,6106,53,415,201,214,363,171,192,52,30,22
14335,libertador general bernardo o'higgins,6,cachapoal,61,graneros,6106,54,469,225,244,406,184,222,63,41,22
14336,libertador general bernardo o'higgins,6,cachapoal,61,graneros,6106,55,451,228,223,397,200,197,54,28,26
14337,libertador general bernardo o'higgins,6,cachapoal,61,graneros,6106,56,430,204,226,377,175,202,53,29,24
14338,libertador general bernardo o'higgins,6,cachapoal,61,graneros,6106,57,372,166,206,317,139,178,55,27,28
14339,libertador general bernardo o'higgins,6,cachapoal,61,graneros,6106,58,372,182,190,333,161,172,39,21,18
14340,libertador general bernardo o'higgins,6,cachapoal,61,graneros,6106,59,344,167,177,302,143,159,42,24,18
14341,libertador general bernardo o'higgins,6,cachapoal,61,graneros,6106,60,340,166,174,291,134,157,49,32,17
14342,libertador general bernardo o'higgins,6,cachapoal,61,graneros,6106,61,297,151,146,258,126,132,39,25,14
14343,libertador general bernardo o'higgins,6,cachapoal,61,graneros,6106,62,290,141,149,258,120,138,32,21,11
14344,libertador general bernardo o'higgins,6,cachapoal,61,graneros,6106,63,277,124,153,238,102,136,39,22,17
14345,libertador general bernardo o'higgins,6,cachapoal,61,graneros,6106,64,246,117,129,211,101,110,35,16,19
14346,libertador general bernardo o'higgins,6,cachapoal,61,graneros,6106,65,242,121,121,211,98,113,31,23,8
14347,libertador general bernardo o'higgins,6,cachapoal,61,graneros,6106,66,243,112,131,213,95,118,30,17,13
14348,libertador general bernardo o'higgins,6,cachapoal,61,graneros,6106,67,220,109,111,199,101,98,21,8,13
14349,libertador general bernardo o'higgins,6,cachapoal,61,graneros,6106,68,206,96,110,181,83,98,25,13,12
14350,libertador general bernardo o'higgins,6,cachapoal,61,graneros,6106,69,202,98,104,177,87,90,25,11,14
14351,libertador general bernardo o'higgins,6,cachapoal,61,graneros,6106,70,193,81,112,167,67,100,26,14,12
14352,libertador general bernardo o'higgins,6,cachapoal,61,graneros,6106,71,204,79,125,176,65,111,28,14,14
14353,libertador general bernardo o'higgins,6,cachapoal,61,graneros,6106,72,206,92,114,181,79,102,25,13,12
14354,libertador general bernardo o'higgins,6,cachapoal,61,graneros,6106,73,156,82,74,147,76,71,9,6,3
14355,libertador general bernardo o'higgins,6,cachapoal,61,graneros,6106,74,127,66,61,114,58,56,13,8,5
14356,libertador general bernardo o'higgins,6,cachapoal,61,graneros,6106,75,120,60,60,111,56,55,9,4,5
14357,libertador general bernardo o'higgins,6,cachapoal,61,graneros,6106,76,102,47,55,87,41,46,15,6,9
14358,libertador general bernardo o'higgins,6,cachapoal,61,graneros,6106,77,104,54,50,87,43,44,17,11,6
14359,libertador general bernardo o'higgins,6,cachapoal,61,graneros,6106,78,111,63,48,96,53,43,15,10,5
14360,libertador general bernardo o'higgins,6,cachapoal,61,graneros,6106,79,97,47,50,75,32,43,22,15,7
14361,libertador general bernardo o'higgins,6,cachapoal,61,graneros,6106,80,92,42,50,84,39,45,8,3,5
14362,libertador general bernardo o'higgins,6,cachapoal,61,graneros,6106,81,90,35,55,77,29,48,13,6,7
14363,libertador general bernardo o'higgins,6,cachapoal,61,graneros,6106,82,75,43,32,68,38,30,7,5,2
14364,libertador general bernardo o'higgins,6,cachapoal,61,graneros,6106,83,64,29,35,56,23,33,8,6,2
14365,libertador general bernardo o'higgins,6,cachapoal,61,graneros,6106,84,64,28,36,57,25,32,7,3,4
14366,libertador general bernardo o'higgins,6,cachapoal,61,graneros,6106,85,49,19,30,44,18,26,5,1,4
14367,libertador general bernardo o'higgins,6,cachapoal,61,graneros,6106,86,53,25,28,47,21,26,6,4,2
14368,libertador general bernardo o'higgins,6,cachapoal,61,graneros,6106,87,36,17,19,31,14,17,5,3,2
14369,libertador general bernardo o'higgins,6,cachapoal,61,graneros,6106,88,35,16,19,32,16,16,3,0,3
14370,libertador general bernardo o'higgins,6,cachapoal,61,graneros,6106,89,32,10,22,28,9,19,4,1,3
14371,libertador general bernardo o'higgins,6,cachapoal,61,graneros,6106,90,21,8,13,21,8,13,0,0,0
14372,libertador general bernardo o'higgins,6,cachapoal,61,graneros,6106,91,8,4,4,5,3,2,3,1,2
14373,libertador general bernardo o'higgins,6,cachapoal,61,graneros,6106,92,12,4,8,12,4,8,0,0,0
14374,libertador general bernardo o'higgins,6,cachapoal,61,graneros,6106,93,8,3,5,8,3,5,0,0,0
14375,libertador general bernardo o'higgins,6,cachapoal,61,graneros,6106,94,3,0,3,3,0,3,0,0,0
14376,libertador general bernardo o'higgins,6,cachapoal,61,graneros,6106,95,3,0,3,3,0,3,0,0,0
14377,libertador general bernardo o'higgins,6,cachapoal,61,graneros,6106,96,2,0,2,1,0,1,1,0,1
14378,libertador general bernardo o'higgins,6,cachapoal,61,graneros,6106,97,3,1,2,2,0,2,1,1,0
14379,libertador general bernardo o'higgins,6,cachapoal,61,graneros,6106,98,2,0,2,2,0,2,0,0,0
14380,libertador general bernardo o'higgins,6,cachapoal,61,graneros,6106,99,0,0,0,0,0,0,0,0,0
14381,libertador general bernardo o'higgins,6,cachapoal,61,graneros,6106,100 o más,8,1,7,8,1,7,0,0,0
14382,libertador general bernardo o'higgins,6,cachapoal,61,las cabras,6107,total comuna,24640,12656,11984,9578,4760,4818,15062,7896,7166
14383,libertador general bernardo o'higgins,6,cachapoal,61,las cabras,6107,0,269,124,145,104,44,60,165,80,85
14384,libertador general bernardo o'higgins,6,cachapoal,61,las cabras,6107,1,312,169,143,121,65,56,191,104,87
14385,libertador general bernardo o'higgins,6,cachapoal,61,las cabras,6107,2,329,168,161,138,72,66,191,96,95
14386,libertador general bernardo o'higgins,6,cachapoal,61,las cabras,6107,3,293,144,149,118,52,66,175,92,83
14387,libertador general bernardo o'higgins,6,cachapoal,61,las cabras,6107,4,329,182,147,144,79,65,185,103,82
14388,libertador general bernardo o'higgins,6,cachapoal,61,las cabras,6107,5,342,173,169,137,70,67,205,103,102
14389,libertador general bernardo o'higgins,6,cachapoal,61,las cabras,6107,6,354,186,168,147,75,72,207,111,96
14390,libertador general bernardo o'higgins,6,cachapoal,61,las cabras,6107,7,366,172,194,150,67,83,216,105,111
14391,libertador general bernardo o'higgins,6,cachapoal,61,las cabras,6107,8,330,172,158,132,71,61,198,101,97
14392,libertador general bernardo o'higgins,6,cachapoal,61,las cabras,6107,9,398,206,192,166,92,74,232,114,118
14393,libertador general bernardo o'higgins,6,cachapoal,61,las cabras,6107,10,294,144,150,121,67,54,173,77,96
14394,libertador general bernardo o'higgins,6,cachapoal,61,las cabras,6107,11,343,191,152,157,85,72,186,106,80
14395,libertador general bernardo o'higgins,6,cachapoal,61,las cabras,6107,12,318,163,155,136,68,68,182,95,87
14396,libertador general bernardo o'higgins,6,cachapoal,61,las cabras,6107,13,306,167,139,109,57,52,197,110,87
14397,libertador general bernardo o'higgins,6,cachapoal,61,las cabras,6107,14,303,148,155,134,64,70,169,84,85
14398,libertador general bernardo o'higgins,6,cachapoal,61,las cabras,6107,15,359,203,156,149,81,68,210,122,88
14399,libertador general bernardo o'higgins,6,cachapoal,61,las cabras,6107,16,357,168,189,131,60,71,226,108,118
14400,libertador general bernardo o'higgins,6,cachapoal,61,las cabras,6107,17,339,178,161,124,68,56,215,110,105
14401,libertador general bernardo o'higgins,6,cachapoal,61,las cabras,6107,18,279,139,140,117,55,62,162,84,78
14402,libertador general bernardo o'higgins,6,cachapoal,61,las cabras,6107,19,268,140,128,97,44,53,171,96,75
14403,libertador general bernardo o'higgins,6,cachapoal,61,las cabras,6107,20,284,142,142,103,56,47,181,86,95
14404,libertador general bernardo o'higgins,6,cachapoal,61,las cabras,6107,21,306,160,146,117,59,58,189,101,88
14405,libertador general bernardo o'higgins,6,cachapoal,61,las cabras,6107,22,301,147,154,118,46,72,183,101,82
14406,libertador general bernardo o'higgins,6,cachapoal,61,las cabras,6107,23,328,168,160,136,71,65,192,97,95
14407,libertador general bernardo o'higgins,6,cachapoal,61,las cabras,6107,24,347,186,161,133,79,54,214,107,107
14408,libertador general bernardo o'higgins,6,cachapoal,61,las cabras,6107,25,364,188,176,141,77,64,223,111,112
14409,libertador general bernardo o'higgins,6,cachapoal,61,las cabras,6107,26,363,190,173,141,64,77,222,126,96
14410,libertador general bernardo o'higgins,6,cachapoal,61,las cabras,6107,27,356,177,179,150,71,79,206,106,100
14411,libertador general bernardo o'higgins,6,cachapoal,61,las cabras,6107,28,373,184,189,158,73,85,215,111,104
14412,libertador general bernardo o'higgins,6,cachapoal,61,las cabras,6107,29,331,152,179,141,60,81,190,92,98
14413,libertador general bernardo o'higgins,6,cachapoal,61,las cabras,6107,30,340,180,160,147,72,75,193,108,85
14414,libertador general bernardo o'higgins,6,cachapoal,61,las cabras,6107,31,342,170,172,133,64,69,209,106,103
14415,libertador general bernardo o'higgins,6,cachapoal,61,las cabras,6107,32,319,154,165,138,74,64,181,80,101
14416,libertador general bernardo o'higgins,6,cachapoal,61,las cabras,6107,33,313,157,156,135,63,72,178,94,84
14417,libertador general bernardo o'higgins,6,cachapoal,61,las cabras,6107,34,305,140,165,130,68,62,175,72,103
14418,libertador general bernardo o'higgins,6,cachapoal,61,las cabras,6107,35,390,203,187,167,90,77,223,113,110
14419,libertador general bernardo o'higgins,6,cachapoal,61,las cabras,6107,36,325,163,162,143,71,72,182,92,90
14420,libertador general bernardo o'higgins,6,cachapoal,61,las cabras,6107,37,335,173,162,160,80,80,175,93,82
14421,libertador general bernardo o'higgins,6,cachapoal,61,las cabras,6107,38,327,161,166,144,60,84,183,101,82
14422,libertador general bernardo o'higgins,6,cachapoal,61,las cabras,6107,39,292,148,144,101,50,51,191,98,93
14423,libertador general bernardo o'higgins,6,cachapoal,61,las cabras,6107,40,337,180,157,141,73,68,196,107,89
14424,libertador general bernardo o'higgins,6,cachapoal,61,las cabras,6107,41,317,150,167,139,61,78,178,89,89
14425,libertador general bernardo o'higgins,6,cachapoal,61,las cabras,6107,42,389,192,197,161,77,84,228,115,113
14426,libertador general bernardo o'higgins,6,cachapoal,61,las cabras,6107,43,355,188,167,124,70,54,231,118,113
14427,libertador general bernardo o'higgins,6,cachapoal,61,las cabras,6107,44,335,186,149,131,74,57,204,112,92
14428,libertador general bernardo o'higgins,6,cachapoal,61,las cabras,6107,45,354,177,177,133,58,75,221,119,102
14429,libertador general bernardo o'higgins,6,cachapoal,61,las cabras,6107,46,354,178,176,123,53,70,231,125,106
14430,libertador general bernardo o'higgins,6,cachapoal,61,las cabras,6107,47,338,169,169,113,64,49,225,105,120
14431,libertador general bernardo o'higgins,6,cachapoal,61,las cabras,6107,48,336,164,172,123,60,63,213,104,109
14432,libertador general bernardo o'higgins,6,cachapoal,61,las cabras,6107,49,356,196,160,123,62,61,233,134,99
14433,libertador general bernardo o'higgins,6,cachapoal,61,las cabras,6107,50,392,205,187,147,71,76,245,134,111
14434,libertador general bernardo o'higgins,6,cachapoal,61,las cabras,6107,51,371,196,175,129,61,68,242,135,107
14435,libertador general bernardo o'higgins,6,cachapoal,61,las cabras,6107,52,375,205,170,150,83,67,225,122,103
14436,libertador general bernardo o'higgins,6,cachapoal,61,las cabras,6107,53,379,195,184,155,83,72,224,112,112
14437,libertador general bernardo o'higgins,6,cachapoal,61,las cabras,6107,54,428,230,198,135,75,60,293,155,138
14438,libertador general bernardo o'higgins,6,cachapoal,61,las cabras,6107,55,326,183,143,118,66,52,208,117,91
14439,libertador general bernardo o'higgins,6,cachapoal,61,las cabras,6107,56,354,196,158,115,53,62,239,143,96
14440,libertador general bernardo o'higgins,6,cachapoal,61,las cabras,6107,57,327,159,168,123,60,63,204,99,105
14441,libertador general bernardo o'higgins,6,cachapoal,61,las cabras,6107,58,313,160,153,115,50,65,198,110,88
14442,libertador general bernardo o'higgins,6,cachapoal,61,las cabras,6107,59,285,142,143,98,49,49,187,93,94
14443,libertador general bernardo o'higgins,6,cachapoal,61,las cabras,6107,60,313,164,149,124,62,62,189,102,87
14444,libertador general bernardo o'higgins,6,cachapoal,61,las cabras,6107,61,286,142,144,100,41,59,186,101,85
14445,libertador general bernardo o'higgins,6,cachapoal,61,las cabras,6107,62,261,151,110,93,43,50,168,108,60
14446,libertador general bernardo o'higgins,6,cachapoal,61,las cabras,6107,63,229,124,105,77,38,39,152,86,66
14447,libertador general bernardo o'higgins,6,cachapoal,61,las cabras,6107,64,237,129,108,79,52,27,158,77,81
14448,libertador general bernardo o'higgins,6,cachapoal,61,las cabras,6107,65,219,111,108,92,41,51,127,70,57
14449,libertador general bernardo o'higgins,6,cachapoal,61,las cabras,6107,66,218,113,105,81,40,41,137,73,64
14450,libertador general bernardo o'higgins,6,cachapoal,61,las cabras,6107,67,192,97,95,72,32,40,120,65,55
14451,libertador general bernardo o'higgins,6,cachapoal,61,las cabras,6107,68,197,100,97,74,36,38,123,64,59
14452,libertador general bernardo o'higgins,6,cachapoal,61,las cabras,6107,69,181,96,85,67,34,33,114,62,52
14453,libertador general bernardo o'higgins,6,cachapoal,61,las cabras,6107,70,182,94,88,62,25,37,120,69,51
14454,libertador general bernardo o'higgins,6,cachapoal,61,las cabras,6107,71,157,87,70,59,33,26,98,54,44
14455,libertador general bernardo o'higgins,6,cachapoal,61,las cabras,6107,72,173,82,91,61,24,37,112,58,54
14456,libertador general bernardo o'higgins,6,cachapoal,61,las cabras,6107,73,146,90,56,47,29,18,99,61,38
14457,libertador general bernardo o'higgins,6,cachapoal,61,las cabras,6107,74,153,74,79,66,29,37,87,45,42
14458,libertador general bernardo o'higgins,6,cachapoal,61,las cabras,6107,75,136,68,68,46,24,22,90,44,46
14459,libertador general bernardo o'higgins,6,cachapoal,61,las cabras,6107,76,136,65,71,43,20,23,93,45,48
14460,libertador general bernardo o'higgins,6,cachapoal,61,las cabras,6107,77,111,55,56,39,18,21,72,37,35
14461,libertador general bernardo o'higgins,6,cachapoal,61,las cabras,6107,78,113,51,62,41,20,21,72,31,41
14462,libertador general bernardo o'higgins,6,cachapoal,61,las cabras,6107,79,98,50,48,29,21,8,69,29,40
14463,libertador general bernardo o'higgins,6,cachapoal,61,las cabras,6107,80,101,55,46,36,17,19,65,38,27
14464,libertador general bernardo o'higgins,6,cachapoal,61,las cabras,6107,81,81,41,40,26,12,14,55,29,26
14465,libertador general bernardo o'higgins,6,cachapoal,61,las cabras,6107,82,88,47,41,33,18,15,55,29,26
14466,libertador general bernardo o'higgins,6,cachapoal,61,las cabras,6107,83,69,44,25,16,5,11,53,39,14
14467,libertador general bernardo o'higgins,6,cachapoal,61,las cabras,6107,84,65,34,31,21,5,16,44,29,15
14468,libertador general bernardo o'higgins,6,cachapoal,61,las cabras,6107,85,39,18,21,11,6,5,28,12,16
14469,libertador general bernardo o'higgins,6,cachapoal,61,las cabras,6107,86,60,32,28,22,10,12,38,22,16
14470,libertador general bernardo o'higgins,6,cachapoal,61,las cabras,6107,87,53,24,29,19,7,12,34,17,17
14471,libertador general bernardo o'higgins,6,cachapoal,61,las cabras,6107,88,46,19,27,19,8,11,27,11,16
14472,libertador general bernardo o'higgins,6,cachapoal,61,las cabras,6107,89,27,12,15,8,3,5,19,9,10
14473,libertador general bernardo o'higgins,6,cachapoal,61,las cabras,6107,90,23,12,11,9,4,5,14,8,6
14474,libertador general bernardo o'higgins,6,cachapoal,61,las cabras,6107,91,19,8,11,7,2,5,12,6,6
14475,libertador general bernardo o'higgins,6,cachapoal,61,las cabras,6107,92,20,8,12,6,2,4,14,6,8
14476,libertador general bernardo o'higgins,6,cachapoal,61,las cabras,6107,93,18,6,12,9,3,6,9,3,6
14477,libertador general bernardo o'higgins,6,cachapoal,61,las cabras,6107,94,10,5,5,5,2,3,5,3,2
14478,libertador general bernardo o'higgins,6,cachapoal,61,las cabras,6107,95,10,7,3,3,2,1,7,5,2
14479,libertador general bernardo o'higgins,6,cachapoal,61,las cabras,6107,96,4,1,3,0,0,0,4,1,3
14480,libertador general bernardo o'higgins,6,cachapoal,61,las cabras,6107,97,7,3,4,6,2,4,1,1,0
14481,libertador general bernardo o'higgins,6,cachapoal,61,las cabras,6107,98,2,0,2,1,0,1,1,0,1
14482,libertador general bernardo o'higgins,6,cachapoal,61,las cabras,6107,99,2,0,2,0,0,0,2,0,2
14483,libertador general bernardo o'higgins,6,cachapoal,61,las cabras,6107,100 o más,8,6,2,5,3,2,3,3,0
14484,libertador general bernardo o'higgins,6,cachapoal,61,machalí,6108,total comuna,52505,25585,26920,51504,25019,26485,1001,566,435
14485,libertador general bernardo o'higgins,6,cachapoal,61,machalí,6108,0,759,371,388,746,361,385,13,10,3
14486,libertador general bernardo o'higgins,6,cachapoal,61,machalí,6108,1,877,420,457,867,417,450,10,3,7
14487,libertador general bernardo o'higgins,6,cachapoal,61,machalí,6108,2,890,464,426,877,457,420,13,7,6
14488,libertador general bernardo o'higgins,6,cachapoal,61,machalí,6108,3,890,451,439,879,446,433,11,5,6
14489,libertador general bernardo o'higgins,6,cachapoal,61,machalí,6108,4,877,427,450,869,424,445,8,3,5
14490,libertador general bernardo o'higgins,6,cachapoal,61,machalí,6108,5,889,466,423,871,454,417,18,12,6
14491,libertador general bernardo o'higgins,6,cachapoal,61,machalí,6108,6,905,484,421,891,474,417,14,10,4
14492,libertador general bernardo o'higgins,6,cachapoal,61,machalí,6108,7,929,488,441,915,483,432,14,5,9
14493,libertador general bernardo o'higgins,6,cachapoal,61,machalí,6108,8,930,472,458,921,467,454,9,5,4
14494,libertador general bernardo o'higgins,6,cachapoal,61,machalí,6108,9,840,409,431,828,403,425,12,6,6
14495,libertador general bernardo o'higgins,6,cachapoal,61,machalí,6108,10,810,388,422,800,383,417,10,5,5
14496,libertador general bernardo o'higgins,6,cachapoal,61,machalí,6108,11,832,443,389,816,436,380,16,7,9
14497,libertador general bernardo o'higgins,6,cachapoal,61,machalí,6108,12,782,391,391,767,384,383,15,7,8
14498,libertador general bernardo o'higgins,6,cachapoal,61,machalí,6108,13,844,442,402,833,439,394,11,3,8
14499,libertador general bernardo o'higgins,6,cachapoal,61,machalí,6108,14,875,446,429,860,439,421,15,7,8
14500,libertador general bernardo o'higgins,6,cachapoal,61,machalí,6108,15,848,410,438,842,407,435,6,3,3
14501,libertador general bernardo o'higgins,6,cachapoal,61,machalí,6108,16,839,416,423,833,412,421,6,4,2
14502,libertador general bernardo o'higgins,6,cachapoal,61,machalí,6108,17,812,406,406,803,402,401,9,4,5
14503,libertador general bernardo o'higgins,6,cachapoal,61,machalí,6108,18,637,317,320,627,310,317,10,7,3
14504,libertador general bernardo o'higgins,6,cachapoal,61,machalí,6108,19,560,274,286,548,268,280,12,6,6
14505,libertador general bernardo o'higgins,6,cachapoal,61,machalí,6108,20,535,274,261,520,269,251,15,5,10
14506,libertador general bernardo o'higgins,6,cachapoal,61,machalí,6108,21,541,278,263,528,265,263,13,13,0
14507,libertador general bernardo o'higgins,6,cachapoal,61,machalí,6108,22,534,252,282,518,245,273,16,7,9
14508,libertador general bernardo o'higgins,6,cachapoal,61,machalí,6108,23,535,279,256,524,273,251,11,6,5
14509,libertador general bernardo o'higgins,6,cachapoal,61,machalí,6108,24,596,311,285,588,307,281,8,4,4
14510,libertador general bernardo o'higgins,6,cachapoal,61,machalí,6108,25,620,302,318,611,298,313,9,4,5
14511,libertador general bernardo o'higgins,6,cachapoal,61,machalí,6108,26,739,369,370,724,362,362,15,7,8
14512,libertador general bernardo o'higgins,6,cachapoal,61,machalí,6108,27,751,370,381,728,357,371,23,13,10
14513,libertador general bernardo o'higgins,6,cachapoal,61,machalí,6108,28,799,357,442,786,348,438,13,9,4
14514,libertador general bernardo o'higgins,6,cachapoal,61,machalí,6108,29,747,376,371,729,367,362,18,9,9
14515,libertador general bernardo o'higgins,6,cachapoal,61,machalí,6108,30,758,352,406,749,346,403,9,6,3
14516,libertador general bernardo o'higgins,6,cachapoal,61,machalí,6108,31,794,365,429,783,357,426,11,8,3
14517,libertador general bernardo o'higgins,6,cachapoal,61,machalí,6108,32,801,363,438,794,359,435,7,4,3
14518,libertador general bernardo o'higgins,6,cachapoal,61,machalí,6108,33,838,416,422,829,412,417,9,4,5
14519,libertador general bernardo o'higgins,6,cachapoal,61,machalí,6108,34,906,425,481,898,420,478,8,5,3
14520,libertador general bernardo o'higgins,6,cachapoal,61,machalí,6108,35,977,487,490,960,474,486,17,13,4
14521,libertador general bernardo o'higgins,6,cachapoal,61,machalí,6108,36,944,445,499,927,437,490,17,8,9
14522,libertador general bernardo o'higgins,6,cachapoal,61,machalí,6108,37,910,437,473,903,433,470,7,4,3
14523,libertador general bernardo o'higgins,6,cachapoal,61,machalí,6108,38,857,405,452,847,398,449,10,7,3
14524,libertador general bernardo o'higgins,6,cachapoal,61,machalí,6108,39,966,468,498,954,460,494,12,8,4
14525,libertador general bernardo o'higgins,6,cachapoal,61,machalí,6108,40,914,404,510,897,391,506,17,13,4
14526,libertador general bernardo o'higgins,6,cachapoal,61,machalí,6108,41,962,465,497,945,454,491,17,11,6
14527,libertador general bernardo o'higgins,6,cachapoal,61,machalí,6108,42,951,481,470,924,463,461,27,18,9
14528,libertador general bernardo o'higgins,6,cachapoal,61,machalí,6108,43,890,410,480,873,403,470,17,7,10
14529,libertador general bernardo o'higgins,6,cachapoal,61,machalí,6108,44,805,394,411,794,387,407,11,7,4
14530,libertador general bernardo o'higgins,6,cachapoal,61,machalí,6108,45,838,413,425,826,405,421,12,8,4
14531,libertador general bernardo o'higgins,6,cachapoal,61,machalí,6108,46,802,411,391,780,397,383,22,14,8
14532,libertador general bernardo o'higgins,6,cachapoal,61,machalí,6108,47,665,305,360,643,294,349,22,11,11
14533,libertador general bernardo o'higgins,6,cachapoal,61,machalí,6108,48,672,339,333,660,331,329,12,8,4
14534,libertador general bernardo o'higgins,6,cachapoal,61,machalí,6108,49,642,301,341,630,296,334,12,5,7
14535,libertador general bernardo o'higgins,6,cachapoal,61,machalí,6108,50,692,319,373,669,307,362,23,12,11
14536,libertador general bernardo o'higgins,6,cachapoal,61,machalí,6108,51,637,319,318,617,308,309,20,11,9
14537,libertador general bernardo o'higgins,6,cachapoal,61,machalí,6108,52,647,304,343,627,292,335,20,12,8
14538,libertador general bernardo o'higgins,6,cachapoal,61,machalí,6108,53,624,306,318,611,299,312,13,7,6
14539,libertador general bernardo o'higgins,6,cachapoal,61,machalí,6108,54,653,319,334,629,306,323,24,13,11
14540,libertador general bernardo o'higgins,6,cachapoal,61,machalí,6108,55,607,306,301,587,296,291,20,10,10
14541,libertador general bernardo o'higgins,6,cachapoal,61,machalí,6108,56,580,262,318,562,250,312,18,12,6
14542,libertador general bernardo o'higgins,6,cachapoal,61,machalí,6108,57,525,247,278,517,243,274,8,4,4
14543,libertador general bernardo o'higgins,6,cachapoal,61,machalí,6108,58,544,262,282,526,248,278,18,14,4
14544,libertador general bernardo o'higgins,6,cachapoal,61,machalí,6108,59,532,265,267,514,256,258,18,9,9
14545,libertador general bernardo o'higgins,6,cachapoal,61,machalí,6108,60,473,220,253,464,213,251,9,7,2
14546,libertador general bernardo o'higgins,6,cachapoal,61,machalí,6108,61,468,235,233,454,228,226,14,7,7
14547,libertador general bernardo o'higgins,6,cachapoal,61,machalí,6108,62,453,219,234,444,213,231,9,6,3
14548,libertador general bernardo o'higgins,6,cachapoal,61,machalí,6108,63,435,211,224,427,207,220,8,4,4
14549,libertador general bernardo o'higgins,6,cachapoal,61,machalí,6108,64,398,193,205,392,190,202,6,3,3
14550,libertador general bernardo o'higgins,6,cachapoal,61,machalí,6108,65,363,170,193,353,163,190,10,7,3
14551,libertador general bernardo o'higgins,6,cachapoal,61,machalí,6108,66,362,187,175,352,181,171,10,6,4
14552,libertador general bernardo o'higgins,6,cachapoal,61,machalí,6108,67,324,151,173,317,148,169,7,3,4
14553,libertador general bernardo o'higgins,6,cachapoal,61,machalí,6108,68,310,134,176,303,134,169,7,0,7
14554,libertador general bernardo o'higgins,6,cachapoal,61,machalí,6108,69,278,159,119,271,155,116,7,4,3
14555,libertador general bernardo o'higgins,6,cachapoal,61,machalí,6108,70,282,132,150,273,126,147,9,6,3
14556,libertador general bernardo o'higgins,6,cachapoal,61,machalí,6108,71,249,108,141,244,106,138,5,2,3
14557,libertador general bernardo o'higgins,6,cachapoal,61,machalí,6108,72,259,122,137,252,118,134,7,4,3
14558,libertador general bernardo o'higgins,6,cachapoal,61,machalí,6108,73,223,84,139,216,83,133,7,1,6
14559,libertador general bernardo o'higgins,6,cachapoal,61,machalí,6108,74,167,76,91,160,72,88,7,4,3
14560,libertador general bernardo o'higgins,6,cachapoal,61,machalí,6108,75,146,70,76,140,66,74,6,4,2
14561,libertador general bernardo o'higgins,6,cachapoal,61,machalí,6108,76,173,78,95,166,72,94,7,6,1
14562,libertador general bernardo o'higgins,6,cachapoal,61,machalí,6108,77,143,64,79,139,60,79,4,4,0
14563,libertador general bernardo o'higgins,6,cachapoal,61,machalí,6108,78,104,45,59,99,43,56,5,2,3
14564,libertador general bernardo o'higgins,6,cachapoal,61,machalí,6108,79,104,49,55,98,46,52,6,3,3
14565,libertador general bernardo o'higgins,6,cachapoal,61,machalí,6108,80,106,47,59,103,44,59,3,3,0
14566,libertador general bernardo o'higgins,6,cachapoal,61,machalí,6108,81,104,43,61,103,42,61,1,1,0
14567,libertador general bernardo o'higgins,6,cachapoal,61,machalí,6108,82,78,36,42,75,34,41,3,2,1
14568,libertador general bernardo o'higgins,6,cachapoal,61,machalí,6108,83,88,31,57,86,30,56,2,1,1
14569,libertador general bernardo o'higgins,6,cachapoal,61,machalí,6108,84,57,20,37,54,19,35,3,1,2
14570,libertador general bernardo o'higgins,6,cachapoal,61,machalí,6108,85,63,29,34,62,28,34,1,1,0
14571,libertador general bernardo o'higgins,6,cachapoal,61,machalí,6108,86,56,30,26,52,28,24,4,2,2
14572,libertador general bernardo o'higgins,6,cachapoal,61,machalí,6108,87,54,17,37,52,15,37,2,2,0
14573,libertador general bernardo o'higgins,6,cachapoal,61,machalí,6108,88,68,24,44,68,24,44,0,0,0
14574,libertador general bernardo o'higgins,6,cachapoal,61,machalí,6108,89,31,7,24,31,7,24,0,0,0
14575,libertador general bernardo o'higgins,6,cachapoal,61,machalí,6108,90,30,17,13,29,16,13,1,1,0
14576,libertador general bernardo o'higgins,6,cachapoal,61,machalí,6108,91,26,8,18,26,8,18,0,0,0
14577,libertador general bernardo o'higgins,6,cachapoal,61,machalí,6108,92,24,7,17,24,7,17,0,0,0
14578,libertador general bernardo o'higgins,6,cachapoal,61,machalí,6108,93,9,0,9,9,0,9,0,0,0
14579,libertador general bernardo o'higgins,6,cachapoal,61,machalí,6108,94,11,3,8,11,3,8,0,0,0
14580,libertador general bernardo o'higgins,6,cachapoal,61,machalí,6108,95,6,1,5,6,1,5,0,0,0
14581,libertador general bernardo o'higgins,6,cachapoal,61,machalí,6108,96,7,2,5,7,2,5,0,0,0
14582,libertador general bernardo o'higgins,6,cachapoal,61,machalí,6108,97,3,0,3,3,0,3,0,0,0
14583,libertador general bernardo o'higgins,6,cachapoal,61,machalí,6108,98,3,2,1,3,2,1,0,0,0
14584,libertador general bernardo o'higgins,6,cachapoal,61,machalí,6108,99,3,1,2,3,1,2,0,0,0
14585,libertador general bernardo o'higgins,6,cachapoal,61,machalí,6108,100 o más,9,5,4,9,5,4,0,0,0
14586,libertador general bernardo o'higgins,6,cachapoal,61,malloa,6109,total comuna,13407,6819,6588,5458,2775,2683,7949,4044,3905
14587,libertador general bernardo o'higgins,6,cachapoal,61,malloa,6109,0,145,73,72,51,26,25,94,47,47
14588,libertador general bernardo o'higgins,6,cachapoal,61,malloa,6109,1,174,100,74,75,34,41,99,66,33
14589,libertador general bernardo o'higgins,6,cachapoal,61,malloa,6109,2,150,76,74,63,31,32,87,45,42
14590,libertador general bernardo o'higgins,6,cachapoal,61,malloa,6109,3,175,101,74,76,45,31,99,56,43
14591,libertador general bernardo o'higgins,6,cachapoal,61,malloa,6109,4,161,73,88,72,37,35,89,36,53
14592,libertador general bernardo o'higgins,6,cachapoal,61,malloa,6109,5,162,86,76,77,38,39,85,48,37
14593,libertador general bernardo o'higgins,6,cachapoal,61,malloa,6109,6,163,81,82,66,33,33,97,48,49
14594,libertador general bernardo o'higgins,6,cachapoal,61,malloa,6109,7,195,104,91,84,48,36,111,56,55
14595,libertador general bernardo o'higgins,6,cachapoal,61,malloa,6109,8,184,103,81,76,42,34,108,61,47
14596,libertador general bernardo o'higgins,6,cachapoal,61,malloa,6109,9,167,75,92,67,26,41,100,49,51
14597,libertador general bernardo o'higgins,6,cachapoal,61,malloa,6109,10,178,86,92,82,40,42,96,46,50
14598,libertador general bernardo o'higgins,6,cachapoal,61,malloa,6109,11,197,89,108,82,39,43,115,50,65
14599,libertador general bernardo o'higgins,6,cachapoal,61,malloa,6109,12,136,80,56,62,41,21,74,39,35
14600,libertador general bernardo o'higgins,6,cachapoal,61,malloa,6109,13,176,100,76,78,45,33,98,55,43
14601,libertador general bernardo o'higgins,6,cachapoal,61,malloa,6109,14,186,92,94,76,41,35,110,51,59
14602,libertador general bernardo o'higgins,6,cachapoal,61,malloa,6109,15,176,100,76,78,42,36,98,58,40
14603,libertador general bernardo o'higgins,6,cachapoal,61,malloa,6109,16,200,108,92,87,49,38,113,59,54
14604,libertador general bernardo o'higgins,6,cachapoal,61,malloa,6109,17,193,106,87,80,48,32,113,58,55
14605,libertador general bernardo o'higgins,6,cachapoal,61,malloa,6109,18,157,82,75,64,38,26,93,44,49
14606,libertador general bernardo o'higgins,6,cachapoal,61,malloa,6109,19,176,92,84,81,45,36,95,47,48
14607,libertador general bernardo o'higgins,6,cachapoal,61,malloa,6109,20,201,102,99,96,47,49,105,55,50
14608,libertador general bernardo o'higgins,6,cachapoal,61,malloa,6109,21,171,84,87,80,39,41,91,45,46
14609,libertador general bernardo o'higgins,6,cachapoal,61,malloa,6109,22,186,104,82,87,51,36,99,53,46
14610,libertador general bernardo o'higgins,6,cachapoal,61,malloa,6109,23,186,89,97,74,33,41,112,56,56
14611,libertador general bernardo o'higgins,6,cachapoal,61,malloa,6109,24,210,111,99,76,37,39,134,74,60
14612,libertador general bernardo o'higgins,6,cachapoal,61,malloa,6109,25,193,94,99,84,45,39,109,49,60
14613,libertador general bernardo o'higgins,6,cachapoal,61,malloa,6109,26,214,115,99,107,61,46,107,54,53
14614,libertador general bernardo o'higgins,6,cachapoal,61,malloa,6109,27,202,108,94,79,41,38,123,67,56
14615,libertador general bernardo o'higgins,6,cachapoal,61,malloa,6109,28,207,103,104,95,52,43,112,51,61
14616,libertador general bernardo o'higgins,6,cachapoal,61,malloa,6109,29,194,89,105,80,40,40,114,49,65
14617,libertador general bernardo o'higgins,6,cachapoal,61,malloa,6109,30,165,73,92,80,31,49,85,42,43
14618,libertador general bernardo o'higgins,6,cachapoal,61,malloa,6109,31,163,84,79,69,37,32,94,47,47
14619,libertador general bernardo o'higgins,6,cachapoal,61,malloa,6109,32,152,70,82,63,28,35,89,42,47
14620,libertador general bernardo o'higgins,6,cachapoal,61,malloa,6109,33,153,63,90,62,26,36,91,37,54
14621,libertador general bernardo o'higgins,6,cachapoal,61,malloa,6109,34,186,85,101,87,48,39,99,37,62
14622,libertador general bernardo o'higgins,6,cachapoal,61,malloa,6109,35,165,86,79,66,32,34,99,54,45
14623,libertador general bernardo o'higgins,6,cachapoal,61,malloa,6109,36,156,78,78,67,37,30,89,41,48
14624,libertador general bernardo o'higgins,6,cachapoal,61,malloa,6109,37,168,105,63,71,42,29,97,63,34
14625,libertador general bernardo o'higgins,6,cachapoal,61,malloa,6109,38,158,76,82,68,37,31,90,39,51
14626,libertador general bernardo o'higgins,6,cachapoal,61,malloa,6109,39,144,75,69,57,31,26,87,44,43
14627,libertador general bernardo o'higgins,6,cachapoal,61,malloa,6109,40,165,78,87,53,20,33,112,58,54
14628,libertador general bernardo o'higgins,6,cachapoal,61,malloa,6109,41,154,76,78,62,31,31,92,45,47
14629,libertador general bernardo o'higgins,6,cachapoal,61,malloa,6109,42,191,99,92,78,39,39,113,60,53
14630,libertador general bernardo o'higgins,6,cachapoal,61,malloa,6109,43,178,89,89,74,37,37,104,52,52
14631,libertador general bernardo o'higgins,6,cachapoal,61,malloa,6109,44,182,82,100,60,28,32,122,54,68
14632,libertador general bernardo o'higgins,6,cachapoal,61,malloa,6109,45,191,87,104,82,37,45,109,50,59
14633,libertador general bernardo o'higgins,6,cachapoal,61,malloa,6109,46,170,92,78,70,39,31,100,53,47
14634,libertador general bernardo o'higgins,6,cachapoal,61,malloa,6109,47,185,91,94,68,38,30,117,53,64
14635,libertador general bernardo o'higgins,6,cachapoal,61,malloa,6109,48,185,102,83,73,42,31,112,60,52
14636,libertador general bernardo o'higgins,6,cachapoal,61,malloa,6109,49,193,102,91,81,39,42,112,63,49
14637,libertador general bernardo o'higgins,6,cachapoal,61,malloa,6109,50,198,87,111,78,32,46,120,55,65
14638,libertador general bernardo o'higgins,6,cachapoal,61,malloa,6109,51,236,122,114,104,48,56,132,74,58
14639,libertador general bernardo o'higgins,6,cachapoal,61,malloa,6109,52,220,114,106,87,51,36,133,63,70
14640,libertador general bernardo o'higgins,6,cachapoal,61,malloa,6109,53,205,109,96,74,36,38,131,73,58
14641,libertador general bernardo o'higgins,6,cachapoal,61,malloa,6109,54,230,123,107,90,51,39,140,72,68
14642,libertador general bernardo o'higgins,6,cachapoal,61,malloa,6109,55,202,104,98,74,34,40,128,70,58
14643,libertador general bernardo o'higgins,6,cachapoal,61,malloa,6109,56,189,92,97,68,28,40,121,64,57
14644,libertador general bernardo o'higgins,6,cachapoal,61,malloa,6109,57,190,92,98,76,32,44,114,60,54
14645,libertador general bernardo o'higgins,6,cachapoal,61,malloa,6109,58,188,92,96,81,36,45,107,56,51
14646,libertador general bernardo o'higgins,6,cachapoal,61,malloa,6109,59,172,91,81,69,34,35,103,57,46
14647,libertador general bernardo o'higgins,6,cachapoal,61,malloa,6109,60,172,91,81,67,31,36,105,60,45
14648,libertador general bernardo o'higgins,6,cachapoal,61,malloa,6109,61,154,76,78,55,27,28,99,49,50
14649,libertador general bernardo o'higgins,6,cachapoal,61,malloa,6109,62,142,70,72,50,22,28,92,48,44
14650,libertador general bernardo o'higgins,6,cachapoal,61,malloa,6109,63,142,74,68,52,21,31,90,53,37
14651,libertador general bernardo o'higgins,6,cachapoal,61,malloa,6109,64,128,68,60,53,31,22,75,37,38
14652,libertador general bernardo o'higgins,6,cachapoal,61,malloa,6109,65,137,85,52,58,31,27,79,54,25
14653,libertador general bernardo o'higgins,6,cachapoal,61,malloa,6109,66,125,69,56,49,28,21,76,41,35
14654,libertador general bernardo o'higgins,6,cachapoal,61,malloa,6109,67,105,55,50,50,29,21,55,26,29
14655,libertador general bernardo o'higgins,6,cachapoal,61,malloa,6109,68,130,66,64,41,23,18,89,43,46
14656,libertador general bernardo o'higgins,6,cachapoal,61,malloa,6109,69,105,51,54,43,22,21,62,29,33
14657,libertador general bernardo o'higgins,6,cachapoal,61,malloa,6109,70,111,64,47,41,25,16,70,39,31
14658,libertador general bernardo o'higgins,6,cachapoal,61,malloa,6109,71,124,72,52,47,24,23,77,48,29
14659,libertador general bernardo o'higgins,6,cachapoal,61,malloa,6109,72,106,57,49,28,15,13,78,42,36
14660,libertador general bernardo o'higgins,6,cachapoal,61,malloa,6109,73,83,33,50,30,12,18,53,21,32
14661,libertador general bernardo o'higgins,6,cachapoal,61,malloa,6109,74,79,38,41,25,14,11,54,24,30
14662,libertador general bernardo o'higgins,6,cachapoal,61,malloa,6109,75,62,37,25,24,15,9,38,22,16
14663,libertador general bernardo o'higgins,6,cachapoal,61,malloa,6109,76,77,30,47,21,7,14,56,23,33
14664,libertador general bernardo o'higgins,6,cachapoal,61,malloa,6109,77,62,31,31,25,14,11,37,17,20
14665,libertador general bernardo o'higgins,6,cachapoal,61,malloa,6109,78,55,30,25,19,7,12,36,23,13
14666,libertador general bernardo o'higgins,6,cachapoal,61,malloa,6109,79,63,29,34,20,11,9,43,18,25
14667,libertador general bernardo o'higgins,6,cachapoal,61,malloa,6109,80,43,21,22,17,6,11,26,15,11
14668,libertador general bernardo o'higgins,6,cachapoal,61,malloa,6109,81,39,21,18,14,8,6,25,13,12
14669,libertador general bernardo o'higgins,6,cachapoal,61,malloa,6109,82,42,23,19,18,11,7,24,12,12
14670,libertador general bernardo o'higgins,6,cachapoal,61,malloa,6109,83,49,19,30,11,4,7,38,15,23
14671,libertador general bernardo o'higgins,6,cachapoal,61,malloa,6109,84,31,15,16,7,1,6,24,14,10
14672,libertador general bernardo o'higgins,6,cachapoal,61,malloa,6109,85,41,13,28,15,4,11,26,9,17
14673,libertador general bernardo o'higgins,6,cachapoal,61,malloa,6109,86,26,9,17,7,3,4,19,6,13
14674,libertador general bernardo o'higgins,6,cachapoal,61,malloa,6109,87,32,11,21,11,3,8,21,8,13
14675,libertador general bernardo o'higgins,6,cachapoal,61,malloa,6109,88,20,6,14,9,4,5,11,2,9
14676,libertador general bernardo o'higgins,6,cachapoal,61,malloa,6109,89,11,4,7,5,2,3,6,2,4
14677,libertador general bernardo o'higgins,6,cachapoal,61,malloa,6109,90,9,1,8,2,0,2,7,1,6
14678,libertador general bernardo o'higgins,6,cachapoal,61,malloa,6109,91,10,5,5,6,3,3,4,2,2
14679,libertador general bernardo o'higgins,6,cachapoal,61,malloa,6109,92,5,1,4,2,0,2,3,1,2
14680,libertador general bernardo o'higgins,6,cachapoal,61,malloa,6109,93,13,9,4,4,1,3,9,8,1
14681,libertador general bernardo o'higgins,6,cachapoal,61,malloa,6109,94,10,4,6,3,1,2,7,3,4
14682,libertador general bernardo o'higgins,6,cachapoal,61,malloa,6109,95,5,3,2,0,0,0,5,3,2
14683,libertador general bernardo o'higgins,6,cachapoal,61,malloa,6109,96,3,0,3,1,0,1,2,0,2
14684,libertador general bernardo o'higgins,6,cachapoal,61,malloa,6109,97,3,1,2,0,0,0,3,1,2
14685,libertador general bernardo o'higgins,6,cachapoal,61,malloa,6109,98,2,1,1,0,0,0,2,1,1
14686,libertador general bernardo o'higgins,6,cachapoal,61,malloa,6109,99,1,1,0,0,0,0,1,1,0
14687,libertador general bernardo o'higgins,6,cachapoal,61,malloa,6109,100 o más,1,0,1,1,0,1,0,0,0
14688,libertador general bernardo o'higgins,6,cachapoal,61,mostazal,6110,total comuna,25343,12663,12680,20954,10418,10536,4389,2245,2144
14689,libertador general bernardo o'higgins,6,cachapoal,61,mostazal,6110,0,293,142,151,257,122,135,36,20,16
14690,libertador general bernardo o'higgins,6,cachapoal,61,mostazal,6110,1,364,177,187,307,155,152,57,22,35
14691,libertador general bernardo o'higgins,6,cachapoal,61,mostazal,6110,2,367,181,186,299,142,157,68,39,29
14692,libertador general bernardo o'higgins,6,cachapoal,61,mostazal,6110,3,370,198,172,307,164,143,63,34,29
14693,libertador general bernardo o'higgins,6,cachapoal,61,mostazal,6110,4,387,197,190,326,167,159,61,30,31
14694,libertador general bernardo o'higgins,6,cachapoal,61,mostazal,6110,5,397,204,193,327,174,153,70,30,40
14695,libertador general bernardo o'higgins,6,cachapoal,61,mostazal,6110,6,386,196,190,323,167,156,63,29,34
14696,libertador general bernardo o'higgins,6,cachapoal,61,mostazal,6110,7,350,159,191,285,130,155,65,29,36
14697,libertador general bernardo o'higgins,6,cachapoal,61,mostazal,6110,8,403,188,215,332,158,174,71,30,41
14698,libertador general bernardo o'higgins,6,cachapoal,61,mostazal,6110,9,395,210,185,333,174,159,62,36,26
14699,libertador general bernardo o'higgins,6,cachapoal,61,mostazal,6110,10,364,199,165,294,155,139,70,44,26
14700,libertador general bernardo o'higgins,6,cachapoal,61,mostazal,6110,11,338,188,150,279,153,126,59,35,24
14701,libertador general bernardo o'higgins,6,cachapoal,61,mostazal,6110,12,366,201,165,295,166,129,71,35,36
14702,libertador general bernardo o'higgins,6,cachapoal,61,mostazal,6110,13,356,194,162,293,159,134,63,35,28
14703,libertador general bernardo o'higgins,6,cachapoal,61,mostazal,6110,14,377,190,187,308,157,151,69,33,36
14704,libertador general bernardo o'higgins,6,cachapoal,61,mostazal,6110,15,397,193,204,326,161,165,71,32,39
14705,libertador general bernardo o'higgins,6,cachapoal,61,mostazal,6110,16,389,197,192,323,162,161,66,35,31
14706,libertador general bernardo o'higgins,6,cachapoal,61,mostazal,6110,17,386,181,205,318,149,169,68,32,36
14707,libertador general bernardo o'higgins,6,cachapoal,61,mostazal,6110,18,375,172,203,318,151,167,57,21,36
14708,libertador general bernardo o'higgins,6,cachapoal,61,mostazal,6110,19,360,184,176,302,155,147,58,29,29
14709,libertador general bernardo o'higgins,6,cachapoal,61,mostazal,6110,20,364,193,171,311,164,147,53,29,24
14710,libertador general bernardo o'higgins,6,cachapoal,61,mostazal,6110,21,361,169,192,313,150,163,48,19,29
14711,libertador general bernardo o'higgins,6,cachapoal,61,mostazal,6110,22,389,213,176,325,179,146,64,34,30
14712,libertador general bernardo o'higgins,6,cachapoal,61,mostazal,6110,23,369,185,184,305,157,148,64,28,36
14713,libertador general bernardo o'higgins,6,cachapoal,61,mostazal,6110,24,356,165,191,304,141,163,52,24,28
14714,libertador general bernardo o'higgins,6,cachapoal,61,mostazal,6110,25,392,180,212,321,145,176,71,35,36
14715,libertador general bernardo o'higgins,6,cachapoal,61,mostazal,6110,26,418,215,203,364,192,172,54,23,31
14716,libertador general bernardo o'higgins,6,cachapoal,61,mostazal,6110,27,388,213,175,318,175,143,70,38,32
14717,libertador general bernardo o'higgins,6,cachapoal,61,mostazal,6110,28,355,165,190,302,137,165,53,28,25
14718,libertador general bernardo o'higgins,6,cachapoal,61,mostazal,6110,29,356,181,175,300,156,144,56,25,31
14719,libertador general bernardo o'higgins,6,cachapoal,61,mostazal,6110,30,329,163,166,275,137,138,54,26,28
14720,libertador general bernardo o'higgins,6,cachapoal,61,mostazal,6110,31,337,168,169,280,139,141,57,29,28
14721,libertador general bernardo o'higgins,6,cachapoal,61,mostazal,6110,32,295,153,142,239,129,110,56,24,32
14722,libertador general bernardo o'higgins,6,cachapoal,61,mostazal,6110,33,316,158,158,254,128,126,62,30,32
14723,libertador general bernardo o'higgins,6,cachapoal,61,mostazal,6110,34,309,134,175,253,108,145,56,26,30
14724,libertador general bernardo o'higgins,6,cachapoal,61,mostazal,6110,35,360,181,179,302,152,150,58,29,29
14725,libertador general bernardo o'higgins,6,cachapoal,61,mostazal,6110,36,332,171,161,280,144,136,52,27,25
14726,libertador general bernardo o'higgins,6,cachapoal,61,mostazal,6110,37,351,163,188,294,138,156,57,25,32
14727,libertador general bernardo o'higgins,6,cachapoal,61,mostazal,6110,38,294,165,129,230,130,100,64,35,29
14728,libertador general bernardo o'higgins,6,cachapoal,61,mostazal,6110,39,356,171,185,275,136,139,81,35,46
14729,libertador general bernardo o'higgins,6,cachapoal,61,mostazal,6110,40,344,189,155,269,140,129,75,49,26
14730,libertador general bernardo o'higgins,6,cachapoal,61,mostazal,6110,41,325,149,176,260,124,136,65,25,40
14731,libertador general bernardo o'higgins,6,cachapoal,61,mostazal,6110,42,369,192,177,309,157,152,60,35,25
14732,libertador general bernardo o'higgins,6,cachapoal,61,mostazal,6110,43,382,190,192,297,146,151,85,44,41
14733,libertador general bernardo o'higgins,6,cachapoal,61,mostazal,6110,44,366,181,185,300,145,155,66,36,30
14734,libertador general bernardo o'higgins,6,cachapoal,61,mostazal,6110,45,359,197,162,283,154,129,76,43,33
14735,libertador general bernardo o'higgins,6,cachapoal,61,mostazal,6110,46,324,159,165,268,130,138,56,29,27
14736,libertador general bernardo o'higgins,6,cachapoal,61,mostazal,6110,47,306,160,146,251,131,120,55,29,26
14737,libertador general bernardo o'higgins,6,cachapoal,61,mostazal,6110,48,350,170,180,286,132,154,64,38,26
14738,libertador general bernardo o'higgins,6,cachapoal,61,mostazal,6110,49,348,159,189,287,133,154,61,26,35
14739,libertador general bernardo o'higgins,6,cachapoal,61,mostazal,6110,50,326,144,182,272,116,156,54,28,26
14740,libertador general bernardo o'higgins,6,cachapoal,61,mostazal,6110,51,327,162,165,267,134,133,60,28,32
14741,libertador general bernardo o'higgins,6,cachapoal,61,mostazal,6110,52,343,177,166,279,141,138,64,36,28
14742,libertador general bernardo o'higgins,6,cachapoal,61,mostazal,6110,53,387,192,195,318,151,167,69,41,28
14743,libertador general bernardo o'higgins,6,cachapoal,61,mostazal,6110,54,357,183,174,301,155,146,56,28,28
14744,libertador general bernardo o'higgins,6,cachapoal,61,mostazal,6110,55,347,164,183,281,126,155,66,38,28
14745,libertador general bernardo o'higgins,6,cachapoal,61,mostazal,6110,56,352,183,169,284,139,145,68,44,24
14746,libertador general bernardo o'higgins,6,cachapoal,61,mostazal,6110,57,310,147,163,265,122,143,45,25,20
14747,libertador general bernardo o'higgins,6,cachapoal,61,mostazal,6110,58,294,118,176,234,95,139,60,23,37
14748,libertador general bernardo o'higgins,6,cachapoal,61,mostazal,6110,59,313,147,166,256,121,135,57,26,31
14749,libertador general bernardo o'higgins,6,cachapoal,61,mostazal,6110,60,273,147,126,221,113,108,52,34,18
14750,libertador general bernardo o'higgins,6,cachapoal,61,mostazal,6110,61,256,141,115,219,119,100,37,22,15
14751,libertador general bernardo o'higgins,6,cachapoal,61,mostazal,6110,62,233,126,107,194,104,90,39,22,17
14752,libertador general bernardo o'higgins,6,cachapoal,61,mostazal,6110,63,243,137,106,198,111,87,45,26,19
14753,libertador general bernardo o'higgins,6,cachapoal,61,mostazal,6110,64,237,123,114,205,107,98,32,16,16
14754,libertador general bernardo o'higgins,6,cachapoal,61,mostazal,6110,65,219,108,111,181,92,89,38,16,22
14755,libertador general bernardo o'higgins,6,cachapoal,61,mostazal,6110,66,190,97,93,161,81,80,29,16,13
14756,libertador general bernardo o'higgins,6,cachapoal,61,mostazal,6110,67,208,106,102,178,89,89,30,17,13
14757,libertador general bernardo o'higgins,6,cachapoal,61,mostazal,6110,68,188,93,95,150,70,80,38,23,15
14758,libertador general bernardo o'higgins,6,cachapoal,61,mostazal,6110,69,176,84,92,149,71,78,27,13,14
14759,libertador general bernardo o'higgins,6,cachapoal,61,mostazal,6110,70,139,65,74,109,50,59,30,15,15
14760,libertador general bernardo o'higgins,6,cachapoal,61,mostazal,6110,71,169,84,85,140,67,73,29,17,12
14761,libertador general bernardo o'higgins,6,cachapoal,61,mostazal,6110,72,144,62,82,122,48,74,22,14,8
14762,libertador general bernardo o'higgins,6,cachapoal,61,mostazal,6110,73,150,74,76,123,60,63,27,14,13
14763,libertador general bernardo o'higgins,6,cachapoal,61,mostazal,6110,74,154,79,75,128,61,67,26,18,8
14764,libertador general bernardo o'higgins,6,cachapoal,61,mostazal,6110,75,121,66,55,95,51,44,26,15,11
14765,libertador general bernardo o'higgins,6,cachapoal,61,mostazal,6110,76,99,57,42,83,47,36,16,10,6
14766,libertador general bernardo o'higgins,6,cachapoal,61,mostazal,6110,77,84,41,43,72,35,37,12,6,6
14767,libertador general bernardo o'higgins,6,cachapoal,61,mostazal,6110,78,110,55,55,96,49,47,14,6,8
14768,libertador general bernardo o'higgins,6,cachapoal,61,mostazal,6110,79,91,46,45,78,37,41,13,9,4
14769,libertador general bernardo o'higgins,6,cachapoal,61,mostazal,6110,80,80,40,40,67,31,36,13,9,4
14770,libertador general bernardo o'higgins,6,cachapoal,61,mostazal,6110,81,58,27,31,44,20,24,14,7,7
14771,libertador general bernardo o'higgins,6,cachapoal,61,mostazal,6110,82,68,32,36,56,27,29,12,5,7
14772,libertador general bernardo o'higgins,6,cachapoal,61,mostazal,6110,83,60,25,35,51,21,30,9,4,5
14773,libertador general bernardo o'higgins,6,cachapoal,61,mostazal,6110,84,51,24,27,44,21,23,7,3,4
14774,libertador general bernardo o'higgins,6,cachapoal,61,mostazal,6110,85,43,19,24,38,16,22,5,3,2
14775,libertador general bernardo o'higgins,6,cachapoal,61,mostazal,6110,86,38,19,19,31,14,17,7,5,2
14776,libertador general bernardo o'higgins,6,cachapoal,61,mostazal,6110,87,35,11,24,30,9,21,5,2,3
14777,libertador general bernardo o'higgins,6,cachapoal,61,mostazal,6110,88,33,11,22,30,11,19,3,0,3
14778,libertador general bernardo o'higgins,6,cachapoal,61,mostazal,6110,89,30,11,19,18,7,11,12,4,8
14779,libertador general bernardo o'higgins,6,cachapoal,61,mostazal,6110,90,22,8,14,22,8,14,0,0,0
14780,libertador general bernardo o'higgins,6,cachapoal,61,mostazal,6110,91,22,8,14,20,7,13,2,1,1
14781,libertador general bernardo o'higgins,6,cachapoal,61,mostazal,6110,92,8,2,6,6,1,5,2,1,1
14782,libertador general bernardo o'higgins,6,cachapoal,61,mostazal,6110,93,7,4,3,7,4,3,0,0,0
14783,libertador general bernardo o'higgins,6,cachapoal,61,mostazal,6110,94,9,4,5,7,2,5,2,2,0
14784,libertador general bernardo o'higgins,6,cachapoal,61,mostazal,6110,95,4,1,3,4,1,3,0,0,0
14785,libertador general bernardo o'higgins,6,cachapoal,61,mostazal,6110,96,4,1,3,2,1,1,2,0,2
14786,libertador general bernardo o'higgins,6,cachapoal,61,mostazal,6110,97,1,0,1,1,0,1,0,0,0
14787,libertador general bernardo o'higgins,6,cachapoal,61,mostazal,6110,98,0,0,0,0,0,0,0,0,0
14788,libertador general bernardo o'higgins,6,cachapoal,61,mostazal,6110,99,2,1,1,2,1,1,0,0,0
14789,libertador general bernardo o'higgins,6,cachapoal,61,mostazal,6110,100 o más,8,4,4,8,4,4,0,0,0
14790,libertador general bernardo o'higgins,6,cachapoal,61,olivar,6111,total comuna,13608,6822,6786,9288,4636,4652,4320,2186,2134
14791,libertador general bernardo o'higgins,6,cachapoal,61,olivar,6111,0,165,79,86,126,59,67,39,20,19
14792,libertador general bernardo o'higgins,6,cachapoal,61,olivar,6111,1,188,98,90,124,64,60,64,34,30
14793,libertador general bernardo o'higgins,6,cachapoal,61,olivar,6111,2,201,91,110,139,68,71,62,23,39
14794,libertador general bernardo o'higgins,6,cachapoal,61,olivar,6111,3,200,94,106,142,68,74,58,26,32
14795,libertador general bernardo o'higgins,6,cachapoal,61,olivar,6111,4,176,88,88,110,55,55,66,33,33
14796,libertador general bernardo o'higgins,6,cachapoal,61,olivar,6111,5,201,98,103,137,72,65,64,26,38
14797,libertador general bernardo o'higgins,6,cachapoal,61,olivar,6111,6,198,108,90,125,72,53,73,36,37
14798,libertador general bernardo o'higgins,6,cachapoal,61,olivar,6111,7,216,102,114,139,67,72,77,35,42
14799,libertador general bernardo o'higgins,6,cachapoal,61,olivar,6111,8,200,102,98,128,64,64,72,38,34
14800,libertador general bernardo o'higgins,6,cachapoal,61,olivar,6111,9,206,106,100,136,69,67,70,37,33
14801,libertador general bernardo o'higgins,6,cachapoal,61,olivar,6111,10,178,92,86,124,64,60,54,28,26
14802,libertador general bernardo o'higgins,6,cachapoal,61,olivar,6111,11,173,89,84,117,65,52,56,24,32
14803,libertador general bernardo o'higgins,6,cachapoal,61,olivar,6111,12,176,96,80,108,64,44,68,32,36
14804,libertador general bernardo o'higgins,6,cachapoal,61,olivar,6111,13,195,104,91,134,64,70,61,40,21
14805,libertador general bernardo o'higgins,6,cachapoal,61,olivar,6111,14,206,112,94,131,67,64,75,45,30
14806,libertador general bernardo o'higgins,6,cachapoal,61,olivar,6111,15,218,124,94,141,83,58,77,41,36
14807,libertador general bernardo o'higgins,6,cachapoal,61,olivar,6111,16,235,120,115,164,84,80,71,36,35
14808,libertador general bernardo o'higgins,6,cachapoal,61,olivar,6111,17,216,97,119,142,62,80,74,35,39
14809,libertador general bernardo o'higgins,6,cachapoal,61,olivar,6111,18,190,91,99,128,64,64,62,27,35
14810,libertador general bernardo o'higgins,6,cachapoal,61,olivar,6111,19,196,99,97,138,70,68,58,29,29
14811,libertador general bernardo o'higgins,6,cachapoal,61,olivar,6111,20,187,90,97,119,56,63,68,34,34
14812,libertador general bernardo o'higgins,6,cachapoal,61,olivar,6111,21,178,83,95,135,63,72,43,20,23
14813,libertador general bernardo o'higgins,6,cachapoal,61,olivar,6111,22,181,91,90,128,59,69,53,32,21
14814,libertador general bernardo o'higgins,6,cachapoal,61,olivar,6111,23,185,100,85,134,69,65,51,31,20
14815,libertador general bernardo o'higgins,6,cachapoal,61,olivar,6111,24,205,107,98,151,79,72,54,28,26
14816,libertador general bernardo o'higgins,6,cachapoal,61,olivar,6111,25,204,97,107,145,71,74,59,26,33
14817,libertador general bernardo o'higgins,6,cachapoal,61,olivar,6111,26,204,95,109,141,64,77,63,31,32
14818,libertador general bernardo o'higgins,6,cachapoal,61,olivar,6111,27,222,123,99,164,93,71,58,30,28
14819,libertador general bernardo o'higgins,6,cachapoal,61,olivar,6111,28,195,107,88,128,69,59,67,38,29
14820,libertador general bernardo o'higgins,6,cachapoal,61,olivar,6111,29,186,88,98,125,60,65,61,28,33
14821,libertador general bernardo o'higgins,6,cachapoal,61,olivar,6111,30,201,107,94,137,70,67,64,37,27
14822,libertador general bernardo o'higgins,6,cachapoal,61,olivar,6111,31,154,88,66,108,67,41,46,21,25
14823,libertador general bernardo o'higgins,6,cachapoal,61,olivar,6111,32,174,81,93,129,59,70,45,22,23
14824,libertador general bernardo o'higgins,6,cachapoal,61,olivar,6111,33,174,78,96,123,55,68,51,23,28
14825,libertador general bernardo o'higgins,6,cachapoal,61,olivar,6111,34,183,118,65,114,71,43,69,47,22
14826,libertador general bernardo o'higgins,6,cachapoal,61,olivar,6111,35,172,88,84,122,67,55,50,21,29
14827,libertador general bernardo o'higgins,6,cachapoal,61,olivar,6111,36,185,91,94,121,63,58,64,28,36
14828,libertador general bernardo o'higgins,6,cachapoal,61,olivar,6111,37,168,82,86,108,53,55,60,29,31
14829,libertador general bernardo o'higgins,6,cachapoal,61,olivar,6111,38,190,85,105,111,51,60,79,34,45
14830,libertador general bernardo o'higgins,6,cachapoal,61,olivar,6111,39,171,90,81,114,60,54,57,30,27
14831,libertador general bernardo o'higgins,6,cachapoal,61,olivar,6111,40,198,87,111,138,58,80,60,29,31
14832,libertador general bernardo o'higgins,6,cachapoal,61,olivar,6111,41,180,92,88,111,59,52,69,33,36
14833,libertador general bernardo o'higgins,6,cachapoal,61,olivar,6111,42,213,107,106,144,76,68,69,31,38
14834,libertador general bernardo o'higgins,6,cachapoal,61,olivar,6111,43,207,103,104,133,72,61,74,31,43
14835,libertador general bernardo o'higgins,6,cachapoal,61,olivar,6111,44,232,109,123,157,73,84,75,36,39
14836,libertador general bernardo o'higgins,6,cachapoal,61,olivar,6111,45,207,106,101,147,74,73,60,32,28
14837,libertador general bernardo o'higgins,6,cachapoal,61,olivar,6111,46,173,96,77,118,61,57,55,35,20
14838,libertador general bernardo o'higgins,6,cachapoal,61,olivar,6111,47,195,89,106,147,65,82,48,24,24
14839,libertador general bernardo o'higgins,6,cachapoal,61,olivar,6111,48,205,110,95,138,75,63,67,35,32
14840,libertador general bernardo o'higgins,6,cachapoal,61,olivar,6111,49,207,116,91,122,67,55,85,49,36
14841,libertador general bernardo o'higgins,6,cachapoal,61,olivar,6111,50,204,104,100,134,66,68,70,38,32
14842,libertador general bernardo o'higgins,6,cachapoal,61,olivar,6111,51,169,85,84,118,59,59,51,26,25
14843,libertador general bernardo o'higgins,6,cachapoal,61,olivar,6111,52,185,90,95,127,61,66,58,29,29
14844,libertador general bernardo o'higgins,6,cachapoal,61,olivar,6111,53,171,79,92,118,54,64,53,25,28
14845,libertador general bernardo o'higgins,6,cachapoal,61,olivar,6111,54,185,91,94,127,59,68,58,32,26
14846,libertador general bernardo o'higgins,6,cachapoal,61,olivar,6111,55,193,99,94,126,63,63,67,36,31
14847,libertador general bernardo o'higgins,6,cachapoal,61,olivar,6111,56,153,79,74,104,50,54,49,29,20
14848,libertador general bernardo o'higgins,6,cachapoal,61,olivar,6111,57,181,86,95,127,61,66,54,25,29
14849,libertador general bernardo o'higgins,6,cachapoal,61,olivar,6111,58,146,68,78,100,44,56,46,24,22
14850,libertador general bernardo o'higgins,6,cachapoal,61,olivar,6111,59,167,77,90,117,55,62,50,22,28
14851,libertador general bernardo o'higgins,6,cachapoal,61,olivar,6111,60,164,87,77,119,55,64,45,32,13
14852,libertador general bernardo o'higgins,6,cachapoal,61,olivar,6111,61,171,93,78,114,61,53,57,32,25
14853,libertador general bernardo o'higgins,6,cachapoal,61,olivar,6111,62,152,81,71,108,54,54,44,27,17
14854,libertador general bernardo o'higgins,6,cachapoal,61,olivar,6111,63,141,72,69,98,48,50,43,24,19
14855,libertador general bernardo o'higgins,6,cachapoal,61,olivar,6111,64,115,59,56,80,40,40,35,19,16
14856,libertador general bernardo o'higgins,6,cachapoal,61,olivar,6111,65,126,67,59,94,47,47,32,20,12
14857,libertador general bernardo o'higgins,6,cachapoal,61,olivar,6111,66,126,66,60,85,48,37,41,18,23
14858,libertador general bernardo o'higgins,6,cachapoal,61,olivar,6111,67,88,47,41,65,37,28,23,10,13
14859,libertador general bernardo o'higgins,6,cachapoal,61,olivar,6111,68,89,38,51,54,26,28,35,12,23
14860,libertador general bernardo o'higgins,6,cachapoal,61,olivar,6111,69,87,44,43,60,27,33,27,17,10
14861,libertador general bernardo o'higgins,6,cachapoal,61,olivar,6111,70,96,47,49,71,35,36,25,12,13
14862,libertador general bernardo o'higgins,6,cachapoal,61,olivar,6111,71,82,44,38,58,33,25,24,11,13
14863,libertador general bernardo o'higgins,6,cachapoal,61,olivar,6111,72,69,31,38,48,21,27,21,10,11
14864,libertador general bernardo o'higgins,6,cachapoal,61,olivar,6111,73,66,24,42,37,11,26,29,13,16
14865,libertador general bernardo o'higgins,6,cachapoal,61,olivar,6111,74,63,33,30,50,25,25,13,8,5
14866,libertador general bernardo o'higgins,6,cachapoal,61,olivar,6111,75,56,26,30,37,16,21,19,10,9
14867,libertador general bernardo o'higgins,6,cachapoal,61,olivar,6111,76,52,24,28,41,16,25,11,8,3
14868,libertador general bernardo o'higgins,6,cachapoal,61,olivar,6111,77,48,23,25,35,18,17,13,5,8
14869,libertador general bernardo o'higgins,6,cachapoal,61,olivar,6111,78,46,25,21,36,20,16,10,5,5
14870,libertador general bernardo o'higgins,6,cachapoal,61,olivar,6111,79,50,24,26,33,15,18,17,9,8
14871,libertador general bernardo o'higgins,6,cachapoal,61,olivar,6111,80,39,17,22,30,12,18,9,5,4
14872,libertador general bernardo o'higgins,6,cachapoal,61,olivar,6111,81,30,14,16,23,9,14,7,5,2
14873,libertador general bernardo o'higgins,6,cachapoal,61,olivar,6111,82,34,13,21,25,11,14,9,2,7
14874,libertador general bernardo o'higgins,6,cachapoal,61,olivar,6111,83,33,10,23,22,8,14,11,2,9
14875,libertador general bernardo o'higgins,6,cachapoal,61,olivar,6111,84,22,7,15,18,5,13,4,2,2
14876,libertador general bernardo o'higgins,6,cachapoal,61,olivar,6111,85,25,13,12,17,9,8,8,4,4
14877,libertador general bernardo o'higgins,6,cachapoal,61,olivar,6111,86,21,7,14,13,3,10,8,4,4
14878,libertador general bernardo o'higgins,6,cachapoal,61,olivar,6111,87,14,6,8,12,6,6,2,0,2
14879,libertador general bernardo o'higgins,6,cachapoal,61,olivar,6111,88,13,5,8,10,4,6,3,1,2
14880,libertador general bernardo o'higgins,6,cachapoal,61,olivar,6111,89,21,10,11,18,9,9,3,1,2
14881,libertador general bernardo o'higgins,6,cachapoal,61,olivar,6111,90,12,3,9,9,3,6,3,0,3
14882,libertador general bernardo o'higgins,6,cachapoal,61,olivar,6111,91,8,2,6,7,1,6,1,1,0
14883,libertador general bernardo o'higgins,6,cachapoal,61,olivar,6111,92,8,3,5,5,3,2,3,0,3
14884,libertador general bernardo o'higgins,6,cachapoal,61,olivar,6111,93,2,1,1,1,1,0,1,0,1
14885,libertador general bernardo o'higgins,6,cachapoal,61,olivar,6111,94,4,2,2,3,1,2,1,1,0
14886,libertador general bernardo o'higgins,6,cachapoal,61,olivar,6111,95,0,0,0,0,0,0,0,0,0
14887,libertador general bernardo o'higgins,6,cachapoal,61,olivar,6111,96,1,0,1,1,0,1,0,0,0
14888,libertador general bernardo o'higgins,6,cachapoal,61,olivar,6111,97,2,1,1,1,1,0,1,0,1
14889,libertador general bernardo o'higgins,6,cachapoal,61,olivar,6111,98,2,0,2,1,0,1,1,0,1
14890,libertador general bernardo o'higgins,6,cachapoal,61,olivar,6111,99,2,0,2,2,0,2,0,0,0
14891,libertador general bernardo o'higgins,6,cachapoal,61,olivar,6111,100 o más,4,1,3,4,1,3,0,0,0
14892,libertador general bernardo o'higgins,6,cachapoal,61,peumo,6112,total comuna,14313,7237,7076,12000,6010,5990,2313,1227,1086
14893,libertador general bernardo o'higgins,6,cachapoal,61,peumo,6112,0,139,75,64,111,58,53,28,17,11
14894,libertador general bernardo o'higgins,6,cachapoal,61,peumo,6112,1,166,80,86,134,60,74,32,20,12
14895,libertador general bernardo o'higgins,6,cachapoal,61,peumo,6112,2,184,97,87,150,79,71,34,18,16
14896,libertador general bernardo o'higgins,6,cachapoal,61,peumo,6112,3,200,95,105,173,83,90,27,12,15
14897,libertador general bernardo o'higgins,6,cachapoal,61,peumo,6112,4,170,83,87,145,69,76,25,14,11
14898,libertador general bernardo o'higgins,6,cachapoal,61,peumo,6112,5,190,103,87,147,81,66,43,22,21
14899,libertador general bernardo o'higgins,6,cachapoal,61,peumo,6112,6,211,98,113,174,78,96,37,20,17
14900,libertador general bernardo o'higgins,6,cachapoal,61,peumo,6112,7,211,103,108,175,89,86,36,14,22
14901,libertador general bernardo o'higgins,6,cachapoal,61,peumo,6112,8,201,95,106,172,81,91,29,14,15
14902,libertador general bernardo o'higgins,6,cachapoal,61,peumo,6112,9,175,95,80,144,82,62,31,13,18
14903,libertador general bernardo o'higgins,6,cachapoal,61,peumo,6112,10,186,89,97,154,71,83,32,18,14
14904,libertador general bernardo o'higgins,6,cachapoal,61,peumo,6112,11,206,100,106,176,85,91,30,15,15
14905,libertador general bernardo o'higgins,6,cachapoal,61,peumo,6112,12,180,99,81,154,84,70,26,15,11
14906,libertador general bernardo o'higgins,6,cachapoal,61,peumo,6112,13,190,86,104,165,74,91,25,12,13
14907,libertador general bernardo o'higgins,6,cachapoal,61,peumo,6112,14,203,101,102,177,87,90,26,14,12
14908,libertador general bernardo o'higgins,6,cachapoal,61,peumo,6112,15,204,110,94,183,98,85,21,12,9
14909,libertador general bernardo o'higgins,6,cachapoal,61,peumo,6112,16,188,101,87,164,90,74,24,11,13
14910,libertador general bernardo o'higgins,6,cachapoal,61,peumo,6112,17,184,86,98,161,73,88,23,13,10
14911,libertador general bernardo o'higgins,6,cachapoal,61,peumo,6112,18,168,85,83,137,71,66,31,14,17
14912,libertador general bernardo o'higgins,6,cachapoal,61,peumo,6112,19,157,84,73,132,72,60,25,12,13
14913,libertador general bernardo o'higgins,6,cachapoal,61,peumo,6112,20,163,95,68,127,73,54,36,22,14
14914,libertador general bernardo o'higgins,6,cachapoal,61,peumo,6112,21,177,85,92,146,70,76,31,15,16
14915,libertador general bernardo o'higgins,6,cachapoal,61,peumo,6112,22,180,79,101,155,65,90,25,14,11
14916,libertador general bernardo o'higgins,6,cachapoal,61,peumo,6112,23,198,110,88,162,90,72,36,20,16
14917,libertador general bernardo o'higgins,6,cachapoal,61,peumo,6112,24,231,121,110,192,97,95,39,24,15
14918,libertador general bernardo o'higgins,6,cachapoal,61,peumo,6112,25,205,111,94,172,93,79,33,18,15
14919,libertador general bernardo o'higgins,6,cachapoal,61,peumo,6112,26,222,122,100,182,94,88,40,28,12
14920,libertador general bernardo o'higgins,6,cachapoal,61,peumo,6112,27,227,122,105,178,99,79,49,23,26
14921,libertador general bernardo o'higgins,6,cachapoal,61,peumo,6112,28,244,129,115,209,109,100,35,20,15
14922,libertador general bernardo o'higgins,6,cachapoal,61,peumo,6112,29,205,102,103,164,79,85,41,23,18
14923,libertador general bernardo o'higgins,6,cachapoal,61,peumo,6112,30,195,103,92,160,82,78,35,21,14
14924,libertador general bernardo o'higgins,6,cachapoal,61,peumo,6112,31,208,109,99,170,85,85,38,24,14
14925,libertador general bernardo o'higgins,6,cachapoal,61,peumo,6112,32,181,100,81,156,86,70,25,14,11
14926,libertador general bernardo o'higgins,6,cachapoal,61,peumo,6112,33,170,88,82,143,75,68,27,13,14
14927,libertador general bernardo o'higgins,6,cachapoal,61,peumo,6112,34,176,83,93,157,75,82,19,8,11
14928,libertador general bernardo o'higgins,6,cachapoal,61,peumo,6112,35,208,110,98,189,99,90,19,11,8
14929,libertador general bernardo o'higgins,6,cachapoal,61,peumo,6112,36,176,89,87,154,78,76,22,11,11
14930,libertador general bernardo o'higgins,6,cachapoal,61,peumo,6112,37,164,86,78,138,71,67,26,15,11
14931,libertador general bernardo o'higgins,6,cachapoal,61,peumo,6112,38,185,95,90,169,88,81,16,7,9
14932,libertador general bernardo o'higgins,6,cachapoal,61,peumo,6112,39,210,108,102,174,91,83,36,17,19
14933,libertador general bernardo o'higgins,6,cachapoal,61,peumo,6112,40,174,94,80,151,78,73,23,16,7
14934,libertador general bernardo o'higgins,6,cachapoal,61,peumo,6112,41,206,102,104,179,84,95,27,18,9
14935,libertador general bernardo o'higgins,6,cachapoal,61,peumo,6112,42,203,118,85,174,102,72,29,16,13
14936,libertador general bernardo o'higgins,6,cachapoal,61,peumo,6112,43,216,101,115,187,86,101,29,15,14
14937,libertador general bernardo o'higgins,6,cachapoal,61,peumo,6112,44,188,99,89,143,75,68,45,24,21
14938,libertador general bernardo o'higgins,6,cachapoal,61,peumo,6112,45,198,102,96,161,92,69,37,10,27
14939,libertador general bernardo o'higgins,6,cachapoal,61,peumo,6112,46,183,107,76,148,84,64,35,23,12
14940,libertador general bernardo o'higgins,6,cachapoal,61,peumo,6112,47,201,92,109,170,76,94,31,16,15
14941,libertador general bernardo o'higgins,6,cachapoal,61,peumo,6112,48,216,89,127,178,73,105,38,16,22
14942,libertador general bernardo o'higgins,6,cachapoal,61,peumo,6112,49,207,102,105,164,83,81,43,19,24
14943,libertador general bernardo o'higgins,6,cachapoal,61,peumo,6112,50,232,120,112,192,96,96,40,24,16
14944,libertador general bernardo o'higgins,6,cachapoal,61,peumo,6112,51,235,116,119,192,93,99,43,23,20
14945,libertador general bernardo o'higgins,6,cachapoal,61,peumo,6112,52,209,111,98,170,88,82,39,23,16
14946,libertador general bernardo o'higgins,6,cachapoal,61,peumo,6112,53,221,104,117,177,91,86,44,13,31
14947,libertador general bernardo o'higgins,6,cachapoal,61,peumo,6112,54,234,119,115,194,96,98,40,23,17
14948,libertador general bernardo o'higgins,6,cachapoal,61,peumo,6112,55,208,104,104,168,83,85,40,21,19
14949,libertador general bernardo o'higgins,6,cachapoal,61,peumo,6112,56,189,100,89,158,86,72,31,14,17
14950,libertador general bernardo o'higgins,6,cachapoal,61,peumo,6112,57,187,98,89,163,78,85,24,20,4
14951,libertador general bernardo o'higgins,6,cachapoal,61,peumo,6112,58,185,102,83,154,83,71,31,19,12
14952,libertador general bernardo o'higgins,6,cachapoal,61,peumo,6112,59,175,91,84,153,80,73,22,11,11
14953,libertador general bernardo o'higgins,6,cachapoal,61,peumo,6112,60,173,90,83,157,79,78,16,11,5
14954,libertador general bernardo o'higgins,6,cachapoal,61,peumo,6112,61,167,73,94,135,58,77,32,15,17
14955,libertador general bernardo o'higgins,6,cachapoal,61,peumo,6112,62,148,80,68,119,62,57,29,18,11
14956,libertador general bernardo o'higgins,6,cachapoal,61,peumo,6112,63,144,71,73,120,59,61,24,12,12
14957,libertador general bernardo o'higgins,6,cachapoal,61,peumo,6112,64,150,79,71,126,67,59,24,12,12
14958,libertador general bernardo o'higgins,6,cachapoal,61,peumo,6112,65,121,62,59,111,58,53,10,4,6
14959,libertador general bernardo o'higgins,6,cachapoal,61,peumo,6112,66,151,71,80,134,64,70,17,7,10
14960,libertador general bernardo o'higgins,6,cachapoal,61,peumo,6112,67,129,53,76,110,46,64,19,7,12
14961,libertador general bernardo o'higgins,6,cachapoal,61,peumo,6112,68,107,53,54,88,43,45,19,10,9
14962,libertador general bernardo o'higgins,6,cachapoal,61,peumo,6112,69,118,65,53,99,52,47,19,13,6
14963,libertador general bernardo o'higgins,6,cachapoal,61,peumo,6112,70,109,62,47,90,51,39,19,11,8
14964,libertador general bernardo o'higgins,6,cachapoal,61,peumo,6112,71,112,58,54,101,52,49,11,6,5
14965,libertador general bernardo o'higgins,6,cachapoal,61,peumo,6112,72,123,59,64,102,49,53,21,10,11
14966,libertador general bernardo o'higgins,6,cachapoal,61,peumo,6112,73,71,33,38,58,25,33,13,8,5
14967,libertador general bernardo o'higgins,6,cachapoal,61,peumo,6112,74,60,36,24,45,27,18,15,9,6
14968,libertador general bernardo o'higgins,6,cachapoal,61,peumo,6112,75,73,33,40,59,25,34,14,8,6
14969,libertador general bernardo o'higgins,6,cachapoal,61,peumo,6112,76,83,38,45,65,29,36,18,9,9
14970,libertador general bernardo o'higgins,6,cachapoal,61,peumo,6112,77,64,34,30,52,27,25,12,7,5
14971,libertador general bernardo o'higgins,6,cachapoal,61,peumo,6112,78,63,25,38,55,22,33,8,3,5
14972,libertador general bernardo o'higgins,6,cachapoal,61,peumo,6112,79,46,22,24,41,20,21,5,2,3
14973,libertador general bernardo o'higgins,6,cachapoal,61,peumo,6112,80,40,18,22,30,12,18,10,6,4
14974,libertador general bernardo o'higgins,6,cachapoal,61,peumo,6112,81,39,21,18,28,15,13,11,6,5
14975,libertador general bernardo o'higgins,6,cachapoal,61,peumo,6112,82,40,13,27,33,9,24,7,4,3
14976,libertador general bernardo o'higgins,6,cachapoal,61,peumo,6112,83,50,19,31,43,17,26,7,2,5
14977,libertador general bernardo o'higgins,6,cachapoal,61,peumo,6112,84,32,15,17,30,13,17,2,2,0
14978,libertador general bernardo o'higgins,6,cachapoal,61,peumo,6112,85,21,9,12,18,7,11,3,2,1
14979,libertador general bernardo o'higgins,6,cachapoal,61,peumo,6112,86,34,8,26,31,8,23,3,0,3
14980,libertador general bernardo o'higgins,6,cachapoal,61,peumo,6112,87,21,9,12,20,9,11,1,0,1
14981,libertador general bernardo o'higgins,6,cachapoal,61,peumo,6112,88,26,7,19,22,4,18,4,3,1
14982,libertador general bernardo o'higgins,6,cachapoal,61,peumo,6112,89,20,9,11,15,8,7,5,1,4
14983,libertador general bernardo o'higgins,6,cachapoal,61,peumo,6112,90,13,5,8,13,5,8,0,0,0
14984,libertador general bernardo o'higgins,6,cachapoal,61,peumo,6112,91,9,3,6,6,2,4,3,1,2
14985,libertador general bernardo o'higgins,6,cachapoal,61,peumo,6112,92,10,4,6,9,3,6,1,1,0
14986,libertador general bernardo o'higgins,6,cachapoal,61,peumo,6112,93,11,3,8,10,2,8,1,1,0
14987,libertador general bernardo o'higgins,6,cachapoal,61,peumo,6112,94,7,3,4,4,1,3,3,2,1
14988,libertador general bernardo o'higgins,6,cachapoal,61,peumo,6112,95,7,4,3,6,3,3,1,1,0
14989,libertador general bernardo o'higgins,6,cachapoal,61,peumo,6112,96,7,2,5,6,2,4,1,0,1
14990,libertador general bernardo o'higgins,6,cachapoal,61,peumo,6112,97,2,1,1,2,1,1,0,0,0
14991,libertador general bernardo o'higgins,6,cachapoal,61,peumo,6112,98,0,0,0,0,0,0,0,0,0
14992,libertador general bernardo o'higgins,6,cachapoal,61,peumo,6112,99,1,1,0,1,1,0,0,0,0
14993,libertador general bernardo o'higgins,6,cachapoal,61,peumo,6112,100 o más,6,3,3,5,2,3,1,1,0
14994,libertador general bernardo o'higgins,6,cachapoal,61,pichidegua,6113,total comuna,19714,10080,9634,9303,4737,4566,10411,5343,5068
14995,libertador general bernardo o'higgins,6,cachapoal,61,pichidegua,6113,0,208,119,89,94,60,34,114,59,55
14996,libertador general bernardo o'higgins,6,cachapoal,61,pichidegua,6113,1,283,161,122,122,72,50,161,89,72
14997,libertador general bernardo o'higgins,6,cachapoal,61,pichidegua,6113,2,231,114,117,101,49,52,130,65,65
14998,libertador general bernardo o'higgins,6,cachapoal,61,pichidegua,6113,3,268,144,124,128,68,60,140,76,64
14999,libertador general bernardo o'higgins,6,cachapoal,61,pichidegua,6113,4,239,128,111,119,65,54,120,63,57
15000,libertador general bernardo o'higgins,6,cachapoal,61,pichidegua,6113,5,234,131,103,101,62,39,133,69,64
15001,libertador general bernardo o'higgins,6,cachapoal,61,pichidegua,6113,6,275,138,137,132,70,62,143,68,75
15002,libertador general bernardo o'higgins,6,cachapoal,61,pichidegua,6113,7,244,119,125,119,57,62,125,62,63
15003,libertador general bernardo o'higgins,6,cachapoal,61,pichidegua,6113,8,284,143,141,161,93,68,123,50,73
15004,libertador general bernardo o'higgins,6,cachapoal,61,pichidegua,6113,9,269,135,134,122,58,64,147,77,70
15005,libertador general bernardo o'higgins,6,cachapoal,61,pichidegua,6113,10,253,131,122,124,63,61,129,68,61
15006,libertador general bernardo o'higgins,6,cachapoal,61,pichidegua,6113,11,275,144,131,124,66,58,151,78,73
15007,libertador general bernardo o'higgins,6,cachapoal,61,pichidegua,6113,12,209,108,101,112,53,59,97,55,42
15008,libertador general bernardo o'higgins,6,cachapoal,61,pichidegua,6113,13,267,129,138,126,62,64,141,67,74
15009,libertador general bernardo o'higgins,6,cachapoal,61,pichidegua,6113,14,246,130,116,117,68,49,129,62,67
15010,libertador general bernardo o'higgins,6,cachapoal,61,pichidegua,6113,15,300,152,148,139,70,69,161,82,79
15011,libertador general bernardo o'higgins,6,cachapoal,61,pichidegua,6113,16,276,136,140,137,63,74,139,73,66
15012,libertador general bernardo o'higgins,6,cachapoal,61,pichidegua,6113,17,266,143,123,134,70,64,132,73,59
15013,libertador general bernardo o'higgins,6,cachapoal,61,pichidegua,6113,18,223,118,105,108,56,52,115,62,53
15014,libertador general bernardo o'higgins,6,cachapoal,61,pichidegua,6113,19,174,91,83,94,49,45,80,42,38
15015,libertador general bernardo o'higgins,6,cachapoal,61,pichidegua,6113,20,214,97,117,105,52,53,109,45,64
15016,libertador general bernardo o'higgins,6,cachapoal,61,pichidegua,6113,21,247,125,122,109,45,64,138,80,58
15017,libertador general bernardo o'higgins,6,cachapoal,61,pichidegua,6113,22,272,139,133,130,72,58,142,67,75
15018,libertador general bernardo o'higgins,6,cachapoal,61,pichidegua,6113,23,237,142,95,114,70,44,123,72,51
15019,libertador general bernardo o'higgins,6,cachapoal,61,pichidegua,6113,24,245,118,127,123,52,71,122,66,56
15020,libertador general bernardo o'higgins,6,cachapoal,61,pichidegua,6113,25,278,142,136,141,69,72,137,73,64
15021,libertador general bernardo o'higgins,6,cachapoal,61,pichidegua,6113,26,253,140,113,134,74,60,119,66,53
15022,libertador general bernardo o'higgins,6,cachapoal,61,pichidegua,6113,27,277,145,132,125,63,62,152,82,70
15023,libertador general bernardo o'higgins,6,cachapoal,61,pichidegua,6113,28,248,114,134,117,57,60,131,57,74
15024,libertador general bernardo o'higgins,6,cachapoal,61,pichidegua,6113,29,257,132,125,128,71,57,129,61,68
15025,libertador general bernardo o'higgins,6,cachapoal,61,pichidegua,6113,30,286,137,149,139,69,70,147,68,79
15026,libertador general bernardo o'higgins,6,cachapoal,61,pichidegua,6113,31,264,140,124,120,61,59,144,79,65
15027,libertador general bernardo o'higgins,6,cachapoal,61,pichidegua,6113,32,232,113,119,111,52,59,121,61,60
15028,libertador general bernardo o'higgins,6,cachapoal,61,pichidegua,6113,33,224,105,119,108,55,53,116,50,66
15029,libertador general bernardo o'higgins,6,cachapoal,61,pichidegua,6113,34,228,107,121,101,49,52,127,58,69
15030,libertador general bernardo o'higgins,6,cachapoal,61,pichidegua,6113,35,232,116,116,121,60,61,111,56,55
15031,libertador general bernardo o'higgins,6,cachapoal,61,pichidegua,6113,36,269,141,128,127,62,65,142,79,63
15032,libertador general bernardo o'higgins,6,cachapoal,61,pichidegua,6113,37,232,136,96,110,60,50,122,76,46
15033,libertador general bernardo o'higgins,6,cachapoal,61,pichidegua,6113,38,235,128,107,107,57,50,128,71,57
15034,libertador general bernardo o'higgins,6,cachapoal,61,pichidegua,6113,39,281,135,146,124,66,58,157,69,88
15035,libertador general bernardo o'higgins,6,cachapoal,61,pichidegua,6113,40,277,124,153,130,62,68,147,62,85
15036,libertador general bernardo o'higgins,6,cachapoal,61,pichidegua,6113,41,287,145,142,136,70,66,151,75,76
15037,libertador general bernardo o'higgins,6,cachapoal,61,pichidegua,6113,42,258,135,123,113,57,56,145,78,67
15038,libertador general bernardo o'higgins,6,cachapoal,61,pichidegua,6113,43,261,123,138,112,48,64,149,75,74
15039,libertador general bernardo o'higgins,6,cachapoal,61,pichidegua,6113,44,271,133,138,127,60,67,144,73,71
15040,libertador general bernardo o'higgins,6,cachapoal,61,pichidegua,6113,45,309,136,173,137,62,75,172,74,98
15041,libertador general bernardo o'higgins,6,cachapoal,61,pichidegua,6113,46,282,131,151,133,59,74,149,72,77
15042,libertador general bernardo o'higgins,6,cachapoal,61,pichidegua,6113,47,322,164,158,169,77,92,153,87,66
15043,libertador general bernardo o'higgins,6,cachapoal,61,pichidegua,6113,48,312,163,149,158,89,69,154,74,80
15044,libertador general bernardo o'higgins,6,cachapoal,61,pichidegua,6113,49,325,169,156,159,87,72,166,82,84
15045,libertador general bernardo o'higgins,6,cachapoal,61,pichidegua,6113,50,320,160,160,168,80,88,152,80,72
15046,libertador general bernardo o'higgins,6,cachapoal,61,pichidegua,6113,51,334,161,173,159,74,85,175,87,88
15047,libertador general bernardo o'higgins,6,cachapoal,61,pichidegua,6113,52,306,158,148,144,76,68,162,82,80
15048,libertador general bernardo o'higgins,6,cachapoal,61,pichidegua,6113,53,321,155,166,137,71,66,184,84,100
15049,libertador general bernardo o'higgins,6,cachapoal,61,pichidegua,6113,54,272,153,119,131,63,68,141,90,51
15050,libertador general bernardo o'higgins,6,cachapoal,61,pichidegua,6113,55,294,144,150,120,57,63,174,87,87
15051,libertador general bernardo o'higgins,6,cachapoal,61,pichidegua,6113,56,286,142,144,145,69,76,141,73,68
15052,libertador general bernardo o'higgins,6,cachapoal,61,pichidegua,6113,57,252,131,121,110,55,55,142,76,66
15053,libertador general bernardo o'higgins,6,cachapoal,61,pichidegua,6113,58,262,133,129,111,58,53,151,75,76
15054,libertador general bernardo o'higgins,6,cachapoal,61,pichidegua,6113,59,245,133,112,117,62,55,128,71,57
15055,libertador general bernardo o'higgins,6,cachapoal,61,pichidegua,6113,60,261,137,124,130,64,66,131,73,58
15056,libertador general bernardo o'higgins,6,cachapoal,61,pichidegua,6113,61,264,139,125,115,60,55,149,79,70
15057,libertador general bernardo o'higgins,6,cachapoal,61,pichidegua,6113,62,209,115,94,90,49,41,119,66,53
15058,libertador general bernardo o'higgins,6,cachapoal,61,pichidegua,6113,63,246,128,118,115,56,59,131,72,59
15059,libertador general bernardo o'higgins,6,cachapoal,61,pichidegua,6113,64,221,118,103,97,51,46,124,67,57
15060,libertador general bernardo o'higgins,6,cachapoal,61,pichidegua,6113,65,210,112,98,87,46,41,123,66,57
15061,libertador general bernardo o'higgins,6,cachapoal,61,pichidegua,6113,66,190,103,87,90,47,43,100,56,44
15062,libertador general bernardo o'higgins,6,cachapoal,61,pichidegua,6113,67,212,110,102,105,54,51,107,56,51
15063,libertador general bernardo o'higgins,6,cachapoal,61,pichidegua,6113,68,167,86,81,79,40,39,88,46,42
15064,libertador general bernardo o'higgins,6,cachapoal,61,pichidegua,6113,69,165,95,70,70,44,26,95,51,44
15065,libertador general bernardo o'higgins,6,cachapoal,61,pichidegua,6113,70,154,79,75,67,29,38,87,50,37
15066,libertador general bernardo o'higgins,6,cachapoal,61,pichidegua,6113,71,147,80,67,63,36,27,84,44,40
15067,libertador general bernardo o'higgins,6,cachapoal,61,pichidegua,6113,72,139,78,61,71,43,28,68,35,33
15068,libertador general bernardo o'higgins,6,cachapoal,61,pichidegua,6113,73,119,70,49,55,35,20,64,35,29
15069,libertador general bernardo o'higgins,6,cachapoal,61,pichidegua,6113,74,113,55,58,51,26,25,62,29,33
15070,libertador general bernardo o'higgins,6,cachapoal,61,pichidegua,6113,75,113,51,62,54,25,29,59,26,33
15071,libertador general bernardo o'higgins,6,cachapoal,61,pichidegua,6113,76,101,50,51,48,22,26,53,28,25
15072,libertador general bernardo o'higgins,6,cachapoal,61,pichidegua,6113,77,76,38,38,35,19,16,41,19,22
15073,libertador general bernardo o'higgins,6,cachapoal,61,pichidegua,6113,78,91,45,46,30,13,17,61,32,29
15074,libertador general bernardo o'higgins,6,cachapoal,61,pichidegua,6113,79,81,35,46,48,22,26,33,13,20
15075,libertador general bernardo o'higgins,6,cachapoal,61,pichidegua,6113,80,78,43,35,40,24,16,38,19,19
15076,libertador general bernardo o'higgins,6,cachapoal,61,pichidegua,6113,81,51,29,22,21,12,9,30,17,13
15077,libertador general bernardo o'higgins,6,cachapoal,61,pichidegua,6113,82,75,45,30,39,16,23,36,29,7
15078,libertador general bernardo o'higgins,6,cachapoal,61,pichidegua,6113,83,52,21,31,28,10,18,24,11,13
15079,libertador general bernardo o'higgins,6,cachapoal,61,pichidegua,6113,84,59,35,24,25,15,10,34,20,14
15080,libertador general bernardo o'higgins,6,cachapoal,61,pichidegua,6113,85,32,12,20,9,5,4,23,7,16
15081,libertador general bernardo o'higgins,6,cachapoal,61,pichidegua,6113,86,36,16,20,20,9,11,16,7,9
15082,libertador general bernardo o'higgins,6,cachapoal,61,pichidegua,6113,87,35,20,15,15,8,7,20,12,8
15083,libertador general bernardo o'higgins,6,cachapoal,61,pichidegua,6113,88,51,22,29,23,10,13,28,12,16
15084,libertador general bernardo o'higgins,6,cachapoal,61,pichidegua,6113,89,38,15,23,14,6,8,24,9,15
15085,libertador general bernardo o'higgins,6,cachapoal,61,pichidegua,6113,90,26,9,17,14,4,10,12,5,7
15086,libertador general bernardo o'higgins,6,cachapoal,61,pichidegua,6113,91,14,6,8,8,3,5,6,3,3
15087,libertador general bernardo o'higgins,6,cachapoal,61,pichidegua,6113,92,17,6,11,9,4,5,8,2,6
15088,libertador general bernardo o'higgins,6,cachapoal,61,pichidegua,6113,93,10,5,5,1,0,1,9,5,4
15089,libertador general bernardo o'higgins,6,cachapoal,61,pichidegua,6113,94,11,3,8,4,1,3,7,2,5
15090,libertador general bernardo o'higgins,6,cachapoal,61,pichidegua,6113,95,5,2,3,1,0,1,4,2,2
15091,libertador general bernardo o'higgins,6,cachapoal,61,pichidegua,6113,96,8,4,4,4,0,4,4,4,0
15092,libertador general bernardo o'higgins,6,cachapoal,61,pichidegua,6113,97,1,1,0,1,1,0,0,0,0
15093,libertador general bernardo o'higgins,6,cachapoal,61,pichidegua,6113,98,1,1,0,1,1,0,0,0,0
15094,libertador general bernardo o'higgins,6,cachapoal,61,pichidegua,6113,99,1,0,1,0,0,0,1,0,1
15095,libertador general bernardo o'higgins,6,cachapoal,61,pichidegua,6113,100 o más,3,2,1,2,1,1,1,1,0
15096,libertador general bernardo o'higgins,6,cachapoal,61,quinta de tilcoco,6114,total comuna,13002,6519,6483,7278,3575,3703,5724,2944,2780
15097,libertador general bernardo o'higgins,6,cachapoal,61,quinta de tilcoco,6114,0,120,56,64,61,29,32,59,27,32
15098,libertador general bernardo o'higgins,6,cachapoal,61,quinta de tilcoco,6114,1,168,96,72,96,54,42,72,42,30
15099,libertador general bernardo o'higgins,6,cachapoal,61,quinta de tilcoco,6114,2,178,90,88,97,46,51,81,44,37
15100,libertador general bernardo o'higgins,6,cachapoal,61,quinta de tilcoco,6114,3,147,62,85,80,30,50,67,32,35
15101,libertador general bernardo o'higgins,6,cachapoal,61,quinta de tilcoco,6114,4,161,77,84,92,44,48,69,33,36
15102,libertador general bernardo o'higgins,6,cachapoal,61,quinta de tilcoco,6114,5,165,81,84,99,51,48,66,30,36
15103,libertador general bernardo o'higgins,6,cachapoal,61,quinta de tilcoco,6114,6,171,97,74,102,50,52,69,47,22
15104,libertador general bernardo o'higgins,6,cachapoal,61,quinta de tilcoco,6114,7,174,84,90,97,48,49,77,36,41
15105,libertador general bernardo o'higgins,6,cachapoal,61,quinta de tilcoco,6114,8,190,94,96,111,52,59,79,42,37
15106,libertador general bernardo o'higgins,6,cachapoal,61,quinta de tilcoco,6114,9,165,79,86,92,43,49,73,36,37
15107,libertador general bernardo o'higgins,6,cachapoal,61,quinta de tilcoco,6114,10,170,73,97,97,42,55,73,31,42
15108,libertador general bernardo o'higgins,6,cachapoal,61,quinta de tilcoco,6114,11,178,88,90,102,58,44,76,30,46
15109,libertador general bernardo o'higgins,6,cachapoal,61,quinta de tilcoco,6114,12,186,97,89,116,58,58,70,39,31
15110,libertador general bernardo o'higgins,6,cachapoal,61,quinta de tilcoco,6114,13,176,89,87,93,48,45,83,41,42
15111,libertador general bernardo o'higgins,6,cachapoal,61,quinta de tilcoco,6114,14,170,99,71,88,55,33,82,44,38
15112,libertador general bernardo o'higgins,6,cachapoal,61,quinta de tilcoco,6114,15,180,86,94,100,44,56,80,42,38
15113,libertador general bernardo o'higgins,6,cachapoal,61,quinta de tilcoco,6114,16,189,92,97,108,47,61,81,45,36
15114,libertador general bernardo o'higgins,6,cachapoal,61,quinta de tilcoco,6114,17,179,92,87,117,60,57,62,32,30
15115,libertador general bernardo o'higgins,6,cachapoal,61,quinta de tilcoco,6114,18,145,77,68,82,46,36,63,31,32
15116,libertador general bernardo o'higgins,6,cachapoal,61,quinta de tilcoco,6114,19,133,71,62,83,44,39,50,27,23
15117,libertador general bernardo o'higgins,6,cachapoal,61,quinta de tilcoco,6114,20,148,82,66,92,50,42,56,32,24
15118,libertador general bernardo o'higgins,6,cachapoal,61,quinta de tilcoco,6114,21,152,86,66,91,52,39,61,34,27
15119,libertador general bernardo o'higgins,6,cachapoal,61,quinta de tilcoco,6114,22,142,75,67,82,46,36,60,29,31
15120,libertador general bernardo o'higgins,6,cachapoal,61,quinta de tilcoco,6114,23,171,87,84,88,47,41,83,40,43
15121,libertador general bernardo o'higgins,6,cachapoal,61,quinta de tilcoco,6114,24,180,88,92,104,48,56,76,40,36
15122,libertador general bernardo o'higgins,6,cachapoal,61,quinta de tilcoco,6114,25,183,98,85,111,54,57,72,44,28
15123,libertador general bernardo o'higgins,6,cachapoal,61,quinta de tilcoco,6114,26,220,108,112,126,61,65,94,47,47
15124,libertador general bernardo o'higgins,6,cachapoal,61,quinta de tilcoco,6114,27,207,101,106,119,57,62,88,44,44
15125,libertador general bernardo o'higgins,6,cachapoal,61,quinta de tilcoco,6114,28,187,105,82,108,61,47,79,44,35
15126,libertador general bernardo o'higgins,6,cachapoal,61,quinta de tilcoco,6114,29,204,96,108,125,59,66,79,37,42
15127,libertador general bernardo o'higgins,6,cachapoal,61,quinta de tilcoco,6114,30,185,104,81,102,56,46,83,48,35
15128,libertador general bernardo o'higgins,6,cachapoal,61,quinta de tilcoco,6114,31,173,78,95,98,38,60,75,40,35
15129,libertador general bernardo o'higgins,6,cachapoal,61,quinta de tilcoco,6114,32,183,93,90,93,44,49,90,49,41
15130,libertador general bernardo o'higgins,6,cachapoal,61,quinta de tilcoco,6114,33,184,86,98,94,49,45,90,37,53
15131,libertador general bernardo o'higgins,6,cachapoal,61,quinta de tilcoco,6114,34,195,88,107,115,52,63,80,36,44
15132,libertador general bernardo o'higgins,6,cachapoal,61,quinta de tilcoco,6114,35,156,80,76,90,45,45,66,35,31
15133,libertador general bernardo o'higgins,6,cachapoal,61,quinta de tilcoco,6114,36,177,81,96,84,37,47,93,44,49
15134,libertador general bernardo o'higgins,6,cachapoal,61,quinta de tilcoco,6114,37,183,102,81,110,60,50,73,42,31
15135,libertador general bernardo o'higgins,6,cachapoal,61,quinta de tilcoco,6114,38,157,77,80,88,42,46,69,35,34
15136,libertador general bernardo o'higgins,6,cachapoal,61,quinta de tilcoco,6114,39,171,82,89,105,48,57,66,34,32
15137,libertador general bernardo o'higgins,6,cachapoal,61,quinta de tilcoco,6114,40,153,76,77,103,49,54,50,27,23
15138,libertador general bernardo o'higgins,6,cachapoal,61,quinta de tilcoco,6114,41,182,95,87,98,46,52,84,49,35
15139,libertador general bernardo o'higgins,6,cachapoal,61,quinta de tilcoco,6114,42,182,92,90,107,54,53,75,38,37
15140,libertador general bernardo o'higgins,6,cachapoal,61,quinta de tilcoco,6114,43,184,99,85,99,46,53,85,53,32
15141,libertador general bernardo o'higgins,6,cachapoal,61,quinta de tilcoco,6114,44,169,97,72,93,47,46,76,50,26
15142,libertador general bernardo o'higgins,6,cachapoal,61,quinta de tilcoco,6114,45,187,95,92,115,52,63,72,43,29
15143,libertador general bernardo o'higgins,6,cachapoal,61,quinta de tilcoco,6114,46,176,86,90,100,49,51,76,37,39
15144,libertador general bernardo o'higgins,6,cachapoal,61,quinta de tilcoco,6114,47,191,100,91,108,61,47,83,39,44
15145,libertador general bernardo o'higgins,6,cachapoal,61,quinta de tilcoco,6114,48,182,86,96,104,51,53,78,35,43
15146,libertador general bernardo o'higgins,6,cachapoal,61,quinta de tilcoco,6114,49,194,93,101,107,46,61,87,47,40
15147,libertador general bernardo o'higgins,6,cachapoal,61,quinta de tilcoco,6114,50,220,110,110,132,68,64,88,42,46
15148,libertador general bernardo o'higgins,6,cachapoal,61,quinta de tilcoco,6114,51,184,89,95,100,53,47,84,36,48
15149,libertador general bernardo o'higgins,6,cachapoal,61,quinta de tilcoco,6114,52,209,103,106,117,61,56,92,42,50
15150,libertador general bernardo o'higgins,6,cachapoal,61,quinta de tilcoco,6114,53,197,95,102,107,55,52,90,40,50
15151,libertador general bernardo o'higgins,6,cachapoal,61,quinta de tilcoco,6114,54,248,119,129,141,71,70,107,48,59
15152,libertador general bernardo o'higgins,6,cachapoal,61,quinta de tilcoco,6114,55,184,95,89,105,54,51,79,41,38
15153,libertador general bernardo o'higgins,6,cachapoal,61,quinta de tilcoco,6114,56,183,85,98,92,43,49,91,42,49
15154,libertador general bernardo o'higgins,6,cachapoal,61,quinta de tilcoco,6114,57,165,86,79,90,47,43,75,39,36
15155,libertador general bernardo o'higgins,6,cachapoal,61,quinta de tilcoco,6114,58,157,83,74,75,35,40,82,48,34
15156,libertador general bernardo o'higgins,6,cachapoal,61,quinta de tilcoco,6114,59,194,94,100,111,53,58,83,41,42
15157,libertador general bernardo o'higgins,6,cachapoal,61,quinta de tilcoco,6114,60,152,85,67,86,45,41,66,40,26
15158,libertador general bernardo o'higgins,6,cachapoal,61,quinta de tilcoco,6114,61,146,76,70,80,37,43,66,39,27
15159,libertador general bernardo o'higgins,6,cachapoal,61,quinta de tilcoco,6114,62,133,67,66,72,35,37,61,32,29
15160,libertador general bernardo o'higgins,6,cachapoal,61,quinta de tilcoco,6114,63,144,73,71,79,37,42,65,36,29
15161,libertador general bernardo o'higgins,6,cachapoal,61,quinta de tilcoco,6114,64,116,58,58,57,29,28,59,29,30
15162,libertador general bernardo o'higgins,6,cachapoal,61,quinta de tilcoco,6114,65,143,77,66,67,35,32,76,42,34
15163,libertador general bernardo o'higgins,6,cachapoal,61,quinta de tilcoco,6114,66,121,60,61,63,28,35,58,32,26
15164,libertador general bernardo o'higgins,6,cachapoal,61,quinta de tilcoco,6114,67,135,71,64,76,39,37,59,32,27
15165,libertador general bernardo o'higgins,6,cachapoal,61,quinta de tilcoco,6114,68,97,45,52,47,17,30,50,28,22
15166,libertador general bernardo o'higgins,6,cachapoal,61,quinta de tilcoco,6114,69,101,53,48,54,25,29,47,28,19
15167,libertador general bernardo o'higgins,6,cachapoal,61,quinta de tilcoco,6114,70,96,48,48,44,21,23,52,27,25
15168,libertador general bernardo o'higgins,6,cachapoal,61,quinta de tilcoco,6114,71,98,44,54,64,24,40,34,20,14
15169,libertador general bernardo o'higgins,6,cachapoal,61,quinta de tilcoco,6114,72,85,41,44,43,22,21,42,19,23
15170,libertador general bernardo o'higgins,6,cachapoal,61,quinta de tilcoco,6114,73,78,43,35,37,22,15,41,21,20
15171,libertador general bernardo o'higgins,6,cachapoal,61,quinta de tilcoco,6114,74,73,39,34,39,23,16,34,16,18
15172,libertador general bernardo o'higgins,6,cachapoal,61,quinta de tilcoco,6114,75,64,30,34,35,17,18,29,13,16
15173,libertador general bernardo o'higgins,6,cachapoal,61,quinta de tilcoco,6114,76,67,30,37,40,19,21,27,11,16
15174,libertador general bernardo o'higgins,6,cachapoal,61,quinta de tilcoco,6114,77,50,27,23,23,9,14,27,18,9
15175,libertador general bernardo o'higgins,6,cachapoal,61,quinta de tilcoco,6114,78,47,26,21,24,12,12,23,14,9
15176,libertador general bernardo o'higgins,6,cachapoal,61,quinta de tilcoco,6114,79,51,23,28,26,13,13,25,10,15
15177,libertador general bernardo o'higgins,6,cachapoal,61,quinta de tilcoco,6114,80,48,24,24,21,8,13,27,16,11
15178,libertador general bernardo o'higgins,6,cachapoal,61,quinta de tilcoco,6114,81,40,23,17,22,14,8,18,9,9
15179,libertador general bernardo o'higgins,6,cachapoal,61,quinta de tilcoco,6114,82,19,7,12,8,0,8,11,7,4
15180,libertador general bernardo o'higgins,6,cachapoal,61,quinta de tilcoco,6114,83,45,16,29,21,8,13,24,8,16
15181,libertador general bernardo o'higgins,6,cachapoal,61,quinta de tilcoco,6114,84,32,13,19,18,6,12,14,7,7
15182,libertador general bernardo o'higgins,6,cachapoal,61,quinta de tilcoco,6114,85,27,8,19,15,5,10,12,3,9
15183,libertador general bernardo o'higgins,6,cachapoal,61,quinta de tilcoco,6114,86,25,11,14,13,4,9,12,7,5
15184,libertador general bernardo o'higgins,6,cachapoal,61,quinta de tilcoco,6114,87,25,8,17,11,3,8,14,5,9
15185,libertador general bernardo o'higgins,6,cachapoal,61,quinta de tilcoco,6114,88,19,9,10,12,7,5,7,2,5
15186,libertador general bernardo o'higgins,6,cachapoal,61,quinta de tilcoco,6114,89,22,7,15,9,3,6,13,4,9
15187,libertador general bernardo o'higgins,6,cachapoal,61,quinta de tilcoco,6114,90,12,4,8,7,3,4,5,1,4
15188,libertador general bernardo o'higgins,6,cachapoal,61,quinta de tilcoco,6114,91,12,7,5,6,4,2,6,3,3
15189,libertador general bernardo o'higgins,6,cachapoal,61,quinta de tilcoco,6114,92,9,3,6,5,3,2,4,0,4
15190,libertador general bernardo o'higgins,6,cachapoal,61,quinta de tilcoco,6114,93,6,2,4,2,0,2,4,2,2
15191,libertador general bernardo o'higgins,6,cachapoal,61,quinta de tilcoco,6114,94,6,2,4,3,0,3,3,2,1
15192,libertador general bernardo o'higgins,6,cachapoal,61,quinta de tilcoco,6114,95,5,0,5,3,0,3,2,0,2
15193,libertador general bernardo o'higgins,6,cachapoal,61,quinta de tilcoco,6114,96,4,1,3,0,0,0,4,1,3
15194,libertador general bernardo o'higgins,6,cachapoal,61,quinta de tilcoco,6114,97,0,0,0,0,0,0,0,0,0
15195,libertador general bernardo o'higgins,6,cachapoal,61,quinta de tilcoco,6114,98,2,2,0,1,1,0,1,1,0
15196,libertador general bernardo o'higgins,6,cachapoal,61,quinta de tilcoco,6114,99,1,0,1,1,0,1,0,0,0
15197,libertador general bernardo o'higgins,6,cachapoal,61,quinta de tilcoco,6114,100 o más,2,1,1,2,1,1,0,0,0
15198,libertador general bernardo o'higgins,6,cachapoal,61,rengo,6115,total comuna,58825,28844,29981,45946,22235,23711,12879,6609,6270
15199,libertador general bernardo o'higgins,6,cachapoal,61,rengo,6115,0,738,378,360,603,318,285,135,60,75
15200,libertador general bernardo o'higgins,6,cachapoal,61,rengo,6115,1,853,417,436,685,339,346,168,78,90
15201,libertador general bernardo o'higgins,6,cachapoal,61,rengo,6115,2,816,411,405,656,329,327,160,82,78
15202,libertador general bernardo o'higgins,6,cachapoal,61,rengo,6115,3,796,399,397,654,328,326,142,71,71
15203,libertador general bernardo o'higgins,6,cachapoal,61,rengo,6115,4,793,416,377,647,340,307,146,76,70
15204,libertador general bernardo o'higgins,6,cachapoal,61,rengo,6115,5,862,455,407,718,372,346,144,83,61
15205,libertador general bernardo o'higgins,6,cachapoal,61,rengo,6115,6,909,454,455,719,359,360,190,95,95
15206,libertador general bernardo o'higgins,6,cachapoal,61,rengo,6115,7,878,448,430,691,347,344,187,101,86
15207,libertador general bernardo o'higgins,6,cachapoal,61,rengo,6115,8,865,432,433,701,353,348,164,79,85
15208,libertador general bernardo o'higgins,6,cachapoal,61,rengo,6115,9,827,426,401,666,347,319,161,79,82
15209,libertador general bernardo o'higgins,6,cachapoal,61,rengo,6115,10,845,423,422,687,341,346,158,82,76
15210,libertador general bernardo o'higgins,6,cachapoal,61,rengo,6115,11,822,403,419,665,316,349,157,87,70
15211,libertador general bernardo o'higgins,6,cachapoal,61,rengo,6115,12,796,410,386,630,321,309,166,89,77
15212,libertador general bernardo o'higgins,6,cachapoal,61,rengo,6115,13,855,417,438,685,326,359,170,91,79
15213,libertador general bernardo o'higgins,6,cachapoal,61,rengo,6115,14,864,441,423,689,349,340,175,92,83
15214,libertador general bernardo o'higgins,6,cachapoal,61,rengo,6115,15,812,406,406,661,323,338,151,83,68
15215,libertador general bernardo o'higgins,6,cachapoal,61,rengo,6115,16,909,460,449,727,366,361,182,94,88
15216,libertador general bernardo o'higgins,6,cachapoal,61,rengo,6115,17,896,465,431,723,375,348,173,90,83
15217,libertador general bernardo o'higgins,6,cachapoal,61,rengo,6115,18,773,364,409,614,291,323,159,73,86
15218,libertador general bernardo o'higgins,6,cachapoal,61,rengo,6115,19,708,348,360,556,279,277,152,69,83
15219,libertador general bernardo o'higgins,6,cachapoal,61,rengo,6115,20,801,411,390,604,297,307,197,114,83
15220,libertador general bernardo o'higgins,6,cachapoal,61,rengo,6115,21,774,372,402,616,298,318,158,74,84
15221,libertador general bernardo o'higgins,6,cachapoal,61,rengo,6115,22,851,436,415,660,349,311,191,87,104
15222,libertador general bernardo o'higgins,6,cachapoal,61,rengo,6115,23,809,404,405,639,320,319,170,84,86
15223,libertador general bernardo o'higgins,6,cachapoal,61,rengo,6115,24,892,434,458,714,345,369,178,89,89
15224,libertador general bernardo o'higgins,6,cachapoal,61,rengo,6115,25,925,472,453,747,378,369,178,94,84
15225,libertador general bernardo o'higgins,6,cachapoal,61,rengo,6115,26,937,473,464,739,368,371,198,105,93
15226,libertador general bernardo o'higgins,6,cachapoal,61,rengo,6115,27,1029,526,503,801,413,388,228,113,115
15227,libertador general bernardo o'higgins,6,cachapoal,61,rengo,6115,28,965,495,470,756,384,372,209,111,98
15228,libertador general bernardo o'higgins,6,cachapoal,61,rengo,6115,29,940,475,465,760,365,395,180,110,70
15229,libertador general bernardo o'higgins,6,cachapoal,61,rengo,6115,30,868,408,460,697,326,371,171,82,89
15230,libertador general bernardo o'higgins,6,cachapoal,61,rengo,6115,31,847,393,454,686,307,379,161,86,75
15231,libertador general bernardo o'higgins,6,cachapoal,61,rengo,6115,32,842,390,452,663,300,363,179,90,89
15232,libertador general bernardo o'higgins,6,cachapoal,61,rengo,6115,33,787,423,364,646,343,303,141,80,61
15233,libertador general bernardo o'higgins,6,cachapoal,61,rengo,6115,34,799,403,396,643,317,326,156,86,70
15234,libertador general bernardo o'higgins,6,cachapoal,61,rengo,6115,35,852,408,444,707,330,377,145,78,67
15235,libertador general bernardo o'higgins,6,cachapoal,61,rengo,6115,36,830,404,426,665,329,336,165,75,90
15236,libertador general bernardo o'higgins,6,cachapoal,61,rengo,6115,37,795,404,391,630,323,307,165,81,84
15237,libertador general bernardo o'higgins,6,cachapoal,61,rengo,6115,38,768,388,380,602,303,299,166,85,81
15238,libertador general bernardo o'higgins,6,cachapoal,61,rengo,6115,39,699,327,372,562,270,292,137,57,80
15239,libertador general bernardo o'higgins,6,cachapoal,61,rengo,6115,40,720,348,372,573,273,300,147,75,72
15240,libertador general bernardo o'higgins,6,cachapoal,61,rengo,6115,41,780,393,387,604,309,295,176,84,92
15241,libertador general bernardo o'higgins,6,cachapoal,61,rengo,6115,42,810,385,425,619,299,320,191,86,105
15242,libertador general bernardo o'higgins,6,cachapoal,61,rengo,6115,43,806,408,398,597,294,303,209,114,95
15243,libertador general bernardo o'higgins,6,cachapoal,61,rengo,6115,44,807,401,406,643,309,334,164,92,72
15244,libertador general bernardo o'higgins,6,cachapoal,61,rengo,6115,45,823,393,430,626,299,327,197,94,103
15245,libertador general bernardo o'higgins,6,cachapoal,61,rengo,6115,46,803,417,386,617,316,301,186,101,85
15246,libertador general bernardo o'higgins,6,cachapoal,61,rengo,6115,47,784,394,390,575,280,295,209,114,95
15247,libertador general bernardo o'higgins,6,cachapoal,61,rengo,6115,48,799,364,435,624,281,343,175,83,92
15248,libertador general bernardo o'higgins,6,cachapoal,61,rengo,6115,49,810,380,430,602,270,332,208,110,98
15249,libertador general bernardo o'higgins,6,cachapoal,61,rengo,6115,50,891,428,463,679,313,366,212,115,97
15250,libertador general bernardo o'higgins,6,cachapoal,61,rengo,6115,51,765,335,430,582,243,339,183,92,91
15251,libertador general bernardo o'higgins,6,cachapoal,61,rengo,6115,52,822,384,438,619,286,333,203,98,105
15252,libertador general bernardo o'higgins,6,cachapoal,61,rengo,6115,53,811,379,432,615,278,337,196,101,95
15253,libertador general bernardo o'higgins,6,cachapoal,61,rengo,6115,54,791,386,405,589,276,313,202,110,92
15254,libertador general bernardo o'higgins,6,cachapoal,61,rengo,6115,55,789,370,419,607,286,321,182,84,98
15255,libertador general bernardo o'higgins,6,cachapoal,61,rengo,6115,56,721,331,390,537,247,290,184,84,100
15256,libertador general bernardo o'higgins,6,cachapoal,61,rengo,6115,57,744,383,361,561,275,286,183,108,75
15257,libertador general bernardo o'higgins,6,cachapoal,61,rengo,6115,58,667,317,350,521,242,279,146,75,71
15258,libertador general bernardo o'higgins,6,cachapoal,61,rengo,6115,59,651,318,333,499,245,254,152,73,79
15259,libertador general bernardo o'higgins,6,cachapoal,61,rengo,6115,60,619,315,304,477,229,248,142,86,56
15260,libertador general bernardo o'higgins,6,cachapoal,61,rengo,6115,61,578,297,281,423,212,211,155,85,70
15261,libertador general bernardo o'higgins,6,cachapoal,61,rengo,6115,62,572,272,300,432,206,226,140,66,74
15262,libertador general bernardo o'higgins,6,cachapoal,61,rengo,6115,63,544,283,261,404,203,201,140,80,60
15263,libertador general bernardo o'higgins,6,cachapoal,61,rengo,6115,64,556,259,297,422,194,228,134,65,69
15264,libertador general bernardo o'higgins,6,cachapoal,61,rengo,6115,65,457,228,229,325,149,176,132,79,53
15265,libertador general bernardo o'higgins,6,cachapoal,61,rengo,6115,66,473,220,253,349,156,193,124,64,60
15266,libertador general bernardo o'higgins,6,cachapoal,61,rengo,6115,67,484,241,243,368,173,195,116,68,48
15267,libertador general bernardo o'higgins,6,cachapoal,61,rengo,6115,68,452,196,256,336,146,190,116,50,66
15268,libertador general bernardo o'higgins,6,cachapoal,61,rengo,6115,69,411,192,219,304,138,166,107,54,53
15269,libertador general bernardo o'higgins,6,cachapoal,61,rengo,6115,70,403,193,210,306,138,168,97,55,42
15270,libertador general bernardo o'higgins,6,cachapoal,61,rengo,6115,71,369,183,186,266,129,137,103,54,49
15271,libertador general bernardo o'higgins,6,cachapoal,61,rengo,6115,72,386,177,209,278,128,150,108,49,59
15272,libertador general bernardo o'higgins,6,cachapoal,61,rengo,6115,73,310,156,154,232,109,123,78,47,31
15273,libertador general bernardo o'higgins,6,cachapoal,61,rengo,6115,74,324,163,161,235,110,125,89,53,36
15274,libertador general bernardo o'higgins,6,cachapoal,61,rengo,6115,75,284,137,147,209,102,107,75,35,40
15275,libertador general bernardo o'higgins,6,cachapoal,61,rengo,6115,76,259,113,146,189,80,109,70,33,37
15276,libertador general bernardo o'higgins,6,cachapoal,61,rengo,6115,77,231,100,131,170,70,100,61,30,31
15277,libertador general bernardo o'higgins,6,cachapoal,61,rengo,6115,78,233,97,136,174,68,106,59,29,30
15278,libertador general bernardo o'higgins,6,cachapoal,61,rengo,6115,79,216,98,118,152,64,88,64,34,30
15279,libertador general bernardo o'higgins,6,cachapoal,61,rengo,6115,80,189,87,102,141,64,77,48,23,25
15280,libertador general bernardo o'higgins,6,cachapoal,61,rengo,6115,81,156,75,81,116,58,58,40,17,23
15281,libertador general bernardo o'higgins,6,cachapoal,61,rengo,6115,82,138,55,83,105,40,65,33,15,18
15282,libertador general bernardo o'higgins,6,cachapoal,61,rengo,6115,83,119,45,74,94,32,62,25,13,12
15283,libertador general bernardo o'higgins,6,cachapoal,61,rengo,6115,84,110,46,64,82,31,51,28,15,13
15284,libertador general bernardo o'higgins,6,cachapoal,61,rengo,6115,85,120,55,65,92,39,53,28,16,12
15285,libertador general bernardo o'higgins,6,cachapoal,61,rengo,6115,86,115,50,65,85,35,50,30,15,15
15286,libertador general bernardo o'higgins,6,cachapoal,61,rengo,6115,87,100,43,57,76,32,44,24,11,13
15287,libertador general bernardo o'higgins,6,cachapoal,61,rengo,6115,88,64,22,42,48,14,34,16,8,8
15288,libertador general bernardo o'higgins,6,cachapoal,61,rengo,6115,89,77,34,43,51,22,29,26,12,14
15289,libertador general bernardo o'higgins,6,cachapoal,61,rengo,6115,90,49,21,28,37,18,19,12,3,9
15290,libertador general bernardo o'higgins,6,cachapoal,61,rengo,6115,91,43,13,30,32,7,25,11,6,5
15291,libertador general bernardo o'higgins,6,cachapoal,61,rengo,6115,92,27,6,21,23,5,18,4,1,3
15292,libertador general bernardo o'higgins,6,cachapoal,61,rengo,6115,93,29,11,18,24,7,17,5,4,1
15293,libertador general bernardo o'higgins,6,cachapoal,61,rengo,6115,94,30,8,22,24,5,19,6,3,3
15294,libertador general bernardo o'higgins,6,cachapoal,61,rengo,6115,95,24,3,21,19,3,16,5,0,5
15295,libertador general bernardo o'higgins,6,cachapoal,61,rengo,6115,96,14,4,10,10,3,7,4,1,3
15296,libertador general bernardo o'higgins,6,cachapoal,61,rengo,6115,97,9,2,7,7,1,6,2,1,1
15297,libertador general bernardo o'higgins,6,cachapoal,61,rengo,6115,98,13,5,8,10,4,6,3,1,2
15298,libertador general bernardo o'higgins,6,cachapoal,61,rengo,6115,99,2,1,1,2,1,1,0,0,0
15299,libertador general bernardo o'higgins,6,cachapoal,61,rengo,6115,100 o más,15,5,10,14,5,9,1,0,1
15300,libertador general bernardo o'higgins,6,cachapoal,61,requínoa,6116,total comuna,27968,14125,13843,16283,8098,8185,11685,6027,5658
15301,libertador general bernardo o'higgins,6,cachapoal,61,requínoa,6116,0,365,173,192,210,104,106,155,69,86
15302,libertador general bernardo o'higgins,6,cachapoal,61,requínoa,6116,1,403,217,186,233,118,115,170,99,71
15303,libertador general bernardo o'higgins,6,cachapoal,61,requínoa,6116,2,418,217,201,235,115,120,183,102,81
15304,libertador general bernardo o'higgins,6,cachapoal,61,requínoa,6116,3,403,210,193,231,125,106,172,85,87
15305,libertador general bernardo o'higgins,6,cachapoal,61,requínoa,6116,4,393,180,213,232,109,123,161,71,90
15306,libertador general bernardo o'higgins,6,cachapoal,61,requínoa,6116,5,388,189,199,214,106,108,174,83,91
15307,libertador general bernardo o'higgins,6,cachapoal,61,requínoa,6116,6,421,226,195,247,138,109,174,88,86
15308,libertador general bernardo o'higgins,6,cachapoal,61,requínoa,6116,7,443,234,209,243,128,115,200,106,94
15309,libertador general bernardo o'higgins,6,cachapoal,61,requínoa,6116,8,440,231,209,269,142,127,171,89,82
15310,libertador general bernardo o'higgins,6,cachapoal,61,requínoa,6116,9,407,199,208,258,126,132,149,73,76
15311,libertador general bernardo o'higgins,6,cachapoal,61,requínoa,6116,10,400,212,188,247,123,124,153,89,64
15312,libertador general bernardo o'higgins,6,cachapoal,61,requínoa,6116,11,409,226,183,258,147,111,151,79,72
15313,libertador general bernardo o'higgins,6,cachapoal,61,requínoa,6116,12,401,194,207,243,122,121,158,72,86
15314,libertador general bernardo o'higgins,6,cachapoal,61,requínoa,6116,13,402,225,177,233,135,98,169,90,79
15315,libertador general bernardo o'higgins,6,cachapoal,61,requínoa,6116,14,385,184,201,215,108,107,170,76,94
15316,libertador general bernardo o'higgins,6,cachapoal,61,requínoa,6116,15,414,207,207,250,124,126,164,83,81
15317,libertador general bernardo o'higgins,6,cachapoal,61,requínoa,6116,16,460,237,223,271,149,122,189,88,101
15318,libertador general bernardo o'higgins,6,cachapoal,61,requínoa,6116,17,406,215,191,248,128,120,158,87,71
15319,libertador general bernardo o'higgins,6,cachapoal,61,requínoa,6116,18,384,195,189,228,119,109,156,76,80
15320,libertador general bernardo o'higgins,6,cachapoal,61,requínoa,6116,19,387,205,182,225,125,100,162,80,82
15321,libertador general bernardo o'higgins,6,cachapoal,61,requínoa,6116,20,369,188,181,217,105,112,152,83,69
15322,libertador general bernardo o'higgins,6,cachapoal,61,requínoa,6116,21,372,179,193,194,93,101,178,86,92
15323,libertador general bernardo o'higgins,6,cachapoal,61,requínoa,6116,22,394,208,186,240,126,114,154,82,72
15324,libertador general bernardo o'higgins,6,cachapoal,61,requínoa,6116,23,425,217,208,275,137,138,150,80,70
15325,libertador general bernardo o'higgins,6,cachapoal,61,requínoa,6116,24,440,219,221,263,134,129,177,85,92
15326,libertador general bernardo o'higgins,6,cachapoal,61,requínoa,6116,25,452,239,213,279,141,138,173,98,75
15327,libertador general bernardo o'higgins,6,cachapoal,61,requínoa,6116,26,446,238,208,256,139,117,190,99,91
15328,libertador general bernardo o'higgins,6,cachapoal,61,requínoa,6116,27,417,216,201,243,124,119,174,92,82
15329,libertador general bernardo o'higgins,6,cachapoal,61,requínoa,6116,28,387,201,186,224,119,105,163,82,81
15330,libertador general bernardo o'higgins,6,cachapoal,61,requínoa,6116,29,444,204,240,246,116,130,198,88,110
15331,libertador general bernardo o'higgins,6,cachapoal,61,requínoa,6116,30,372,188,184,217,107,110,155,81,74
15332,libertador general bernardo o'higgins,6,cachapoal,61,requínoa,6116,31,373,181,192,212,109,103,161,72,89
15333,libertador general bernardo o'higgins,6,cachapoal,61,requínoa,6116,32,374,189,185,220,107,113,154,82,72
15334,libertador general bernardo o'higgins,6,cachapoal,61,requínoa,6116,33,361,206,155,212,116,96,149,90,59
15335,libertador general bernardo o'higgins,6,cachapoal,61,requínoa,6116,34,378,177,201,198,80,118,180,97,83
15336,libertador general bernardo o'higgins,6,cachapoal,61,requínoa,6116,35,390,205,185,224,111,113,166,94,72
15337,libertador general bernardo o'higgins,6,cachapoal,61,requínoa,6116,36,355,175,180,210,97,113,145,78,67
15338,libertador general bernardo o'higgins,6,cachapoal,61,requínoa,6116,37,369,178,191,216,104,112,153,74,79
15339,libertador general bernardo o'higgins,6,cachapoal,61,requínoa,6116,38,364,175,189,212,106,106,152,69,83
15340,libertador general bernardo o'higgins,6,cachapoal,61,requínoa,6116,39,370,192,178,222,117,105,148,75,73
15341,libertador general bernardo o'higgins,6,cachapoal,61,requínoa,6116,40,400,189,211,235,111,124,165,78,87
15342,libertador general bernardo o'higgins,6,cachapoal,61,requínoa,6116,41,415,198,217,243,119,124,172,79,93
15343,libertador general bernardo o'higgins,6,cachapoal,61,requínoa,6116,42,441,224,217,253,124,129,188,100,88
15344,libertador general bernardo o'higgins,6,cachapoal,61,requínoa,6116,43,432,207,225,272,129,143,160,78,82
15345,libertador general bernardo o'higgins,6,cachapoal,61,requínoa,6116,44,458,220,238,266,126,140,192,94,98
15346,libertador general bernardo o'higgins,6,cachapoal,61,requínoa,6116,45,409,206,203,234,105,129,175,101,74
15347,libertador general bernardo o'higgins,6,cachapoal,61,requínoa,6116,46,387,188,199,221,99,122,166,89,77
15348,libertador general bernardo o'higgins,6,cachapoal,61,requínoa,6116,47,419,212,207,230,118,112,189,94,95
15349,libertador general bernardo o'higgins,6,cachapoal,61,requínoa,6116,48,405,190,215,223,102,121,182,88,94
15350,libertador general bernardo o'higgins,6,cachapoal,61,requínoa,6116,49,478,250,228,261,130,131,217,120,97
15351,libertador general bernardo o'higgins,6,cachapoal,61,requínoa,6116,50,396,214,182,204,109,95,192,105,87
15352,libertador general bernardo o'higgins,6,cachapoal,61,requínoa,6116,51,427,209,218,238,119,119,189,90,99
15353,libertador general bernardo o'higgins,6,cachapoal,61,requínoa,6116,52,399,199,200,213,103,110,186,96,90
15354,libertador general bernardo o'higgins,6,cachapoal,61,requínoa,6116,53,426,215,211,224,113,111,202,102,100
15355,libertador general bernardo o'higgins,6,cachapoal,61,requínoa,6116,54,384,193,191,218,106,112,166,87,79
15356,libertador general bernardo o'higgins,6,cachapoal,61,requínoa,6116,55,407,201,206,233,111,122,174,90,84
15357,libertador general bernardo o'higgins,6,cachapoal,61,requínoa,6116,56,343,191,152,191,105,86,152,86,66
15358,libertador general bernardo o'higgins,6,cachapoal,61,requínoa,6116,57,339,161,178,201,89,112,138,72,66
15359,libertador general bernardo o'higgins,6,cachapoal,61,requínoa,6116,58,318,168,150,189,90,99,129,78,51
15360,libertador general bernardo o'higgins,6,cachapoal,61,requínoa,6116,59,291,166,125,170,92,78,121,74,47
15361,libertador general bernardo o'higgins,6,cachapoal,61,requínoa,6116,60,284,139,145,166,79,87,118,60,58
15362,libertador general bernardo o'higgins,6,cachapoal,61,requínoa,6116,61,239,128,111,140,64,76,99,64,35
15363,libertador general bernardo o'higgins,6,cachapoal,61,requínoa,6116,62,241,114,127,155,69,86,86,45,41
15364,libertador general bernardo o'higgins,6,cachapoal,61,requínoa,6116,63,264,138,126,159,80,79,105,58,47
15365,libertador general bernardo o'higgins,6,cachapoal,61,requínoa,6116,64,248,128,120,140,73,67,108,55,53
15366,libertador general bernardo o'higgins,6,cachapoal,61,requínoa,6116,65,223,97,126,138,62,76,85,35,50
15367,libertador general bernardo o'higgins,6,cachapoal,61,requínoa,6116,66,216,108,108,121,55,66,95,53,42
15368,libertador general bernardo o'higgins,6,cachapoal,61,requínoa,6116,67,166,78,88,104,44,60,62,34,28
15369,libertador general bernardo o'higgins,6,cachapoal,61,requínoa,6116,68,183,99,84,111,56,55,72,43,29
15370,libertador general bernardo o'higgins,6,cachapoal,61,requínoa,6116,69,183,90,93,109,47,62,74,43,31
15371,libertador general bernardo o'higgins,6,cachapoal,61,requínoa,6116,70,185,101,84,114,67,47,71,34,37
15372,libertador general bernardo o'higgins,6,cachapoal,61,requínoa,6116,71,129,67,62,75,43,32,54,24,30
15373,libertador general bernardo o'higgins,6,cachapoal,61,requínoa,6116,72,140,58,82,75,24,51,65,34,31
15374,libertador general bernardo o'higgins,6,cachapoal,61,requínoa,6116,73,139,68,71,75,32,43,64,36,28
15375,libertador general bernardo o'higgins,6,cachapoal,61,requínoa,6116,74,124,59,65,79,37,42,45,22,23
15376,libertador general bernardo o'higgins,6,cachapoal,61,requínoa,6116,75,131,71,60,91,46,45,40,25,15
15377,libertador general bernardo o'higgins,6,cachapoal,61,requínoa,6116,76,101,55,46,58,31,27,43,24,19
15378,libertador general bernardo o'higgins,6,cachapoal,61,requínoa,6116,77,104,47,57,70,32,38,34,15,19
15379,libertador general bernardo o'higgins,6,cachapoal,61,requínoa,6116,78,83,43,40,52,25,27,31,18,13
15380,libertador general bernardo o'higgins,6,cachapoal,61,requínoa,6116,79,80,39,41,46,22,24,34,17,17
15381,libertador general bernardo o'higgins,6,cachapoal,61,requínoa,6116,80,67,35,32,34,20,14,33,15,18
15382,libertador general bernardo o'higgins,6,cachapoal,61,requínoa,6116,81,59,24,35,37,16,21,22,8,14
15383,libertador general bernardo o'higgins,6,cachapoal,61,requínoa,6116,82,67,31,36,44,18,26,23,13,10
15384,libertador general bernardo o'higgins,6,cachapoal,61,requínoa,6116,83,50,22,28,30,12,18,20,10,10
15385,libertador general bernardo o'higgins,6,cachapoal,61,requínoa,6116,84,53,24,29,27,8,19,26,16,10
15386,libertador general bernardo o'higgins,6,cachapoal,61,requínoa,6116,85,44,21,23,29,14,15,15,7,8
15387,libertador general bernardo o'higgins,6,cachapoal,61,requínoa,6116,86,37,16,21,23,9,14,14,7,7
15388,libertador general bernardo o'higgins,6,cachapoal,61,requínoa,6116,87,30,15,15,14,7,7,16,8,8
15389,libertador general bernardo o'higgins,6,cachapoal,61,requínoa,6116,88,26,11,15,15,6,9,11,5,6
15390,libertador general bernardo o'higgins,6,cachapoal,61,requínoa,6116,89,23,8,15,8,3,5,15,5,10
15391,libertador general bernardo o'higgins,6,cachapoal,61,requínoa,6116,90,18,9,9,7,4,3,11,5,6
15392,libertador general bernardo o'higgins,6,cachapoal,61,requínoa,6116,91,19,9,10,13,6,7,6,3,3
15393,libertador general bernardo o'higgins,6,cachapoal,61,requínoa,6116,92,12,4,8,6,1,5,6,3,3
15394,libertador general bernardo o'higgins,6,cachapoal,61,requínoa,6116,93,14,4,10,8,0,8,6,4,2
15395,libertador general bernardo o'higgins,6,cachapoal,61,requínoa,6116,94,10,3,7,6,0,6,4,3,1
15396,libertador general bernardo o'higgins,6,cachapoal,61,requínoa,6116,95,8,4,4,6,3,3,2,1,1
15397,libertador general bernardo o'higgins,6,cachapoal,61,requínoa,6116,96,2,0,2,1,0,1,1,0,1
15398,libertador general bernardo o'higgins,6,cachapoal,61,requínoa,6116,97,4,1,3,3,1,2,1,0,1
15399,libertador general bernardo o'higgins,6,cachapoal,61,requínoa,6116,98,1,1,0,1,1,0,0,0,0
15400,libertador general bernardo o'higgins,6,cachapoal,61,requínoa,6116,99,0,0,0,0,0,0,0,0,0
15401,libertador general bernardo o'higgins,6,cachapoal,61,requínoa,6116,100 o más,6,4,2,4,2,2,2,2,0
15402,libertador general bernardo o'higgins,6,cachapoal,61,san vicente,6117,total comuna,46766,23302,23464,26209,12761,13448,20557,10541,10016
15403,libertador general bernardo o'higgins,6,cachapoal,61,san vicente,6117,0,498,251,247,299,143,156,199,108,91
15404,libertador general bernardo o'higgins,6,cachapoal,61,san vicente,6117,1,567,304,263,332,179,153,235,125,110
15405,libertador general bernardo o'higgins,6,cachapoal,61,san vicente,6117,2,581,278,303,358,173,185,223,105,118
15406,libertador general bernardo o'higgins,6,cachapoal,61,san vicente,6117,3,600,319,281,346,186,160,254,133,121
15407,libertador general bernardo o'higgins,6,cachapoal,61,san vicente,6117,4,589,310,279,325,171,154,264,139,125
15408,libertador general bernardo o'higgins,6,cachapoal,61,san vicente,6117,5,620,325,295,351,179,172,269,146,123
15409,libertador general bernardo o'higgins,6,cachapoal,61,san vicente,6117,6,658,332,326,400,196,204,258,136,122
15410,libertador general bernardo o'higgins,6,cachapoal,61,san vicente,6117,7,675,361,314,434,232,202,241,129,112
15411,libertador general bernardo o'higgins,6,cachapoal,61,san vicente,6117,8,691,377,314,409,225,184,282,152,130
15412,libertador general bernardo o'higgins,6,cachapoal,61,san vicente,6117,9,671,337,334,426,211,215,245,126,119
15413,libertador general bernardo o'higgins,6,cachapoal,61,san vicente,6117,10,567,307,260,334,176,158,233,131,102
15414,libertador general bernardo o'higgins,6,cachapoal,61,san vicente,6117,11,627,314,313,382,195,187,245,119,126
15415,libertador general bernardo o'higgins,6,cachapoal,61,san vicente,6117,12,626,336,290,388,214,174,238,122,116
15416,libertador general bernardo o'higgins,6,cachapoal,61,san vicente,6117,13,606,336,270,348,198,150,258,138,120
15417,libertador general bernardo o'higgins,6,cachapoal,61,san vicente,6117,14,638,315,323,392,198,194,246,117,129
15418,libertador general bernardo o'higgins,6,cachapoal,61,san vicente,6117,15,677,337,340,408,205,203,269,132,137
15419,libertador general bernardo o'higgins,6,cachapoal,61,san vicente,6117,16,678,372,306,386,210,176,292,162,130
15420,libertador general bernardo o'higgins,6,cachapoal,61,san vicente,6117,17,682,344,338,415,200,215,267,144,123
15421,libertador general bernardo o'higgins,6,cachapoal,61,san vicente,6117,18,499,255,244,312,154,158,187,101,86
15422,libertador general bernardo o'higgins,6,cachapoal,61,san vicente,6117,19,514,272,242,290,154,136,224,118,106
15423,libertador general bernardo o'higgins,6,cachapoal,61,san vicente,6117,20,485,251,234,282,139,143,203,112,91
15424,libertador general bernardo o'higgins,6,cachapoal,61,san vicente,6117,21,509,269,240,284,147,137,225,122,103
15425,libertador general bernardo o'higgins,6,cachapoal,61,san vicente,6117,22,507,267,240,306,157,149,201,110,91
15426,libertador general bernardo o'higgins,6,cachapoal,61,san vicente,6117,23,557,267,290,317,143,174,240,124,116
15427,libertador general bernardo o'higgins,6,cachapoal,61,san vicente,6117,24,657,339,318,375,206,169,282,133,149
15428,libertador general bernardo o'higgins,6,cachapoal,61,san vicente,6117,25,636,313,323,362,165,197,274,148,126
15429,libertador general bernardo o'higgins,6,cachapoal,61,san vicente,6117,26,693,332,361,386,186,200,307,146,161
15430,libertador general bernardo o'higgins,6,cachapoal,61,san vicente,6117,27,715,343,372,419,207,212,296,136,160
15431,libertador general bernardo o'higgins,6,cachapoal,61,san vicente,6117,28,713,360,353,406,201,205,307,159,148
15432,libertador general bernardo o'higgins,6,cachapoal,61,san vicente,6117,29,638,325,313,368,183,185,270,142,128
15433,libertador general bernardo o'higgins,6,cachapoal,61,san vicente,6117,30,629,326,303,391,203,188,238,123,115
15434,libertador general bernardo o'higgins,6,cachapoal,61,san vicente,6117,31,596,305,291,364,181,183,232,124,108
15435,libertador general bernardo o'higgins,6,cachapoal,61,san vicente,6117,32,616,313,303,362,186,176,254,127,127
15436,libertador general bernardo o'higgins,6,cachapoal,61,san vicente,6117,33,587,297,290,355,170,185,232,127,105
15437,libertador general bernardo o'higgins,6,cachapoal,61,san vicente,6117,34,652,290,362,385,171,214,267,119,148
15438,libertador general bernardo o'higgins,6,cachapoal,61,san vicente,6117,35,655,313,342,381,174,207,274,139,135
15439,libertador general bernardo o'higgins,6,cachapoal,61,san vicente,6117,36,658,345,313,406,210,196,252,135,117
15440,libertador general bernardo o'higgins,6,cachapoal,61,san vicente,6117,37,629,303,326,388,182,206,241,121,120
15441,libertador general bernardo o'higgins,6,cachapoal,61,san vicente,6117,38,629,286,343,376,156,220,253,130,123
15442,libertador general bernardo o'higgins,6,cachapoal,61,san vicente,6117,39,570,285,285,349,172,177,221,113,108
15443,libertador general bernardo o'higgins,6,cachapoal,61,san vicente,6117,40,627,296,331,384,172,212,243,124,119
15444,libertador general bernardo o'higgins,6,cachapoal,61,san vicente,6117,41,686,324,362,392,186,206,294,138,156
15445,libertador general bernardo o'higgins,6,cachapoal,61,san vicente,6117,42,702,362,340,416,211,205,286,151,135
15446,libertador general bernardo o'higgins,6,cachapoal,61,san vicente,6117,43,652,328,324,373,181,192,279,147,132
15447,libertador general bernardo o'higgins,6,cachapoal,61,san vicente,6117,44,654,329,325,369,199,170,285,130,155
15448,libertador general bernardo o'higgins,6,cachapoal,61,san vicente,6117,45,630,303,327,348,165,183,282,138,144
15449,libertador general bernardo o'higgins,6,cachapoal,61,san vicente,6117,46,667,326,341,382,174,208,285,152,133
15450,libertador general bernardo o'higgins,6,cachapoal,61,san vicente,6117,47,584,302,282,302,152,150,282,150,132
15451,libertador general bernardo o'higgins,6,cachapoal,61,san vicente,6117,48,672,344,328,377,182,195,295,162,133
15452,libertador general bernardo o'higgins,6,cachapoal,61,san vicente,6117,49,674,324,350,361,171,190,313,153,160
15453,libertador general bernardo o'higgins,6,cachapoal,61,san vicente,6117,50,687,334,353,394,183,211,293,151,142
15454,libertador general bernardo o'higgins,6,cachapoal,61,san vicente,6117,51,742,368,374,387,181,206,355,187,168
15455,libertador general bernardo o'higgins,6,cachapoal,61,san vicente,6117,52,737,368,369,368,182,186,369,186,183
15456,libertador general bernardo o'higgins,6,cachapoal,61,san vicente,6117,53,758,362,396,395,176,219,363,186,177
15457,libertador general bernardo o'higgins,6,cachapoal,61,san vicente,6117,54,719,322,397,392,161,231,327,161,166
15458,libertador general bernardo o'higgins,6,cachapoal,61,san vicente,6117,55,660,343,317,351,183,168,309,160,149
15459,libertador general bernardo o'higgins,6,cachapoal,61,san vicente,6117,56,657,323,334,340,165,175,317,158,159
15460,libertador general bernardo o'higgins,6,cachapoal,61,san vicente,6117,57,633,305,328,308,154,154,325,151,174
15461,libertador general bernardo o'higgins,6,cachapoal,61,san vicente,6117,58,583,287,296,307,131,176,276,156,120
15462,libertador general bernardo o'higgins,6,cachapoal,61,san vicente,6117,59,582,271,311,307,133,174,275,138,137
15463,libertador general bernardo o'higgins,6,cachapoal,61,san vicente,6117,60,587,305,282,297,147,150,290,158,132
15464,libertador general bernardo o'higgins,6,cachapoal,61,san vicente,6117,61,514,263,251,273,127,146,241,136,105
15465,libertador general bernardo o'higgins,6,cachapoal,61,san vicente,6117,62,525,260,265,262,124,138,263,136,127
15466,libertador general bernardo o'higgins,6,cachapoal,61,san vicente,6117,63,513,239,274,268,118,150,245,121,124
15467,libertador general bernardo o'higgins,6,cachapoal,61,san vicente,6117,64,485,227,258,280,120,160,205,107,98
15468,libertador general bernardo o'higgins,6,cachapoal,61,san vicente,6117,65,427,211,216,209,99,110,218,112,106
15469,libertador general bernardo o'higgins,6,cachapoal,61,san vicente,6117,66,437,210,227,218,100,118,219,110,109
15470,libertador general bernardo o'higgins,6,cachapoal,61,san vicente,6117,67,386,192,194,192,90,102,194,102,92
15471,libertador general bernardo o'higgins,6,cachapoal,61,san vicente,6117,68,385,188,197,187,90,97,198,98,100
15472,libertador general bernardo o'higgins,6,cachapoal,61,san vicente,6117,69,375,171,204,184,79,105,191,92,99
15473,libertador general bernardo o'higgins,6,cachapoal,61,san vicente,6117,70,348,182,166,168,87,81,180,95,85
15474,libertador general bernardo o'higgins,6,cachapoal,61,san vicente,6117,71,363,186,177,172,75,97,191,111,80
15475,libertador general bernardo o'higgins,6,cachapoal,61,san vicente,6117,72,316,143,173,155,69,86,161,74,87
15476,libertador general bernardo o'higgins,6,cachapoal,61,san vicente,6117,73,292,135,157,147,58,89,145,77,68
15477,libertador general bernardo o'higgins,6,cachapoal,61,san vicente,6117,74,311,169,142,132,72,60,179,97,82
15478,libertador general bernardo o'higgins,6,cachapoal,61,san vicente,6117,75,267,125,142,122,51,71,145,74,71
15479,libertador general bernardo o'higgins,6,cachapoal,61,san vicente,6117,76,246,128,118,118,61,57,128,67,61
15480,libertador general bernardo o'higgins,6,cachapoal,61,san vicente,6117,77,204,106,98,93,41,52,111,65,46
15481,libertador general bernardo o'higgins,6,cachapoal,61,san vicente,6117,78,225,103,122,109,46,63,116,57,59
15482,libertador general bernardo o'higgins,6,cachapoal,61,san vicente,6117,79,191,85,106,93,41,52,98,44,54
15483,libertador general bernardo o'higgins,6,cachapoal,61,san vicente,6117,80,179,84,95,74,31,43,105,53,52
15484,libertador general bernardo o'higgins,6,cachapoal,61,san vicente,6117,81,164,91,73,73,41,32,91,50,41
15485,libertador general bernardo o'higgins,6,cachapoal,61,san vicente,6117,82,164,73,91,82,32,50,82,41,41
15486,libertador general bernardo o'higgins,6,cachapoal,61,san vicente,6117,83,138,69,69,63,36,27,75,33,42
15487,libertador general bernardo o'higgins,6,cachapoal,61,san vicente,6117,84,110,44,66,49,19,30,61,25,36
15488,libertador general bernardo o'higgins,6,cachapoal,61,san vicente,6117,85,134,63,71,68,27,41,66,36,30
15489,libertador general bernardo o'higgins,6,cachapoal,61,san vicente,6117,86,133,48,85,63,21,42,70,27,43
15490,libertador general bernardo o'higgins,6,cachapoal,61,san vicente,6117,87,90,25,65,44,11,33,46,14,32
15491,libertador general bernardo o'higgins,6,cachapoal,61,san vicente,6117,88,76,34,42,34,16,18,42,18,24
15492,libertador general bernardo o'higgins,6,cachapoal,61,san vicente,6117,89,63,27,36,31,15,16,32,12,20
15493,libertador general bernardo o'higgins,6,cachapoal,61,san vicente,6117,90,46,18,28,19,5,14,27,13,14
15494,libertador general bernardo o'higgins,6,cachapoal,61,san vicente,6117,91,29,8,21,13,3,10,16,5,11
15495,libertador general bernardo o'higgins,6,cachapoal,61,san vicente,6117,92,24,11,13,11,7,4,13,4,9
15496,libertador general bernardo o'higgins,6,cachapoal,61,san vicente,6117,93,27,12,15,7,2,5,20,10,10
15497,libertador general bernardo o'higgins,6,cachapoal,61,san vicente,6117,94,21,9,12,9,3,6,12,6,6
15498,libertador general bernardo o'higgins,6,cachapoal,61,san vicente,6117,95,20,6,14,9,1,8,11,5,6
15499,libertador general bernardo o'higgins,6,cachapoal,61,san vicente,6117,96,14,4,10,8,3,5,6,1,5
15500,libertador general bernardo o'higgins,6,cachapoal,61,san vicente,6117,97,9,3,6,4,2,2,5,1,4
15501,libertador general bernardo o'higgins,6,cachapoal,61,san vicente,6117,98,9,3,6,5,3,2,4,0,4
15502,libertador general bernardo o'higgins,6,cachapoal,61,san vicente,6117,99,4,1,3,3,0,3,1,1,0
15503,libertador general bernardo o'higgins,6,cachapoal,61,san vicente,6117,100 o más,14,9,5,11,8,3,3,1,2
15504,libertador general bernardo o'higgins,6,cardenal caro,62,pichilemu,6201,total comuna,16394,8289,8105,12903,6406,6497,3491,1883,1608
15505,libertador general bernardo o'higgins,6,cardenal caro,62,pichilemu,6201,0,179,103,76,148,84,64,31,19,12
15506,libertador general bernardo o'higgins,6,cardenal caro,62,pichilemu,6201,1,205,102,103,164,80,84,41,22,19
15507,libertador general bernardo o'higgins,6,cardenal caro,62,pichilemu,6201,2,230,122,108,177,95,82,53,27,26
15508,libertador general bernardo o'higgins,6,cardenal caro,62,pichilemu,6201,3,181,105,76,152,89,63,29,16,13
15509,libertador general bernardo o'higgins,6,cardenal caro,62,pichilemu,6201,4,206,100,106,165,72,93,41,28,13
15510,libertador general bernardo o'higgins,6,cardenal caro,62,pichilemu,6201,5,200,91,109,156,70,86,44,21,23
15511,libertador general bernardo o'higgins,6,cardenal caro,62,pichilemu,6201,6,240,125,115,199,108,91,41,17,24
15512,libertador general bernardo o'higgins,6,cardenal caro,62,pichilemu,6201,7,201,103,98,162,81,81,39,22,17
15513,libertador general bernardo o'higgins,6,cardenal caro,62,pichilemu,6201,8,223,118,105,178,95,83,45,23,22
15514,libertador general bernardo o'higgins,6,cardenal caro,62,pichilemu,6201,9,208,105,103,175,90,85,33,15,18
15515,libertador general bernardo o'higgins,6,cardenal caro,62,pichilemu,6201,10,178,94,84,145,77,68,33,17,16
15516,libertador general bernardo o'higgins,6,cardenal caro,62,pichilemu,6201,11,208,114,94,175,96,79,33,18,15
15517,libertador general bernardo o'higgins,6,cardenal caro,62,pichilemu,6201,12,197,118,79,161,95,66,36,23,13
15518,libertador general bernardo o'higgins,6,cardenal caro,62,pichilemu,6201,13,222,112,110,184,94,90,38,18,20
15519,libertador general bernardo o'higgins,6,cardenal caro,62,pichilemu,6201,14,222,111,111,174,90,84,48,21,27
15520,libertador general bernardo o'higgins,6,cardenal caro,62,pichilemu,6201,15,244,122,122,197,97,100,47,25,22
15521,libertador general bernardo o'higgins,6,cardenal caro,62,pichilemu,6201,16,234,123,111,194,101,93,40,22,18
15522,libertador general bernardo o'higgins,6,cardenal caro,62,pichilemu,6201,17,207,104,103,169,86,83,38,18,20
15523,libertador general bernardo o'higgins,6,cardenal caro,62,pichilemu,6201,18,152,75,77,128,58,70,24,17,7
15524,libertador general bernardo o'higgins,6,cardenal caro,62,pichilemu,6201,19,135,80,55,113,68,45,22,12,10
15525,libertador general bernardo o'higgins,6,cardenal caro,62,pichilemu,6201,20,124,62,62,97,48,49,27,14,13
15526,libertador general bernardo o'higgins,6,cardenal caro,62,pichilemu,6201,21,148,83,65,122,65,57,26,18,8
15527,libertador general bernardo o'higgins,6,cardenal caro,62,pichilemu,6201,22,167,93,74,133,66,67,34,27,7
15528,libertador general bernardo o'higgins,6,cardenal caro,62,pichilemu,6201,23,186,106,80,150,88,62,36,18,18
15529,libertador general bernardo o'higgins,6,cardenal caro,62,pichilemu,6201,24,228,116,112,189,93,96,39,23,16
15530,libertador general bernardo o'higgins,6,cardenal caro,62,pichilemu,6201,25,229,108,121,201,97,104,28,11,17
15531,libertador general bernardo o'higgins,6,cardenal caro,62,pichilemu,6201,26,262,136,126,222,113,109,40,23,17
15532,libertador general bernardo o'higgins,6,cardenal caro,62,pichilemu,6201,27,276,135,141,231,115,116,45,20,25
15533,libertador general bernardo o'higgins,6,cardenal caro,62,pichilemu,6201,28,246,116,130,204,99,105,42,17,25
15534,libertador general bernardo o'higgins,6,cardenal caro,62,pichilemu,6201,29,244,118,126,206,96,110,38,22,16
15535,libertador general bernardo o'higgins,6,cardenal caro,62,pichilemu,6201,30,244,121,123,185,92,93,59,29,30
15536,libertador general bernardo o'higgins,6,cardenal caro,62,pichilemu,6201,31,267,132,135,221,106,115,46,26,20
15537,libertador general bernardo o'higgins,6,cardenal caro,62,pichilemu,6201,32,240,111,129,201,91,110,39,20,19
15538,libertador general bernardo o'higgins,6,cardenal caro,62,pichilemu,6201,33,240,123,117,192,94,98,48,29,19
15539,libertador general bernardo o'higgins,6,cardenal caro,62,pichilemu,6201,34,240,122,118,195,99,96,45,23,22
15540,libertador general bernardo o'higgins,6,cardenal caro,62,pichilemu,6201,35,236,129,107,181,97,84,55,32,23
15541,libertador general bernardo o'higgins,6,cardenal caro,62,pichilemu,6201,36,231,103,128,184,78,106,47,25,22
15542,libertador general bernardo o'higgins,6,cardenal caro,62,pichilemu,6201,37,239,119,120,193,90,103,46,29,17
15543,libertador general bernardo o'higgins,6,cardenal caro,62,pichilemu,6201,38,226,126,100,172,95,77,54,31,23
15544,libertador general bernardo o'higgins,6,cardenal caro,62,pichilemu,6201,39,208,101,107,158,77,81,50,24,26
15545,libertador general bernardo o'higgins,6,cardenal caro,62,pichilemu,6201,40,208,101,107,160,79,81,48,22,26
15546,libertador general bernardo o'higgins,6,cardenal caro,62,pichilemu,6201,41,242,110,132,194,86,108,48,24,24
15547,libertador general bernardo o'higgins,6,cardenal caro,62,pichilemu,6201,42,236,118,118,191,95,96,45,23,22
15548,libertador general bernardo o'higgins,6,cardenal caro,62,pichilemu,6201,43,246,127,119,190,91,99,56,36,20
15549,libertador general bernardo o'higgins,6,cardenal caro,62,pichilemu,6201,44,217,118,99,182,102,80,35,16,19
15550,libertador general bernardo o'higgins,6,cardenal caro,62,pichilemu,6201,45,228,116,112,174,88,86,54,28,26
15551,libertador general bernardo o'higgins,6,cardenal caro,62,pichilemu,6201,46,226,103,123,176,82,94,50,21,29
15552,libertador general bernardo o'higgins,6,cardenal caro,62,pichilemu,6201,47,216,107,109,170,83,87,46,24,22
15553,libertador general bernardo o'higgins,6,cardenal caro,62,pichilemu,6201,48,269,152,117,210,118,92,59,34,25
15554,libertador general bernardo o'higgins,6,cardenal caro,62,pichilemu,6201,49,234,115,119,175,85,90,59,30,29
15555,libertador general bernardo o'higgins,6,cardenal caro,62,pichilemu,6201,50,247,118,129,180,85,95,67,33,34
15556,libertador general bernardo o'higgins,6,cardenal caro,62,pichilemu,6201,51,252,128,124,200,97,103,52,31,21
15557,libertador general bernardo o'higgins,6,cardenal caro,62,pichilemu,6201,52,242,118,124,181,82,99,61,36,25
15558,libertador general bernardo o'higgins,6,cardenal caro,62,pichilemu,6201,53,238,109,129,185,79,106,53,30,23
15559,libertador general bernardo o'higgins,6,cardenal caro,62,pichilemu,6201,54,250,132,118,196,98,98,54,34,20
15560,libertador general bernardo o'higgins,6,cardenal caro,62,pichilemu,6201,55,263,123,140,203,91,112,60,32,28
15561,libertador general bernardo o'higgins,6,cardenal caro,62,pichilemu,6201,56,249,131,118,185,97,88,64,34,30
15562,libertador general bernardo o'higgins,6,cardenal caro,62,pichilemu,6201,57,205,117,88,154,83,71,51,34,17
15563,libertador general bernardo o'higgins,6,cardenal caro,62,pichilemu,6201,58,218,118,100,167,87,80,51,31,20
15564,libertador general bernardo o'higgins,6,cardenal caro,62,pichilemu,6201,59,222,107,115,169,79,90,53,28,25
15565,libertador general bernardo o'higgins,6,cardenal caro,62,pichilemu,6201,60,210,97,113,161,77,84,49,20,29
15566,libertador general bernardo o'higgins,6,cardenal caro,62,pichilemu,6201,61,206,111,95,145,71,74,61,40,21
15567,libertador general bernardo o'higgins,6,cardenal caro,62,pichilemu,6201,62,193,88,105,151,68,83,42,20,22
15568,libertador general bernardo o'higgins,6,cardenal caro,62,pichilemu,6201,63,189,96,93,134,62,72,55,34,21
15569,libertador general bernardo o'higgins,6,cardenal caro,62,pichilemu,6201,64,146,78,68,104,56,48,42,22,20
15570,libertador general bernardo o'higgins,6,cardenal caro,62,pichilemu,6201,65,183,93,90,141,69,72,42,24,18
15571,libertador general bernardo o'higgins,6,cardenal caro,62,pichilemu,6201,66,129,72,57,97,47,50,32,25,7
15572,libertador general bernardo o'higgins,6,cardenal caro,62,pichilemu,6201,67,147,80,67,108,59,49,39,21,18
15573,libertador general bernardo o'higgins,6,cardenal caro,62,pichilemu,6201,68,142,68,74,103,50,53,39,18,21
15574,libertador general bernardo o'higgins,6,cardenal caro,62,pichilemu,6201,69,142,79,63,100,50,50,42,29,13
15575,libertador general bernardo o'higgins,6,cardenal caro,62,pichilemu,6201,70,121,57,64,96,46,50,25,11,14
15576,libertador general bernardo o'higgins,6,cardenal caro,62,pichilemu,6201,71,119,64,55,83,46,37,36,18,18
15577,libertador general bernardo o'higgins,6,cardenal caro,62,pichilemu,6201,72,103,45,58,75,31,44,28,14,14
15578,libertador general bernardo o'higgins,6,cardenal caro,62,pichilemu,6201,73,112,59,53,87,45,42,25,14,11
15579,libertador general bernardo o'higgins,6,cardenal caro,62,pichilemu,6201,74,98,54,44,74,38,36,24,16,8
15580,libertador general bernardo o'higgins,6,cardenal caro,62,pichilemu,6201,75,99,48,51,73,35,38,26,13,13
15581,libertador general bernardo o'higgins,6,cardenal caro,62,pichilemu,6201,76,94,40,54,60,25,35,34,15,19
15582,libertador general bernardo o'higgins,6,cardenal caro,62,pichilemu,6201,77,70,29,41,54,23,31,16,6,10
15583,libertador general bernardo o'higgins,6,cardenal caro,62,pichilemu,6201,78,77,35,42,61,27,34,16,8,8
15584,libertador general bernardo o'higgins,6,cardenal caro,62,pichilemu,6201,79,67,26,41,49,18,31,18,8,10
15585,libertador general bernardo o'higgins,6,cardenal caro,62,pichilemu,6201,80,69,31,38,56,25,31,13,6,7
15586,libertador general bernardo o'higgins,6,cardenal caro,62,pichilemu,6201,81,53,23,30,36,14,22,17,9,8
15587,libertador general bernardo o'higgins,6,cardenal caro,62,pichilemu,6201,82,58,24,34,45,19,26,13,5,8
15588,libertador general bernardo o'higgins,6,cardenal caro,62,pichilemu,6201,83,50,23,27,35,15,20,15,8,7
15589,libertador general bernardo o'higgins,6,cardenal caro,62,pichilemu,6201,84,37,20,17,28,16,12,9,4,5
15590,libertador general bernardo o'higgins,6,cardenal caro,62,pichilemu,6201,85,43,27,16,33,18,15,10,9,1
15591,libertador general bernardo o'higgins,6,cardenal caro,62,pichilemu,6201,86,31,13,18,21,9,12,10,4,6
15592,libertador general bernardo o'higgins,6,cardenal caro,62,pichilemu,6201,87,31,12,19,23,9,14,8,3,5
15593,libertador general bernardo o'higgins,6,cardenal caro,62,pichilemu,6201,88,24,11,13,14,7,7,10,4,6
15594,libertador general bernardo o'higgins,6,cardenal caro,62,pichilemu,6201,89,21,5,16,17,4,13,4,1,3
15595,libertador general bernardo o'higgins,6,cardenal caro,62,pichilemu,6201,90,12,5,7,7,3,4,5,2,3
15596,libertador general bernardo o'higgins,6,cardenal caro,62,pichilemu,6201,91,13,5,8,7,2,5,6,3,3
15597,libertador general bernardo o'higgins,6,cardenal caro,62,pichilemu,6201,92,12,7,5,9,5,4,3,2,1
15598,libertador general bernardo o'higgins,6,cardenal caro,62,pichilemu,6201,93,10,5,5,5,3,2,5,2,3
15599,libertador general bernardo o'higgins,6,cardenal caro,62,pichilemu,6201,94,6,1,5,3,0,3,3,1,2
15600,libertador general bernardo o'higgins,6,cardenal caro,62,pichilemu,6201,95,5,2,3,4,1,3,1,1,0
15601,libertador general bernardo o'higgins,6,cardenal caro,62,pichilemu,6201,96,7,0,7,6,0,6,1,0,1
15602,libertador general bernardo o'higgins,6,cardenal caro,62,pichilemu,6201,97,2,0,2,2,0,2,0,0,0
15603,libertador general bernardo o'higgins,6,cardenal caro,62,pichilemu,6201,98,1,0,1,0,0,0,1,0,1
15604,libertador general bernardo o'higgins,6,cardenal caro,62,pichilemu,6201,99,0,0,0,0,0,0,0,0,0
15605,libertador general bernardo o'higgins,6,cardenal caro,62,pichilemu,6201,100 o más,1,1,0,1,1,0,0,0,0
15606,libertador general bernardo o'higgins,6,cardenal caro,62,la estrella,6202,total comuna,3041,1603,1438,1133,580,553,1908,1023,885
15607,libertador general bernardo o'higgins,6,cardenal caro,62,la estrella,6202,0,21,11,10,7,4,3,14,7,7
15608,libertador general bernardo o'higgins,6,cardenal caro,62,la estrella,6202,1,34,16,18,16,10,6,18,6,12
15609,libertador general bernardo o'higgins,6,cardenal caro,62,la estrella,6202,2,25,11,14,7,1,6,18,10,8
15610,libertador general bernardo o'higgins,6,cardenal caro,62,la estrella,6202,3,20,11,9,9,6,3,11,5,6
15611,libertador general bernardo o'higgins,6,cardenal caro,62,la estrella,6202,4,31,14,17,9,4,5,22,10,12
15612,libertador general bernardo o'higgins,6,cardenal caro,62,la estrella,6202,5,25,14,11,9,4,5,16,10,6
15613,libertador general bernardo o'higgins,6,cardenal caro,62,la estrella,6202,6,41,18,23,15,8,7,26,10,16
15614,libertador general bernardo o'higgins,6,cardenal caro,62,la estrella,6202,7,33,16,17,12,6,6,21,10,11
15615,libertador general bernardo o'higgins,6,cardenal caro,62,la estrella,6202,8,41,26,15,21,13,8,20,13,7
15616,libertador general bernardo o'higgins,6,cardenal caro,62,la estrella,6202,9,39,21,18,17,8,9,22,13,9
15617,libertador general bernardo o'higgins,6,cardenal caro,62,la estrella,6202,10,32,15,17,12,7,5,20,8,12
15618,libertador general bernardo o'higgins,6,cardenal caro,62,la estrella,6202,11,43,22,21,13,6,7,30,16,14
15619,libertador general bernardo o'higgins,6,cardenal caro,62,la estrella,6202,12,33,16,17,13,6,7,20,10,10
15620,libertador general bernardo o'higgins,6,cardenal caro,62,la estrella,6202,13,41,18,23,14,7,7,27,11,16
15621,libertador general bernardo o'higgins,6,cardenal caro,62,la estrella,6202,14,33,15,18,8,5,3,25,10,15
15622,libertador general bernardo o'higgins,6,cardenal caro,62,la estrella,6202,15,29,12,17,9,3,6,20,9,11
15623,libertador general bernardo o'higgins,6,cardenal caro,62,la estrella,6202,16,44,26,18,16,8,8,28,18,10
15624,libertador general bernardo o'higgins,6,cardenal caro,62,la estrella,6202,17,33,18,15,14,9,5,19,9,10
15625,libertador general bernardo o'higgins,6,cardenal caro,62,la estrella,6202,18,26,16,10,17,11,6,9,5,4
15626,libertador general bernardo o'higgins,6,cardenal caro,62,la estrella,6202,19,19,11,8,7,4,3,12,7,5
15627,libertador general bernardo o'higgins,6,cardenal caro,62,la estrella,6202,20,33,20,13,13,7,6,20,13,7
15628,libertador general bernardo o'higgins,6,cardenal caro,62,la estrella,6202,21,25,11,14,9,2,7,16,9,7
15629,libertador general bernardo o'higgins,6,cardenal caro,62,la estrella,6202,22,29,14,15,7,4,3,22,10,12
15630,libertador general bernardo o'higgins,6,cardenal caro,62,la estrella,6202,23,25,15,10,9,5,4,16,10,6
15631,libertador general bernardo o'higgins,6,cardenal caro,62,la estrella,6202,24,31,18,13,17,9,8,14,9,5
15632,libertador general bernardo o'higgins,6,cardenal caro,62,la estrella,6202,25,30,17,13,15,7,8,15,10,5
15633,libertador general bernardo o'higgins,6,cardenal caro,62,la estrella,6202,26,39,25,14,21,13,8,18,12,6
15634,libertador general bernardo o'higgins,6,cardenal caro,62,la estrella,6202,27,31,17,14,16,10,6,15,7,8
15635,libertador general bernardo o'higgins,6,cardenal caro,62,la estrella,6202,28,36,20,16,14,8,6,22,12,10
15636,libertador general bernardo o'higgins,6,cardenal caro,62,la estrella,6202,29,40,20,20,10,7,3,30,13,17
15637,libertador general bernardo o'higgins,6,cardenal caro,62,la estrella,6202,30,44,26,18,19,10,9,25,16,9
15638,libertador general bernardo o'higgins,6,cardenal caro,62,la estrella,6202,31,38,20,18,16,6,10,22,14,8
15639,libertador general bernardo o'higgins,6,cardenal caro,62,la estrella,6202,32,38,20,18,10,5,5,28,15,13
15640,libertador general bernardo o'higgins,6,cardenal caro,62,la estrella,6202,33,47,24,23,18,8,10,29,16,13
15641,libertador general bernardo o'higgins,6,cardenal caro,62,la estrella,6202,34,31,13,18,14,6,8,17,7,10
15642,libertador general bernardo o'higgins,6,cardenal caro,62,la estrella,6202,35,33,18,15,14,8,6,19,10,9
15643,libertador general bernardo o'higgins,6,cardenal caro,62,la estrella,6202,36,42,26,16,17,10,7,25,16,9
15644,libertador general bernardo o'higgins,6,cardenal caro,62,la estrella,6202,37,32,19,13,12,8,4,20,11,9
15645,libertador general bernardo o'higgins,6,cardenal caro,62,la estrella,6202,38,31,13,18,8,4,4,23,9,14
15646,libertador general bernardo o'higgins,6,cardenal caro,62,la estrella,6202,39,38,19,19,13,7,6,25,12,13
15647,libertador general bernardo o'higgins,6,cardenal caro,62,la estrella,6202,40,41,25,16,16,10,6,25,15,10
15648,libertador general bernardo o'higgins,6,cardenal caro,62,la estrella,6202,41,46,25,21,23,13,10,23,12,11
15649,libertador general bernardo o'higgins,6,cardenal caro,62,la estrella,6202,42,33,20,13,16,9,7,17,11,6
15650,libertador general bernardo o'higgins,6,cardenal caro,62,la estrella,6202,43,38,23,15,13,5,8,25,18,7
15651,libertador general bernardo o'higgins,6,cardenal caro,62,la estrella,6202,44,47,23,24,18,9,9,29,14,15
15652,libertador general bernardo o'higgins,6,cardenal caro,62,la estrella,6202,45,49,25,24,18,9,9,31,16,15
15653,libertador general bernardo o'higgins,6,cardenal caro,62,la estrella,6202,46,41,16,25,14,7,7,27,9,18
15654,libertador general bernardo o'higgins,6,cardenal caro,62,la estrella,6202,47,40,18,22,11,5,6,29,13,16
15655,libertador general bernardo o'higgins,6,cardenal caro,62,la estrella,6202,48,43,21,22,14,6,8,29,15,14
15656,libertador general bernardo o'higgins,6,cardenal caro,62,la estrella,6202,49,54,30,24,23,15,8,31,15,16
15657,libertador general bernardo o'higgins,6,cardenal caro,62,la estrella,6202,50,67,40,27,28,20,8,39,20,19
15658,libertador general bernardo o'higgins,6,cardenal caro,62,la estrella,6202,51,46,26,20,13,4,9,33,22,11
15659,libertador general bernardo o'higgins,6,cardenal caro,62,la estrella,6202,52,56,28,28,24,10,14,32,18,14
15660,libertador general bernardo o'higgins,6,cardenal caro,62,la estrella,6202,53,49,31,18,23,14,9,26,17,9
15661,libertador general bernardo o'higgins,6,cardenal caro,62,la estrella,6202,54,42,21,21,16,7,9,26,14,12
15662,libertador general bernardo o'higgins,6,cardenal caro,62,la estrella,6202,55,57,29,28,17,6,11,40,23,17
15663,libertador general bernardo o'higgins,6,cardenal caro,62,la estrella,6202,56,56,23,33,19,8,11,37,15,22
15664,libertador general bernardo o'higgins,6,cardenal caro,62,la estrella,6202,57,58,35,23,21,10,11,37,25,12
15665,libertador general bernardo o'higgins,6,cardenal caro,62,la estrella,6202,58,39,25,14,14,8,6,25,17,8
15666,libertador general bernardo o'higgins,6,cardenal caro,62,la estrella,6202,59,52,29,23,14,8,6,38,21,17
15667,libertador general bernardo o'higgins,6,cardenal caro,62,la estrella,6202,60,52,26,26,17,5,12,35,21,14
15668,libertador general bernardo o'higgins,6,cardenal caro,62,la estrella,6202,61,36,27,9,9,7,2,27,20,7
15669,libertador general bernardo o'higgins,6,cardenal caro,62,la estrella,6202,62,40,22,18,12,6,6,28,16,12
15670,libertador general bernardo o'higgins,6,cardenal caro,62,la estrella,6202,63,46,21,25,14,6,8,32,15,17
15671,libertador general bernardo o'higgins,6,cardenal caro,62,la estrella,6202,64,37,20,17,11,5,6,26,15,11
15672,libertador general bernardo o'higgins,6,cardenal caro,62,la estrella,6202,65,40,28,12,15,11,4,25,17,8
15673,libertador general bernardo o'higgins,6,cardenal caro,62,la estrella,6202,66,44,20,24,15,9,6,29,11,18
15674,libertador general bernardo o'higgins,6,cardenal caro,62,la estrella,6202,67,25,12,13,11,2,9,14,10,4
15675,libertador general bernardo o'higgins,6,cardenal caro,62,la estrella,6202,68,35,16,19,16,7,9,19,9,10
15676,libertador general bernardo o'higgins,6,cardenal caro,62,la estrella,6202,69,32,20,12,9,3,6,23,17,6
15677,libertador general bernardo o'higgins,6,cardenal caro,62,la estrella,6202,70,30,20,10,12,8,4,18,12,6
15678,libertador general bernardo o'higgins,6,cardenal caro,62,la estrella,6202,71,28,15,13,11,6,5,17,9,8
15679,libertador general bernardo o'higgins,6,cardenal caro,62,la estrella,6202,72,28,8,20,8,2,6,20,6,14
15680,libertador general bernardo o'higgins,6,cardenal caro,62,la estrella,6202,73,29,14,15,16,9,7,13,5,8
15681,libertador general bernardo o'higgins,6,cardenal caro,62,la estrella,6202,74,28,14,14,8,2,6,20,12,8
15682,libertador general bernardo o'higgins,6,cardenal caro,62,la estrella,6202,75,19,8,11,8,2,6,11,6,5
15683,libertador general bernardo o'higgins,6,cardenal caro,62,la estrella,6202,76,32,16,16,13,6,7,19,10,9
15684,libertador general bernardo o'higgins,6,cardenal caro,62,la estrella,6202,77,18,10,8,7,5,2,11,5,6
15685,libertador general bernardo o'higgins,6,cardenal caro,62,la estrella,6202,78,13,6,7,5,2,3,8,4,4
15686,libertador general bernardo o'higgins,6,cardenal caro,62,la estrella,6202,79,16,8,8,5,3,2,11,5,6
15687,libertador general bernardo o'higgins,6,cardenal caro,62,la estrella,6202,80,9,7,2,3,2,1,6,5,1
15688,libertador general bernardo o'higgins,6,cardenal caro,62,la estrella,6202,81,9,4,5,4,2,2,5,2,3
15689,libertador general bernardo o'higgins,6,cardenal caro,62,la estrella,6202,82,14,11,3,1,0,1,13,11,2
15690,libertador general bernardo o'higgins,6,cardenal caro,62,la estrella,6202,83,7,3,4,3,1,2,4,2,2
15691,libertador general bernardo o'higgins,6,cardenal caro,62,la estrella,6202,84,13,6,7,5,3,2,8,3,5
15692,libertador general bernardo o'higgins,6,cardenal caro,62,la estrella,6202,85,10,2,8,4,0,4,6,2,4
15693,libertador general bernardo o'higgins,6,cardenal caro,62,la estrella,6202,86,8,2,6,2,0,2,6,2,4
15694,libertador general bernardo o'higgins,6,cardenal caro,62,la estrella,6202,87,10,4,6,3,2,1,7,2,5
15695,libertador general bernardo o'higgins,6,cardenal caro,62,la estrella,6202,88,10,6,4,5,3,2,5,3,2
15696,libertador general bernardo o'higgins,6,cardenal caro,62,la estrella,6202,89,5,4,1,0,0,0,5,4,1
15697,libertador general bernardo o'higgins,6,cardenal caro,62,la estrella,6202,90,5,1,4,1,0,1,4,1,3
15698,libertador general bernardo o'higgins,6,cardenal caro,62,la estrella,6202,91,5,2,3,2,2,0,3,0,3
15699,libertador general bernardo o'higgins,6,cardenal caro,62,la estrella,6202,92,6,2,4,2,1,1,4,1,3
15700,libertador general bernardo o'higgins,6,cardenal caro,62,la estrella,6202,93,7,1,6,3,1,2,4,0,4
15701,libertador general bernardo o'higgins,6,cardenal caro,62,la estrella,6202,94,1,0,1,1,0,1,0,0,0
15702,libertador general bernardo o'higgins,6,cardenal caro,62,la estrella,6202,95,0,0,0,0,0,0,0,0,0
15703,libertador general bernardo o'higgins,6,cardenal caro,62,la estrella,6202,96,0,0,0,0,0,0,0,0,0
15704,libertador general bernardo o'higgins,6,cardenal caro,62,la estrella,6202,97,0,0,0,0,0,0,0,0,0
15705,libertador general bernardo o'higgins,6,cardenal caro,62,la estrella,6202,98,1,0,1,0,0,0,1,0,1
15706,libertador general bernardo o'higgins,6,cardenal caro,62,la estrella,6202,99,0,0,0,0,0,0,0,0,0
15707,libertador general bernardo o'higgins,6,cardenal caro,62,la estrella,6202,100 o más,3,2,1,0,0,0,3,2,1
15708,libertador general bernardo o'higgins,6,cardenal caro,62,litueche,6203,total comuna,6294,3287,3007,3368,1725,1643,2926,1562,1364
15709,libertador general bernardo o'higgins,6,cardenal caro,62,litueche,6203,0,55,23,32,34,18,16,21,5,16
15710,libertador general bernardo o'higgins,6,cardenal caro,62,litueche,6203,1,95,56,39,55,33,22,40,23,17
15711,libertador general bernardo o'higgins,6,cardenal caro,62,litueche,6203,2,71,39,32,39,26,13,32,13,19
15712,libertador general bernardo o'higgins,6,cardenal caro,62,litueche,6203,3,70,35,35,41,18,23,29,17,12
15713,libertador general bernardo o'higgins,6,cardenal caro,62,litueche,6203,4,67,37,30,44,23,21,23,14,9
15714,libertador general bernardo o'higgins,6,cardenal caro,62,litueche,6203,5,77,45,32,39,27,12,38,18,20
15715,libertador general bernardo o'higgins,6,cardenal caro,62,litueche,6203,6,73,43,30,43,24,19,30,19,11
15716,libertador general bernardo o'higgins,6,cardenal caro,62,litueche,6203,7,85,35,50,46,22,24,39,13,26
15717,libertador general bernardo o'higgins,6,cardenal caro,62,litueche,6203,8,93,50,43,54,32,22,39,18,21
15718,libertador general bernardo o'higgins,6,cardenal caro,62,litueche,6203,9,88,40,48,47,17,30,41,23,18
15719,libertador general bernardo o'higgins,6,cardenal caro,62,litueche,6203,10,81,47,34,46,29,17,35,18,17
15720,libertador general bernardo o'higgins,6,cardenal caro,62,litueche,6203,11,73,44,29,45,24,21,28,20,8
15721,libertador general bernardo o'higgins,6,cardenal caro,62,litueche,6203,12,72,36,36,38,17,21,34,19,15
15722,libertador general bernardo o'higgins,6,cardenal caro,62,litueche,6203,13,70,39,31,30,16,14,40,23,17
15723,libertador general bernardo o'higgins,6,cardenal caro,62,litueche,6203,14,85,43,42,56,30,26,29,13,16
15724,libertador general bernardo o'higgins,6,cardenal caro,62,litueche,6203,15,81,33,48,50,18,32,31,15,16
15725,libertador general bernardo o'higgins,6,cardenal caro,62,litueche,6203,16,73,36,37,44,21,23,29,15,14
15726,libertador general bernardo o'higgins,6,cardenal caro,62,litueche,6203,17,78,45,33,46,28,18,32,17,15
15727,libertador general bernardo o'higgins,6,cardenal caro,62,litueche,6203,18,57,30,27,36,20,16,21,10,11
15728,libertador general bernardo o'higgins,6,cardenal caro,62,litueche,6203,19,66,33,33,37,19,18,29,14,15
15729,libertador general bernardo o'higgins,6,cardenal caro,62,litueche,6203,20,58,33,25,26,18,8,32,15,17
15730,libertador general bernardo o'higgins,6,cardenal caro,62,litueche,6203,21,79,44,35,43,22,21,36,22,14
15731,libertador general bernardo o'higgins,6,cardenal caro,62,litueche,6203,22,80,39,41,51,21,30,29,18,11
15732,libertador general bernardo o'higgins,6,cardenal caro,62,litueche,6203,23,71,37,34,38,20,18,33,17,16
15733,libertador general bernardo o'higgins,6,cardenal caro,62,litueche,6203,24,86,47,39,48,26,22,38,21,17
15734,libertador general bernardo o'higgins,6,cardenal caro,62,litueche,6203,25,83,42,41,50,26,24,33,16,17
15735,libertador general bernardo o'higgins,6,cardenal caro,62,litueche,6203,26,70,33,37,41,19,22,29,14,15
15736,libertador general bernardo o'higgins,6,cardenal caro,62,litueche,6203,27,98,47,51,63,34,29,35,13,22
15737,libertador general bernardo o'higgins,6,cardenal caro,62,litueche,6203,28,100,51,49,67,40,27,33,11,22
15738,libertador general bernardo o'higgins,6,cardenal caro,62,litueche,6203,29,89,46,43,50,26,24,39,20,19
15739,libertador general bernardo o'higgins,6,cardenal caro,62,litueche,6203,30,96,47,49,52,22,30,44,25,19
15740,libertador general bernardo o'higgins,6,cardenal caro,62,litueche,6203,31,78,37,41,46,22,24,32,15,17
15741,libertador general bernardo o'higgins,6,cardenal caro,62,litueche,6203,32,89,44,45,53,27,26,36,17,19
15742,libertador general bernardo o'higgins,6,cardenal caro,62,litueche,6203,33,84,46,38,50,29,21,34,17,17
15743,libertador general bernardo o'higgins,6,cardenal caro,62,litueche,6203,34,80,40,40,35,20,15,45,20,25
15744,libertador general bernardo o'higgins,6,cardenal caro,62,litueche,6203,35,65,37,28,36,20,16,29,17,12
15745,libertador general bernardo o'higgins,6,cardenal caro,62,litueche,6203,36,70,36,34,48,23,25,22,13,9
15746,libertador general bernardo o'higgins,6,cardenal caro,62,litueche,6203,37,74,33,41,47,21,26,27,12,15
15747,libertador general bernardo o'higgins,6,cardenal caro,62,litueche,6203,38,71,41,30,34,15,19,37,26,11
15748,libertador general bernardo o'higgins,6,cardenal caro,62,litueche,6203,39,79,45,34,43,27,16,36,18,18
15749,libertador general bernardo o'higgins,6,cardenal caro,62,litueche,6203,40,76,39,37,42,21,21,34,18,16
15750,libertador general bernardo o'higgins,6,cardenal caro,62,litueche,6203,41,83,30,53,54,23,31,29,7,22
15751,libertador general bernardo o'higgins,6,cardenal caro,62,litueche,6203,42,90,46,44,48,24,24,42,22,20
15752,libertador general bernardo o'higgins,6,cardenal caro,62,litueche,6203,43,76,39,37,42,19,23,34,20,14
15753,libertador general bernardo o'higgins,6,cardenal caro,62,litueche,6203,44,106,59,47,63,34,29,43,25,18
15754,libertador general bernardo o'higgins,6,cardenal caro,62,litueche,6203,45,93,49,44,57,24,33,36,25,11
15755,libertador general bernardo o'higgins,6,cardenal caro,62,litueche,6203,46,105,44,61,53,19,34,52,25,27
15756,libertador general bernardo o'higgins,6,cardenal caro,62,litueche,6203,47,102,52,50,52,25,27,50,27,23
15757,libertador general bernardo o'higgins,6,cardenal caro,62,litueche,6203,48,91,45,46,40,18,22,51,27,24
15758,libertador general bernardo o'higgins,6,cardenal caro,62,litueche,6203,49,86,46,40,54,29,25,32,17,15
15759,libertador general bernardo o'higgins,6,cardenal caro,62,litueche,6203,50,89,48,41,43,24,19,46,24,22
15760,libertador general bernardo o'higgins,6,cardenal caro,62,litueche,6203,51,86,46,40,44,22,22,42,24,18
15761,libertador general bernardo o'higgins,6,cardenal caro,62,litueche,6203,52,85,48,37,45,24,21,40,24,16
15762,libertador general bernardo o'higgins,6,cardenal caro,62,litueche,6203,53,115,57,58,64,29,35,51,28,23
15763,libertador general bernardo o'higgins,6,cardenal caro,62,litueche,6203,54,109,59,50,56,28,28,53,31,22
15764,libertador general bernardo o'higgins,6,cardenal caro,62,litueche,6203,55,97,52,45,48,20,28,49,32,17
15765,libertador general bernardo o'higgins,6,cardenal caro,62,litueche,6203,56,92,55,37,35,20,15,57,35,22
15766,libertador general bernardo o'higgins,6,cardenal caro,62,litueche,6203,57,89,55,34,45,28,17,44,27,17
15767,libertador general bernardo o'higgins,6,cardenal caro,62,litueche,6203,58,92,55,37,50,29,21,42,26,16
15768,libertador general bernardo o'higgins,6,cardenal caro,62,litueche,6203,59,85,43,42,46,21,25,39,22,17
15769,libertador general bernardo o'higgins,6,cardenal caro,62,litueche,6203,60,82,41,41,47,21,26,35,20,15
15770,libertador general bernardo o'higgins,6,cardenal caro,62,litueche,6203,61,64,30,34,33,15,18,31,15,16
15771,libertador general bernardo o'higgins,6,cardenal caro,62,litueche,6203,62,77,38,39,34,16,18,43,22,21
15772,libertador general bernardo o'higgins,6,cardenal caro,62,litueche,6203,63,71,38,33,31,16,15,40,22,18
15773,libertador general bernardo o'higgins,6,cardenal caro,62,litueche,6203,64,67,34,33,29,18,11,38,16,22
15774,libertador general bernardo o'higgins,6,cardenal caro,62,litueche,6203,65,83,45,38,36,19,17,47,26,21
15775,libertador general bernardo o'higgins,6,cardenal caro,62,litueche,6203,66,60,30,30,21,13,8,39,17,22
15776,libertador general bernardo o'higgins,6,cardenal caro,62,litueche,6203,67,70,36,34,37,20,17,33,16,17
15777,libertador general bernardo o'higgins,6,cardenal caro,62,litueche,6203,68,69,38,31,29,16,13,40,22,18
15778,libertador general bernardo o'higgins,6,cardenal caro,62,litueche,6203,69,65,41,24,25,14,11,40,27,13
15779,libertador general bernardo o'higgins,6,cardenal caro,62,litueche,6203,70,54,32,22,27,14,13,27,18,9
15780,libertador general bernardo o'higgins,6,cardenal caro,62,litueche,6203,71,49,31,18,25,15,10,24,16,8
15781,libertador general bernardo o'higgins,6,cardenal caro,62,litueche,6203,72,49,23,26,22,9,13,27,14,13
15782,libertador general bernardo o'higgins,6,cardenal caro,62,litueche,6203,73,49,32,17,14,7,7,35,25,10
15783,libertador general bernardo o'higgins,6,cardenal caro,62,litueche,6203,74,42,23,19,16,8,8,26,15,11
15784,libertador general bernardo o'higgins,6,cardenal caro,62,litueche,6203,75,34,15,19,16,6,10,18,9,9
15785,libertador general bernardo o'higgins,6,cardenal caro,62,litueche,6203,76,37,23,14,14,7,7,23,16,7
15786,libertador general bernardo o'higgins,6,cardenal caro,62,litueche,6203,77,31,15,16,12,3,9,19,12,7
15787,libertador general bernardo o'higgins,6,cardenal caro,62,litueche,6203,78,35,20,15,11,6,5,24,14,10
15788,libertador general bernardo o'higgins,6,cardenal caro,62,litueche,6203,79,32,17,15,13,8,5,19,9,10
15789,libertador general bernardo o'higgins,6,cardenal caro,62,litueche,6203,80,29,16,13,11,8,3,18,8,10
15790,libertador general bernardo o'higgins,6,cardenal caro,62,litueche,6203,81,23,13,10,12,7,5,11,6,5
15791,libertador general bernardo o'higgins,6,cardenal caro,62,litueche,6203,82,24,9,15,13,4,9,11,5,6
15792,libertador general bernardo o'higgins,6,cardenal caro,62,litueche,6203,83,24,10,14,9,6,3,15,4,11
15793,libertador general bernardo o'higgins,6,cardenal caro,62,litueche,6203,84,17,11,6,9,4,5,8,7,1
15794,libertador general bernardo o'higgins,6,cardenal caro,62,litueche,6203,85,18,9,9,7,5,2,11,4,7
15795,libertador general bernardo o'higgins,6,cardenal caro,62,litueche,6203,86,17,8,9,9,4,5,8,4,4
15796,libertador general bernardo o'higgins,6,cardenal caro,62,litueche,6203,87,12,4,8,7,2,5,5,2,3
15797,libertador general bernardo o'higgins,6,cardenal caro,62,litueche,6203,88,10,5,5,4,0,4,6,5,1
15798,libertador general bernardo o'higgins,6,cardenal caro,62,litueche,6203,89,11,4,7,4,1,3,7,3,4
15799,libertador general bernardo o'higgins,6,cardenal caro,62,litueche,6203,90,5,3,2,4,2,2,1,1,0
15800,libertador general bernardo o'higgins,6,cardenal caro,62,litueche,6203,91,7,3,4,2,1,1,5,2,3
15801,libertador general bernardo o'higgins,6,cardenal caro,62,litueche,6203,92,7,4,3,5,4,1,2,0,2
15802,libertador general bernardo o'higgins,6,cardenal caro,62,litueche,6203,93,2,1,1,2,1,1,0,0,0
15803,libertador general bernardo o'higgins,6,cardenal caro,62,litueche,6203,94,2,2,0,2,2,0,0,0,0
15804,libertador general bernardo o'higgins,6,cardenal caro,62,litueche,6203,95,2,1,1,1,1,0,1,0,1
15805,libertador general bernardo o'higgins,6,cardenal caro,62,litueche,6203,96,3,0,3,2,0,2,1,0,1
15806,libertador general bernardo o'higgins,6,cardenal caro,62,litueche,6203,97,1,1,0,1,1,0,0,0,0
15807,libertador general bernardo o'higgins,6,cardenal caro,62,litueche,6203,98,2,0,2,0,0,0,2,0,2
15808,libertador general bernardo o'higgins,6,cardenal caro,62,litueche,6203,99,0,0,0,0,0,0,0,0,0
15809,libertador general bernardo o'higgins,6,cardenal caro,62,litueche,6203,100 o más,1,0,1,0,0,0,1,0,1
15810,libertador general bernardo o'higgins,6,cardenal caro,62,marchihue,6204,total comuna,7308,3745,3563,3321,1651,1670,3987,2094,1893
15811,libertador general bernardo o'higgins,6,cardenal caro,62,marchihue,6204,0,65,36,29,34,20,14,31,16,15
15812,libertador general bernardo o'higgins,6,cardenal caro,62,marchihue,6204,1,72,35,37,36,18,18,36,17,19
15813,libertador general bernardo o'higgins,6,cardenal caro,62,marchihue,6204,2,98,39,59,41,15,26,57,24,33
15814,libertador general bernardo o'higgins,6,cardenal caro,62,marchihue,6204,3,94,49,45,46,24,22,48,25,23
15815,libertador general bernardo o'higgins,6,cardenal caro,62,marchihue,6204,4,63,32,31,32,17,15,31,15,16
15816,libertador general bernardo o'higgins,6,cardenal caro,62,marchihue,6204,5,77,36,41,33,17,16,44,19,25
15817,libertador general bernardo o'higgins,6,cardenal caro,62,marchihue,6204,6,73,42,31,39,21,18,34,21,13
15818,libertador general bernardo o'higgins,6,cardenal caro,62,marchihue,6204,7,80,40,40,38,20,18,42,20,22
15819,libertador general bernardo o'higgins,6,cardenal caro,62,marchihue,6204,8,88,50,38,47,24,23,41,26,15
15820,libertador general bernardo o'higgins,6,cardenal caro,62,marchihue,6204,9,89,39,50,48,24,24,41,15,26
15821,libertador general bernardo o'higgins,6,cardenal caro,62,marchihue,6204,10,94,51,43,49,25,24,45,26,19
15822,libertador general bernardo o'higgins,6,cardenal caro,62,marchihue,6204,11,82,38,44,40,17,23,42,21,21
15823,libertador general bernardo o'higgins,6,cardenal caro,62,marchihue,6204,12,96,49,47,45,20,25,51,29,22
15824,libertador general bernardo o'higgins,6,cardenal caro,62,marchihue,6204,13,94,49,45,49,26,23,45,23,22
15825,libertador general bernardo o'higgins,6,cardenal caro,62,marchihue,6204,14,92,41,51,39,14,25,53,27,26
15826,libertador general bernardo o'higgins,6,cardenal caro,62,marchihue,6204,15,104,49,55,48,19,29,56,30,26
15827,libertador general bernardo o'higgins,6,cardenal caro,62,marchihue,6204,16,87,40,47,43,21,22,44,19,25
15828,libertador general bernardo o'higgins,6,cardenal caro,62,marchihue,6204,17,96,53,43,49,28,21,47,25,22
15829,libertador general bernardo o'higgins,6,cardenal caro,62,marchihue,6204,18,81,36,45,38,18,20,43,18,25
15830,libertador general bernardo o'higgins,6,cardenal caro,62,marchihue,6204,19,65,31,34,33,15,18,32,16,16
15831,libertador general bernardo o'higgins,6,cardenal caro,62,marchihue,6204,20,61,32,29,23,12,11,38,20,18
15832,libertador general bernardo o'higgins,6,cardenal caro,62,marchihue,6204,21,71,31,40,29,10,19,42,21,21
15833,libertador general bernardo o'higgins,6,cardenal caro,62,marchihue,6204,22,92,52,40,35,24,11,57,28,29
15834,libertador general bernardo o'higgins,6,cardenal caro,62,marchihue,6204,23,94,53,41,44,27,17,50,26,24
15835,libertador general bernardo o'higgins,6,cardenal caro,62,marchihue,6204,24,89,39,50,35,19,16,54,20,34
15836,libertador general bernardo o'higgins,6,cardenal caro,62,marchihue,6204,25,94,50,44,38,18,20,56,32,24
15837,libertador general bernardo o'higgins,6,cardenal caro,62,marchihue,6204,26,91,49,42,40,21,19,51,28,23
15838,libertador general bernardo o'higgins,6,cardenal caro,62,marchihue,6204,27,91,50,41,44,24,20,47,26,21
15839,libertador general bernardo o'higgins,6,cardenal caro,62,marchihue,6204,28,93,60,33,44,30,14,49,30,19
15840,libertador general bernardo o'higgins,6,cardenal caro,62,marchihue,6204,29,90,37,53,40,13,27,50,24,26
15841,libertador general bernardo o'higgins,6,cardenal caro,62,marchihue,6204,30,103,51,52,44,22,22,59,29,30
15842,libertador general bernardo o'higgins,6,cardenal caro,62,marchihue,6204,31,107,55,52,53,28,25,54,27,27
15843,libertador general bernardo o'higgins,6,cardenal caro,62,marchihue,6204,32,88,44,44,33,12,21,55,32,23
15844,libertador general bernardo o'higgins,6,cardenal caro,62,marchihue,6204,33,98,48,50,44,20,24,54,28,26
15845,libertador general bernardo o'higgins,6,cardenal caro,62,marchihue,6204,34,75,38,37,39,21,18,36,17,19
15846,libertador general bernardo o'higgins,6,cardenal caro,62,marchihue,6204,35,83,39,44,37,18,19,46,21,25
15847,libertador general bernardo o'higgins,6,cardenal caro,62,marchihue,6204,36,94,45,49,46,22,24,48,23,25
15848,libertador general bernardo o'higgins,6,cardenal caro,62,marchihue,6204,37,80,37,43,42,20,22,38,17,21
15849,libertador general bernardo o'higgins,6,cardenal caro,62,marchihue,6204,38,97,60,37,47,24,23,50,36,14
15850,libertador general bernardo o'higgins,6,cardenal caro,62,marchihue,6204,39,92,44,48,45,23,22,47,21,26
15851,libertador general bernardo o'higgins,6,cardenal caro,62,marchihue,6204,40,99,54,45,39,21,18,60,33,27
15852,libertador general bernardo o'higgins,6,cardenal caro,62,marchihue,6204,41,114,57,57,58,26,32,56,31,25
15853,libertador general bernardo o'higgins,6,cardenal caro,62,marchihue,6204,42,119,51,68,53,18,35,66,33,33
15854,libertador general bernardo o'higgins,6,cardenal caro,62,marchihue,6204,43,103,63,40,47,31,16,56,32,24
15855,libertador general bernardo o'higgins,6,cardenal caro,62,marchihue,6204,44,106,62,44,50,27,23,56,35,21
15856,libertador general bernardo o'higgins,6,cardenal caro,62,marchihue,6204,45,96,49,47,39,18,21,57,31,26
15857,libertador general bernardo o'higgins,6,cardenal caro,62,marchihue,6204,46,102,52,50,45,24,21,57,28,29
15858,libertador general bernardo o'higgins,6,cardenal caro,62,marchihue,6204,47,96,51,45,50,23,27,46,28,18
15859,libertador general bernardo o'higgins,6,cardenal caro,62,marchihue,6204,48,126,64,62,56,31,25,70,33,37
15860,libertador general bernardo o'higgins,6,cardenal caro,62,marchihue,6204,49,140,66,74,65,33,32,75,33,42
15861,libertador general bernardo o'higgins,6,cardenal caro,62,marchihue,6204,50,120,72,48,48,28,20,72,44,28
15862,libertador general bernardo o'higgins,6,cardenal caro,62,marchihue,6204,51,107,57,50,49,25,24,58,32,26
15863,libertador general bernardo o'higgins,6,cardenal caro,62,marchihue,6204,52,119,66,53,50,29,21,69,37,32
15864,libertador general bernardo o'higgins,6,cardenal caro,62,marchihue,6204,53,110,63,47,48,28,20,62,35,27
15865,libertador general bernardo o'higgins,6,cardenal caro,62,marchihue,6204,54,123,62,61,54,25,29,69,37,32
15866,libertador general bernardo o'higgins,6,cardenal caro,62,marchihue,6204,55,115,53,62,54,23,31,61,30,31
15867,libertador general bernardo o'higgins,6,cardenal caro,62,marchihue,6204,56,132,67,65,61,32,29,71,35,36
15868,libertador general bernardo o'higgins,6,cardenal caro,62,marchihue,6204,57,91,48,43,38,15,23,53,33,20
15869,libertador general bernardo o'higgins,6,cardenal caro,62,marchihue,6204,58,88,48,40,25,10,15,63,38,25
15870,libertador general bernardo o'higgins,6,cardenal caro,62,marchihue,6204,59,102,58,44,45,25,20,57,33,24
15871,libertador general bernardo o'higgins,6,cardenal caro,62,marchihue,6204,60,92,40,52,39,14,25,53,26,27
15872,libertador general bernardo o'higgins,6,cardenal caro,62,marchihue,6204,61,95,51,44,35,20,15,60,31,29
15873,libertador general bernardo o'higgins,6,cardenal caro,62,marchihue,6204,62,72,41,31,35,19,16,37,22,15
15874,libertador general bernardo o'higgins,6,cardenal caro,62,marchihue,6204,63,76,42,34,40,20,20,36,22,14
15875,libertador general bernardo o'higgins,6,cardenal caro,62,marchihue,6204,64,93,46,47,39,20,19,54,26,28
15876,libertador general bernardo o'higgins,6,cardenal caro,62,marchihue,6204,65,83,39,44,39,18,21,44,21,23
15877,libertador general bernardo o'higgins,6,cardenal caro,62,marchihue,6204,66,75,43,32,34,22,12,41,21,20
15878,libertador general bernardo o'higgins,6,cardenal caro,62,marchihue,6204,67,79,42,37,36,18,18,43,24,19
15879,libertador general bernardo o'higgins,6,cardenal caro,62,marchihue,6204,68,77,37,40,38,17,21,39,20,19
15880,libertador general bernardo o'higgins,6,cardenal caro,62,marchihue,6204,69,71,39,32,24,13,11,47,26,21
15881,libertador general bernardo o'higgins,6,cardenal caro,62,marchihue,6204,70,68,40,28,23,11,12,45,29,16
15882,libertador general bernardo o'higgins,6,cardenal caro,62,marchihue,6204,71,70,31,39,40,20,20,30,11,19
15883,libertador general bernardo o'higgins,6,cardenal caro,62,marchihue,6204,72,54,28,26,27,14,13,27,14,13
15884,libertador general bernardo o'higgins,6,cardenal caro,62,marchihue,6204,73,64,30,34,33,16,17,31,14,17
15885,libertador general bernardo o'higgins,6,cardenal caro,62,marchihue,6204,74,44,22,22,19,7,12,25,15,10
15886,libertador general bernardo o'higgins,6,cardenal caro,62,marchihue,6204,75,53,24,29,22,11,11,31,13,18
15887,libertador general bernardo o'higgins,6,cardenal caro,62,marchihue,6204,76,56,38,18,23,15,8,33,23,10
15888,libertador general bernardo o'higgins,6,cardenal caro,62,marchihue,6204,77,42,21,21,18,5,13,24,16,8
15889,libertador general bernardo o'higgins,6,cardenal caro,62,marchihue,6204,78,42,24,18,14,8,6,28,16,12
15890,libertador general bernardo o'higgins,6,cardenal caro,62,marchihue,6204,79,38,25,13,12,7,5,26,18,8
15891,libertador general bernardo o'higgins,6,cardenal caro,62,marchihue,6204,80,37,22,15,14,8,6,23,14,9
15892,libertador general bernardo o'higgins,6,cardenal caro,62,marchihue,6204,81,31,16,15,8,5,3,23,11,12
15893,libertador general bernardo o'higgins,6,cardenal caro,62,marchihue,6204,82,26,14,12,11,6,5,15,8,7
15894,libertador general bernardo o'higgins,6,cardenal caro,62,marchihue,6204,83,22,15,7,9,6,3,13,9,4
15895,libertador general bernardo o'higgins,6,cardenal caro,62,marchihue,6204,84,21,7,14,15,5,10,6,2,4
15896,libertador general bernardo o'higgins,6,cardenal caro,62,marchihue,6204,85,20,6,14,11,5,6,9,1,8
15897,libertador general bernardo o'higgins,6,cardenal caro,62,marchihue,6204,86,25,11,14,9,4,5,16,7,9
15898,libertador general bernardo o'higgins,6,cardenal caro,62,marchihue,6204,87,18,4,14,10,2,8,8,2,6
15899,libertador general bernardo o'higgins,6,cardenal caro,62,marchihue,6204,88,15,6,9,8,3,5,7,3,4
15900,libertador general bernardo o'higgins,6,cardenal caro,62,marchihue,6204,89,18,9,9,6,3,3,12,6,6
15901,libertador general bernardo o'higgins,6,cardenal caro,62,marchihue,6204,90,7,3,4,3,1,2,4,2,2
15902,libertador general bernardo o'higgins,6,cardenal caro,62,marchihue,6204,91,9,3,6,4,0,4,5,3,2
15903,libertador general bernardo o'higgins,6,cardenal caro,62,marchihue,6204,92,7,4,3,3,2,1,4,2,2
15904,libertador general bernardo o'higgins,6,cardenal caro,62,marchihue,6204,93,11,3,8,10,2,8,1,1,0
15905,libertador general bernardo o'higgins,6,cardenal caro,62,marchihue,6204,94,4,1,3,1,0,1,3,1,2
15906,libertador general bernardo o'higgins,6,cardenal caro,62,marchihue,6204,95,2,1,1,0,0,0,2,1,1
15907,libertador general bernardo o'higgins,6,cardenal caro,62,marchihue,6204,96,2,0,2,2,0,2,0,0,0
15908,libertador general bernardo o'higgins,6,cardenal caro,62,marchihue,6204,97,3,2,1,1,0,1,2,2,0
15909,libertador general bernardo o'higgins,6,cardenal caro,62,marchihue,6204,98,2,2,0,0,0,0,2,2,0
15910,libertador general bernardo o'higgins,6,cardenal caro,62,marchihue,6204,99,0,0,0,0,0,0,0,0,0
15911,libertador general bernardo o'higgins,6,cardenal caro,62,marchihue,6204,100 o más,3,1,2,3,1,2,0,0,0
15912,libertador general bernardo o'higgins,6,cardenal caro,62,navidad,6205,total comuna,6641,3475,3166,0,0,0,6641,3475,3166
15913,libertador general bernardo o'higgins,6,cardenal caro,62,navidad,6205,0,74,41,33,0,0,0,74,41,33
15914,libertador general bernardo o'higgins,6,cardenal caro,62,navidad,6205,1,66,36,30,0,0,0,66,36,30
15915,libertador general bernardo o'higgins,6,cardenal caro,62,navidad,6205,2,80,47,33,0,0,0,80,47,33
15916,libertador general bernardo o'higgins,6,cardenal caro,62,navidad,6205,3,77,36,41,0,0,0,77,36,41
15917,libertador general bernardo o'higgins,6,cardenal caro,62,navidad,6205,4,76,36,40,0,0,0,76,36,40
15918,libertador general bernardo o'higgins,6,cardenal caro,62,navidad,6205,5,86,39,47,0,0,0,86,39,47
15919,libertador general bernardo o'higgins,6,cardenal caro,62,navidad,6205,6,64,33,31,0,0,0,64,33,31
15920,libertador general bernardo o'higgins,6,cardenal caro,62,navidad,6205,7,70,42,28,0,0,0,70,42,28
15921,libertador general bernardo o'higgins,6,cardenal caro,62,navidad,6205,8,74,34,40,0,0,0,74,34,40
15922,libertador general bernardo o'higgins,6,cardenal caro,62,navidad,6205,9,76,40,36,0,0,0,76,40,36
15923,libertador general bernardo o'higgins,6,cardenal caro,62,navidad,6205,10,60,35,25,0,0,0,60,35,25
15924,libertador general bernardo o'higgins,6,cardenal caro,62,navidad,6205,11,70,34,36,0,0,0,70,34,36
15925,libertador general bernardo o'higgins,6,cardenal caro,62,navidad,6205,12,59,32,27,0,0,0,59,32,27
15926,libertador general bernardo o'higgins,6,cardenal caro,62,navidad,6205,13,63,38,25,0,0,0,63,38,25
15927,libertador general bernardo o'higgins,6,cardenal caro,62,navidad,6205,14,73,31,42,0,0,0,73,31,42
15928,libertador general bernardo o'higgins,6,cardenal caro,62,navidad,6205,15,62,35,27,0,0,0,62,35,27
15929,libertador general bernardo o'higgins,6,cardenal caro,62,navidad,6205,16,80,38,42,0,0,0,80,38,42
15930,libertador general bernardo o'higgins,6,cardenal caro,62,navidad,6205,17,70,35,35,0,0,0,70,35,35
15931,libertador general bernardo o'higgins,6,cardenal caro,62,navidad,6205,18,61,27,34,0,0,0,61,27,34
15932,libertador general bernardo o'higgins,6,cardenal caro,62,navidad,6205,19,70,41,29,0,0,0,70,41,29
15933,libertador general bernardo o'higgins,6,cardenal caro,62,navidad,6205,20,51,31,20,0,0,0,51,31,20
15934,libertador general bernardo o'higgins,6,cardenal caro,62,navidad,6205,21,53,28,25,0,0,0,53,28,25
15935,libertador general bernardo o'higgins,6,cardenal caro,62,navidad,6205,22,60,27,33,0,0,0,60,27,33
15936,libertador general bernardo o'higgins,6,cardenal caro,62,navidad,6205,23,78,43,35,0,0,0,78,43,35
15937,libertador general bernardo o'higgins,6,cardenal caro,62,navidad,6205,24,52,33,19,0,0,0,52,33,19
15938,libertador general bernardo o'higgins,6,cardenal caro,62,navidad,6205,25,68,38,30,0,0,0,68,38,30
15939,libertador general bernardo o'higgins,6,cardenal caro,62,navidad,6205,26,77,32,45,0,0,0,77,32,45
15940,libertador general bernardo o'higgins,6,cardenal caro,62,navidad,6205,27,90,52,38,0,0,0,90,52,38
15941,libertador general bernardo o'higgins,6,cardenal caro,62,navidad,6205,28,85,56,29,0,0,0,85,56,29
15942,libertador general bernardo o'higgins,6,cardenal caro,62,navidad,6205,29,96,43,53,0,0,0,96,43,53
15943,libertador general bernardo o'higgins,6,cardenal caro,62,navidad,6205,30,90,40,50,0,0,0,90,40,50
15944,libertador general bernardo o'higgins,6,cardenal caro,62,navidad,6205,31,83,46,37,0,0,0,83,46,37
15945,libertador general bernardo o'higgins,6,cardenal caro,62,navidad,6205,32,65,33,32,0,0,0,65,33,32
15946,libertador general bernardo o'higgins,6,cardenal caro,62,navidad,6205,33,80,37,43,0,0,0,80,37,43
15947,libertador general bernardo o'higgins,6,cardenal caro,62,navidad,6205,34,87,41,46,0,0,0,87,41,46
15948,libertador general bernardo o'higgins,6,cardenal caro,62,navidad,6205,35,88,46,42,0,0,0,88,46,42
15949,libertador general bernardo o'higgins,6,cardenal caro,62,navidad,6205,36,72,41,31,0,0,0,72,41,31
15950,libertador general bernardo o'higgins,6,cardenal caro,62,navidad,6205,37,63,39,24,0,0,0,63,39,24
15951,libertador general bernardo o'higgins,6,cardenal caro,62,navidad,6205,38,72,37,35,0,0,0,72,37,35
15952,libertador general bernardo o'higgins,6,cardenal caro,62,navidad,6205,39,83,47,36,0,0,0,83,47,36
15953,libertador general bernardo o'higgins,6,cardenal caro,62,navidad,6205,40,62,38,24,0,0,0,62,38,24
15954,libertador general bernardo o'higgins,6,cardenal caro,62,navidad,6205,41,83,45,38,0,0,0,83,45,38
15955,libertador general bernardo o'higgins,6,cardenal caro,62,navidad,6205,42,65,39,26,0,0,0,65,39,26
15956,libertador general bernardo o'higgins,6,cardenal caro,62,navidad,6205,43,82,50,32,0,0,0,82,50,32
15957,libertador general bernardo o'higgins,6,cardenal caro,62,navidad,6205,44,75,43,32,0,0,0,75,43,32
15958,libertador general bernardo o'higgins,6,cardenal caro,62,navidad,6205,45,107,55,52,0,0,0,107,55,52
15959,libertador general bernardo o'higgins,6,cardenal caro,62,navidad,6205,46,97,62,35,0,0,0,97,62,35
15960,libertador general bernardo o'higgins,6,cardenal caro,62,navidad,6205,47,69,39,30,0,0,0,69,39,30
15961,libertador general bernardo o'higgins,6,cardenal caro,62,navidad,6205,48,93,47,46,0,0,0,93,47,46
15962,libertador general bernardo o'higgins,6,cardenal caro,62,navidad,6205,49,104,57,47,0,0,0,104,57,47
15963,libertador general bernardo o'higgins,6,cardenal caro,62,navidad,6205,50,99,45,54,0,0,0,99,45,54
15964,libertador general bernardo o'higgins,6,cardenal caro,62,navidad,6205,51,91,50,41,0,0,0,91,50,41
15965,libertador general bernardo o'higgins,6,cardenal caro,62,navidad,6205,52,106,54,52,0,0,0,106,54,52
15966,libertador general bernardo o'higgins,6,cardenal caro,62,navidad,6205,53,102,49,53,0,0,0,102,49,53
15967,libertador general bernardo o'higgins,6,cardenal caro,62,navidad,6205,54,123,69,54,0,0,0,123,69,54
15968,libertador general bernardo o'higgins,6,cardenal caro,62,navidad,6205,55,104,54,50,0,0,0,104,54,50
15969,libertador general bernardo o'higgins,6,cardenal caro,62,navidad,6205,56,106,56,50,0,0,0,106,56,50
15970,libertador general bernardo o'higgins,6,cardenal caro,62,navidad,6205,57,94,47,47,0,0,0,94,47,47
15971,libertador general bernardo o'higgins,6,cardenal caro,62,navidad,6205,58,119,66,53,0,0,0,119,66,53
15972,libertador general bernardo o'higgins,6,cardenal caro,62,navidad,6205,59,97,48,49,0,0,0,97,48,49
15973,libertador general bernardo o'higgins,6,cardenal caro,62,navidad,6205,60,87,45,42,0,0,0,87,45,42
15974,libertador general bernardo o'higgins,6,cardenal caro,62,navidad,6205,61,98,49,49,0,0,0,98,49,49
15975,libertador general bernardo o'higgins,6,cardenal caro,62,navidad,6205,62,82,36,46,0,0,0,82,36,46
15976,libertador general bernardo o'higgins,6,cardenal caro,62,navidad,6205,63,103,54,49,0,0,0,103,54,49
15977,libertador general bernardo o'higgins,6,cardenal caro,62,navidad,6205,64,75,48,27,0,0,0,75,48,27
15978,libertador general bernardo o'higgins,6,cardenal caro,62,navidad,6205,65,105,64,41,0,0,0,105,64,41
15979,libertador general bernardo o'higgins,6,cardenal caro,62,navidad,6205,66,84,41,43,0,0,0,84,41,43
15980,libertador general bernardo o'higgins,6,cardenal caro,62,navidad,6205,67,73,33,40,0,0,0,73,33,40
15981,libertador general bernardo o'higgins,6,cardenal caro,62,navidad,6205,68,79,37,42,0,0,0,79,37,42
15982,libertador general bernardo o'higgins,6,cardenal caro,62,navidad,6205,69,74,48,26,0,0,0,74,48,26
15983,libertador general bernardo o'higgins,6,cardenal caro,62,navidad,6205,70,84,45,39,0,0,0,84,45,39
15984,libertador general bernardo o'higgins,6,cardenal caro,62,navidad,6205,71,80,40,40,0,0,0,80,40,40
15985,libertador general bernardo o'higgins,6,cardenal caro,62,navidad,6205,72,82,42,40,0,0,0,82,42,40
15986,libertador general bernardo o'higgins,6,cardenal caro,62,navidad,6205,73,79,43,36,0,0,0,79,43,36
15987,libertador general bernardo o'higgins,6,cardenal caro,62,navidad,6205,74,55,22,33,0,0,0,55,22,33
15988,libertador general bernardo o'higgins,6,cardenal caro,62,navidad,6205,75,56,31,25,0,0,0,56,31,25
15989,libertador general bernardo o'higgins,6,cardenal caro,62,navidad,6205,76,57,31,26,0,0,0,57,31,26
15990,libertador general bernardo o'higgins,6,cardenal caro,62,navidad,6205,77,53,23,30,0,0,0,53,23,30
15991,libertador general bernardo o'higgins,6,cardenal caro,62,navidad,6205,78,51,27,24,0,0,0,51,27,24
15992,libertador general bernardo o'higgins,6,cardenal caro,62,navidad,6205,79,47,25,22,0,0,0,47,25,22
15993,libertador general bernardo o'higgins,6,cardenal caro,62,navidad,6205,80,45,25,20,0,0,0,45,25,20
15994,libertador general bernardo o'higgins,6,cardenal caro,62,navidad,6205,81,42,23,19,0,0,0,42,23,19
15995,libertador general bernardo o'higgins,6,cardenal caro,62,navidad,6205,82,31,17,14,0,0,0,31,17,14
15996,libertador general bernardo o'higgins,6,cardenal caro,62,navidad,6205,83,44,24,20,0,0,0,44,24,20
15997,libertador general bernardo o'higgins,6,cardenal caro,62,navidad,6205,84,23,10,13,0,0,0,23,10,13
15998,libertador general bernardo o'higgins,6,cardenal caro,62,navidad,6205,85,23,9,14,0,0,0,23,9,14
15999,libertador general bernardo o'higgins,6,cardenal caro,62,navidad,6205,86,38,13,25,0,0,0,38,13,25
16000,libertador general bernardo o'higgins,6,cardenal caro,62,navidad,6205,87,13,3,10,0,0,0,13,3,10
16001,libertador general bernardo o'higgins,6,cardenal caro,62,navidad,6205,88,20,8,12,0,0,0,20,8,12
16002,libertador general bernardo o'higgins,6,cardenal caro,62,navidad,6205,89,24,10,14,0,0,0,24,10,14
16003,libertador general bernardo o'higgins,6,cardenal caro,62,navidad,6205,90,9,5,4,0,0,0,9,5,4
16004,libertador general bernardo o'higgins,6,cardenal caro,62,navidad,6205,91,11,5,6,0,0,0,11,5,6
16005,libertador general bernardo o'higgins,6,cardenal caro,62,navidad,6205,92,7,1,6,0,0,0,7,1,6
16006,libertador general bernardo o'higgins,6,cardenal caro,62,navidad,6205,93,10,2,8,0,0,0,10,2,8
16007,libertador general bernardo o'higgins,6,cardenal caro,62,navidad,6205,94,6,3,3,0,0,0,6,3,3
16008,libertador general bernardo o'higgins,6,cardenal caro,62,navidad,6205,95,2,0,2,0,0,0,2,0,2
16009,libertador general bernardo o'higgins,6,cardenal caro,62,navidad,6205,96,1,0,1,0,0,0,1,0,1
16010,libertador general bernardo o'higgins,6,cardenal caro,62,navidad,6205,97,2,0,2,0,0,0,2,0,2
16011,libertador general bernardo o'higgins,6,cardenal caro,62,navidad,6205,98,1,0,1,0,0,0,1,0,1
16012,libertador general bernardo o'higgins,6,cardenal caro,62,navidad,6205,99,0,0,0,0,0,0,0,0,0
16013,libertador general bernardo o'higgins,6,cardenal caro,62,navidad,6205,100 o más,3,0,3,0,0,0,3,0,3
16014,libertador general bernardo o'higgins,6,cardenal caro,62,paredones,6206,total comuna,6188,3220,2968,1842,919,923,4346,2301,2045
16015,libertador general bernardo o'higgins,6,cardenal caro,62,paredones,6206,0,57,29,28,25,11,14,32,18,14
16016,libertador general bernardo o'higgins,6,cardenal caro,62,paredones,6206,1,59,26,33,24,13,11,35,13,22
16017,libertador general bernardo o'higgins,6,cardenal caro,62,paredones,6206,2,50,25,25,18,10,8,32,15,17
16018,libertador general bernardo o'higgins,6,cardenal caro,62,paredones,6206,3,67,35,32,21,12,9,46,23,23
16019,libertador general bernardo o'higgins,6,cardenal caro,62,paredones,6206,4,54,28,26,17,10,7,37,18,19
16020,libertador general bernardo o'higgins,6,cardenal caro,62,paredones,6206,5,52,33,19,25,15,10,27,18,9
16021,libertador general bernardo o'higgins,6,cardenal caro,62,paredones,6206,6,70,30,40,19,7,12,51,23,28
16022,libertador general bernardo o'higgins,6,cardenal caro,62,paredones,6206,7,97,44,53,34,13,21,63,31,32
16023,libertador general bernardo o'higgins,6,cardenal caro,62,paredones,6206,8,64,31,33,23,9,14,41,22,19
16024,libertador general bernardo o'higgins,6,cardenal caro,62,paredones,6206,9,62,29,33,18,8,10,44,21,23
16025,libertador general bernardo o'higgins,6,cardenal caro,62,paredones,6206,10,63,34,29,22,11,11,41,23,18
16026,libertador general bernardo o'higgins,6,cardenal caro,62,paredones,6206,11,61,28,33,16,7,9,45,21,24
16027,libertador general bernardo o'higgins,6,cardenal caro,62,paredones,6206,12,75,39,36,15,8,7,60,31,29
16028,libertador general bernardo o'higgins,6,cardenal caro,62,paredones,6206,13,71,36,35,28,15,13,43,21,22
16029,libertador general bernardo o'higgins,6,cardenal caro,62,paredones,6206,14,77,37,40,24,11,13,53,26,27
16030,libertador general bernardo o'higgins,6,cardenal caro,62,paredones,6206,15,77,36,41,31,15,16,46,21,25
16031,libertador general bernardo o'higgins,6,cardenal caro,62,paredones,6206,16,93,53,40,32,19,13,61,34,27
16032,libertador general bernardo o'higgins,6,cardenal caro,62,paredones,6206,17,71,41,30,21,12,9,50,29,21
16033,libertador general bernardo o'higgins,6,cardenal caro,62,paredones,6206,18,52,28,24,17,8,9,35,20,15
16034,libertador general bernardo o'higgins,6,cardenal caro,62,paredones,6206,19,50,26,24,16,9,7,34,17,17
16035,libertador general bernardo o'higgins,6,cardenal caro,62,paredones,6206,20,57,26,31,24,12,12,33,14,19
16036,libertador general bernardo o'higgins,6,cardenal caro,62,paredones,6206,21,64,29,35,26,10,16,38,19,19
16037,libertador general bernardo o'higgins,6,cardenal caro,62,paredones,6206,22,57,33,24,18,8,10,39,25,14
16038,libertador general bernardo o'higgins,6,cardenal caro,62,paredones,6206,23,61,33,28,25,13,12,36,20,16
16039,libertador general bernardo o'higgins,6,cardenal caro,62,paredones,6206,24,69,39,30,25,15,10,44,24,20
16040,libertador general bernardo o'higgins,6,cardenal caro,62,paredones,6206,25,75,33,42,24,8,16,51,25,26
16041,libertador general bernardo o'higgins,6,cardenal caro,62,paredones,6206,26,75,36,39,31,14,17,44,22,22
16042,libertador general bernardo o'higgins,6,cardenal caro,62,paredones,6206,27,72,48,24,28,19,9,44,29,15
16043,libertador general bernardo o'higgins,6,cardenal caro,62,paredones,6206,28,61,27,34,20,8,12,41,19,22
16044,libertador general bernardo o'higgins,6,cardenal caro,62,paredones,6206,29,69,35,34,27,12,15,42,23,19
16045,libertador general bernardo o'higgins,6,cardenal caro,62,paredones,6206,30,62,32,30,17,9,8,45,23,22
16046,libertador general bernardo o'higgins,6,cardenal caro,62,paredones,6206,31,66,33,33,24,11,13,42,22,20
16047,libertador general bernardo o'higgins,6,cardenal caro,62,paredones,6206,32,63,32,31,20,10,10,43,22,21
16048,libertador general bernardo o'higgins,6,cardenal caro,62,paredones,6206,33,67,37,30,26,12,14,41,25,16
16049,libertador general bernardo o'higgins,6,cardenal caro,62,paredones,6206,34,76,40,36,27,18,9,49,22,27
16050,libertador general bernardo o'higgins,6,cardenal caro,62,paredones,6206,35,69,36,33,21,7,14,48,29,19
16051,libertador general bernardo o'higgins,6,cardenal caro,62,paredones,6206,36,67,36,31,32,17,15,35,19,16
16052,libertador general bernardo o'higgins,6,cardenal caro,62,paredones,6206,37,78,47,31,23,15,8,55,32,23
16053,libertador general bernardo o'higgins,6,cardenal caro,62,paredones,6206,38,53,25,28,15,6,9,38,19,19
16054,libertador general bernardo o'higgins,6,cardenal caro,62,paredones,6206,39,79,37,42,18,8,10,61,29,32
16055,libertador general bernardo o'higgins,6,cardenal caro,62,paredones,6206,40,78,39,39,25,12,13,53,27,26
16056,libertador general bernardo o'higgins,6,cardenal caro,62,paredones,6206,41,92,52,40,23,10,13,69,42,27
16057,libertador general bernardo o'higgins,6,cardenal caro,62,paredones,6206,42,90,47,43,26,14,12,64,33,31
16058,libertador general bernardo o'higgins,6,cardenal caro,62,paredones,6206,43,93,43,50,25,13,12,68,30,38
16059,libertador general bernardo o'higgins,6,cardenal caro,62,paredones,6206,44,86,55,31,31,17,14,55,38,17
16060,libertador general bernardo o'higgins,6,cardenal caro,62,paredones,6206,45,83,37,46,18,7,11,65,30,35
16061,libertador general bernardo o'higgins,6,cardenal caro,62,paredones,6206,46,107,57,50,35,18,17,72,39,33
16062,libertador general bernardo o'higgins,6,cardenal caro,62,paredones,6206,47,119,56,63,37,14,23,82,42,40
16063,libertador general bernardo o'higgins,6,cardenal caro,62,paredones,6206,48,109,56,53,37,22,15,72,34,38
16064,libertador general bernardo o'higgins,6,cardenal caro,62,paredones,6206,49,100,63,37,22,16,6,78,47,31
16065,libertador general bernardo o'higgins,6,cardenal caro,62,paredones,6206,50,115,73,42,30,16,14,85,57,28
16066,libertador general bernardo o'higgins,6,cardenal caro,62,paredones,6206,51,88,41,47,28,13,15,60,28,32
16067,libertador general bernardo o'higgins,6,cardenal caro,62,paredones,6206,52,101,53,48,26,11,15,75,42,33
16068,libertador general bernardo o'higgins,6,cardenal caro,62,paredones,6206,53,92,58,34,26,16,10,66,42,24
16069,libertador general bernardo o'higgins,6,cardenal caro,62,paredones,6206,54,114,63,51,35,19,16,79,44,35
16070,libertador general bernardo o'higgins,6,cardenal caro,62,paredones,6206,55,107,58,49,33,19,14,74,39,35
16071,libertador general bernardo o'higgins,6,cardenal caro,62,paredones,6206,56,105,59,46,25,13,12,80,46,34
16072,libertador general bernardo o'higgins,6,cardenal caro,62,paredones,6206,57,92,61,31,24,18,6,68,43,25
16073,libertador general bernardo o'higgins,6,cardenal caro,62,paredones,6206,58,86,41,45,22,11,11,64,30,34
16074,libertador general bernardo o'higgins,6,cardenal caro,62,paredones,6206,59,101,52,49,28,15,13,73,37,36
16075,libertador general bernardo o'higgins,6,cardenal caro,62,paredones,6206,60,89,50,39,25,13,12,64,37,27
16076,libertador general bernardo o'higgins,6,cardenal caro,62,paredones,6206,61,79,44,35,13,7,6,66,37,29
16077,libertador general bernardo o'higgins,6,cardenal caro,62,paredones,6206,62,78,41,37,23,10,13,55,31,24
16078,libertador general bernardo o'higgins,6,cardenal caro,62,paredones,6206,63,76,39,37,15,6,9,61,33,28
16079,libertador general bernardo o'higgins,6,cardenal caro,62,paredones,6206,64,67,47,20,17,11,6,50,36,14
16080,libertador general bernardo o'higgins,6,cardenal caro,62,paredones,6206,65,80,42,38,20,9,11,60,33,27
16081,libertador general bernardo o'higgins,6,cardenal caro,62,paredones,6206,66,66,26,40,11,4,7,55,22,33
16082,libertador general bernardo o'higgins,6,cardenal caro,62,paredones,6206,67,61,28,33,13,4,9,48,24,24
16083,libertador general bernardo o'higgins,6,cardenal caro,62,paredones,6206,68,62,31,31,16,8,8,46,23,23
16084,libertador general bernardo o'higgins,6,cardenal caro,62,paredones,6206,69,48,25,23,8,2,6,40,23,17
16085,libertador general bernardo o'higgins,6,cardenal caro,62,paredones,6206,70,69,31,38,17,9,8,52,22,30
16086,libertador general bernardo o'higgins,6,cardenal caro,62,paredones,6206,71,60,33,27,12,5,7,48,28,20
16087,libertador general bernardo o'higgins,6,cardenal caro,62,paredones,6206,72,47,25,22,10,7,3,37,18,19
16088,libertador general bernardo o'higgins,6,cardenal caro,62,paredones,6206,73,50,23,27,15,6,9,35,17,18
16089,libertador general bernardo o'higgins,6,cardenal caro,62,paredones,6206,74,55,33,22,11,5,6,44,28,16
16090,libertador general bernardo o'higgins,6,cardenal caro,62,paredones,6206,75,54,29,25,15,11,4,39,18,21
16091,libertador general bernardo o'higgins,6,cardenal caro,62,paredones,6206,76,48,23,25,11,5,6,37,18,19
16092,libertador general bernardo o'higgins,6,cardenal caro,62,paredones,6206,77,46,24,22,7,3,4,39,21,18
16093,libertador general bernardo o'higgins,6,cardenal caro,62,paredones,6206,78,51,22,29,8,2,6,43,20,23
16094,libertador general bernardo o'higgins,6,cardenal caro,62,paredones,6206,79,47,17,30,16,6,10,31,11,20
16095,libertador general bernardo o'higgins,6,cardenal caro,62,paredones,6206,80,46,25,21,7,3,4,39,22,17
16096,libertador general bernardo o'higgins,6,cardenal caro,62,paredones,6206,81,32,21,11,5,3,2,27,18,9
16097,libertador general bernardo o'higgins,6,cardenal caro,62,paredones,6206,82,40,19,21,11,6,5,29,13,16
16098,libertador general bernardo o'higgins,6,cardenal caro,62,paredones,6206,83,31,14,17,4,3,1,27,11,16
16099,libertador general bernardo o'higgins,6,cardenal caro,62,paredones,6206,84,26,13,13,10,3,7,16,10,6
16100,libertador general bernardo o'higgins,6,cardenal caro,62,paredones,6206,85,27,11,16,8,3,5,19,8,11
16101,libertador general bernardo o'higgins,6,cardenal caro,62,paredones,6206,86,21,11,10,3,1,2,18,10,8
16102,libertador general bernardo o'higgins,6,cardenal caro,62,paredones,6206,87,13,4,9,6,2,4,7,2,5
16103,libertador general bernardo o'higgins,6,cardenal caro,62,paredones,6206,88,20,11,9,6,4,2,14,7,7
16104,libertador general bernardo o'higgins,6,cardenal caro,62,paredones,6206,89,14,9,5,3,2,1,11,7,4
16105,libertador general bernardo o'higgins,6,cardenal caro,62,paredones,6206,90,17,6,11,7,2,5,10,4,6
16106,libertador general bernardo o'higgins,6,cardenal caro,62,paredones,6206,91,8,1,7,1,0,1,7,1,6
16107,libertador general bernardo o'higgins,6,cardenal caro,62,paredones,6206,92,6,3,3,1,0,1,5,3,2
16108,libertador general bernardo o'higgins,6,cardenal caro,62,paredones,6206,93,9,4,5,3,2,1,6,2,4
16109,libertador general bernardo o'higgins,6,cardenal caro,62,paredones,6206,94,8,3,5,2,0,2,6,3,3
16110,libertador general bernardo o'higgins,6,cardenal caro,62,paredones,6206,95,9,3,6,7,2,5,2,1,1
16111,libertador general bernardo o'higgins,6,cardenal caro,62,paredones,6206,96,1,0,1,1,0,1,0,0,0
16112,libertador general bernardo o'higgins,6,cardenal caro,62,paredones,6206,97,3,0,3,0,0,0,3,0,3
16113,libertador general bernardo o'higgins,6,cardenal caro,62,paredones,6206,98,1,1,0,0,0,0,1,1,0
16114,libertador general bernardo o'higgins,6,cardenal caro,62,paredones,6206,99,0,0,0,0,0,0,0,0,0
16115,libertador general bernardo o'higgins,6,cardenal caro,62,paredones,6206,100 o más,3,2,1,1,1,0,2,1,1
16116,libertador general bernardo o'higgins,6,colchagua,63,san fernando,6301,total comuna,73973,36077,37896,63712,30688,33024,10261,5389,4872
16117,libertador general bernardo o'higgins,6,colchagua,63,san fernando,6301,0,972,479,493,868,427,441,104,52,52
16118,libertador general bernardo o'higgins,6,colchagua,63,san fernando,6301,1,994,483,511,860,417,443,134,66,68
16119,libertador general bernardo o'higgins,6,colchagua,63,san fernando,6301,2,1057,551,506,930,482,448,127,69,58
16120,libertador general bernardo o'higgins,6,colchagua,63,san fernando,6301,3,1050,498,552,931,447,484,119,51,68
16121,libertador general bernardo o'higgins,6,colchagua,63,san fernando,6301,4,1064,527,537,940,463,477,124,64,60
16122,libertador general bernardo o'higgins,6,colchagua,63,san fernando,6301,5,1034,527,507,919,468,451,115,59,56
16123,libertador general bernardo o'higgins,6,colchagua,63,san fernando,6301,6,1086,543,543,936,469,467,150,74,76
16124,libertador general bernardo o'higgins,6,colchagua,63,san fernando,6301,7,1139,590,549,1005,514,491,134,76,58
16125,libertador general bernardo o'higgins,6,colchagua,63,san fernando,6301,8,1143,592,551,1001,514,487,142,78,64
16126,libertador general bernardo o'higgins,6,colchagua,63,san fernando,6301,9,1103,563,540,949,484,465,154,79,75
16127,libertador general bernardo o'higgins,6,colchagua,63,san fernando,6301,10,1048,557,491,914,487,427,134,70,64
16128,libertador general bernardo o'higgins,6,colchagua,63,san fernando,6301,11,965,526,439,850,462,388,115,64,51
16129,libertador general bernardo o'higgins,6,colchagua,63,san fernando,6301,12,1013,533,480,897,464,433,116,69,47
16130,libertador general bernardo o'higgins,6,colchagua,63,san fernando,6301,13,1069,580,489,923,499,424,146,81,65
16131,libertador general bernardo o'higgins,6,colchagua,63,san fernando,6301,14,1045,562,483,888,479,409,157,83,74
16132,libertador general bernardo o'higgins,6,colchagua,63,san fernando,6301,15,1087,560,527,950,491,459,137,69,68
16133,libertador general bernardo o'higgins,6,colchagua,63,san fernando,6301,16,1184,635,549,1022,547,475,162,88,74
16134,libertador general bernardo o'higgins,6,colchagua,63,san fernando,6301,17,1108,563,545,968,483,485,140,80,60
16135,libertador general bernardo o'higgins,6,colchagua,63,san fernando,6301,18,1035,559,476,926,504,422,109,55,54
16136,libertador general bernardo o'higgins,6,colchagua,63,san fernando,6301,19,903,467,436,782,403,379,121,64,57
16137,libertador general bernardo o'higgins,6,colchagua,63,san fernando,6301,20,887,456,431,773,401,372,114,55,59
16138,libertador general bernardo o'higgins,6,colchagua,63,san fernando,6301,21,902,453,449,807,402,405,95,51,44
16139,libertador general bernardo o'higgins,6,colchagua,63,san fernando,6301,22,948,471,477,835,413,422,113,58,55
16140,libertador general bernardo o'higgins,6,colchagua,63,san fernando,6301,23,944,488,456,812,432,380,132,56,76
16141,libertador general bernardo o'higgins,6,colchagua,63,san fernando,6301,24,998,512,486,858,442,416,140,70,70
16142,libertador general bernardo o'higgins,6,colchagua,63,san fernando,6301,25,1024,518,506,891,445,446,133,73,60
16143,libertador general bernardo o'higgins,6,colchagua,63,san fernando,6301,26,1053,503,550,904,417,487,149,86,63
16144,libertador general bernardo o'higgins,6,colchagua,63,san fernando,6301,27,1178,582,596,1026,499,527,152,83,69
16145,libertador general bernardo o'higgins,6,colchagua,63,san fernando,6301,28,1149,582,567,1023,522,501,126,60,66
16146,libertador general bernardo o'higgins,6,colchagua,63,san fernando,6301,29,1195,569,626,1058,506,552,137,63,74
16147,libertador general bernardo o'higgins,6,colchagua,63,san fernando,6301,30,1133,570,563,999,496,503,134,74,60
16148,libertador general bernardo o'higgins,6,colchagua,63,san fernando,6301,31,1057,510,547,936,458,478,121,52,69
16149,libertador general bernardo o'higgins,6,colchagua,63,san fernando,6301,32,1007,488,519,885,424,461,122,64,58
16150,libertador general bernardo o'higgins,6,colchagua,63,san fernando,6301,33,966,458,508,850,405,445,116,53,63
16151,libertador general bernardo o'higgins,6,colchagua,63,san fernando,6301,34,1019,476,543,899,406,493,120,70,50
16152,libertador general bernardo o'higgins,6,colchagua,63,san fernando,6301,35,1088,529,559,964,461,503,124,68,56
16153,libertador general bernardo o'higgins,6,colchagua,63,san fernando,6301,36,1002,506,496,872,434,438,130,72,58
16154,libertador general bernardo o'higgins,6,colchagua,63,san fernando,6301,37,997,460,537,879,403,476,118,57,61
16155,libertador general bernardo o'higgins,6,colchagua,63,san fernando,6301,38,957,473,484,849,413,436,108,60,48
16156,libertador general bernardo o'higgins,6,colchagua,63,san fernando,6301,39,937,444,493,790,376,414,147,68,79
16157,libertador general bernardo o'higgins,6,colchagua,63,san fernando,6301,40,1019,485,534,847,391,456,172,94,78
16158,libertador general bernardo o'higgins,6,colchagua,63,san fernando,6301,41,1042,510,532,902,442,460,140,68,72
16159,libertador general bernardo o'higgins,6,colchagua,63,san fernando,6301,42,1096,501,595,931,420,511,165,81,84
16160,libertador general bernardo o'higgins,6,colchagua,63,san fernando,6301,43,1030,492,538,896,422,474,134,70,64
16161,libertador general bernardo o'higgins,6,colchagua,63,san fernando,6301,44,996,485,511,839,399,440,157,86,71
16162,libertador general bernardo o'higgins,6,colchagua,63,san fernando,6301,45,996,519,477,841,430,411,155,89,66
16163,libertador general bernardo o'higgins,6,colchagua,63,san fernando,6301,46,934,458,476,774,368,406,160,90,70
16164,libertador general bernardo o'higgins,6,colchagua,63,san fernando,6301,47,914,424,490,761,347,414,153,77,76
16165,libertador general bernardo o'higgins,6,colchagua,63,san fernando,6301,48,1060,518,542,875,424,451,185,94,91
16166,libertador general bernardo o'higgins,6,colchagua,63,san fernando,6301,49,1109,505,604,940,407,533,169,98,71
16167,libertador general bernardo o'higgins,6,colchagua,63,san fernando,6301,50,1068,501,567,892,406,486,176,95,81
16168,libertador general bernardo o'higgins,6,colchagua,63,san fernando,6301,51,1052,512,540,874,419,455,178,93,85
16169,libertador general bernardo o'higgins,6,colchagua,63,san fernando,6301,52,1075,533,542,887,428,459,188,105,83
16170,libertador general bernardo o'higgins,6,colchagua,63,san fernando,6301,53,1045,503,542,857,399,458,188,104,84
16171,libertador general bernardo o'higgins,6,colchagua,63,san fernando,6301,54,1037,484,553,885,402,483,152,82,70
16172,libertador general bernardo o'higgins,6,colchagua,63,san fernando,6301,55,996,472,524,840,386,454,156,86,70
16173,libertador general bernardo o'higgins,6,colchagua,63,san fernando,6301,56,907,432,475,728,337,391,179,95,84
16174,libertador general bernardo o'higgins,6,colchagua,63,san fernando,6301,57,927,422,505,799,355,444,128,67,61
16175,libertador general bernardo o'higgins,6,colchagua,63,san fernando,6301,58,901,433,468,760,350,410,141,83,58
16176,libertador general bernardo o'higgins,6,colchagua,63,san fernando,6301,59,856,404,452,742,335,407,114,69,45
16177,libertador general bernardo o'higgins,6,colchagua,63,san fernando,6301,60,833,403,430,702,333,369,131,70,61
16178,libertador general bernardo o'higgins,6,colchagua,63,san fernando,6301,61,759,360,399,671,315,356,88,45,43
16179,libertador general bernardo o'higgins,6,colchagua,63,san fernando,6301,62,740,339,401,625,283,342,115,56,59
16180,libertador general bernardo o'higgins,6,colchagua,63,san fernando,6301,63,716,327,389,605,272,333,111,55,56
16181,libertador general bernardo o'higgins,6,colchagua,63,san fernando,6301,64,655,292,363,552,244,308,103,48,55
16182,libertador general bernardo o'higgins,6,colchagua,63,san fernando,6301,65,602,279,323,513,237,276,89,42,47
16183,libertador general bernardo o'higgins,6,colchagua,63,san fernando,6301,66,568,283,285,475,227,248,93,56,37
16184,libertador general bernardo o'higgins,6,colchagua,63,san fernando,6301,67,564,260,304,476,213,263,88,47,41
16185,libertador general bernardo o'higgins,6,colchagua,63,san fernando,6301,68,574,284,290,490,242,248,84,42,42
16186,libertador general bernardo o'higgins,6,colchagua,63,san fernando,6301,69,505,238,267,423,189,234,82,49,33
16187,libertador general bernardo o'higgins,6,colchagua,63,san fernando,6301,70,508,234,274,447,207,240,61,27,34
16188,libertador general bernardo o'higgins,6,colchagua,63,san fernando,6301,71,517,222,295,432,174,258,85,48,37
16189,libertador general bernardo o'higgins,6,colchagua,63,san fernando,6301,72,459,217,242,393,184,209,66,33,33
16190,libertador general bernardo o'higgins,6,colchagua,63,san fernando,6301,73,401,182,219,337,148,189,64,34,30
16191,libertador general bernardo o'higgins,6,colchagua,63,san fernando,6301,74,392,181,211,319,147,172,73,34,39
16192,libertador general bernardo o'higgins,6,colchagua,63,san fernando,6301,75,392,163,229,332,136,196,60,27,33
16193,libertador general bernardo o'higgins,6,colchagua,63,san fernando,6301,76,347,166,181,287,126,161,60,40,20
16194,libertador general bernardo o'higgins,6,colchagua,63,san fernando,6301,77,326,156,170,260,123,137,66,33,33
16195,libertador general bernardo o'higgins,6,colchagua,63,san fernando,6301,78,275,114,161,229,92,137,46,22,24
16196,libertador general bernardo o'higgins,6,colchagua,63,san fernando,6301,79,264,114,150,211,81,130,53,33,20
16197,libertador general bernardo o'higgins,6,colchagua,63,san fernando,6301,80,244,110,134,214,90,124,30,20,10
16198,libertador general bernardo o'higgins,6,colchagua,63,san fernando,6301,81,203,70,133,172,51,121,31,19,12
16199,libertador general bernardo o'higgins,6,colchagua,63,san fernando,6301,82,204,84,120,165,64,101,39,20,19
16200,libertador general bernardo o'higgins,6,colchagua,63,san fernando,6301,83,155,66,89,134,51,83,21,15,6
16201,libertador general bernardo o'higgins,6,colchagua,63,san fernando,6301,84,199,75,124,175,68,107,24,7,17
16202,libertador general bernardo o'higgins,6,colchagua,63,san fernando,6301,85,146,40,106,128,35,93,18,5,13
16203,libertador general bernardo o'higgins,6,colchagua,63,san fernando,6301,86,167,61,106,147,53,94,20,8,12
16204,libertador general bernardo o'higgins,6,colchagua,63,san fernando,6301,87,141,62,79,123,54,69,18,8,10
16205,libertador general bernardo o'higgins,6,colchagua,63,san fernando,6301,88,98,29,69,83,21,62,15,8,7
16206,libertador general bernardo o'higgins,6,colchagua,63,san fernando,6301,89,97,36,61,87,32,55,10,4,6
16207,libertador general bernardo o'higgins,6,colchagua,63,san fernando,6301,90,76,24,52,65,20,45,11,4,7
16208,libertador general bernardo o'higgins,6,colchagua,63,san fernando,6301,91,51,15,36,41,13,28,10,2,8
16209,libertador general bernardo o'higgins,6,colchagua,63,san fernando,6301,92,51,17,34,44,12,32,7,5,2
16210,libertador general bernardo o'higgins,6,colchagua,63,san fernando,6301,93,35,10,25,28,5,23,7,5,2
16211,libertador general bernardo o'higgins,6,colchagua,63,san fernando,6301,94,30,7,23,29,6,23,1,1,0
16212,libertador general bernardo o'higgins,6,colchagua,63,san fernando,6301,95,23,7,16,15,4,11,8,3,5
16213,libertador general bernardo o'higgins,6,colchagua,63,san fernando,6301,96,18,3,15,15,3,12,3,0,3
16214,libertador general bernardo o'higgins,6,colchagua,63,san fernando,6301,97,12,6,6,7,3,4,5,3,2
16215,libertador general bernardo o'higgins,6,colchagua,63,san fernando,6301,98,8,1,7,5,0,5,3,1,2
16216,libertador general bernardo o'higgins,6,colchagua,63,san fernando,6301,99,5,1,4,5,1,4,0,0,0
16217,libertador general bernardo o'higgins,6,colchagua,63,san fernando,6301,100 o más,13,3,10,12,3,9,1,0,1
16218,libertador general bernardo o'higgins,6,colchagua,63,chépica,6302,total comuna,15037,7577,7460,8646,4252,4394,6391,3325,3066
16219,libertador general bernardo o'higgins,6,colchagua,63,chépica,6302,0,191,104,87,110,63,47,81,41,40
16220,libertador general bernardo o'higgins,6,colchagua,63,chépica,6302,1,174,111,63,102,60,42,72,51,21
16221,libertador general bernardo o'higgins,6,colchagua,63,chépica,6302,2,194,87,107,115,54,61,79,33,46
16222,libertador general bernardo o'higgins,6,colchagua,63,chépica,6302,3,202,93,109,119,56,63,83,37,46
16223,libertador general bernardo o'higgins,6,colchagua,63,chépica,6302,4,201,100,101,124,59,65,77,41,36
16224,libertador general bernardo o'higgins,6,colchagua,63,chépica,6302,5,182,97,85,104,53,51,78,44,34
16225,libertador general bernardo o'higgins,6,colchagua,63,chépica,6302,6,184,91,93,113,60,53,71,31,40
16226,libertador general bernardo o'higgins,6,colchagua,63,chépica,6302,7,198,97,101,118,49,69,80,48,32
16227,libertador general bernardo o'higgins,6,colchagua,63,chépica,6302,8,196,96,100,130,67,63,66,29,37
16228,libertador general bernardo o'higgins,6,colchagua,63,chépica,6302,9,212,109,103,145,75,70,67,34,33
16229,libertador general bernardo o'higgins,6,colchagua,63,chépica,6302,10,179,85,94,102,52,50,77,33,44
16230,libertador general bernardo o'higgins,6,colchagua,63,chépica,6302,11,186,90,96,122,52,70,64,38,26
16231,libertador general bernardo o'higgins,6,colchagua,63,chépica,6302,12,181,92,89,118,58,60,63,34,29
16232,libertador general bernardo o'higgins,6,colchagua,63,chépica,6302,13,165,86,79,104,50,54,61,36,25
16233,libertador general bernardo o'higgins,6,colchagua,63,chépica,6302,14,217,109,108,142,70,72,75,39,36
16234,libertador general bernardo o'higgins,6,colchagua,63,chépica,6302,15,185,97,88,97,52,45,88,45,43
16235,libertador general bernardo o'higgins,6,colchagua,63,chépica,6302,16,196,101,95,125,63,62,71,38,33
16236,libertador general bernardo o'higgins,6,colchagua,63,chépica,6302,17,205,110,95,130,66,64,75,44,31
16237,libertador general bernardo o'higgins,6,colchagua,63,chépica,6302,18,178,104,74,91,51,40,87,53,34
16238,libertador general bernardo o'higgins,6,colchagua,63,chépica,6302,19,147,75,72,89,49,40,58,26,32
16239,libertador general bernardo o'higgins,6,colchagua,63,chépica,6302,20,161,88,73,98,51,47,63,37,26
16240,libertador general bernardo o'higgins,6,colchagua,63,chépica,6302,21,165,77,88,100,42,58,65,35,30
16241,libertador general bernardo o'higgins,6,colchagua,63,chépica,6302,22,198,90,108,112,50,62,86,40,46
16242,libertador general bernardo o'higgins,6,colchagua,63,chépica,6302,23,197,95,102,120,58,62,77,37,40
16243,libertador general bernardo o'higgins,6,colchagua,63,chépica,6302,24,211,97,114,131,57,74,80,40,40
16244,libertador general bernardo o'higgins,6,colchagua,63,chépica,6302,25,190,96,94,100,54,46,90,42,48
16245,libertador general bernardo o'higgins,6,colchagua,63,chépica,6302,26,200,105,95,118,60,58,82,45,37
16246,libertador general bernardo o'higgins,6,colchagua,63,chépica,6302,27,223,111,112,116,51,65,107,60,47
16247,libertador general bernardo o'higgins,6,colchagua,63,chépica,6302,28,242,125,117,154,83,71,88,42,46
16248,libertador general bernardo o'higgins,6,colchagua,63,chépica,6302,29,230,116,114,137,69,68,93,47,46
16249,libertador general bernardo o'higgins,6,colchagua,63,chépica,6302,30,206,107,99,126,64,62,80,43,37
16250,libertador general bernardo o'higgins,6,colchagua,63,chépica,6302,31,213,120,93,128,73,55,85,47,38
16251,libertador general bernardo o'higgins,6,colchagua,63,chépica,6302,32,209,92,117,131,61,70,78,31,47
16252,libertador general bernardo o'higgins,6,colchagua,63,chépica,6302,33,186,107,79,114,61,53,72,46,26
16253,libertador general bernardo o'higgins,6,colchagua,63,chépica,6302,34,189,91,98,112,49,63,77,42,35
16254,libertador general bernardo o'higgins,6,colchagua,63,chépica,6302,35,192,101,91,119,59,60,73,42,31
16255,libertador general bernardo o'higgins,6,colchagua,63,chépica,6302,36,215,102,113,135,61,74,80,41,39
16256,libertador general bernardo o'higgins,6,colchagua,63,chépica,6302,37,191,101,90,118,54,64,73,47,26
16257,libertador general bernardo o'higgins,6,colchagua,63,chépica,6302,38,201,94,107,132,63,69,69,31,38
16258,libertador general bernardo o'higgins,6,colchagua,63,chépica,6302,39,174,84,90,104,56,48,70,28,42
16259,libertador general bernardo o'higgins,6,colchagua,63,chépica,6302,40,189,94,95,103,48,55,86,46,40
16260,libertador general bernardo o'higgins,6,colchagua,63,chépica,6302,41,197,114,83,109,64,45,88,50,38
16261,libertador general bernardo o'higgins,6,colchagua,63,chépica,6302,42,204,90,114,126,52,74,78,38,40
16262,libertador general bernardo o'higgins,6,colchagua,63,chépica,6302,43,220,112,108,126,64,62,94,48,46
16263,libertador general bernardo o'higgins,6,colchagua,63,chépica,6302,44,218,111,107,133,63,70,85,48,37
16264,libertador general bernardo o'higgins,6,colchagua,63,chépica,6302,45,219,99,120,119,50,69,100,49,51
16265,libertador general bernardo o'higgins,6,colchagua,63,chépica,6302,46,212,95,117,124,62,62,88,33,55
16266,libertador general bernardo o'higgins,6,colchagua,63,chépica,6302,47,178,96,82,96,48,48,82,48,34
16267,libertador general bernardo o'higgins,6,colchagua,63,chépica,6302,48,225,119,106,125,65,60,100,54,46
16268,libertador general bernardo o'higgins,6,colchagua,63,chépica,6302,49,231,125,106,118,65,53,113,60,53
16269,libertador general bernardo o'higgins,6,colchagua,63,chépica,6302,50,242,112,130,135,60,75,107,52,55
16270,libertador general bernardo o'higgins,6,colchagua,63,chépica,6302,51,218,103,115,115,45,70,103,58,45
16271,libertador general bernardo o'higgins,6,colchagua,63,chépica,6302,52,234,125,109,132,64,68,102,61,41
16272,libertador general bernardo o'higgins,6,colchagua,63,chépica,6302,53,208,107,101,113,55,58,95,52,43
16273,libertador general bernardo o'higgins,6,colchagua,63,chépica,6302,54,216,108,108,114,60,54,102,48,54
16274,libertador general bernardo o'higgins,6,colchagua,63,chépica,6302,55,238,127,111,135,70,65,103,57,46
16275,libertador general bernardo o'higgins,6,colchagua,63,chépica,6302,56,204,104,100,113,56,57,91,48,43
16276,libertador general bernardo o'higgins,6,colchagua,63,chépica,6302,57,198,92,106,108,48,60,90,44,46
16277,libertador general bernardo o'higgins,6,colchagua,63,chépica,6302,58,194,102,92,100,59,41,94,43,51
16278,libertador general bernardo o'higgins,6,colchagua,63,chépica,6302,59,198,114,84,95,50,45,103,64,39
16279,libertador general bernardo o'higgins,6,colchagua,63,chépica,6302,60,189,88,101,100,41,59,89,47,42
16280,libertador general bernardo o'higgins,6,colchagua,63,chépica,6302,61,168,83,85,85,42,43,83,41,42
16281,libertador general bernardo o'higgins,6,colchagua,63,chépica,6302,62,173,83,90,87,37,50,86,46,40
16282,libertador general bernardo o'higgins,6,colchagua,63,chépica,6302,63,175,89,86,89,51,38,86,38,48
16283,libertador general bernardo o'higgins,6,colchagua,63,chépica,6302,64,148,65,83,85,44,41,63,21,42
16284,libertador general bernardo o'higgins,6,colchagua,63,chépica,6302,65,153,82,71,80,43,37,73,39,34
16285,libertador general bernardo o'higgins,6,colchagua,63,chépica,6302,66,112,59,53,53,25,28,59,34,25
16286,libertador general bernardo o'higgins,6,colchagua,63,chépica,6302,67,155,81,74,85,44,41,70,37,33
16287,libertador general bernardo o'higgins,6,colchagua,63,chépica,6302,68,143,75,68,73,35,38,70,40,30
16288,libertador general bernardo o'higgins,6,colchagua,63,chépica,6302,69,142,72,70,74,39,35,68,33,35
16289,libertador general bernardo o'higgins,6,colchagua,63,chépica,6302,70,114,52,62,56,18,38,58,34,24
16290,libertador general bernardo o'higgins,6,colchagua,63,chépica,6302,71,118,59,59,64,28,36,54,31,23
16291,libertador general bernardo o'higgins,6,colchagua,63,chépica,6302,72,118,58,60,61,28,33,57,30,27
16292,libertador general bernardo o'higgins,6,colchagua,63,chépica,6302,73,93,47,46,54,31,23,39,16,23
16293,libertador general bernardo o'higgins,6,colchagua,63,chépica,6302,74,108,59,49,57,34,23,51,25,26
16294,libertador general bernardo o'higgins,6,colchagua,63,chépica,6302,75,82,46,36,39,20,19,43,26,17
16295,libertador general bernardo o'higgins,6,colchagua,63,chépica,6302,76,94,38,56,46,17,29,48,21,27
16296,libertador general bernardo o'higgins,6,colchagua,63,chépica,6302,77,73,38,35,36,16,20,37,22,15
16297,libertador general bernardo o'higgins,6,colchagua,63,chépica,6302,78,81,30,51,50,19,31,31,11,20
16298,libertador general bernardo o'higgins,6,colchagua,63,chépica,6302,79,66,32,34,37,18,19,29,14,15
16299,libertador general bernardo o'higgins,6,colchagua,63,chépica,6302,80,64,29,35,37,17,20,27,12,15
16300,libertador general bernardo o'higgins,6,colchagua,63,chépica,6302,81,55,27,28,33,14,19,22,13,9
16301,libertador general bernardo o'higgins,6,colchagua,63,chépica,6302,82,51,29,22,24,13,11,27,16,11
16302,libertador general bernardo o'higgins,6,colchagua,63,chépica,6302,83,40,21,19,24,14,10,16,7,9
16303,libertador general bernardo o'higgins,6,colchagua,63,chépica,6302,84,54,31,23,31,18,13,23,13,10
16304,libertador general bernardo o'higgins,6,colchagua,63,chépica,6302,85,37,17,20,21,10,11,16,7,9
16305,libertador general bernardo o'higgins,6,colchagua,63,chépica,6302,86,41,23,18,24,12,12,17,11,6
16306,libertador general bernardo o'higgins,6,colchagua,63,chépica,6302,87,41,15,26,22,8,14,19,7,12
16307,libertador general bernardo o'higgins,6,colchagua,63,chépica,6302,88,26,11,15,16,7,9,10,4,6
16308,libertador general bernardo o'higgins,6,colchagua,63,chépica,6302,89,26,11,15,13,7,6,13,4,9
16309,libertador general bernardo o'higgins,6,colchagua,63,chépica,6302,90,14,6,8,9,2,7,5,4,1
16310,libertador general bernardo o'higgins,6,colchagua,63,chépica,6302,91,17,11,6,6,4,2,11,7,4
16311,libertador general bernardo o'higgins,6,colchagua,63,chépica,6302,92,10,4,6,6,2,4,4,2,2
16312,libertador general bernardo o'higgins,6,colchagua,63,chépica,6302,93,8,4,4,2,1,1,6,3,3
16313,libertador general bernardo o'higgins,6,colchagua,63,chépica,6302,94,12,5,7,9,4,5,3,1,2
16314,libertador general bernardo o'higgins,6,colchagua,63,chépica,6302,95,5,4,1,2,1,1,3,3,0
16315,libertador general bernardo o'higgins,6,colchagua,63,chépica,6302,96,6,2,4,3,0,3,3,2,1
16316,libertador general bernardo o'higgins,6,colchagua,63,chépica,6302,97,4,1,3,2,0,2,2,1,1
16317,libertador general bernardo o'higgins,6,colchagua,63,chépica,6302,98,2,2,0,2,2,0,0,0,0
16318,libertador general bernardo o'higgins,6,colchagua,63,chépica,6302,99,3,1,2,2,1,1,1,0,1
16319,libertador general bernardo o'higgins,6,colchagua,63,chépica,6302,100 o más,7,5,2,3,2,1,4,3,1
16320,libertador general bernardo o'higgins,6,colchagua,63,chimbarongo,6303,total comuna,35399,17824,17575,20486,10046,10440,14913,7778,7135
16321,libertador general bernardo o'higgins,6,colchagua,63,chimbarongo,6303,0,405,186,219,231,98,133,174,88,86
16322,libertador general bernardo o'higgins,6,colchagua,63,chimbarongo,6303,1,480,232,248,297,143,154,183,89,94
16323,libertador general bernardo o'higgins,6,colchagua,63,chimbarongo,6303,2,510,267,243,310,158,152,200,109,91
16324,libertador general bernardo o'higgins,6,colchagua,63,chimbarongo,6303,3,439,228,211,264,135,129,175,93,82
16325,libertador general bernardo o'higgins,6,colchagua,63,chimbarongo,6303,4,455,245,210,271,150,121,184,95,89
16326,libertador general bernardo o'higgins,6,colchagua,63,chimbarongo,6303,5,434,226,208,261,134,127,173,92,81
16327,libertador general bernardo o'higgins,6,colchagua,63,chimbarongo,6303,6,556,261,295,320,153,167,236,108,128
16328,libertador general bernardo o'higgins,6,colchagua,63,chimbarongo,6303,7,490,265,225,301,162,139,189,103,86
16329,libertador general bernardo o'higgins,6,colchagua,63,chimbarongo,6303,8,527,242,285,317,145,172,210,97,113
16330,libertador general bernardo o'higgins,6,colchagua,63,chimbarongo,6303,9,500,266,234,305,156,149,195,110,85
16331,libertador general bernardo o'higgins,6,colchagua,63,chimbarongo,6303,10,480,229,251,274,129,145,206,100,106
16332,libertador general bernardo o'higgins,6,colchagua,63,chimbarongo,6303,11,474,234,240,292,143,149,182,91,91
16333,libertador general bernardo o'higgins,6,colchagua,63,chimbarongo,6303,12,469,258,211,290,160,130,179,98,81
16334,libertador general bernardo o'higgins,6,colchagua,63,chimbarongo,6303,13,474,251,223,264,136,128,210,115,95
16335,libertador general bernardo o'higgins,6,colchagua,63,chimbarongo,6303,14,527,280,247,313,165,148,214,115,99
16336,libertador general bernardo o'higgins,6,colchagua,63,chimbarongo,6303,15,520,273,247,295,167,128,225,106,119
16337,libertador general bernardo o'higgins,6,colchagua,63,chimbarongo,6303,16,543,278,265,310,164,146,233,114,119
16338,libertador general bernardo o'higgins,6,colchagua,63,chimbarongo,6303,17,497,280,217,307,167,140,190,113,77
16339,libertador general bernardo o'higgins,6,colchagua,63,chimbarongo,6303,18,455,240,215,286,149,137,169,91,78
16340,libertador general bernardo o'higgins,6,colchagua,63,chimbarongo,6303,19,445,223,222,273,132,141,172,91,81
16341,libertador general bernardo o'higgins,6,colchagua,63,chimbarongo,6303,20,428,221,207,267,130,137,161,91,70
16342,libertador general bernardo o'higgins,6,colchagua,63,chimbarongo,6303,21,485,244,241,290,144,146,195,100,95
16343,libertador general bernardo o'higgins,6,colchagua,63,chimbarongo,6303,22,498,244,254,285,139,146,213,105,108
16344,libertador general bernardo o'higgins,6,colchagua,63,chimbarongo,6303,23,504,243,261,299,149,150,205,94,111
16345,libertador general bernardo o'higgins,6,colchagua,63,chimbarongo,6303,24,483,242,241,270,131,139,213,111,102
16346,libertador general bernardo o'higgins,6,colchagua,63,chimbarongo,6303,25,516,266,250,306,163,143,210,103,107
16347,libertador general bernardo o'higgins,6,colchagua,63,chimbarongo,6303,26,505,252,253,281,145,136,224,107,117
16348,libertador general bernardo o'higgins,6,colchagua,63,chimbarongo,6303,27,544,307,237,300,163,137,244,144,100
16349,libertador general bernardo o'higgins,6,colchagua,63,chimbarongo,6303,28,453,232,221,277,131,146,176,101,75
16350,libertador general bernardo o'higgins,6,colchagua,63,chimbarongo,6303,29,512,247,265,299,141,158,213,106,107
16351,libertador general bernardo o'higgins,6,colchagua,63,chimbarongo,6303,30,494,262,232,269,140,129,225,122,103
16352,libertador general bernardo o'higgins,6,colchagua,63,chimbarongo,6303,31,479,246,233,300,142,158,179,104,75
16353,libertador general bernardo o'higgins,6,colchagua,63,chimbarongo,6303,32,429,197,232,246,115,131,183,82,101
16354,libertador general bernardo o'higgins,6,colchagua,63,chimbarongo,6303,33,436,221,215,277,128,149,159,93,66
16355,libertador general bernardo o'higgins,6,colchagua,63,chimbarongo,6303,34,444,234,210,272,141,131,172,93,79
16356,libertador general bernardo o'higgins,6,colchagua,63,chimbarongo,6303,35,446,214,232,269,127,142,177,87,90
16357,libertador general bernardo o'higgins,6,colchagua,63,chimbarongo,6303,36,445,213,232,250,119,131,195,94,101
16358,libertador general bernardo o'higgins,6,colchagua,63,chimbarongo,6303,37,452,215,237,262,121,141,190,94,96
16359,libertador general bernardo o'higgins,6,colchagua,63,chimbarongo,6303,38,477,224,253,289,137,152,188,87,101
16360,libertador general bernardo o'higgins,6,colchagua,63,chimbarongo,6303,39,500,249,251,299,148,151,201,101,100
16361,libertador general bernardo o'higgins,6,colchagua,63,chimbarongo,6303,40,512,253,259,297,143,154,215,110,105
16362,libertador general bernardo o'higgins,6,colchagua,63,chimbarongo,6303,41,532,243,289,299,135,164,233,108,125
16363,libertador general bernardo o'higgins,6,colchagua,63,chimbarongo,6303,42,532,251,281,302,121,181,230,130,100
16364,libertador general bernardo o'higgins,6,colchagua,63,chimbarongo,6303,43,549,259,290,336,154,182,213,105,108
16365,libertador general bernardo o'higgins,6,colchagua,63,chimbarongo,6303,44,498,254,244,289,142,147,209,112,97
16366,libertador general bernardo o'higgins,6,colchagua,63,chimbarongo,6303,45,460,217,243,241,116,125,219,101,118
16367,libertador general bernardo o'higgins,6,colchagua,63,chimbarongo,6303,46,446,227,219,251,113,138,195,114,81
16368,libertador general bernardo o'higgins,6,colchagua,63,chimbarongo,6303,47,465,243,222,272,141,131,193,102,91
16369,libertador general bernardo o'higgins,6,colchagua,63,chimbarongo,6303,48,516,260,256,284,129,155,232,131,101
16370,libertador general bernardo o'higgins,6,colchagua,63,chimbarongo,6303,49,560,281,279,304,157,147,256,124,132
16371,libertador general bernardo o'higgins,6,colchagua,63,chimbarongo,6303,50,558,292,266,280,136,144,278,156,122
16372,libertador general bernardo o'higgins,6,colchagua,63,chimbarongo,6303,51,608,322,286,329,168,161,279,154,125
16373,libertador general bernardo o'higgins,6,colchagua,63,chimbarongo,6303,52,536,262,274,282,142,140,254,120,134
16374,libertador general bernardo o'higgins,6,colchagua,63,chimbarongo,6303,53,551,280,271,299,159,140,252,121,131
16375,libertador general bernardo o'higgins,6,colchagua,63,chimbarongo,6303,54,558,299,259,299,152,147,259,147,112
16376,libertador general bernardo o'higgins,6,colchagua,63,chimbarongo,6303,55,459,242,217,253,126,127,206,116,90
16377,libertador general bernardo o'higgins,6,colchagua,63,chimbarongo,6303,56,504,243,261,275,120,155,229,123,106
16378,libertador general bernardo o'higgins,6,colchagua,63,chimbarongo,6303,57,497,263,234,273,128,145,224,135,89
16379,libertador general bernardo o'higgins,6,colchagua,63,chimbarongo,6303,58,420,233,187,236,125,111,184,108,76
16380,libertador general bernardo o'higgins,6,colchagua,63,chimbarongo,6303,59,431,214,217,261,128,133,170,86,84
16381,libertador general bernardo o'higgins,6,colchagua,63,chimbarongo,6303,60,419,209,210,232,116,116,187,93,94
16382,libertador general bernardo o'higgins,6,colchagua,63,chimbarongo,6303,61,392,210,182,218,114,104,174,96,78
16383,libertador general bernardo o'higgins,6,colchagua,63,chimbarongo,6303,62,358,165,193,207,93,114,151,72,79
16384,libertador general bernardo o'higgins,6,colchagua,63,chimbarongo,6303,63,311,143,168,174,82,92,137,61,76
16385,libertador general bernardo o'higgins,6,colchagua,63,chimbarongo,6303,64,304,144,160,168,77,91,136,67,69
16386,libertador general bernardo o'higgins,6,colchagua,63,chimbarongo,6303,65,312,138,174,179,74,105,133,64,69
16387,libertador general bernardo o'higgins,6,colchagua,63,chimbarongo,6303,66,286,155,131,163,79,84,123,76,47
16388,libertador general bernardo o'higgins,6,colchagua,63,chimbarongo,6303,67,292,157,135,181,93,88,111,64,47
16389,libertador general bernardo o'higgins,6,colchagua,63,chimbarongo,6303,68,272,145,127,156,84,72,116,61,55
16390,libertador general bernardo o'higgins,6,colchagua,63,chimbarongo,6303,69,261,127,134,151,68,83,110,59,51
16391,libertador general bernardo o'higgins,6,colchagua,63,chimbarongo,6303,70,242,117,125,139,61,78,103,56,47
16392,libertador general bernardo o'higgins,6,colchagua,63,chimbarongo,6303,71,248,123,125,145,74,71,103,49,54
16393,libertador general bernardo o'higgins,6,colchagua,63,chimbarongo,6303,72,226,121,105,134,69,65,92,52,40
16394,libertador general bernardo o'higgins,6,colchagua,63,chimbarongo,6303,73,193,94,99,115,52,63,78,42,36
16395,libertador general bernardo o'higgins,6,colchagua,63,chimbarongo,6303,74,192,98,94,119,58,61,73,40,33
16396,libertador general bernardo o'higgins,6,colchagua,63,chimbarongo,6303,75,181,87,94,93,43,50,88,44,44
16397,libertador general bernardo o'higgins,6,colchagua,63,chimbarongo,6303,76,155,89,66,81,41,40,74,48,26
16398,libertador general bernardo o'higgins,6,colchagua,63,chimbarongo,6303,77,152,73,79,86,37,49,66,36,30
16399,libertador general bernardo o'higgins,6,colchagua,63,chimbarongo,6303,78,145,65,80,85,37,48,60,28,32
16400,libertador general bernardo o'higgins,6,colchagua,63,chimbarongo,6303,79,139,68,71,80,36,44,59,32,27
16401,libertador general bernardo o'higgins,6,colchagua,63,chimbarongo,6303,80,123,63,60,75,38,37,48,25,23
16402,libertador general bernardo o'higgins,6,colchagua,63,chimbarongo,6303,81,109,44,65,61,20,41,48,24,24
16403,libertador general bernardo o'higgins,6,colchagua,63,chimbarongo,6303,82,98,52,46,58,30,28,40,22,18
16404,libertador general bernardo o'higgins,6,colchagua,63,chimbarongo,6303,83,91,36,55,55,20,35,36,16,20
16405,libertador general bernardo o'higgins,6,colchagua,63,chimbarongo,6303,84,68,31,37,41,17,24,27,14,13
16406,libertador general bernardo o'higgins,6,colchagua,63,chimbarongo,6303,85,60,31,29,32,20,12,28,11,17
16407,libertador general bernardo o'higgins,6,colchagua,63,chimbarongo,6303,86,64,27,37,38,11,27,26,16,10
16408,libertador general bernardo o'higgins,6,colchagua,63,chimbarongo,6303,87,70,31,39,36,14,22,34,17,17
16409,libertador general bernardo o'higgins,6,colchagua,63,chimbarongo,6303,88,51,25,26,29,13,16,22,12,10
16410,libertador general bernardo o'higgins,6,colchagua,63,chimbarongo,6303,89,43,20,23,26,11,15,17,9,8
16411,libertador general bernardo o'higgins,6,colchagua,63,chimbarongo,6303,90,29,8,21,19,5,14,10,3,7
16412,libertador general bernardo o'higgins,6,colchagua,63,chimbarongo,6303,91,30,12,18,14,4,10,16,8,8
16413,libertador general bernardo o'higgins,6,colchagua,63,chimbarongo,6303,92,19,9,10,9,3,6,10,6,4
16414,libertador general bernardo o'higgins,6,colchagua,63,chimbarongo,6303,93,19,11,8,10,5,5,9,6,3
16415,libertador general bernardo o'higgins,6,colchagua,63,chimbarongo,6303,94,10,4,6,4,2,2,6,2,4
16416,libertador general bernardo o'higgins,6,colchagua,63,chimbarongo,6303,95,7,2,5,5,1,4,2,1,1
16417,libertador general bernardo o'higgins,6,colchagua,63,chimbarongo,6303,96,6,2,4,5,1,4,1,1,0
16418,libertador general bernardo o'higgins,6,colchagua,63,chimbarongo,6303,97,4,4,0,2,2,0,2,2,0
16419,libertador general bernardo o'higgins,6,colchagua,63,chimbarongo,6303,98,2,1,1,1,0,1,1,1,0
16420,libertador general bernardo o'higgins,6,colchagua,63,chimbarongo,6303,99,0,0,0,0,0,0,0,0,0
16421,libertador general bernardo o'higgins,6,colchagua,63,chimbarongo,6303,100 o más,14,8,6,10,6,4,4,2,2
16422,libertador general bernardo o'higgins,6,colchagua,63,lolol,6304,total comuna,6811,3471,3340,2429,1174,1255,4382,2297,2085
16423,libertador general bernardo o'higgins,6,colchagua,63,lolol,6304,0,68,29,39,31,17,14,37,12,25
16424,libertador general bernardo o'higgins,6,colchagua,63,lolol,6304,1,72,38,34,24,10,14,48,28,20
16425,libertador general bernardo o'higgins,6,colchagua,63,lolol,6304,2,59,28,31,16,9,7,43,19,24
16426,libertador general bernardo o'higgins,6,colchagua,63,lolol,6304,3,80,42,38,31,19,12,49,23,26
16427,libertador general bernardo o'higgins,6,colchagua,63,lolol,6304,4,71,36,35,24,10,14,47,26,21
16428,libertador general bernardo o'higgins,6,colchagua,63,lolol,6304,5,75,36,39,34,15,19,41,21,20
16429,libertador general bernardo o'higgins,6,colchagua,63,lolol,6304,6,94,53,41,39,20,19,55,33,22
16430,libertador general bernardo o'higgins,6,colchagua,63,lolol,6304,7,86,39,47,34,21,13,52,18,34
16431,libertador general bernardo o'higgins,6,colchagua,63,lolol,6304,8,90,43,47,41,20,21,49,23,26
16432,libertador general bernardo o'higgins,6,colchagua,63,lolol,6304,9,80,39,41,25,16,9,55,23,32
16433,libertador general bernardo o'higgins,6,colchagua,63,lolol,6304,10,62,28,34,21,9,12,41,19,22
16434,libertador general bernardo o'higgins,6,colchagua,63,lolol,6304,11,100,50,50,42,22,20,58,28,30
16435,libertador general bernardo o'higgins,6,colchagua,63,lolol,6304,12,76,42,34,21,10,11,55,32,23
16436,libertador general bernardo o'higgins,6,colchagua,63,lolol,6304,13,75,38,37,26,8,18,49,30,19
16437,libertador general bernardo o'higgins,6,colchagua,63,lolol,6304,14,89,48,41,41,16,25,48,32,16
16438,libertador general bernardo o'higgins,6,colchagua,63,lolol,6304,15,82,39,43,21,11,10,61,28,33
16439,libertador general bernardo o'higgins,6,colchagua,63,lolol,6304,16,90,51,39,27,17,10,63,34,29
16440,libertador general bernardo o'higgins,6,colchagua,63,lolol,6304,17,106,53,53,38,16,22,68,37,31
16441,libertador general bernardo o'higgins,6,colchagua,63,lolol,6304,18,81,45,36,29,17,12,52,28,24
16442,libertador general bernardo o'higgins,6,colchagua,63,lolol,6304,19,66,35,31,13,8,5,53,27,26
16443,libertador general bernardo o'higgins,6,colchagua,63,lolol,6304,20,56,40,16,24,17,7,32,23,9
16444,libertador general bernardo o'higgins,6,colchagua,63,lolol,6304,21,66,36,30,20,9,11,46,27,19
16445,libertador general bernardo o'higgins,6,colchagua,63,lolol,6304,22,80,45,35,31,15,16,49,30,19
16446,libertador general bernardo o'higgins,6,colchagua,63,lolol,6304,23,83,42,41,37,14,23,46,28,18
16447,libertador general bernardo o'higgins,6,colchagua,63,lolol,6304,24,71,39,32,21,14,7,50,25,25
16448,libertador general bernardo o'higgins,6,colchagua,63,lolol,6304,25,80,43,37,31,17,14,49,26,23
16449,libertador general bernardo o'higgins,6,colchagua,63,lolol,6304,26,80,39,41,25,11,14,55,28,27
16450,libertador general bernardo o'higgins,6,colchagua,63,lolol,6304,27,101,53,48,42,21,21,59,32,27
16451,libertador general bernardo o'higgins,6,colchagua,63,lolol,6304,28,91,38,53,34,11,23,57,27,30
16452,libertador general bernardo o'higgins,6,colchagua,63,lolol,6304,29,109,53,56,38,19,19,71,34,37
16453,libertador general bernardo o'higgins,6,colchagua,63,lolol,6304,30,91,45,46,30,15,15,61,30,31
16454,libertador general bernardo o'higgins,6,colchagua,63,lolol,6304,31,88,45,43,38,20,18,50,25,25
16455,libertador general bernardo o'higgins,6,colchagua,63,lolol,6304,32,81,40,41,36,16,20,45,24,21
16456,libertador general bernardo o'higgins,6,colchagua,63,lolol,6304,33,84,44,40,28,15,13,56,29,27
16457,libertador general bernardo o'higgins,6,colchagua,63,lolol,6304,34,90,54,36,32,22,10,58,32,26
16458,libertador general bernardo o'higgins,6,colchagua,63,lolol,6304,35,93,51,42,27,13,14,66,38,28
16459,libertador general bernardo o'higgins,6,colchagua,63,lolol,6304,36,88,47,41,28,12,16,60,35,25
16460,libertador general bernardo o'higgins,6,colchagua,63,lolol,6304,37,73,41,32,31,19,12,42,22,20
16461,libertador general bernardo o'higgins,6,colchagua,63,lolol,6304,38,95,43,52,35,14,21,60,29,31
16462,libertador general bernardo o'higgins,6,colchagua,63,lolol,6304,39,95,53,42,40,21,19,55,32,23
16463,libertador general bernardo o'higgins,6,colchagua,63,lolol,6304,40,80,33,47,29,14,15,51,19,32
16464,libertador general bernardo o'higgins,6,colchagua,63,lolol,6304,41,100,55,45,38,21,17,62,34,28
16465,libertador general bernardo o'higgins,6,colchagua,63,lolol,6304,42,93,46,47,29,10,19,64,36,28
16466,libertador general bernardo o'higgins,6,colchagua,63,lolol,6304,43,103,53,50,37,17,20,66,36,30
16467,libertador general bernardo o'higgins,6,colchagua,63,lolol,6304,44,108,49,59,38,14,24,70,35,35
16468,libertador general bernardo o'higgins,6,colchagua,63,lolol,6304,45,108,58,50,41,20,21,67,38,29
16469,libertador general bernardo o'higgins,6,colchagua,63,lolol,6304,46,86,40,46,26,11,15,60,29,31
16470,libertador general bernardo o'higgins,6,colchagua,63,lolol,6304,47,110,61,49,36,24,12,74,37,37
16471,libertador general bernardo o'higgins,6,colchagua,63,lolol,6304,48,104,47,57,30,12,18,74,35,39
16472,libertador general bernardo o'higgins,6,colchagua,63,lolol,6304,49,112,57,55,35,15,20,77,42,35
16473,libertador general bernardo o'higgins,6,colchagua,63,lolol,6304,50,108,54,54,45,20,25,63,34,29
16474,libertador general bernardo o'higgins,6,colchagua,63,lolol,6304,51,96,53,43,34,20,14,62,33,29
16475,libertador general bernardo o'higgins,6,colchagua,63,lolol,6304,52,104,56,48,43,20,23,61,36,25
16476,libertador general bernardo o'higgins,6,colchagua,63,lolol,6304,53,98,63,35,35,24,11,63,39,24
16477,libertador general bernardo o'higgins,6,colchagua,63,lolol,6304,54,105,51,54,38,16,22,67,35,32
16478,libertador general bernardo o'higgins,6,colchagua,63,lolol,6304,55,100,58,42,41,20,21,59,38,21
16479,libertador general bernardo o'higgins,6,colchagua,63,lolol,6304,56,89,39,50,29,8,21,60,31,29
16480,libertador general bernardo o'higgins,6,colchagua,63,lolol,6304,57,81,29,52,34,11,23,47,18,29
16481,libertador general bernardo o'higgins,6,colchagua,63,lolol,6304,58,79,40,39,22,7,15,57,33,24
16482,libertador general bernardo o'higgins,6,colchagua,63,lolol,6304,59,81,41,40,19,7,12,62,34,28
16483,libertador general bernardo o'higgins,6,colchagua,63,lolol,6304,60,90,46,44,37,15,22,53,31,22
16484,libertador general bernardo o'higgins,6,colchagua,63,lolol,6304,61,61,31,30,22,12,10,39,19,20
16485,libertador general bernardo o'higgins,6,colchagua,63,lolol,6304,62,82,39,43,23,9,14,59,30,29
16486,libertador general bernardo o'higgins,6,colchagua,63,lolol,6304,63,95,50,45,33,18,15,62,32,30
16487,libertador general bernardo o'higgins,6,colchagua,63,lolol,6304,64,62,33,29,20,8,12,42,25,17
16488,libertador general bernardo o'higgins,6,colchagua,63,lolol,6304,65,77,43,34,20,11,9,57,32,25
16489,libertador general bernardo o'higgins,6,colchagua,63,lolol,6304,66,78,40,38,30,10,20,48,30,18
16490,libertador general bernardo o'higgins,6,colchagua,63,lolol,6304,67,67,33,34,16,9,7,51,24,27
16491,libertador general bernardo o'higgins,6,colchagua,63,lolol,6304,68,75,44,31,27,17,10,48,27,21
16492,libertador general bernardo o'higgins,6,colchagua,63,lolol,6304,69,61,31,30,16,7,9,45,24,21
16493,libertador general bernardo o'higgins,6,colchagua,63,lolol,6304,70,67,39,28,22,14,8,45,25,20
16494,libertador general bernardo o'higgins,6,colchagua,63,lolol,6304,71,68,29,39,22,11,11,46,18,28
16495,libertador general bernardo o'higgins,6,colchagua,63,lolol,6304,72,65,29,36,28,14,14,37,15,22
16496,libertador general bernardo o'higgins,6,colchagua,63,lolol,6304,73,59,34,25,22,11,11,37,23,14
16497,libertador general bernardo o'higgins,6,colchagua,63,lolol,6304,74,59,31,28,24,15,9,35,16,19
16498,libertador general bernardo o'higgins,6,colchagua,63,lolol,6304,75,54,29,25,17,8,9,37,21,16
16499,libertador general bernardo o'higgins,6,colchagua,63,lolol,6304,76,49,24,25,20,7,13,29,17,12
16500,libertador general bernardo o'higgins,6,colchagua,63,lolol,6304,77,35,19,16,10,3,7,25,16,9
16501,libertador general bernardo o'higgins,6,colchagua,63,lolol,6304,78,31,15,16,12,5,7,19,10,9
16502,libertador general bernardo o'higgins,6,colchagua,63,lolol,6304,79,41,19,22,8,4,4,33,15,18
16503,libertador general bernardo o'higgins,6,colchagua,63,lolol,6304,80,32,16,16,16,5,11,16,11,5
16504,libertador general bernardo o'higgins,6,colchagua,63,lolol,6304,81,25,11,14,9,5,4,16,6,10
16505,libertador general bernardo o'higgins,6,colchagua,63,lolol,6304,82,37,16,21,15,6,9,22,10,12
16506,libertador general bernardo o'higgins,6,colchagua,63,lolol,6304,83,26,14,12,11,6,5,15,8,7
16507,libertador general bernardo o'higgins,6,colchagua,63,lolol,6304,84,28,10,18,8,4,4,20,6,14
16508,libertador general bernardo o'higgins,6,colchagua,63,lolol,6304,85,23,12,11,5,3,2,18,9,9
16509,libertador general bernardo o'higgins,6,colchagua,63,lolol,6304,86,22,8,14,14,4,10,8,4,4
16510,libertador general bernardo o'higgins,6,colchagua,63,lolol,6304,87,22,11,11,8,5,3,14,6,8
16511,libertador general bernardo o'higgins,6,colchagua,63,lolol,6304,88,20,9,11,8,5,3,12,4,8
16512,libertador general bernardo o'higgins,6,colchagua,63,lolol,6304,89,19,6,13,6,3,3,13,3,10
16513,libertador general bernardo o'higgins,6,colchagua,63,lolol,6304,90,6,3,3,2,1,1,4,2,2
16514,libertador general bernardo o'higgins,6,colchagua,63,lolol,6304,91,6,3,3,2,1,1,4,2,2
16515,libertador general bernardo o'higgins,6,colchagua,63,lolol,6304,92,8,1,7,3,0,3,5,1,4
16516,libertador general bernardo o'higgins,6,colchagua,63,lolol,6304,93,1,0,1,1,0,1,0,0,0
16517,libertador general bernardo o'higgins,6,colchagua,63,lolol,6304,94,4,1,3,2,1,1,2,0,2
16518,libertador general bernardo o'higgins,6,colchagua,63,lolol,6304,95,4,2,2,1,0,1,3,2,1
16519,libertador general bernardo o'higgins,6,colchagua,63,lolol,6304,96,2,1,1,0,0,0,2,1,1
16520,libertador general bernardo o'higgins,6,colchagua,63,lolol,6304,97,3,0,3,2,0,2,1,0,1
16521,libertador general bernardo o'higgins,6,colchagua,63,lolol,6304,98,1,1,0,0,0,0,1,1,0
16522,libertador general bernardo o'higgins,6,colchagua,63,lolol,6304,99,1,0,1,1,0,1,0,0,0
16523,libertador general bernardo o'higgins,6,colchagua,63,lolol,6304,100 o más,3,2,1,1,0,1,2,2,0
16524,libertador general bernardo o'higgins,6,colchagua,63,nancagua,6305,total comuna,17833,8830,9003,11340,5525,5815,6493,3305,3188
16525,libertador general bernardo o'higgins,6,colchagua,63,nancagua,6305,0,214,105,109,135,69,66,79,36,43
16526,libertador general bernardo o'higgins,6,colchagua,63,nancagua,6305,1,231,120,111,156,81,75,75,39,36
16527,libertador general bernardo o'higgins,6,colchagua,63,nancagua,6305,2,230,121,109,145,76,69,85,45,40
16528,libertador general bernardo o'higgins,6,colchagua,63,nancagua,6305,3,222,103,119,147,74,73,75,29,46
16529,libertador general bernardo o'higgins,6,colchagua,63,nancagua,6305,4,227,114,113,155,76,79,72,38,34
16530,libertador general bernardo o'higgins,6,colchagua,63,nancagua,6305,5,252,132,120,166,86,80,86,46,40
16531,libertador general bernardo o'higgins,6,colchagua,63,nancagua,6305,6,249,127,122,161,79,82,88,48,40
16532,libertador general bernardo o'higgins,6,colchagua,63,nancagua,6305,7,262,128,134,178,82,96,84,46,38
16533,libertador general bernardo o'higgins,6,colchagua,63,nancagua,6305,8,246,123,123,163,87,76,83,36,47
16534,libertador general bernardo o'higgins,6,colchagua,63,nancagua,6305,9,234,112,122,158,76,82,76,36,40
16535,libertador general bernardo o'higgins,6,colchagua,63,nancagua,6305,10,246,111,135,164,68,96,82,43,39
16536,libertador general bernardo o'higgins,6,colchagua,63,nancagua,6305,11,259,138,121,177,90,87,82,48,34
16537,libertador general bernardo o'higgins,6,colchagua,63,nancagua,6305,12,227,111,116,138,72,66,89,39,50
16538,libertador general bernardo o'higgins,6,colchagua,63,nancagua,6305,13,225,107,118,138,61,77,87,46,41
16539,libertador general bernardo o'higgins,6,colchagua,63,nancagua,6305,14,258,135,123,174,88,86,84,47,37
16540,libertador general bernardo o'higgins,6,colchagua,63,nancagua,6305,15,262,138,124,172,87,85,90,51,39
16541,libertador general bernardo o'higgins,6,colchagua,63,nancagua,6305,16,280,145,135,180,90,90,100,55,45
16542,libertador general bernardo o'higgins,6,colchagua,63,nancagua,6305,17,270,141,129,170,87,83,100,54,46
16543,libertador general bernardo o'higgins,6,colchagua,63,nancagua,6305,18,191,103,88,127,66,61,64,37,27
16544,libertador general bernardo o'higgins,6,colchagua,63,nancagua,6305,19,207,119,88,129,68,61,78,51,27
16545,libertador general bernardo o'higgins,6,colchagua,63,nancagua,6305,20,214,99,115,144,65,79,70,34,36
16546,libertador general bernardo o'higgins,6,colchagua,63,nancagua,6305,21,191,99,92,128,65,63,63,34,29
16547,libertador general bernardo o'higgins,6,colchagua,63,nancagua,6305,22,255,117,138,153,80,73,102,37,65
16548,libertador general bernardo o'higgins,6,colchagua,63,nancagua,6305,23,253,108,145,154,65,89,99,43,56
16549,libertador general bernardo o'higgins,6,colchagua,63,nancagua,6305,24,256,118,138,158,67,91,98,51,47
16550,libertador general bernardo o'higgins,6,colchagua,63,nancagua,6305,25,289,146,143,196,97,99,93,49,44
16551,libertador general bernardo o'higgins,6,colchagua,63,nancagua,6305,26,266,130,136,178,89,89,88,41,47
16552,libertador general bernardo o'higgins,6,colchagua,63,nancagua,6305,27,260,137,123,176,88,88,84,49,35
16553,libertador general bernardo o'higgins,6,colchagua,63,nancagua,6305,28,290,146,144,199,97,102,91,49,42
16554,libertador general bernardo o'higgins,6,colchagua,63,nancagua,6305,29,268,137,131,183,93,90,85,44,41
16555,libertador general bernardo o'higgins,6,colchagua,63,nancagua,6305,30,253,138,115,167,90,77,86,48,38
16556,libertador general bernardo o'higgins,6,colchagua,63,nancagua,6305,31,246,111,135,157,73,84,89,38,51
16557,libertador general bernardo o'higgins,6,colchagua,63,nancagua,6305,32,226,114,112,144,67,77,82,47,35
16558,libertador general bernardo o'higgins,6,colchagua,63,nancagua,6305,33,215,111,104,142,68,74,73,43,30
16559,libertador general bernardo o'higgins,6,colchagua,63,nancagua,6305,34,212,93,119,131,58,73,81,35,46
16560,libertador general bernardo o'higgins,6,colchagua,63,nancagua,6305,35,253,148,105,163,97,66,90,51,39
16561,libertador general bernardo o'higgins,6,colchagua,63,nancagua,6305,36,247,118,129,158,75,83,89,43,46
16562,libertador general bernardo o'higgins,6,colchagua,63,nancagua,6305,37,265,135,130,172,98,74,93,37,56
16563,libertador general bernardo o'higgins,6,colchagua,63,nancagua,6305,38,204,101,103,124,62,62,80,39,41
16564,libertador general bernardo o'higgins,6,colchagua,63,nancagua,6305,39,229,114,115,136,73,63,93,41,52
16565,libertador general bernardo o'higgins,6,colchagua,63,nancagua,6305,40,226,103,123,152,70,82,74,33,41
16566,libertador general bernardo o'higgins,6,colchagua,63,nancagua,6305,41,256,115,141,169,67,102,87,48,39
16567,libertador general bernardo o'higgins,6,colchagua,63,nancagua,6305,42,256,133,123,172,88,84,84,45,39
16568,libertador general bernardo o'higgins,6,colchagua,63,nancagua,6305,43,266,135,131,162,79,83,104,56,48
16569,libertador general bernardo o'higgins,6,colchagua,63,nancagua,6305,44,252,120,132,154,70,84,98,50,48
16570,libertador general bernardo o'higgins,6,colchagua,63,nancagua,6305,45,237,111,126,153,66,87,84,45,39
16571,libertador general bernardo o'higgins,6,colchagua,63,nancagua,6305,46,242,122,120,146,73,73,96,49,47
16572,libertador general bernardo o'higgins,6,colchagua,63,nancagua,6305,47,211,128,83,134,79,55,77,49,28
16573,libertador general bernardo o'higgins,6,colchagua,63,nancagua,6305,48,236,107,129,142,64,78,94,43,51
16574,libertador general bernardo o'higgins,6,colchagua,63,nancagua,6305,49,277,133,144,167,87,80,110,46,64
16575,libertador general bernardo o'higgins,6,colchagua,63,nancagua,6305,50,280,141,139,175,88,87,105,53,52
16576,libertador general bernardo o'higgins,6,colchagua,63,nancagua,6305,51,299,148,151,177,76,101,122,72,50
16577,libertador general bernardo o'higgins,6,colchagua,63,nancagua,6305,52,277,130,147,180,86,94,97,44,53
16578,libertador general bernardo o'higgins,6,colchagua,63,nancagua,6305,53,299,136,163,166,71,95,133,65,68
16579,libertador general bernardo o'higgins,6,colchagua,63,nancagua,6305,54,268,135,133,160,78,82,108,57,51
16580,libertador general bernardo o'higgins,6,colchagua,63,nancagua,6305,55,240,116,124,143,73,70,97,43,54
16581,libertador general bernardo o'higgins,6,colchagua,63,nancagua,6305,56,229,112,117,154,71,83,75,41,34
16582,libertador general bernardo o'higgins,6,colchagua,63,nancagua,6305,57,220,109,111,120,53,67,100,56,44
16583,libertador general bernardo o'higgins,6,colchagua,63,nancagua,6305,58,208,113,95,129,67,62,79,46,33
16584,libertador general bernardo o'higgins,6,colchagua,63,nancagua,6305,59,216,113,103,139,72,67,77,41,36
16585,libertador general bernardo o'higgins,6,colchagua,63,nancagua,6305,60,215,105,110,135,61,74,80,44,36
16586,libertador general bernardo o'higgins,6,colchagua,63,nancagua,6305,61,202,96,106,119,57,62,83,39,44
16587,libertador general bernardo o'higgins,6,colchagua,63,nancagua,6305,62,178,103,75,112,58,54,66,45,21
16588,libertador general bernardo o'higgins,6,colchagua,63,nancagua,6305,63,176,88,88,104,51,53,72,37,35
16589,libertador general bernardo o'higgins,6,colchagua,63,nancagua,6305,64,158,80,78,99,55,44,59,25,34
16590,libertador general bernardo o'higgins,6,colchagua,63,nancagua,6305,65,131,67,64,91,44,47,40,23,17
16591,libertador general bernardo o'higgins,6,colchagua,63,nancagua,6305,66,155,73,82,97,43,54,58,30,28
16592,libertador general bernardo o'higgins,6,colchagua,63,nancagua,6305,67,146,76,70,77,43,34,69,33,36
16593,libertador general bernardo o'higgins,6,colchagua,63,nancagua,6305,68,127,60,67,90,43,47,37,17,20
16594,libertador general bernardo o'higgins,6,colchagua,63,nancagua,6305,69,125,55,70,85,40,45,40,15,25
16595,libertador general bernardo o'higgins,6,colchagua,63,nancagua,6305,70,138,69,69,87,38,49,51,31,20
16596,libertador general bernardo o'higgins,6,colchagua,63,nancagua,6305,71,123,71,52,69,39,30,54,32,22
16597,libertador general bernardo o'higgins,6,colchagua,63,nancagua,6305,72,131,62,69,80,36,44,51,26,25
16598,libertador general bernardo o'higgins,6,colchagua,63,nancagua,6305,73,112,58,54,71,36,35,41,22,19
16599,libertador general bernardo o'higgins,6,colchagua,63,nancagua,6305,74,101,52,49,60,29,31,41,23,18
16600,libertador general bernardo o'higgins,6,colchagua,63,nancagua,6305,75,98,40,58,62,25,37,36,15,21
16601,libertador general bernardo o'higgins,6,colchagua,63,nancagua,6305,76,97,43,54,61,27,34,36,16,20
16602,libertador general bernardo o'higgins,6,colchagua,63,nancagua,6305,77,90,46,44,54,26,28,36,20,16
16603,libertador general bernardo o'higgins,6,colchagua,63,nancagua,6305,78,73,34,39,50,25,25,23,9,14
16604,libertador general bernardo o'higgins,6,colchagua,63,nancagua,6305,79,70,32,38,41,20,21,29,12,17
16605,libertador general bernardo o'higgins,6,colchagua,63,nancagua,6305,80,55,20,35,37,14,23,18,6,12
16606,libertador general bernardo o'higgins,6,colchagua,63,nancagua,6305,81,59,28,31,36,15,21,23,13,10
16607,libertador general bernardo o'higgins,6,colchagua,63,nancagua,6305,82,46,20,26,26,13,13,20,7,13
16608,libertador general bernardo o'higgins,6,colchagua,63,nancagua,6305,83,49,23,26,32,14,18,17,9,8
16609,libertador general bernardo o'higgins,6,colchagua,63,nancagua,6305,84,53,21,32,27,10,17,26,11,15
16610,libertador general bernardo o'higgins,6,colchagua,63,nancagua,6305,85,34,9,25,23,6,17,11,3,8
16611,libertador general bernardo o'higgins,6,colchagua,63,nancagua,6305,86,38,19,19,23,14,9,15,5,10
16612,libertador general bernardo o'higgins,6,colchagua,63,nancagua,6305,87,36,17,19,18,8,10,18,9,9
16613,libertador general bernardo o'higgins,6,colchagua,63,nancagua,6305,88,28,9,19,18,6,12,10,3,7
16614,libertador general bernardo o'higgins,6,colchagua,63,nancagua,6305,89,28,13,15,17,7,10,11,6,5
16615,libertador general bernardo o'higgins,6,colchagua,63,nancagua,6305,90,21,10,11,12,4,8,9,6,3
16616,libertador general bernardo o'higgins,6,colchagua,63,nancagua,6305,91,11,2,9,5,1,4,6,1,5
16617,libertador general bernardo o'higgins,6,colchagua,63,nancagua,6305,92,8,5,3,5,3,2,3,2,1
16618,libertador general bernardo o'higgins,6,colchagua,63,nancagua,6305,93,11,3,8,7,1,6,4,2,2
16619,libertador general bernardo o'higgins,6,colchagua,63,nancagua,6305,94,5,0,5,4,0,4,1,0,1
16620,libertador general bernardo o'higgins,6,colchagua,63,nancagua,6305,95,3,1,2,1,1,0,2,0,2
16621,libertador general bernardo o'higgins,6,colchagua,63,nancagua,6305,96,5,3,2,3,2,1,2,1,1
16622,libertador general bernardo o'higgins,6,colchagua,63,nancagua,6305,97,9,1,8,7,1,6,2,0,2
16623,libertador general bernardo o'higgins,6,colchagua,63,nancagua,6305,98,0,0,0,0,0,0,0,0,0
16624,libertador general bernardo o'higgins,6,colchagua,63,nancagua,6305,99,3,0,3,2,0,2,1,0,1
16625,libertador general bernardo o'higgins,6,colchagua,63,nancagua,6305,100 o más,6,3,3,3,1,2,3,2,1
16626,libertador general bernardo o'higgins,6,colchagua,63,palmilla,6306,total comuna,12482,6331,6151,3464,1700,1764,9018,4631,4387
16627,libertador general bernardo o'higgins,6,colchagua,63,palmilla,6306,0,136,76,60,37,19,18,99,57,42
16628,libertador general bernardo o'higgins,6,colchagua,63,palmilla,6306,1,142,74,68,43,24,19,99,50,49
16629,libertador general bernardo o'higgins,6,colchagua,63,palmilla,6306,2,140,72,68,45,27,18,95,45,50
16630,libertador general bernardo o'higgins,6,colchagua,63,palmilla,6306,3,161,71,90,49,19,30,112,52,60
16631,libertador general bernardo o'higgins,6,colchagua,63,palmilla,6306,4,177,89,88,50,22,28,127,67,60
16632,libertador general bernardo o'higgins,6,colchagua,63,palmilla,6306,5,175,83,92,53,28,25,122,55,67
16633,libertador general bernardo o'higgins,6,colchagua,63,palmilla,6306,6,147,76,71,39,20,19,108,56,52
16634,libertador general bernardo o'higgins,6,colchagua,63,palmilla,6306,7,155,82,73,46,26,20,109,56,53
16635,libertador general bernardo o'higgins,6,colchagua,63,palmilla,6306,8,158,82,76,54,26,28,104,56,48
16636,libertador general bernardo o'higgins,6,colchagua,63,palmilla,6306,9,151,78,73,43,23,20,108,55,53
16637,libertador general bernardo o'higgins,6,colchagua,63,palmilla,6306,10,176,87,89,54,27,27,122,60,62
16638,libertador general bernardo o'higgins,6,colchagua,63,palmilla,6306,11,146,90,56,29,22,7,117,68,49
16639,libertador general bernardo o'higgins,6,colchagua,63,palmilla,6306,12,154,78,76,54,24,30,100,54,46
16640,libertador general bernardo o'higgins,6,colchagua,63,palmilla,6306,13,170,99,71,52,26,26,118,73,45
16641,libertador general bernardo o'higgins,6,colchagua,63,palmilla,6306,14,151,82,69,47,29,18,104,53,51
16642,libertador general bernardo o'higgins,6,colchagua,63,palmilla,6306,15,151,77,74,44,25,19,107,52,55
16643,libertador general bernardo o'higgins,6,colchagua,63,palmilla,6306,16,198,96,102,58,31,27,140,65,75
16644,libertador general bernardo o'higgins,6,colchagua,63,palmilla,6306,17,163,86,77,39,19,20,124,67,57
16645,libertador general bernardo o'higgins,6,colchagua,63,palmilla,6306,18,128,50,78,40,19,21,88,31,57
16646,libertador general bernardo o'higgins,6,colchagua,63,palmilla,6306,19,115,63,52,26,15,11,89,48,41
16647,libertador general bernardo o'higgins,6,colchagua,63,palmilla,6306,20,125,64,61,31,18,13,94,46,48
16648,libertador general bernardo o'higgins,6,colchagua,63,palmilla,6306,21,146,71,75,34,14,20,112,57,55
16649,libertador general bernardo o'higgins,6,colchagua,63,palmilla,6306,22,135,75,60,36,19,17,99,56,43
16650,libertador general bernardo o'higgins,6,colchagua,63,palmilla,6306,23,162,96,66,49,26,23,113,70,43
16651,libertador general bernardo o'higgins,6,colchagua,63,palmilla,6306,24,172,80,92,48,24,24,124,56,68
16652,libertador general bernardo o'higgins,6,colchagua,63,palmilla,6306,25,171,88,83,51,28,23,120,60,60
16653,libertador general bernardo o'higgins,6,colchagua,63,palmilla,6306,26,204,110,94,49,20,29,155,90,65
16654,libertador general bernardo o'higgins,6,colchagua,63,palmilla,6306,27,186,79,107,60,22,38,126,57,69
16655,libertador general bernardo o'higgins,6,colchagua,63,palmilla,6306,28,180,82,98,51,28,23,129,54,75
16656,libertador general bernardo o'higgins,6,colchagua,63,palmilla,6306,29,164,78,86,49,21,28,115,57,58
16657,libertador general bernardo o'higgins,6,colchagua,63,palmilla,6306,30,187,101,86,59,26,33,128,75,53
16658,libertador general bernardo o'higgins,6,colchagua,63,palmilla,6306,31,167,93,74,54,29,25,113,64,49
16659,libertador general bernardo o'higgins,6,colchagua,63,palmilla,6306,32,161,73,88,47,20,27,114,53,61
16660,libertador general bernardo o'higgins,6,colchagua,63,palmilla,6306,33,162,76,86,43,16,27,119,60,59
16661,libertador general bernardo o'higgins,6,colchagua,63,palmilla,6306,34,177,87,90,54,24,30,123,63,60
16662,libertador general bernardo o'higgins,6,colchagua,63,palmilla,6306,35,192,104,88,58,28,30,134,76,58
16663,libertador general bernardo o'higgins,6,colchagua,63,palmilla,6306,36,160,73,87,40,19,21,120,54,66
16664,libertador general bernardo o'higgins,6,colchagua,63,palmilla,6306,37,170,87,83,45,23,22,125,64,61
16665,libertador general bernardo o'higgins,6,colchagua,63,palmilla,6306,38,152,79,73,46,24,22,106,55,51
16666,libertador general bernardo o'higgins,6,colchagua,63,palmilla,6306,39,160,94,66,49,28,21,111,66,45
16667,libertador general bernardo o'higgins,6,colchagua,63,palmilla,6306,40,166,77,89,49,20,29,117,57,60
16668,libertador general bernardo o'higgins,6,colchagua,63,palmilla,6306,41,177,87,90,52,25,27,125,62,63
16669,libertador general bernardo o'higgins,6,colchagua,63,palmilla,6306,42,191,88,103,57,27,30,134,61,73
16670,libertador general bernardo o'higgins,6,colchagua,63,palmilla,6306,43,199,86,113,44,16,28,155,70,85
16671,libertador general bernardo o'higgins,6,colchagua,63,palmilla,6306,44,209,112,97,54,30,24,155,82,73
16672,libertador general bernardo o'higgins,6,colchagua,63,palmilla,6306,45,184,85,99,42,20,22,142,65,77
16673,libertador general bernardo o'higgins,6,colchagua,63,palmilla,6306,46,186,86,100,45,18,27,141,68,73
16674,libertador general bernardo o'higgins,6,colchagua,63,palmilla,6306,47,192,101,91,40,21,19,152,80,72
16675,libertador general bernardo o'higgins,6,colchagua,63,palmilla,6306,48,171,92,79,47,21,26,124,71,53
16676,libertador general bernardo o'higgins,6,colchagua,63,palmilla,6306,49,192,71,121,32,8,24,160,63,97
16677,libertador general bernardo o'higgins,6,colchagua,63,palmilla,6306,50,216,108,108,55,33,22,161,75,86
16678,libertador general bernardo o'higgins,6,colchagua,63,palmilla,6306,51,185,99,86,44,27,17,141,72,69
16679,libertador general bernardo o'higgins,6,colchagua,63,palmilla,6306,52,204,107,97,62,29,33,142,78,64
16680,libertador general bernardo o'higgins,6,colchagua,63,palmilla,6306,53,190,89,101,40,17,23,150,72,78
16681,libertador general bernardo o'higgins,6,colchagua,63,palmilla,6306,54,206,113,93,53,31,22,153,82,71
16682,libertador general bernardo o'higgins,6,colchagua,63,palmilla,6306,55,189,105,84,42,20,22,147,85,62
16683,libertador general bernardo o'higgins,6,colchagua,63,palmilla,6306,56,188,96,92,54,23,31,134,73,61
16684,libertador general bernardo o'higgins,6,colchagua,63,palmilla,6306,57,162,99,63,34,16,18,128,83,45
16685,libertador general bernardo o'higgins,6,colchagua,63,palmilla,6306,58,196,119,77,65,35,30,131,84,47
16686,libertador general bernardo o'higgins,6,colchagua,63,palmilla,6306,59,172,83,89,42,25,17,130,58,72
16687,libertador general bernardo o'higgins,6,colchagua,63,palmilla,6306,60,170,84,86,43,17,26,127,67,60
16688,libertador general bernardo o'higgins,6,colchagua,63,palmilla,6306,61,145,70,75,40,17,23,105,53,52
16689,libertador general bernardo o'higgins,6,colchagua,63,palmilla,6306,62,134,62,72,36,12,24,98,50,48
16690,libertador general bernardo o'higgins,6,colchagua,63,palmilla,6306,63,144,76,68,42,23,19,102,53,49
16691,libertador general bernardo o'higgins,6,colchagua,63,palmilla,6306,64,110,53,57,33,14,19,77,39,38
16692,libertador general bernardo o'higgins,6,colchagua,63,palmilla,6306,65,112,63,49,31,17,14,81,46,35
16693,libertador general bernardo o'higgins,6,colchagua,63,palmilla,6306,66,88,42,46,22,14,8,66,28,38
16694,libertador general bernardo o'higgins,6,colchagua,63,palmilla,6306,67,101,47,54,31,13,18,70,34,36
16695,libertador general bernardo o'higgins,6,colchagua,63,palmilla,6306,68,95,55,40,29,17,12,66,38,28
16696,libertador general bernardo o'higgins,6,colchagua,63,palmilla,6306,69,106,54,52,33,15,18,73,39,34
16697,libertador general bernardo o'higgins,6,colchagua,63,palmilla,6306,70,95,49,46,31,18,13,64,31,33
16698,libertador general bernardo o'higgins,6,colchagua,63,palmilla,6306,71,97,59,38,29,16,13,68,43,25
16699,libertador general bernardo o'higgins,6,colchagua,63,palmilla,6306,72,92,46,46,20,12,8,72,34,38
16700,libertador general bernardo o'higgins,6,colchagua,63,palmilla,6306,73,69,36,33,24,14,10,45,22,23
16701,libertador general bernardo o'higgins,6,colchagua,63,palmilla,6306,74,71,41,30,22,12,10,49,29,20
16702,libertador general bernardo o'higgins,6,colchagua,63,palmilla,6306,75,62,35,27,18,8,10,44,27,17
16703,libertador general bernardo o'higgins,6,colchagua,63,palmilla,6306,76,54,23,31,14,6,8,40,17,23
16704,libertador general bernardo o'higgins,6,colchagua,63,palmilla,6306,77,66,35,31,18,10,8,48,25,23
16705,libertador general bernardo o'higgins,6,colchagua,63,palmilla,6306,78,59,27,32,15,7,8,44,20,24
16706,libertador general bernardo o'higgins,6,colchagua,63,palmilla,6306,79,53,23,30,9,4,5,44,19,25
16707,libertador general bernardo o'higgins,6,colchagua,63,palmilla,6306,80,46,23,23,15,6,9,31,17,14
16708,libertador general bernardo o'higgins,6,colchagua,63,palmilla,6306,81,41,20,21,17,8,9,24,12,12
16709,libertador general bernardo o'higgins,6,colchagua,63,palmilla,6306,82,38,17,21,8,2,6,30,15,15
16710,libertador general bernardo o'higgins,6,colchagua,63,palmilla,6306,83,38,21,17,8,3,5,30,18,12
16711,libertador general bernardo o'higgins,6,colchagua,63,palmilla,6306,84,34,14,20,9,3,6,25,11,14
16712,libertador general bernardo o'higgins,6,colchagua,63,palmilla,6306,85,18,7,11,8,3,5,10,4,6
16713,libertador general bernardo o'higgins,6,colchagua,63,palmilla,6306,86,28,16,12,11,6,5,17,10,7
16714,libertador general bernardo o'higgins,6,colchagua,63,palmilla,6306,87,22,10,12,8,2,6,14,8,6
16715,libertador general bernardo o'higgins,6,colchagua,63,palmilla,6306,88,17,8,9,4,2,2,13,6,7
16716,libertador general bernardo o'higgins,6,colchagua,63,palmilla,6306,89,21,9,12,12,4,8,9,5,4
16717,libertador general bernardo o'higgins,6,colchagua,63,palmilla,6306,90,11,4,7,3,0,3,8,4,4
16718,libertador general bernardo o'higgins,6,colchagua,63,palmilla,6306,91,13,6,7,5,3,2,8,3,5
16719,libertador general bernardo o'higgins,6,colchagua,63,palmilla,6306,92,8,3,5,2,1,1,6,2,4
16720,libertador general bernardo o'higgins,6,colchagua,63,palmilla,6306,93,5,3,2,1,0,1,4,3,1
16721,libertador general bernardo o'higgins,6,colchagua,63,palmilla,6306,94,5,0,5,1,0,1,4,0,4
16722,libertador general bernardo o'higgins,6,colchagua,63,palmilla,6306,95,4,4,0,1,1,0,3,3,0
16723,libertador general bernardo o'higgins,6,colchagua,63,palmilla,6306,96,2,0,2,1,0,1,1,0,1
16724,libertador general bernardo o'higgins,6,colchagua,63,palmilla,6306,97,3,1,2,1,0,1,2,1,1
16725,libertador general bernardo o'higgins,6,colchagua,63,palmilla,6306,98,0,0,0,0,0,0,0,0,0
16726,libertador general bernardo o'higgins,6,colchagua,63,palmilla,6306,99,0,0,0,0,0,0,0,0,0
16727,libertador general bernardo o'higgins,6,colchagua,63,palmilla,6306,100 o más,3,1,2,1,0,1,2,1,1
16728,libertador general bernardo o'higgins,6,colchagua,63,peralillo,6307,total comuna,11007,5538,5469,6637,3284,3353,4370,2254,2116
16729,libertador general bernardo o'higgins,6,colchagua,63,peralillo,6307,0,122,56,66,73,32,41,49,24,25
16730,libertador general bernardo o'higgins,6,colchagua,63,peralillo,6307,1,141,75,66,83,46,37,58,29,29
16731,libertador general bernardo o'higgins,6,colchagua,63,peralillo,6307,2,123,62,61,76,40,36,47,22,25
16732,libertador general bernardo o'higgins,6,colchagua,63,peralillo,6307,3,130,53,77,80,32,48,50,21,29
16733,libertador general bernardo o'higgins,6,colchagua,63,peralillo,6307,4,114,57,57,69,38,31,45,19,26
16734,libertador general bernardo o'higgins,6,colchagua,63,peralillo,6307,5,125,69,56,74,42,32,51,27,24
16735,libertador general bernardo o'higgins,6,colchagua,63,peralillo,6307,6,102,47,55,65,34,31,37,13,24
16736,libertador general bernardo o'higgins,6,colchagua,63,peralillo,6307,7,142,67,75,92,49,43,50,18,32
16737,libertador general bernardo o'higgins,6,colchagua,63,peralillo,6307,8,130,69,61,79,41,38,51,28,23
16738,libertador general bernardo o'higgins,6,colchagua,63,peralillo,6307,9,159,75,84,100,51,49,59,24,35
16739,libertador general bernardo o'higgins,6,colchagua,63,peralillo,6307,10,132,72,60,81,47,34,51,25,26
16740,libertador general bernardo o'higgins,6,colchagua,63,peralillo,6307,11,145,65,80,93,39,54,52,26,26
16741,libertador general bernardo o'higgins,6,colchagua,63,peralillo,6307,12,134,60,74,88,41,47,46,19,27
16742,libertador general bernardo o'higgins,6,colchagua,63,peralillo,6307,13,149,85,64,96,51,45,53,34,19
16743,libertador general bernardo o'higgins,6,colchagua,63,peralillo,6307,14,166,83,83,109,58,51,57,25,32
16744,libertador general bernardo o'higgins,6,colchagua,63,peralillo,6307,15,159,86,73,99,52,47,60,34,26
16745,libertador general bernardo o'higgins,6,colchagua,63,peralillo,6307,16,156,77,79,100,52,48,56,25,31
16746,libertador general bernardo o'higgins,6,colchagua,63,peralillo,6307,17,138,64,74,91,39,52,47,25,22
16747,libertador general bernardo o'higgins,6,colchagua,63,peralillo,6307,18,127,71,56,78,41,37,49,30,19
16748,libertador general bernardo o'higgins,6,colchagua,63,peralillo,6307,19,95,48,47,55,30,25,40,18,22
16749,libertador general bernardo o'higgins,6,colchagua,63,peralillo,6307,20,112,50,62,67,29,38,45,21,24
16750,libertador general bernardo o'higgins,6,colchagua,63,peralillo,6307,21,140,64,76,85,38,47,55,26,29
16751,libertador general bernardo o'higgins,6,colchagua,63,peralillo,6307,22,116,66,50,75,44,31,41,22,19
16752,libertador general bernardo o'higgins,6,colchagua,63,peralillo,6307,23,129,62,67,81,37,44,48,25,23
16753,libertador general bernardo o'higgins,6,colchagua,63,peralillo,6307,24,116,68,48,68,39,29,48,29,19
16754,libertador general bernardo o'higgins,6,colchagua,63,peralillo,6307,25,143,73,70,88,49,39,55,24,31
16755,libertador general bernardo o'higgins,6,colchagua,63,peralillo,6307,26,132,61,71,77,36,41,55,25,30
16756,libertador general bernardo o'higgins,6,colchagua,63,peralillo,6307,27,151,71,80,95,48,47,56,23,33
16757,libertador general bernardo o'higgins,6,colchagua,63,peralillo,6307,28,182,93,89,104,54,50,78,39,39
16758,libertador general bernardo o'higgins,6,colchagua,63,peralillo,6307,29,152,75,77,95,41,54,57,34,23
16759,libertador general bernardo o'higgins,6,colchagua,63,peralillo,6307,30,184,89,95,113,55,58,71,34,37
16760,libertador general bernardo o'higgins,6,colchagua,63,peralillo,6307,31,137,62,75,89,42,47,48,20,28
16761,libertador general bernardo o'higgins,6,colchagua,63,peralillo,6307,32,150,75,75,101,47,54,49,28,21
16762,libertador general bernardo o'higgins,6,colchagua,63,peralillo,6307,33,160,74,86,104,47,57,56,27,29
16763,libertador general bernardo o'higgins,6,colchagua,63,peralillo,6307,34,137,73,64,77,40,37,60,33,27
16764,libertador general bernardo o'higgins,6,colchagua,63,peralillo,6307,35,166,89,77,97,55,42,69,34,35
16765,libertador general bernardo o'higgins,6,colchagua,63,peralillo,6307,36,139,63,76,92,39,53,47,24,23
16766,libertador general bernardo o'higgins,6,colchagua,63,peralillo,6307,37,120,67,53,72,41,31,48,26,22
16767,libertador general bernardo o'higgins,6,colchagua,63,peralillo,6307,38,140,84,56,92,50,42,48,34,14
16768,libertador general bernardo o'higgins,6,colchagua,63,peralillo,6307,39,146,83,63,94,51,43,52,32,20
16769,libertador general bernardo o'higgins,6,colchagua,63,peralillo,6307,40,165,80,85,97,50,47,68,30,38
16770,libertador general bernardo o'higgins,6,colchagua,63,peralillo,6307,41,157,62,95,86,36,50,71,26,45
16771,libertador general bernardo o'higgins,6,colchagua,63,peralillo,6307,42,168,96,72,97,48,49,71,48,23
16772,libertador general bernardo o'higgins,6,colchagua,63,peralillo,6307,43,185,78,107,105,43,62,80,35,45
16773,libertador general bernardo o'higgins,6,colchagua,63,peralillo,6307,44,148,79,69,84,39,45,64,40,24
16774,libertador general bernardo o'higgins,6,colchagua,63,peralillo,6307,45,146,71,75,86,39,47,60,32,28
16775,libertador general bernardo o'higgins,6,colchagua,63,peralillo,6307,46,159,81,78,95,45,50,64,36,28
16776,libertador general bernardo o'higgins,6,colchagua,63,peralillo,6307,47,160,88,72,98,53,45,62,35,27
16777,libertador general bernardo o'higgins,6,colchagua,63,peralillo,6307,48,195,101,94,110,59,51,85,42,43
16778,libertador general bernardo o'higgins,6,colchagua,63,peralillo,6307,49,171,76,95,94,39,55,77,37,40
16779,libertador general bernardo o'higgins,6,colchagua,63,peralillo,6307,50,178,101,77,99,54,45,79,47,32
16780,libertador general bernardo o'higgins,6,colchagua,63,peralillo,6307,51,178,101,77,97,52,45,81,49,32
16781,libertador general bernardo o'higgins,6,colchagua,63,peralillo,6307,52,171,94,77,100,48,52,71,46,25
16782,libertador general bernardo o'higgins,6,colchagua,63,peralillo,6307,53,170,79,91,106,44,62,64,35,29
16783,libertador general bernardo o'higgins,6,colchagua,63,peralillo,6307,54,165,75,90,94,46,48,71,29,42
16784,libertador general bernardo o'higgins,6,colchagua,63,peralillo,6307,55,152,77,75,88,44,44,64,33,31
16785,libertador general bernardo o'higgins,6,colchagua,63,peralillo,6307,56,156,87,69,98,51,47,58,36,22
16786,libertador general bernardo o'higgins,6,colchagua,63,peralillo,6307,57,162,90,72,99,56,43,63,34,29
16787,libertador general bernardo o'higgins,6,colchagua,63,peralillo,6307,58,140,69,71,89,38,51,51,31,20
16788,libertador general bernardo o'higgins,6,colchagua,63,peralillo,6307,59,141,71,70,88,42,46,53,29,24
16789,libertador general bernardo o'higgins,6,colchagua,63,peralillo,6307,60,135,80,55,81,45,36,54,35,19
16790,libertador general bernardo o'higgins,6,colchagua,63,peralillo,6307,61,114,48,66,65,27,38,49,21,28
16791,libertador general bernardo o'higgins,6,colchagua,63,peralillo,6307,62,126,67,59,77,43,34,49,24,25
16792,libertador general bernardo o'higgins,6,colchagua,63,peralillo,6307,63,120,57,63,70,33,37,50,24,26
16793,libertador general bernardo o'higgins,6,colchagua,63,peralillo,6307,64,95,51,44,52,26,26,43,25,18
16794,libertador general bernardo o'higgins,6,colchagua,63,peralillo,6307,65,102,53,49,62,32,30,40,21,19
16795,libertador general bernardo o'higgins,6,colchagua,63,peralillo,6307,66,92,44,48,63,30,33,29,14,15
16796,libertador general bernardo o'higgins,6,colchagua,63,peralillo,6307,67,106,55,51,54,28,26,52,27,25
16797,libertador general bernardo o'higgins,6,colchagua,63,peralillo,6307,68,104,45,59,66,27,39,38,18,20
16798,libertador general bernardo o'higgins,6,colchagua,63,peralillo,6307,69,119,56,63,68,37,31,51,19,32
16799,libertador general bernardo o'higgins,6,colchagua,63,peralillo,6307,70,96,51,45,48,26,22,48,25,23
16800,libertador general bernardo o'higgins,6,colchagua,63,peralillo,6307,71,77,37,40,39,16,23,38,21,17
16801,libertador general bernardo o'higgins,6,colchagua,63,peralillo,6307,72,79,43,36,47,23,24,32,20,12
16802,libertador general bernardo o'higgins,6,colchagua,63,peralillo,6307,73,80,41,39,53,27,26,27,14,13
16803,libertador general bernardo o'higgins,6,colchagua,63,peralillo,6307,74,73,39,34,43,22,21,30,17,13
16804,libertador general bernardo o'higgins,6,colchagua,63,peralillo,6307,75,65,36,29,38,17,21,27,19,8
16805,libertador general bernardo o'higgins,6,colchagua,63,peralillo,6307,76,61,37,24,37,22,15,24,15,9
16806,libertador general bernardo o'higgins,6,colchagua,63,peralillo,6307,77,58,26,32,34,15,19,24,11,13
16807,libertador general bernardo o'higgins,6,colchagua,63,peralillo,6307,78,56,26,30,31,13,18,25,13,12
16808,libertador general bernardo o'higgins,6,colchagua,63,peralillo,6307,79,59,29,30,36,17,19,23,12,11
16809,libertador general bernardo o'higgins,6,colchagua,63,peralillo,6307,80,42,19,23,28,10,18,14,9,5
16810,libertador general bernardo o'higgins,6,colchagua,63,peralillo,6307,81,42,19,23,23,9,14,19,10,9
16811,libertador general bernardo o'higgins,6,colchagua,63,peralillo,6307,82,46,24,22,26,14,12,20,10,10
16812,libertador general bernardo o'higgins,6,colchagua,63,peralillo,6307,83,34,14,20,24,11,13,10,3,7
16813,libertador general bernardo o'higgins,6,colchagua,63,peralillo,6307,84,37,23,14,20,12,8,17,11,6
16814,libertador general bernardo o'higgins,6,colchagua,63,peralillo,6307,85,30,14,16,18,7,11,12,7,5
16815,libertador general bernardo o'higgins,6,colchagua,63,peralillo,6307,86,28,12,16,17,5,12,11,7,4
16816,libertador general bernardo o'higgins,6,colchagua,63,peralillo,6307,87,19,9,10,6,2,4,13,7,6
16817,libertador general bernardo o'higgins,6,colchagua,63,peralillo,6307,88,23,10,13,10,4,6,13,6,7
16818,libertador general bernardo o'higgins,6,colchagua,63,peralillo,6307,89,25,13,12,13,8,5,12,5,7
16819,libertador general bernardo o'higgins,6,colchagua,63,peralillo,6307,90,15,6,9,9,4,5,6,2,4
16820,libertador general bernardo o'higgins,6,colchagua,63,peralillo,6307,91,9,4,5,7,4,3,2,0,2
16821,libertador general bernardo o'higgins,6,colchagua,63,peralillo,6307,92,8,3,5,5,2,3,3,1,2
16822,libertador general bernardo o'higgins,6,colchagua,63,peralillo,6307,93,5,1,4,2,0,2,3,1,2
16823,libertador general bernardo o'higgins,6,colchagua,63,peralillo,6307,94,3,0,3,1,0,1,2,0,2
16824,libertador general bernardo o'higgins,6,colchagua,63,peralillo,6307,95,2,2,0,1,1,0,1,1,0
16825,libertador general bernardo o'higgins,6,colchagua,63,peralillo,6307,96,6,2,4,1,0,1,5,2,3
16826,libertador general bernardo o'higgins,6,colchagua,63,peralillo,6307,97,0,0,0,0,0,0,0,0,0
16827,libertador general bernardo o'higgins,6,colchagua,63,peralillo,6307,98,3,2,1,1,1,0,2,1,1
16828,libertador general bernardo o'higgins,6,colchagua,63,peralillo,6307,99,0,0,0,0,0,0,0,0,0
16829,libertador general bernardo o'higgins,6,colchagua,63,peralillo,6307,100 o más,5,1,4,4,1,3,1,0,1
16830,libertador general bernardo o'higgins,6,colchagua,63,placilla,6308,total comuna,8738,4432,4306,2375,1198,1177,6363,3234,3129
16831,libertador general bernardo o'higgins,6,colchagua,63,placilla,6308,0,112,58,54,29,17,12,83,41,42
16832,libertador general bernardo o'higgins,6,colchagua,63,placilla,6308,1,108,46,62,35,15,20,73,31,42
16833,libertador general bernardo o'higgins,6,colchagua,63,placilla,6308,2,100,56,44,31,16,15,69,40,29
16834,libertador general bernardo o'higgins,6,colchagua,63,placilla,6308,3,109,60,49,34,19,15,75,41,34
16835,libertador general bernardo o'higgins,6,colchagua,63,placilla,6308,4,100,46,54,19,8,11,81,38,43
16836,libertador general bernardo o'higgins,6,colchagua,63,placilla,6308,5,109,63,46,26,18,8,83,45,38
16837,libertador general bernardo o'higgins,6,colchagua,63,placilla,6308,6,111,58,53,25,15,10,86,43,43
16838,libertador general bernardo o'higgins,6,colchagua,63,placilla,6308,7,117,60,57,20,9,11,97,51,46
16839,libertador general bernardo o'higgins,6,colchagua,63,placilla,6308,8,113,63,50,31,16,15,82,47,35
16840,libertador general bernardo o'higgins,6,colchagua,63,placilla,6308,9,104,50,54,32,17,15,72,33,39
16841,libertador general bernardo o'higgins,6,colchagua,63,placilla,6308,10,101,57,44,26,15,11,75,42,33
16842,libertador general bernardo o'higgins,6,colchagua,63,placilla,6308,11,118,56,62,29,16,13,89,40,49
16843,libertador general bernardo o'higgins,6,colchagua,63,placilla,6308,12,111,55,56,27,16,11,84,39,45
16844,libertador general bernardo o'higgins,6,colchagua,63,placilla,6308,13,132,72,60,28,18,10,104,54,50
16845,libertador general bernardo o'higgins,6,colchagua,63,placilla,6308,14,128,74,54,28,19,9,100,55,45
16846,libertador general bernardo o'higgins,6,colchagua,63,placilla,6308,15,106,49,57,31,11,20,75,38,37
16847,libertador general bernardo o'higgins,6,colchagua,63,placilla,6308,16,140,72,68,27,16,11,113,56,57
16848,libertador general bernardo o'higgins,6,colchagua,63,placilla,6308,17,106,58,48,24,14,10,82,44,38
16849,libertador general bernardo o'higgins,6,colchagua,63,placilla,6308,18,99,51,48,28,12,16,71,39,32
16850,libertador general bernardo o'higgins,6,colchagua,63,placilla,6308,19,106,59,47,28,12,16,78,47,31
16851,libertador general bernardo o'higgins,6,colchagua,63,placilla,6308,20,108,47,61,34,13,21,74,34,40
16852,libertador general bernardo o'higgins,6,colchagua,63,placilla,6308,21,125,66,59,41,18,23,84,48,36
16853,libertador general bernardo o'higgins,6,colchagua,63,placilla,6308,22,115,58,57,40,21,19,75,37,38
16854,libertador general bernardo o'higgins,6,colchagua,63,placilla,6308,23,137,71,66,58,28,30,79,43,36
16855,libertador general bernardo o'higgins,6,colchagua,63,placilla,6308,24,101,49,52,30,12,18,71,37,34
16856,libertador general bernardo o'higgins,6,colchagua,63,placilla,6308,25,131,66,65,57,29,28,74,37,37
16857,libertador general bernardo o'higgins,6,colchagua,63,placilla,6308,26,131,75,56,34,18,16,97,57,40
16858,libertador general bernardo o'higgins,6,colchagua,63,placilla,6308,27,123,72,51,29,20,9,94,52,42
16859,libertador general bernardo o'higgins,6,colchagua,63,placilla,6308,28,113,60,53,34,25,9,79,35,44
16860,libertador general bernardo o'higgins,6,colchagua,63,placilla,6308,29,121,66,55,38,20,18,83,46,37
16861,libertador general bernardo o'higgins,6,colchagua,63,placilla,6308,30,117,51,66,40,19,21,77,32,45
16862,libertador general bernardo o'higgins,6,colchagua,63,placilla,6308,31,100,59,41,24,14,10,76,45,31
16863,libertador general bernardo o'higgins,6,colchagua,63,placilla,6308,32,96,49,47,25,11,14,71,38,33
16864,libertador general bernardo o'higgins,6,colchagua,63,placilla,6308,33,98,52,46,22,14,8,76,38,38
16865,libertador general bernardo o'higgins,6,colchagua,63,placilla,6308,34,119,50,69,36,17,19,83,33,50
16866,libertador general bernardo o'higgins,6,colchagua,63,placilla,6308,35,109,40,69,18,7,11,91,33,58
16867,libertador general bernardo o'higgins,6,colchagua,63,placilla,6308,36,117,58,59,29,16,13,88,42,46
16868,libertador general bernardo o'higgins,6,colchagua,63,placilla,6308,37,107,59,48,19,9,10,88,50,38
16869,libertador general bernardo o'higgins,6,colchagua,63,placilla,6308,38,103,47,56,23,9,14,80,38,42
16870,libertador general bernardo o'higgins,6,colchagua,63,placilla,6308,39,115,57,58,25,11,14,90,46,44
16871,libertador general bernardo o'higgins,6,colchagua,63,placilla,6308,40,121,67,54,33,19,14,88,48,40
16872,libertador general bernardo o'higgins,6,colchagua,63,placilla,6308,41,145,76,69,39,20,19,106,56,50
16873,libertador general bernardo o'higgins,6,colchagua,63,placilla,6308,42,115,59,56,35,16,19,80,43,37
16874,libertador general bernardo o'higgins,6,colchagua,63,placilla,6308,43,135,69,66,33,14,19,102,55,47
16875,libertador general bernardo o'higgins,6,colchagua,63,placilla,6308,44,131,65,66,24,14,10,107,51,56
16876,libertador general bernardo o'higgins,6,colchagua,63,placilla,6308,45,108,55,53,27,12,15,81,43,38
16877,libertador general bernardo o'higgins,6,colchagua,63,placilla,6308,46,125,57,68,32,13,19,93,44,49
16878,libertador general bernardo o'higgins,6,colchagua,63,placilla,6308,47,103,57,46,22,11,11,81,46,35
16879,libertador general bernardo o'higgins,6,colchagua,63,placilla,6308,48,132,70,62,35,15,20,97,55,42
16880,libertador general bernardo o'higgins,6,colchagua,63,placilla,6308,49,123,58,65,40,17,23,83,41,42
16881,libertador general bernardo o'higgins,6,colchagua,63,placilla,6308,50,154,82,72,36,19,17,118,63,55
16882,libertador general bernardo o'higgins,6,colchagua,63,placilla,6308,51,141,73,68,43,25,18,98,48,50
16883,libertador general bernardo o'higgins,6,colchagua,63,placilla,6308,52,133,65,68,50,25,25,83,40,43
16884,libertador general bernardo o'higgins,6,colchagua,63,placilla,6308,53,150,78,72,53,29,24,97,49,48
16885,libertador general bernardo o'higgins,6,colchagua,63,placilla,6308,54,136,67,69,36,15,21,100,52,48
16886,libertador general bernardo o'higgins,6,colchagua,63,placilla,6308,55,139,79,60,35,18,17,104,61,43
16887,libertador general bernardo o'higgins,6,colchagua,63,placilla,6308,56,125,61,64,36,20,16,89,41,48
16888,libertador general bernardo o'higgins,6,colchagua,63,placilla,6308,57,122,58,64,26,13,13,96,45,51
16889,libertador general bernardo o'higgins,6,colchagua,63,placilla,6308,58,123,64,59,33,18,15,90,46,44
16890,libertador general bernardo o'higgins,6,colchagua,63,placilla,6308,59,128,56,72,39,12,27,89,44,45
16891,libertador general bernardo o'higgins,6,colchagua,63,placilla,6308,60,89,46,43,20,9,11,69,37,32
16892,libertador general bernardo o'higgins,6,colchagua,63,placilla,6308,61,103,46,57,28,13,15,75,33,42
16893,libertador general bernardo o'higgins,6,colchagua,63,placilla,6308,62,84,45,39,27,19,8,57,26,31
16894,libertador general bernardo o'higgins,6,colchagua,63,placilla,6308,63,91,52,39,27,19,8,64,33,31
16895,libertador general bernardo o'higgins,6,colchagua,63,placilla,6308,64,98,41,57,26,10,16,72,31,41
16896,libertador general bernardo o'higgins,6,colchagua,63,placilla,6308,65,87,48,39,29,15,14,58,33,25
16897,libertador general bernardo o'higgins,6,colchagua,63,placilla,6308,66,80,51,29,26,20,6,54,31,23
16898,libertador general bernardo o'higgins,6,colchagua,63,placilla,6308,67,79,41,38,18,9,9,61,32,29
16899,libertador general bernardo o'higgins,6,colchagua,63,placilla,6308,68,71,38,33,19,9,10,52,29,23
16900,libertador general bernardo o'higgins,6,colchagua,63,placilla,6308,69,73,39,34,18,8,10,55,31,24
16901,libertador general bernardo o'higgins,6,colchagua,63,placilla,6308,70,57,27,30,16,8,8,41,19,22
16902,libertador general bernardo o'higgins,6,colchagua,63,placilla,6308,71,58,25,33,19,8,11,39,17,22
16903,libertador general bernardo o'higgins,6,colchagua,63,placilla,6308,72,65,28,37,18,7,11,47,21,26
16904,libertador general bernardo o'higgins,6,colchagua,63,placilla,6308,73,43,22,21,15,5,10,28,17,11
16905,libertador general bernardo o'higgins,6,colchagua,63,placilla,6308,74,58,22,36,16,6,10,42,16,26
16906,libertador general bernardo o'higgins,6,colchagua,63,placilla,6308,75,44,22,22,7,3,4,37,19,18
16907,libertador general bernardo o'higgins,6,colchagua,63,placilla,6308,76,46,20,26,15,4,11,31,16,15
16908,libertador general bernardo o'higgins,6,colchagua,63,placilla,6308,77,49,24,25,12,7,5,37,17,20
16909,libertador general bernardo o'higgins,6,colchagua,63,placilla,6308,78,37,20,17,10,3,7,27,17,10
16910,libertador general bernardo o'higgins,6,colchagua,63,placilla,6308,79,41,18,23,16,7,9,25,11,14
16911,libertador general bernardo o'higgins,6,colchagua,63,placilla,6308,80,29,13,16,10,4,6,19,9,10
16912,libertador general bernardo o'higgins,6,colchagua,63,placilla,6308,81,32,16,16,5,4,1,27,12,15
16913,libertador general bernardo o'higgins,6,colchagua,63,placilla,6308,82,27,15,12,9,7,2,18,8,10
16914,libertador general bernardo o'higgins,6,colchagua,63,placilla,6308,83,16,5,11,2,0,2,14,5,9
16915,libertador general bernardo o'higgins,6,colchagua,63,placilla,6308,84,26,10,16,4,1,3,22,9,13
16916,libertador general bernardo o'higgins,6,colchagua,63,placilla,6308,85,24,12,12,7,2,5,17,10,7
16917,libertador general bernardo o'higgins,6,colchagua,63,placilla,6308,86,30,13,17,9,4,5,21,9,12
16918,libertador general bernardo o'higgins,6,colchagua,63,placilla,6308,87,24,14,10,10,3,7,14,11,3
16919,libertador general bernardo o'higgins,6,colchagua,63,placilla,6308,88,10,3,7,0,0,0,10,3,7
16920,libertador general bernardo o'higgins,6,colchagua,63,placilla,6308,89,21,9,12,5,4,1,16,5,11
16921,libertador general bernardo o'higgins,6,colchagua,63,placilla,6308,90,6,3,3,1,1,0,5,2,3
16922,libertador general bernardo o'higgins,6,colchagua,63,placilla,6308,91,11,5,6,5,3,2,6,2,4
16923,libertador general bernardo o'higgins,6,colchagua,63,placilla,6308,92,5,1,4,0,0,0,5,1,4
16924,libertador general bernardo o'higgins,6,colchagua,63,placilla,6308,93,4,1,3,3,1,2,1,0,1
16925,libertador general bernardo o'higgins,6,colchagua,63,placilla,6308,94,4,1,3,2,0,2,2,1,1
16926,libertador general bernardo o'higgins,6,colchagua,63,placilla,6308,95,2,1,1,0,0,0,2,1,1
16927,libertador general bernardo o'higgins,6,colchagua,63,placilla,6308,96,3,0,3,0,0,0,3,0,3
16928,libertador general bernardo o'higgins,6,colchagua,63,placilla,6308,97,2,2,0,0,0,0,2,2,0
16929,libertador general bernardo o'higgins,6,colchagua,63,placilla,6308,98,1,0,1,0,0,0,1,0,1
16930,libertador general bernardo o'higgins,6,colchagua,63,placilla,6308,99,0,0,0,0,0,0,0,0,0
16931,libertador general bernardo o'higgins,6,colchagua,63,placilla,6308,100 o más,3,2,1,0,0,0,3,2,1
16932,libertador general bernardo o'higgins,6,colchagua,63,pumanque,6309,total comuna,3421,1751,1670,0,0,0,3421,1751,1670
16933,libertador general bernardo o'higgins,6,colchagua,63,pumanque,6309,0,29,15,14,0,0,0,29,15,14
16934,libertador general bernardo o'higgins,6,colchagua,63,pumanque,6309,1,35,24,11,0,0,0,35,24,11
16935,libertador general bernardo o'higgins,6,colchagua,63,pumanque,6309,2,32,24,8,0,0,0,32,24,8
16936,libertador general bernardo o'higgins,6,colchagua,63,pumanque,6309,3,25,12,13,0,0,0,25,12,13
16937,libertador general bernardo o'higgins,6,colchagua,63,pumanque,6309,4,34,19,15,0,0,0,34,19,15
16938,libertador general bernardo o'higgins,6,colchagua,63,pumanque,6309,5,29,12,17,0,0,0,29,12,17
16939,libertador general bernardo o'higgins,6,colchagua,63,pumanque,6309,6,42,19,23,0,0,0,42,19,23
16940,libertador general bernardo o'higgins,6,colchagua,63,pumanque,6309,7,40,22,18,0,0,0,40,22,18
16941,libertador general bernardo o'higgins,6,colchagua,63,pumanque,6309,8,32,16,16,0,0,0,32,16,16
16942,libertador general bernardo o'higgins,6,colchagua,63,pumanque,6309,9,30,20,10,0,0,0,30,20,10
16943,libertador general bernardo o'higgins,6,colchagua,63,pumanque,6309,10,37,17,20,0,0,0,37,17,20
16944,libertador general bernardo o'higgins,6,colchagua,63,pumanque,6309,11,35,19,16,0,0,0,35,19,16
16945,libertador general bernardo o'higgins,6,colchagua,63,pumanque,6309,12,33,18,15,0,0,0,33,18,15
16946,libertador general bernardo o'higgins,6,colchagua,63,pumanque,6309,13,23,10,13,0,0,0,23,10,13
16947,libertador general bernardo o'higgins,6,colchagua,63,pumanque,6309,14,31,16,15,0,0,0,31,16,15
16948,libertador general bernardo o'higgins,6,colchagua,63,pumanque,6309,15,42,16,26,0,0,0,42,16,26
16949,libertador general bernardo o'higgins,6,colchagua,63,pumanque,6309,16,51,26,25,0,0,0,51,26,25
16950,libertador general bernardo o'higgins,6,colchagua,63,pumanque,6309,17,47,22,25,0,0,0,47,22,25
16951,libertador general bernardo o'higgins,6,colchagua,63,pumanque,6309,18,37,15,22,0,0,0,37,15,22
16952,libertador general bernardo o'higgins,6,colchagua,63,pumanque,6309,19,28,11,17,0,0,0,28,11,17
16953,libertador general bernardo o'higgins,6,colchagua,63,pumanque,6309,20,27,16,11,0,0,0,27,16,11
16954,libertador general bernardo o'higgins,6,colchagua,63,pumanque,6309,21,47,26,21,0,0,0,47,26,21
16955,libertador general bernardo o'higgins,6,colchagua,63,pumanque,6309,22,38,19,19,0,0,0,38,19,19
16956,libertador general bernardo o'higgins,6,colchagua,63,pumanque,6309,23,48,30,18,0,0,0,48,30,18
16957,libertador general bernardo o'higgins,6,colchagua,63,pumanque,6309,24,41,22,19,0,0,0,41,22,19
16958,libertador general bernardo o'higgins,6,colchagua,63,pumanque,6309,25,51,25,26,0,0,0,51,25,26
16959,libertador general bernardo o'higgins,6,colchagua,63,pumanque,6309,26,54,25,29,0,0,0,54,25,29
16960,libertador general bernardo o'higgins,6,colchagua,63,pumanque,6309,27,43,24,19,0,0,0,43,24,19
16961,libertador general bernardo o'higgins,6,colchagua,63,pumanque,6309,28,43,24,19,0,0,0,43,24,19
16962,libertador general bernardo o'higgins,6,colchagua,63,pumanque,6309,29,53,24,29,0,0,0,53,24,29
16963,libertador general bernardo o'higgins,6,colchagua,63,pumanque,6309,30,45,17,28,0,0,0,45,17,28
16964,libertador general bernardo o'higgins,6,colchagua,63,pumanque,6309,31,40,22,18,0,0,0,40,22,18
16965,libertador general bernardo o'higgins,6,colchagua,63,pumanque,6309,32,41,27,14,0,0,0,41,27,14
16966,libertador general bernardo o'higgins,6,colchagua,63,pumanque,6309,33,43,23,20,0,0,0,43,23,20
16967,libertador general bernardo o'higgins,6,colchagua,63,pumanque,6309,34,42,25,17,0,0,0,42,25,17
16968,libertador general bernardo o'higgins,6,colchagua,63,pumanque,6309,35,29,15,14,0,0,0,29,15,14
16969,libertador general bernardo o'higgins,6,colchagua,63,pumanque,6309,36,41,25,16,0,0,0,41,25,16
16970,libertador general bernardo o'higgins,6,colchagua,63,pumanque,6309,37,42,22,20,0,0,0,42,22,20
16971,libertador general bernardo o'higgins,6,colchagua,63,pumanque,6309,38,40,20,20,0,0,0,40,20,20
16972,libertador general bernardo o'higgins,6,colchagua,63,pumanque,6309,39,52,25,27,0,0,0,52,25,27
16973,libertador general bernardo o'higgins,6,colchagua,63,pumanque,6309,40,45,21,24,0,0,0,45,21,24
16974,libertador general bernardo o'higgins,6,colchagua,63,pumanque,6309,41,40,21,19,0,0,0,40,21,19
16975,libertador general bernardo o'higgins,6,colchagua,63,pumanque,6309,42,56,27,29,0,0,0,56,27,29
16976,libertador general bernardo o'higgins,6,colchagua,63,pumanque,6309,43,44,23,21,0,0,0,44,23,21
16977,libertador general bernardo o'higgins,6,colchagua,63,pumanque,6309,44,40,24,16,0,0,0,40,24,16
16978,libertador general bernardo o'higgins,6,colchagua,63,pumanque,6309,45,46,27,19,0,0,0,46,27,19
16979,libertador general bernardo o'higgins,6,colchagua,63,pumanque,6309,46,46,23,23,0,0,0,46,23,23
16980,libertador general bernardo o'higgins,6,colchagua,63,pumanque,6309,47,43,28,15,0,0,0,43,28,15
16981,libertador general bernardo o'higgins,6,colchagua,63,pumanque,6309,48,52,25,27,0,0,0,52,25,27
16982,libertador general bernardo o'higgins,6,colchagua,63,pumanque,6309,49,54,27,27,0,0,0,54,27,27
16983,libertador general bernardo o'higgins,6,colchagua,63,pumanque,6309,50,45,30,15,0,0,0,45,30,15
16984,libertador general bernardo o'higgins,6,colchagua,63,pumanque,6309,51,46,23,23,0,0,0,46,23,23
16985,libertador general bernardo o'higgins,6,colchagua,63,pumanque,6309,52,57,25,32,0,0,0,57,25,32
16986,libertador general bernardo o'higgins,6,colchagua,63,pumanque,6309,53,57,37,20,0,0,0,57,37,20
16987,libertador general bernardo o'higgins,6,colchagua,63,pumanque,6309,54,68,38,30,0,0,0,68,38,30
16988,libertador general bernardo o'higgins,6,colchagua,63,pumanque,6309,55,52,18,34,0,0,0,52,18,34
16989,libertador general bernardo o'higgins,6,colchagua,63,pumanque,6309,56,41,19,22,0,0,0,41,19,22
16990,libertador general bernardo o'higgins,6,colchagua,63,pumanque,6309,57,48,27,21,0,0,0,48,27,21
16991,libertador general bernardo o'higgins,6,colchagua,63,pumanque,6309,58,54,30,24,0,0,0,54,30,24
16992,libertador general bernardo o'higgins,6,colchagua,63,pumanque,6309,59,56,33,23,0,0,0,56,33,23
16993,libertador general bernardo o'higgins,6,colchagua,63,pumanque,6309,60,46,18,28,0,0,0,46,18,28
16994,libertador general bernardo o'higgins,6,colchagua,63,pumanque,6309,61,40,22,18,0,0,0,40,22,18
16995,libertador general bernardo o'higgins,6,colchagua,63,pumanque,6309,62,44,25,19,0,0,0,44,25,19
16996,libertador general bernardo o'higgins,6,colchagua,63,pumanque,6309,63,54,19,35,0,0,0,54,19,35
16997,libertador general bernardo o'higgins,6,colchagua,63,pumanque,6309,64,46,21,25,0,0,0,46,21,25
16998,libertador general bernardo o'higgins,6,colchagua,63,pumanque,6309,65,38,23,15,0,0,0,38,23,15
16999,libertador general bernardo o'higgins,6,colchagua,63,pumanque,6309,66,40,18,22,0,0,0,40,18,22
17000,libertador general bernardo o'higgins,6,colchagua,63,pumanque,6309,67,44,26,18,0,0,0,44,26,18
17001,libertador general bernardo o'higgins,6,colchagua,63,pumanque,6309,68,39,22,17,0,0,0,39,22,17
17002,libertador general bernardo o'higgins,6,colchagua,63,pumanque,6309,69,40,18,22,0,0,0,40,18,22
17003,libertador general bernardo o'higgins,6,colchagua,63,pumanque,6309,70,30,15,15,0,0,0,30,15,15
17004,libertador general bernardo o'higgins,6,colchagua,63,pumanque,6309,71,38,18,20,0,0,0,38,18,20
17005,libertador general bernardo o'higgins,6,colchagua,63,pumanque,6309,72,37,13,24,0,0,0,37,13,24
17006,libertador general bernardo o'higgins,6,colchagua,63,pumanque,6309,73,32,14,18,0,0,0,32,14,18
17007,libertador general bernardo o'higgins,6,colchagua,63,pumanque,6309,74,28,15,13,0,0,0,28,15,13
17008,libertador general bernardo o'higgins,6,colchagua,63,pumanque,6309,75,23,10,13,0,0,0,23,10,13
17009,libertador general bernardo o'higgins,6,colchagua,63,pumanque,6309,76,26,11,15,0,0,0,26,11,15
17010,libertador general bernardo o'higgins,6,colchagua,63,pumanque,6309,77,27,14,13,0,0,0,27,14,13
17011,libertador general bernardo o'higgins,6,colchagua,63,pumanque,6309,78,23,10,13,0,0,0,23,10,13
17012,libertador general bernardo o'higgins,6,colchagua,63,pumanque,6309,79,17,11,6,0,0,0,17,11,6
17013,libertador general bernardo o'higgins,6,colchagua,63,pumanque,6309,80,17,6,11,0,0,0,17,6,11
17014,libertador general bernardo o'higgins,6,colchagua,63,pumanque,6309,81,19,12,7,0,0,0,19,12,7
17015,libertador general bernardo o'higgins,6,colchagua,63,pumanque,6309,82,15,3,12,0,0,0,15,3,12
17016,libertador general bernardo o'higgins,6,colchagua,63,pumanque,6309,83,15,5,10,0,0,0,15,5,10
17017,libertador general bernardo o'higgins,6,colchagua,63,pumanque,6309,84,14,9,5,0,0,0,14,9,5
17018,libertador general bernardo o'higgins,6,colchagua,63,pumanque,6309,85,17,8,9,0,0,0,17,8,9
17019,libertador general bernardo o'higgins,6,colchagua,63,pumanque,6309,86,10,5,5,0,0,0,10,5,5
17020,libertador general bernardo o'higgins,6,colchagua,63,pumanque,6309,87,11,5,6,0,0,0,11,5,6
17021,libertador general bernardo o'higgins,6,colchagua,63,pumanque,6309,88,12,3,9,0,0,0,12,3,9
17022,libertador general bernardo o'higgins,6,colchagua,63,pumanque,6309,89,8,5,3,0,0,0,8,5,3
17023,libertador general bernardo o'higgins,6,colchagua,63,pumanque,6309,90,2,1,1,0,0,0,2,1,1
17024,libertador general bernardo o'higgins,6,colchagua,63,pumanque,6309,91,6,3,3,0,0,0,6,3,3
17025,libertador general bernardo o'higgins,6,colchagua,63,pumanque,6309,92,2,2,0,0,0,0,2,2,0
17026,libertador general bernardo o'higgins,6,colchagua,63,pumanque,6309,93,4,0,4,0,0,0,4,0,4
17027,libertador general bernardo o'higgins,6,colchagua,63,pumanque,6309,94,4,1,3,0,0,0,4,1,3
17028,libertador general bernardo o'higgins,6,colchagua,63,pumanque,6309,95,3,2,1,0,0,0,3,2,1
17029,libertador general bernardo o'higgins,6,colchagua,63,pumanque,6309,96,2,1,1,0,0,0,2,1,1
17030,libertador general bernardo o'higgins,6,colchagua,63,pumanque,6309,97,1,1,0,0,0,0,1,1,0
17031,libertador general bernardo o'higgins,6,colchagua,63,pumanque,6309,98,2,0,2,0,0,0,2,0,2
17032,libertador general bernardo o'higgins,6,colchagua,63,pumanque,6309,99,2,0,2,0,0,0,2,0,2
17033,libertador general bernardo o'higgins,6,colchagua,63,pumanque,6309,100 o más,1,1,0,0,0,0,1,1,0
17034,libertador general bernardo o'higgins,6,colchagua,63,santa cruz,6310,total comuna,37855,18593,19262,22824,11024,11800,15031,7569,7462
17035,libertador general bernardo o'higgins,6,colchagua,63,santa cruz,6310,0,485,237,248,301,152,149,184,85,99
17036,libertador general bernardo o'higgins,6,colchagua,63,santa cruz,6310,1,454,246,208,282,157,125,172,89,83
17037,libertador general bernardo o'higgins,6,colchagua,63,santa cruz,6310,2,495,241,254,320,155,165,175,86,89
17038,libertador general bernardo o'higgins,6,colchagua,63,santa cruz,6310,3,485,239,246,295,143,152,190,96,94
17039,libertador general bernardo o'higgins,6,colchagua,63,santa cruz,6310,4,539,259,280,331,163,168,208,96,112
17040,libertador general bernardo o'higgins,6,colchagua,63,santa cruz,6310,5,504,271,233,315,175,140,189,96,93
17041,libertador general bernardo o'higgins,6,colchagua,63,santa cruz,6310,6,505,253,252,331,160,171,174,93,81
17042,libertador general bernardo o'higgins,6,colchagua,63,santa cruz,6310,7,520,268,252,328,173,155,192,95,97
17043,libertador general bernardo o'higgins,6,colchagua,63,santa cruz,6310,8,517,248,269,327,155,172,190,93,97
17044,libertador general bernardo o'higgins,6,colchagua,63,santa cruz,6310,9,511,267,244,309,164,145,202,103,99
17045,libertador general bernardo o'higgins,6,colchagua,63,santa cruz,6310,10,488,271,217,299,170,129,189,101,88
17046,libertador general bernardo o'higgins,6,colchagua,63,santa cruz,6310,11,483,240,243,294,138,156,189,102,87
17047,libertador general bernardo o'higgins,6,colchagua,63,santa cruz,6310,12,515,266,249,296,155,141,219,111,108
17048,libertador general bernardo o'higgins,6,colchagua,63,santa cruz,6310,13,479,225,254,274,129,145,205,96,109
17049,libertador general bernardo o'higgins,6,colchagua,63,santa cruz,6310,14,534,294,240,335,176,159,199,118,81
17050,libertador general bernardo o'higgins,6,colchagua,63,santa cruz,6310,15,523,249,274,336,162,174,187,87,100
17051,libertador general bernardo o'higgins,6,colchagua,63,santa cruz,6310,16,558,286,272,339,174,165,219,112,107
17052,libertador general bernardo o'higgins,6,colchagua,63,santa cruz,6310,17,563,297,266,361,192,169,202,105,97
17053,libertador general bernardo o'higgins,6,colchagua,63,santa cruz,6310,18,426,217,209,258,130,128,168,87,81
17054,libertador general bernardo o'higgins,6,colchagua,63,santa cruz,6310,19,396,184,212,230,105,125,166,79,87
17055,libertador general bernardo o'higgins,6,colchagua,63,santa cruz,6310,20,383,198,185,230,125,105,153,73,80
17056,libertador general bernardo o'higgins,6,colchagua,63,santa cruz,6310,21,405,193,212,250,120,130,155,73,82
17057,libertador general bernardo o'higgins,6,colchagua,63,santa cruz,6310,22,438,232,206,248,141,107,190,91,99
17058,libertador general bernardo o'higgins,6,colchagua,63,santa cruz,6310,23,463,235,228,292,154,138,171,81,90
17059,libertador general bernardo o'higgins,6,colchagua,63,santa cruz,6310,24,477,247,230,302,153,149,175,94,81
17060,libertador general bernardo o'higgins,6,colchagua,63,santa cruz,6310,25,497,244,253,290,148,142,207,96,111
17061,libertador general bernardo o'higgins,6,colchagua,63,santa cruz,6310,26,543,284,259,345,177,168,198,107,91
17062,libertador general bernardo o'higgins,6,colchagua,63,santa cruz,6310,27,577,293,284,371,192,179,206,101,105
17063,libertador general bernardo o'higgins,6,colchagua,63,santa cruz,6310,28,596,310,286,392,208,184,204,102,102
17064,libertador general bernardo o'higgins,6,colchagua,63,santa cruz,6310,29,579,264,315,374,172,202,205,92,113
17065,libertador general bernardo o'higgins,6,colchagua,63,santa cruz,6310,30,577,290,287,362,186,176,215,104,111
17066,libertador general bernardo o'higgins,6,colchagua,63,santa cruz,6310,31,546,261,285,346,165,181,200,96,104
17067,libertador general bernardo o'higgins,6,colchagua,63,santa cruz,6310,32,574,286,288,355,178,177,219,108,111
17068,libertador general bernardo o'higgins,6,colchagua,63,santa cruz,6310,33,493,225,268,314,153,161,179,72,107
17069,libertador general bernardo o'higgins,6,colchagua,63,santa cruz,6310,34,567,293,274,352,188,164,215,105,110
17070,libertador general bernardo o'higgins,6,colchagua,63,santa cruz,6310,35,575,291,284,371,185,186,204,106,98
17071,libertador general bernardo o'higgins,6,colchagua,63,santa cruz,6310,36,531,266,265,335,168,167,196,98,98
17072,libertador general bernardo o'higgins,6,colchagua,63,santa cruz,6310,37,586,275,311,370,171,199,216,104,112
17073,libertador general bernardo o'higgins,6,colchagua,63,santa cruz,6310,38,492,251,241,312,151,161,180,100,80
17074,libertador general bernardo o'higgins,6,colchagua,63,santa cruz,6310,39,505,236,269,300,123,177,205,113,92
17075,libertador general bernardo o'higgins,6,colchagua,63,santa cruz,6310,40,503,248,255,290,132,158,213,116,97
17076,libertador general bernardo o'higgins,6,colchagua,63,santa cruz,6310,41,547,259,288,346,163,183,201,96,105
17077,libertador general bernardo o'higgins,6,colchagua,63,santa cruz,6310,42,566,285,281,354,168,186,212,117,95
17078,libertador general bernardo o'higgins,6,colchagua,63,santa cruz,6310,43,569,270,299,327,154,173,242,116,126
17079,libertador general bernardo o'higgins,6,colchagua,63,santa cruz,6310,44,567,286,281,341,170,171,226,116,110
17080,libertador general bernardo o'higgins,6,colchagua,63,santa cruz,6310,45,559,283,276,335,163,172,224,120,104
17081,libertador general bernardo o'higgins,6,colchagua,63,santa cruz,6310,46,494,249,245,299,159,140,195,90,105
17082,libertador general bernardo o'higgins,6,colchagua,63,santa cruz,6310,47,535,248,287,297,133,164,238,115,123
17083,libertador general bernardo o'higgins,6,colchagua,63,santa cruz,6310,48,583,277,306,312,136,176,271,141,130
17084,libertador general bernardo o'higgins,6,colchagua,63,santa cruz,6310,49,595,291,304,340,173,167,255,118,137
17085,libertador general bernardo o'higgins,6,colchagua,63,santa cruz,6310,50,582,286,296,331,155,176,251,131,120
17086,libertador general bernardo o'higgins,6,colchagua,63,santa cruz,6310,51,560,276,284,336,164,172,224,112,112
17087,libertador general bernardo o'higgins,6,colchagua,63,santa cruz,6310,52,534,270,264,293,152,141,241,118,123
17088,libertador general bernardo o'higgins,6,colchagua,63,santa cruz,6310,53,539,266,273,323,157,166,216,109,107
17089,libertador general bernardo o'higgins,6,colchagua,63,santa cruz,6310,54,517,247,270,305,137,168,212,110,102
17090,libertador general bernardo o'higgins,6,colchagua,63,santa cruz,6310,55,494,249,245,297,129,168,197,120,77
17091,libertador general bernardo o'higgins,6,colchagua,63,santa cruz,6310,56,501,260,241,288,136,152,213,124,89
17092,libertador general bernardo o'higgins,6,colchagua,63,santa cruz,6310,57,478,230,248,285,130,155,193,100,93
17093,libertador general bernardo o'higgins,6,colchagua,63,santa cruz,6310,58,461,218,243,267,116,151,194,102,92
17094,libertador general bernardo o'higgins,6,colchagua,63,santa cruz,6310,59,454,226,228,269,131,138,185,95,90
17095,libertador general bernardo o'higgins,6,colchagua,63,santa cruz,6310,60,445,203,242,251,103,148,194,100,94
17096,libertador general bernardo o'higgins,6,colchagua,63,santa cruz,6310,61,415,210,205,243,118,125,172,92,80
17097,libertador general bernardo o'higgins,6,colchagua,63,santa cruz,6310,62,400,188,212,232,113,119,168,75,93
17098,libertador general bernardo o'higgins,6,colchagua,63,santa cruz,6310,63,375,187,188,231,111,120,144,76,68
17099,libertador general bernardo o'higgins,6,colchagua,63,santa cruz,6310,64,343,162,181,198,85,113,145,77,68
17100,libertador general bernardo o'higgins,6,colchagua,63,santa cruz,6310,65,333,168,165,188,83,105,145,85,60
17101,libertador general bernardo o'higgins,6,colchagua,63,santa cruz,6310,66,316,144,172,172,76,96,144,68,76
17102,libertador general bernardo o'higgins,6,colchagua,63,santa cruz,6310,67,316,155,161,178,81,97,138,74,64
17103,libertador general bernardo o'higgins,6,colchagua,63,santa cruz,6310,68,316,148,168,183,85,98,133,63,70
17104,libertador general bernardo o'higgins,6,colchagua,63,santa cruz,6310,69,305,152,153,179,80,99,126,72,54
17105,libertador general bernardo o'higgins,6,colchagua,63,santa cruz,6310,70,284,127,157,157,69,88,127,58,69
17106,libertador general bernardo o'higgins,6,colchagua,63,santa cruz,6310,71,252,111,141,135,51,84,117,60,57
17107,libertador general bernardo o'higgins,6,colchagua,63,santa cruz,6310,72,254,114,140,156,66,90,98,48,50
17108,libertador general bernardo o'higgins,6,colchagua,63,santa cruz,6310,73,200,90,110,112,44,68,88,46,42
17109,libertador general bernardo o'higgins,6,colchagua,63,santa cruz,6310,74,193,96,97,112,49,63,81,47,34
17110,libertador general bernardo o'higgins,6,colchagua,63,santa cruz,6310,75,206,95,111,109,47,62,97,48,49
17111,libertador general bernardo o'higgins,6,colchagua,63,santa cruz,6310,76,199,96,103,111,57,54,88,39,49
17112,libertador general bernardo o'higgins,6,colchagua,63,santa cruz,6310,77,179,77,102,96,41,55,83,36,47
17113,libertador general bernardo o'higgins,6,colchagua,63,santa cruz,6310,78,179,77,102,99,38,61,80,39,41
17114,libertador general bernardo o'higgins,6,colchagua,63,santa cruz,6310,79,137,64,73,84,37,47,53,27,26
17115,libertador general bernardo o'higgins,6,colchagua,63,santa cruz,6310,80,139,58,81,75,24,51,64,34,30
17116,libertador general bernardo o'higgins,6,colchagua,63,santa cruz,6310,81,133,60,73,83,37,46,50,23,27
17117,libertador general bernardo o'higgins,6,colchagua,63,santa cruz,6310,82,138,51,87,78,25,53,60,26,34
17118,libertador general bernardo o'higgins,6,colchagua,63,santa cruz,6310,83,104,47,57,58,26,32,46,21,25
17119,libertador general bernardo o'higgins,6,colchagua,63,santa cruz,6310,84,118,44,74,65,20,45,53,24,29
17120,libertador general bernardo o'higgins,6,colchagua,63,santa cruz,6310,85,100,49,51,61,24,37,39,25,14
17121,libertador general bernardo o'higgins,6,colchagua,63,santa cruz,6310,86,90,35,55,47,15,32,43,20,23
17122,libertador general bernardo o'higgins,6,colchagua,63,santa cruz,6310,87,68,23,45,45,14,31,23,9,14
17123,libertador general bernardo o'higgins,6,colchagua,63,santa cruz,6310,88,70,32,38,49,21,28,21,11,10
17124,libertador general bernardo o'higgins,6,colchagua,63,santa cruz,6310,89,51,21,30,32,12,20,19,9,10
17125,libertador general bernardo o'higgins,6,colchagua,63,santa cruz,6310,90,32,10,22,18,5,13,14,5,9
17126,libertador general bernardo o'higgins,6,colchagua,63,santa cruz,6310,91,28,6,22,17,3,14,11,3,8
17127,libertador general bernardo o'higgins,6,colchagua,63,santa cruz,6310,92,21,5,16,13,3,10,8,2,6
17128,libertador general bernardo o'higgins,6,colchagua,63,santa cruz,6310,93,17,7,10,12,4,8,5,3,2
17129,libertador general bernardo o'higgins,6,colchagua,63,santa cruz,6310,94,16,5,11,10,3,7,6,2,4
17130,libertador general bernardo o'higgins,6,colchagua,63,santa cruz,6310,95,10,2,8,4,1,3,6,1,5
17131,libertador general bernardo o'higgins,6,colchagua,63,santa cruz,6310,96,14,6,8,8,4,4,6,2,4
17132,libertador general bernardo o'higgins,6,colchagua,63,santa cruz,6310,97,4,1,3,3,1,2,1,0,1
17133,libertador general bernardo o'higgins,6,colchagua,63,santa cruz,6310,98,5,1,4,1,0,1,4,1,3
17134,libertador general bernardo o'higgins,6,colchagua,63,santa cruz,6310,99,6,1,5,4,0,4,2,1,1
17135,libertador general bernardo o'higgins,6,colchagua,63,santa cruz,6310,100 o más,22,9,13,8,4,4,14,5,9
17136,maule,7,talca,71,talca,7101,total comuna,220357,105622,114735,210916,100803,110113,9441,4819,4622
17137,maule,7,talca,71,talca,7101,0,2702,1380,1322,2580,1314,1266,122,66,56
17138,maule,7,talca,71,talca,7101,1,2826,1455,1371,2706,1388,1318,120,67,53
17139,maule,7,talca,71,talca,7101,2,2965,1510,1455,2836,1446,1390,129,64,65
17140,maule,7,talca,71,talca,7101,3,2771,1422,1349,2636,1352,1284,135,70,65
17141,maule,7,talca,71,talca,7101,4,2771,1407,1364,2621,1331,1290,150,76,74
17142,maule,7,talca,71,talca,7101,5,2770,1427,1343,2652,1361,1291,118,66,52
17143,maule,7,talca,71,talca,7101,6,2909,1446,1463,2759,1374,1385,150,72,78
17144,maule,7,talca,71,talca,7101,7,2862,1526,1336,2730,1458,1272,132,68,64
17145,maule,7,talca,71,talca,7101,8,2890,1482,1408,2734,1403,1331,156,79,77
17146,maule,7,talca,71,talca,7101,9,2808,1456,1352,2667,1371,1296,141,85,56
17147,maule,7,talca,71,talca,7101,10,2655,1382,1273,2520,1315,1205,135,67,68
17148,maule,7,talca,71,talca,7101,11,2828,1465,1363,2676,1387,1289,152,78,74
17149,maule,7,talca,71,talca,7101,12,2696,1384,1312,2576,1313,1263,120,71,49
17150,maule,7,talca,71,talca,7101,13,2869,1477,1392,2722,1403,1319,147,74,73
17151,maule,7,talca,71,talca,7101,14,2955,1530,1425,2816,1462,1354,139,68,71
17152,maule,7,talca,71,talca,7101,15,3039,1550,1489,2905,1472,1433,134,78,56
17153,maule,7,talca,71,talca,7101,16,3185,1635,1550,3039,1557,1482,146,78,68
17154,maule,7,talca,71,talca,7101,17,3250,1640,1610,3107,1567,1540,143,73,70
17155,maule,7,talca,71,talca,7101,18,3719,1857,1862,3588,1797,1791,131,60,71
17156,maule,7,talca,71,talca,7101,19,3908,1895,2013,3802,1846,1956,106,49,57
17157,maule,7,talca,71,talca,7101,20,4048,1885,2163,3927,1827,2100,121,58,63
17158,maule,7,talca,71,talca,7101,21,4074,1997,2077,3967,1945,2022,107,52,55
17159,maule,7,talca,71,talca,7101,22,4220,2058,2162,4108,2012,2096,112,46,66
17160,maule,7,talca,71,talca,7101,23,3962,1958,2004,3836,1903,1933,126,55,71
17161,maule,7,talca,71,talca,7101,24,3894,1967,1927,3762,1893,1869,132,74,58
17162,maule,7,talca,71,talca,7101,25,3967,1978,1989,3840,1905,1935,127,73,54
17163,maule,7,talca,71,talca,7101,26,3833,1917,1916,3720,1869,1851,113,48,65
17164,maule,7,talca,71,talca,7101,27,3794,1882,1912,3675,1830,1845,119,52,67
17165,maule,7,talca,71,talca,7101,28,3454,1697,1757,3365,1652,1713,89,45,44
17166,maule,7,talca,71,talca,7101,29,3228,1596,1632,3122,1548,1574,106,48,58
17167,maule,7,talca,71,talca,7101,30,3142,1602,1540,3046,1554,1492,96,48,48
17168,maule,7,talca,71,talca,7101,31,3060,1506,1554,2950,1455,1495,110,51,59
17169,maule,7,talca,71,talca,7101,32,2847,1412,1435,2747,1369,1378,100,43,57
17170,maule,7,talca,71,talca,7101,33,2813,1367,1446,2702,1307,1395,111,60,51
17171,maule,7,talca,71,talca,7101,34,2935,1421,1514,2826,1366,1460,109,55,54
17172,maule,7,talca,71,talca,7101,35,2930,1411,1519,2820,1348,1472,110,63,47
17173,maule,7,talca,71,talca,7101,36,2757,1354,1403,2638,1291,1347,119,63,56
17174,maule,7,talca,71,talca,7101,37,2671,1353,1318,2548,1292,1256,123,61,62
17175,maule,7,talca,71,talca,7101,38,2621,1257,1364,2484,1191,1293,137,66,71
17176,maule,7,talca,71,talca,7101,39,2655,1213,1442,2523,1148,1375,132,65,67
17177,maule,7,talca,71,talca,7101,40,2874,1367,1507,2731,1300,1431,143,67,76
17178,maule,7,talca,71,talca,7101,41,2915,1398,1517,2778,1322,1456,137,76,61
17179,maule,7,talca,71,talca,7101,42,2924,1350,1574,2784,1284,1500,140,66,74
17180,maule,7,talca,71,talca,7101,43,2924,1374,1550,2792,1316,1476,132,58,74
17181,maule,7,talca,71,talca,7101,44,2872,1392,1480,2722,1324,1398,150,68,82
17182,maule,7,talca,71,talca,7101,45,2921,1353,1568,2771,1281,1490,150,72,78
17183,maule,7,talca,71,talca,7101,46,2810,1332,1478,2664,1259,1405,146,73,73
17184,maule,7,talca,71,talca,7101,47,2599,1202,1397,2466,1137,1329,133,65,68
17185,maule,7,talca,71,talca,7101,48,2725,1260,1465,2589,1184,1405,136,76,60
17186,maule,7,talca,71,talca,7101,49,2871,1318,1553,2722,1235,1487,149,83,66
17187,maule,7,talca,71,talca,7101,50,3027,1383,1644,2870,1305,1565,157,78,79
17188,maule,7,talca,71,talca,7101,51,3002,1321,1681,2870,1259,1611,132,62,70
17189,maule,7,talca,71,talca,7101,52,2960,1348,1612,2818,1270,1548,142,78,64
17190,maule,7,talca,71,talca,7101,53,2897,1354,1543,2758,1280,1478,139,74,65
17191,maule,7,talca,71,talca,7101,54,2973,1384,1589,2825,1308,1517,148,76,72
17192,maule,7,talca,71,talca,7101,55,2782,1245,1537,2656,1185,1471,126,60,66
17193,maule,7,talca,71,talca,7101,56,2762,1238,1524,2626,1164,1462,136,74,62
17194,maule,7,talca,71,talca,7101,57,2619,1214,1405,2507,1149,1358,112,65,47
17195,maule,7,talca,71,talca,7101,58,2499,1154,1345,2380,1092,1288,119,62,57
17196,maule,7,talca,71,talca,7101,59,2547,1174,1373,2432,1115,1317,115,59,56
17197,maule,7,talca,71,talca,7101,60,2484,1160,1324,2348,1089,1259,136,71,65
17198,maule,7,talca,71,talca,7101,61,2299,1056,1243,2209,998,1211,90,58,32
17199,maule,7,talca,71,talca,7101,62,2104,933,1171,2019,890,1129,85,43,42
17200,maule,7,talca,71,talca,7101,63,2263,1015,1248,2168,973,1195,95,42,53
17201,maule,7,talca,71,talca,7101,64,2099,972,1127,1994,915,1079,105,57,48
17202,maule,7,talca,71,talca,7101,65,1992,934,1058,1908,888,1020,84,46,38
17203,maule,7,talca,71,talca,7101,66,1840,853,987,1762,811,951,78,42,36
17204,maule,7,talca,71,talca,7101,67,1789,793,996,1709,752,957,80,41,39
17205,maule,7,talca,71,talca,7101,68,1656,707,949,1586,673,913,70,34,36
17206,maule,7,talca,71,talca,7101,69,1631,764,867,1570,725,845,61,39,22
17207,maule,7,talca,71,talca,7101,70,1555,663,892,1477,625,852,78,38,40
17208,maule,7,talca,71,talca,7101,71,1466,642,824,1381,592,789,85,50,35
17209,maule,7,talca,71,talca,7101,72,1417,633,784,1370,605,765,47,28,19
17210,maule,7,talca,71,talca,7101,73,1269,542,727,1205,505,700,64,37,27
17211,maule,7,talca,71,talca,7101,74,1235,543,692,1161,510,651,74,33,41
17212,maule,7,talca,71,talca,7101,75,1085,498,587,1027,465,562,58,33,25
17213,maule,7,talca,71,talca,7101,76,1036,451,585,986,422,564,50,29,21
17214,maule,7,talca,71,talca,7101,77,960,408,552,925,388,537,35,20,15
17215,maule,7,talca,71,talca,7101,78,801,349,452,761,323,438,40,26,14
17216,maule,7,talca,71,talca,7101,79,745,312,433,714,297,417,31,15,16
17217,maule,7,talca,71,talca,7101,80,707,270,437,679,255,424,28,15,13
17218,maule,7,talca,71,talca,7101,81,664,276,388,631,262,369,33,14,19
17219,maule,7,talca,71,talca,7101,82,583,228,355,559,214,345,24,14,10
17220,maule,7,talca,71,talca,7101,83,549,219,330,522,207,315,27,12,15
17221,maule,7,talca,71,talca,7101,84,516,186,330,494,173,321,22,13,9
17222,maule,7,talca,71,talca,7101,85,464,170,294,441,162,279,23,8,15
17223,maule,7,talca,71,talca,7101,86,434,159,275,417,153,264,17,6,11
17224,maule,7,talca,71,talca,7101,87,381,136,245,369,133,236,12,3,9
17225,maule,7,talca,71,talca,7101,88,336,101,235,323,95,228,13,6,7
17226,maule,7,talca,71,talca,7101,89,260,79,181,251,77,174,9,2,7
17227,maule,7,talca,71,talca,7101,90,207,63,144,202,60,142,5,3,2
17228,maule,7,talca,71,talca,7101,91,174,45,129,169,44,125,5,1,4
17229,maule,7,talca,71,talca,7101,92,139,37,102,136,35,101,3,2,1
17230,maule,7,talca,71,talca,7101,93,103,33,70,97,30,67,6,3,3
17231,maule,7,talca,71,talca,7101,94,70,19,51,66,18,48,4,1,3
17232,maule,7,talca,71,talca,7101,95,70,18,52,66,15,51,4,3,1
17233,maule,7,talca,71,talca,7101,96,49,13,36,47,13,34,2,0,2
17234,maule,7,talca,71,talca,7101,97,37,6,31,37,6,31,0,0,0
17235,maule,7,talca,71,talca,7101,98,12,2,10,12,2,10,0,0,0
17236,maule,7,talca,71,talca,7101,99,17,2,15,17,2,15,0,0,0
17237,maule,7,talca,71,talca,7101,100 o más,73,14,59,62,10,52,11,4,7
17238,maule,7,talca,71,constitución,7102,total comuna,46068,23005,23063,37273,18382,18891,8795,4623,4172
17239,maule,7,talca,71,constitución,7102,0,604,296,308,481,236,245,123,60,63
17240,maule,7,talca,71,constitución,7102,1,668,381,287,561,315,246,107,66,41
17241,maule,7,talca,71,constitución,7102,2,715,358,357,596,298,298,119,60,59
17242,maule,7,talca,71,constitución,7102,3,721,365,356,600,304,296,121,61,60
17243,maule,7,talca,71,constitución,7102,4,680,355,325,540,281,259,140,74,66
17244,maule,7,talca,71,constitución,7102,5,670,335,335,546,267,279,124,68,56
17245,maule,7,talca,71,constitución,7102,6,701,388,313,557,309,248,144,79,65
17246,maule,7,talca,71,constitución,7102,7,632,313,319,514,254,260,118,59,59
17247,maule,7,talca,71,constitución,7102,8,717,355,362,574,289,285,143,66,77
17248,maule,7,talca,71,constitución,7102,9,640,323,317,524,270,254,116,53,63
17249,maule,7,talca,71,constitución,7102,10,701,359,342,564,291,273,137,68,69
17250,maule,7,talca,71,constitución,7102,11,670,344,326,542,286,256,128,58,70
17251,maule,7,talca,71,constitución,7102,12,645,328,317,513,262,251,132,66,66
17252,maule,7,talca,71,constitución,7102,13,657,325,332,534,269,265,123,56,67
17253,maule,7,talca,71,constitución,7102,14,745,355,390,619,284,335,126,71,55
17254,maule,7,talca,71,constitución,7102,15,679,359,320,569,303,266,110,56,54
17255,maule,7,talca,71,constitución,7102,16,755,391,364,600,296,304,155,95,60
17256,maule,7,talca,71,constitución,7102,17,689,370,319,545,299,246,144,71,73
17257,maule,7,talca,71,constitución,7102,18,538,259,279,421,199,222,117,60,57
17258,maule,7,talca,71,constitución,7102,19,517,259,258,422,213,209,95,46,49
17259,maule,7,talca,71,constitución,7102,20,494,225,269,401,182,219,93,43,50
17260,maule,7,talca,71,constitución,7102,21,574,299,275,465,236,229,109,63,46
17261,maule,7,talca,71,constitución,7102,22,597,315,282,482,253,229,115,62,53
17262,maule,7,talca,71,constitución,7102,23,626,288,338,512,234,278,114,54,60
17263,maule,7,talca,71,constitución,7102,24,719,356,363,608,308,300,111,48,63
17264,maule,7,talca,71,constitución,7102,25,731,381,350,590,307,283,141,74,67
17265,maule,7,talca,71,constitución,7102,26,739,350,389,614,290,324,125,60,65
17266,maule,7,talca,71,constitución,7102,27,764,388,376,636,318,318,128,70,58
17267,maule,7,talca,71,constitución,7102,28,800,384,416,659,321,338,141,63,78
17268,maule,7,talca,71,constitución,7102,29,690,341,349,596,292,304,94,49,45
17269,maule,7,talca,71,constitución,7102,30,656,321,335,532,260,272,124,61,63
17270,maule,7,talca,71,constitución,7102,31,656,329,327,541,274,267,115,55,60
17271,maule,7,talca,71,constitución,7102,32,641,322,319,521,258,263,120,64,56
17272,maule,7,talca,71,constitución,7102,33,553,257,296,439,199,240,114,58,56
17273,maule,7,talca,71,constitución,7102,34,619,296,323,499,239,260,120,57,63
17274,maule,7,talca,71,constitución,7102,35,734,342,392,614,285,329,120,57,63
17275,maule,7,talca,71,constitución,7102,36,645,319,326,506,251,255,139,68,71
17276,maule,7,talca,71,constitución,7102,37,620,294,326,509,238,271,111,56,55
17277,maule,7,talca,71,constitución,7102,38,616,328,288,504,271,233,112,57,55
17278,maule,7,talca,71,constitución,7102,39,624,328,296,489,246,243,135,82,53
17279,maule,7,talca,71,constitución,7102,40,659,332,327,535,261,274,124,71,53
17280,maule,7,talca,71,constitución,7102,41,686,350,336,556,278,278,130,72,58
17281,maule,7,talca,71,constitución,7102,42,686,334,352,546,258,288,140,76,64
17282,maule,7,talca,71,constitución,7102,43,696,360,336,567,297,270,129,63,66
17283,maule,7,talca,71,constitución,7102,44,670,326,344,545,255,290,125,71,54
17284,maule,7,talca,71,constitución,7102,45,640,320,320,505,252,253,135,68,67
17285,maule,7,talca,71,constitución,7102,46,630,306,324,490,237,253,140,69,71
17286,maule,7,talca,71,constitución,7102,47,615,298,317,504,242,262,111,56,55
17287,maule,7,talca,71,constitución,7102,48,600,302,298,495,247,248,105,55,50
17288,maule,7,talca,71,constitución,7102,49,646,332,314,532,262,270,114,70,44
17289,maule,7,talca,71,constitución,7102,50,664,329,335,542,255,287,122,74,48
17290,maule,7,talca,71,constitución,7102,51,709,342,367,590,275,315,119,67,52
17291,maule,7,talca,71,constitución,7102,52,652,324,328,536,260,276,116,64,52
17292,maule,7,talca,71,constitución,7102,53,643,319,324,505,248,257,138,71,67
17293,maule,7,talca,71,constitución,7102,54,609,303,306,486,233,253,123,70,53
17294,maule,7,talca,71,constitución,7102,55,632,304,328,521,249,272,111,55,56
17295,maule,7,talca,71,constitución,7102,56,565,293,272,451,232,219,114,61,53
17296,maule,7,talca,71,constitución,7102,57,557,280,277,447,220,227,110,60,50
17297,maule,7,talca,71,constitución,7102,58,557,274,283,453,217,236,104,57,47
17298,maule,7,talca,71,constitución,7102,59,518,269,249,404,208,196,114,61,53
17299,maule,7,talca,71,constitución,7102,60,479,227,252,383,180,203,96,47,49
17300,maule,7,talca,71,constitución,7102,61,517,245,272,417,190,227,100,55,45
17301,maule,7,talca,71,constitución,7102,62,481,236,245,377,178,199,104,58,46
17302,maule,7,talca,71,constitución,7102,63,418,217,201,316,155,161,102,62,40
17303,maule,7,talca,71,constitución,7102,64,433,230,203,336,164,172,97,66,31
17304,maule,7,talca,71,constitución,7102,65,394,204,190,311,158,153,83,46,37
17305,maule,7,talca,71,constitución,7102,66,389,202,187,296,148,148,93,54,39
17306,maule,7,talca,71,constitución,7102,67,331,188,143,260,150,110,71,38,33
17307,maule,7,talca,71,constitución,7102,68,326,169,157,265,131,134,61,38,23
17308,maule,7,talca,71,constitución,7102,69,279,150,129,215,109,106,64,41,23
17309,maule,7,talca,71,constitución,7102,70,278,153,125,205,110,95,73,43,30
17310,maule,7,talca,71,constitución,7102,71,267,138,129,218,106,112,49,32,17
17311,maule,7,talca,71,constitución,7102,72,254,123,131,206,100,106,48,23,25
17312,maule,7,talca,71,constitución,7102,73,222,118,104,180,95,85,42,23,19
17313,maule,7,talca,71,constitución,7102,74,186,91,95,151,74,77,35,17,18
17314,maule,7,talca,71,constitución,7102,75,208,95,113,167,71,96,41,24,17
17315,maule,7,talca,71,constitución,7102,76,159,72,87,131,56,75,28,16,12
17316,maule,7,talca,71,constitución,7102,77,170,68,102,130,49,81,40,19,21
17317,maule,7,talca,71,constitución,7102,78,140,57,83,111,46,65,29,11,18
17318,maule,7,talca,71,constitución,7102,79,137,61,76,112,49,63,25,12,13
17319,maule,7,talca,71,constitución,7102,80,130,60,70,92,44,48,38,16,22
17320,maule,7,talca,71,constitución,7102,81,112,42,70,82,28,54,30,14,16
17321,maule,7,talca,71,constitución,7102,82,84,32,52,70,25,45,14,7,7
17322,maule,7,talca,71,constitución,7102,83,87,36,51,77,27,50,10,9,1
17323,maule,7,talca,71,constitución,7102,84,68,36,32,50,26,24,18,10,8
17324,maule,7,talca,71,constitución,7102,85,68,33,35,58,28,30,10,5,5
17325,maule,7,talca,71,constitución,7102,86,84,33,51,66,27,39,18,6,12
17326,maule,7,talca,71,constitución,7102,87,59,19,40,52,13,39,7,6,1
17327,maule,7,talca,71,constitución,7102,88,48,17,31,36,10,26,12,7,5
17328,maule,7,talca,71,constitución,7102,89,38,12,26,28,10,18,10,2,8
17329,maule,7,talca,71,constitución,7102,90,24,15,9,18,10,8,6,5,1
17330,maule,7,talca,71,constitución,7102,91,25,4,21,22,3,19,3,1,2
17331,maule,7,talca,71,constitución,7102,92,20,8,12,19,8,11,1,0,1
17332,maule,7,talca,71,constitución,7102,93,13,9,4,10,6,4,3,3,0
17333,maule,7,talca,71,constitución,7102,94,14,7,7,14,7,7,0,0,0
17334,maule,7,talca,71,constitución,7102,95,7,2,5,6,2,4,1,0,1
17335,maule,7,talca,71,constitución,7102,96,13,4,9,10,4,6,3,0,3
17336,maule,7,talca,71,constitución,7102,97,7,4,3,6,3,3,1,1,0
17337,maule,7,talca,71,constitución,7102,98,6,3,3,5,2,3,1,1,0
17338,maule,7,talca,71,constitución,7102,99,5,2,3,4,2,2,1,0,1
17339,maule,7,talca,71,constitución,7102,100 o más,12,5,7,12,5,7,0,0,0
17340,maule,7,talca,71,curepto,7103,total comuna,9448,4852,4596,3389,1640,1749,6059,3212,2847
17341,maule,7,talca,71,curepto,7103,0,72,32,40,29,12,17,43,20,23
17342,maule,7,talca,71,curepto,7103,1,94,45,49,37,19,18,57,26,31
17343,maule,7,talca,71,curepto,7103,2,84,43,41,35,19,16,49,24,25
17344,maule,7,talca,71,curepto,7103,3,90,43,47,42,21,21,48,22,26
17345,maule,7,talca,71,curepto,7103,4,83,45,38,42,24,18,41,21,20
17346,maule,7,talca,71,curepto,7103,5,93,49,44,40,24,16,53,25,28
17347,maule,7,talca,71,curepto,7103,6,106,53,53,50,24,26,56,29,27
17348,maule,7,talca,71,curepto,7103,7,107,55,52,49,30,19,58,25,33
17349,maule,7,talca,71,curepto,7103,8,103,49,54,45,21,24,58,28,30
17350,maule,7,talca,71,curepto,7103,9,102,53,49,49,29,20,53,24,29
17351,maule,7,talca,71,curepto,7103,10,115,60,55,45,29,16,70,31,39
17352,maule,7,talca,71,curepto,7103,11,110,59,51,50,24,26,60,35,25
17353,maule,7,talca,71,curepto,7103,12,86,55,31,35,22,13,51,33,18
17354,maule,7,talca,71,curepto,7103,13,113,65,48,49,29,20,64,36,28
17355,maule,7,talca,71,curepto,7103,14,100,58,42,42,25,17,58,33,25
17356,maule,7,talca,71,curepto,7103,15,122,71,51,63,28,35,59,43,16
17357,maule,7,talca,71,curepto,7103,16,125,60,65,45,23,22,80,37,43
17358,maule,7,talca,71,curepto,7103,17,117,68,49,47,26,21,70,42,28
17359,maule,7,talca,71,curepto,7103,18,106,58,48,45,28,17,61,30,31
17360,maule,7,talca,71,curepto,7103,19,94,57,37,45,27,18,49,30,19
17361,maule,7,talca,71,curepto,7103,20,95,44,51,43,20,23,52,24,28
17362,maule,7,talca,71,curepto,7103,21,88,42,46,33,10,23,55,32,23
17363,maule,7,talca,71,curepto,7103,22,92,51,41,29,17,12,63,34,29
17364,maule,7,talca,71,curepto,7103,23,109,65,44,47,25,22,62,40,22
17365,maule,7,talca,71,curepto,7103,24,95,40,55,39,16,23,56,24,32
17366,maule,7,talca,71,curepto,7103,25,118,55,63,57,22,35,61,33,28
17367,maule,7,talca,71,curepto,7103,26,89,37,52,36,17,19,53,20,33
17368,maule,7,talca,71,curepto,7103,27,104,51,53,52,22,30,52,29,23
17369,maule,7,talca,71,curepto,7103,28,112,60,52,52,26,26,60,34,26
17370,maule,7,talca,71,curepto,7103,29,106,50,56,51,23,28,55,27,28
17371,maule,7,talca,71,curepto,7103,30,94,49,45,47,24,23,47,25,22
17372,maule,7,talca,71,curepto,7103,31,101,54,47,44,21,23,57,33,24
17373,maule,7,talca,71,curepto,7103,32,113,52,61,46,18,28,67,34,33
17374,maule,7,talca,71,curepto,7103,33,100,57,43,38,21,17,62,36,26
17375,maule,7,talca,71,curepto,7103,34,92,50,42,39,20,19,53,30,23
17376,maule,7,talca,71,curepto,7103,35,108,46,62,43,16,27,65,30,35
17377,maule,7,talca,71,curepto,7103,36,99,42,57,42,16,26,57,26,31
17378,maule,7,talca,71,curepto,7103,37,106,45,61,43,19,24,63,26,37
17379,maule,7,talca,71,curepto,7103,38,113,61,52,37,21,16,76,40,36
17380,maule,7,talca,71,curepto,7103,39,120,56,64,42,16,26,78,40,38
17381,maule,7,talca,71,curepto,7103,40,129,70,59,48,25,23,81,45,36
17382,maule,7,talca,71,curepto,7103,41,132,62,70,58,24,34,74,38,36
17383,maule,7,talca,71,curepto,7103,42,137,77,60,37,20,17,100,57,43
17384,maule,7,talca,71,curepto,7103,43,109,55,54,32,12,20,77,43,34
17385,maule,7,talca,71,curepto,7103,44,139,67,72,57,27,30,82,40,42
17386,maule,7,talca,71,curepto,7103,45,123,65,58,39,16,23,84,49,35
17387,maule,7,talca,71,curepto,7103,46,129,72,57,43,20,23,86,52,34
17388,maule,7,talca,71,curepto,7103,47,129,76,53,49,27,22,80,49,31
17389,maule,7,talca,71,curepto,7103,48,139,77,62,42,20,22,97,57,40
17390,maule,7,talca,71,curepto,7103,49,137,80,57,37,18,19,100,62,38
17391,maule,7,talca,71,curepto,7103,50,148,80,68,48,22,26,100,58,42
17392,maule,7,talca,71,curepto,7103,51,155,77,78,44,18,26,111,59,52
17393,maule,7,talca,71,curepto,7103,52,135,68,67,47,23,24,88,45,43
17394,maule,7,talca,71,curepto,7103,53,145,81,64,53,25,28,92,56,36
17395,maule,7,talca,71,curepto,7103,54,140,76,64,50,28,22,90,48,42
17396,maule,7,talca,71,curepto,7103,55,130,65,65,35,14,21,95,51,44
17397,maule,7,talca,71,curepto,7103,56,160,88,72,53,28,25,107,60,47
17398,maule,7,talca,71,curepto,7103,57,159,86,73,45,22,23,114,64,50
17399,maule,7,talca,71,curepto,7103,58,154,79,75,46,22,24,108,57,51
17400,maule,7,talca,71,curepto,7103,59,123,63,60,42,22,20,81,41,40
17401,maule,7,talca,71,curepto,7103,60,143,73,70,47,26,21,96,47,49
17402,maule,7,talca,71,curepto,7103,61,139,82,57,49,27,22,90,55,35
17403,maule,7,talca,71,curepto,7103,62,147,91,56,43,28,15,104,63,41
17404,maule,7,talca,71,curepto,7103,63,136,59,77,39,14,25,97,45,52
17405,maule,7,talca,71,curepto,7103,64,121,70,51,36,19,17,85,51,34
17406,maule,7,talca,71,curepto,7103,65,111,45,66,31,8,23,80,37,43
17407,maule,7,talca,71,curepto,7103,66,118,64,54,36,16,20,82,48,34
17408,maule,7,talca,71,curepto,7103,67,115,63,52,34,18,16,81,45,36
17409,maule,7,talca,71,curepto,7103,68,104,52,52,42,19,23,62,33,29
17410,maule,7,talca,71,curepto,7103,69,88,44,44,23,9,14,65,35,30
17411,maule,7,talca,71,curepto,7103,70,99,50,49,29,17,12,70,33,37
17412,maule,7,talca,71,curepto,7103,71,98,56,42,25,14,11,73,42,31
17413,maule,7,talca,71,curepto,7103,72,75,36,39,20,8,12,55,28,27
17414,maule,7,talca,71,curepto,7103,73,78,49,29,25,16,9,53,33,20
17415,maule,7,talca,71,curepto,7103,74,82,43,39,21,10,11,61,33,28
17416,maule,7,talca,71,curepto,7103,75,90,41,49,22,6,16,68,35,33
17417,maule,7,talca,71,curepto,7103,76,96,42,54,27,8,19,69,34,35
17418,maule,7,talca,71,curepto,7103,77,76,32,44,15,7,8,61,25,36
17419,maule,7,talca,71,curepto,7103,78,88,36,52,25,9,16,63,27,36
17420,maule,7,talca,71,curepto,7103,79,78,41,37,16,4,12,62,37,25
17421,maule,7,talca,71,curepto,7103,80,65,32,33,12,5,7,53,27,26
17422,maule,7,talca,71,curepto,7103,81,54,28,26,11,7,4,43,21,22
17423,maule,7,talca,71,curepto,7103,82,63,27,36,15,7,8,48,20,28
17424,maule,7,talca,71,curepto,7103,83,49,18,31,17,6,11,32,12,20
17425,maule,7,talca,71,curepto,7103,84,55,21,34,9,4,5,46,17,29
17426,maule,7,talca,71,curepto,7103,85,37,19,18,11,4,7,26,15,11
17427,maule,7,talca,71,curepto,7103,86,46,23,23,7,3,4,39,20,19
17428,maule,7,talca,71,curepto,7103,87,27,10,17,7,2,5,20,8,12
17429,maule,7,talca,71,curepto,7103,88,32,14,18,9,2,7,23,12,11
17430,maule,7,talca,71,curepto,7103,89,19,9,10,4,2,2,15,7,8
17431,maule,7,talca,71,curepto,7103,90,21,9,12,5,2,3,16,7,9
17432,maule,7,talca,71,curepto,7103,91,22,8,14,9,3,6,13,5,8
17433,maule,7,talca,71,curepto,7103,92,15,5,10,6,0,6,9,5,4
17434,maule,7,talca,71,curepto,7103,93,6,1,5,4,1,3,2,0,2
17435,maule,7,talca,71,curepto,7103,94,8,2,6,2,0,2,6,2,4
17436,maule,7,talca,71,curepto,7103,95,5,2,3,2,1,1,3,1,2
17437,maule,7,talca,71,curepto,7103,96,5,2,3,1,0,1,4,2,2
17438,maule,7,talca,71,curepto,7103,97,3,1,2,3,1,2,0,0,0
17439,maule,7,talca,71,curepto,7103,98,2,0,2,1,0,1,1,0,1
17440,maule,7,talca,71,curepto,7103,99,2,1,1,0,0,0,2,1,1
17441,maule,7,talca,71,curepto,7103,100 o más,2,2,0,0,0,0,2,2,0
17442,maule,7,talca,71,empedrado,7104,total comuna,4142,2199,1943,3008,1585,1423,1134,614,520
17443,maule,7,talca,71,empedrado,7104,0,38,23,15,32,20,12,6,3,3
17444,maule,7,talca,71,empedrado,7104,1,57,35,22,40,24,16,17,11,6
17445,maule,7,talca,71,empedrado,7104,2,57,31,26,48,27,21,9,4,5
17446,maule,7,talca,71,empedrado,7104,3,39,18,21,27,12,15,12,6,6
17447,maule,7,talca,71,empedrado,7104,4,53,29,24,44,25,19,9,4,5
17448,maule,7,talca,71,empedrado,7104,5,60,32,28,49,29,20,11,3,8
17449,maule,7,talca,71,empedrado,7104,6,68,43,25,54,34,20,14,9,5
17450,maule,7,talca,71,empedrado,7104,7,58,22,36,46,18,28,12,4,8
17451,maule,7,talca,71,empedrado,7104,8,58,30,28,44,24,20,14,6,8
17452,maule,7,talca,71,empedrado,7104,9,59,30,29,47,25,22,12,5,7
17453,maule,7,talca,71,empedrado,7104,10,58,35,23,34,17,17,24,18,6
17454,maule,7,talca,71,empedrado,7104,11,55,30,25,42,21,21,13,9,4
17455,maule,7,talca,71,empedrado,7104,12,50,22,28,36,13,23,14,9,5
17456,maule,7,talca,71,empedrado,7104,13,67,38,29,53,30,23,14,8,6
17457,maule,7,talca,71,empedrado,7104,14,56,24,32,46,19,27,10,5,5
17458,maule,7,talca,71,empedrado,7104,15,61,28,33,43,20,23,18,8,10
17459,maule,7,talca,71,empedrado,7104,16,57,30,27,42,20,22,15,10,5
17460,maule,7,talca,71,empedrado,7104,17,54,32,22,45,26,19,9,6,3
17461,maule,7,talca,71,empedrado,7104,18,46,23,23,35,18,17,11,5,6
17462,maule,7,talca,71,empedrado,7104,19,44,27,17,34,19,15,10,8,2
17463,maule,7,talca,71,empedrado,7104,20,55,28,27,47,24,23,8,4,4
17464,maule,7,talca,71,empedrado,7104,21,43,25,18,29,15,14,14,10,4
17465,maule,7,talca,71,empedrado,7104,22,68,33,35,54,25,29,14,8,6
17466,maule,7,talca,71,empedrado,7104,23,43,22,21,33,19,14,10,3,7
17467,maule,7,talca,71,empedrado,7104,24,68,31,37,54,25,29,14,6,8
17468,maule,7,talca,71,empedrado,7104,25,59,34,25,49,29,20,10,5,5
17469,maule,7,talca,71,empedrado,7104,26,63,33,30,48,25,23,15,8,7
17470,maule,7,talca,71,empedrado,7104,27,61,28,33,51,25,26,10,3,7
17471,maule,7,talca,71,empedrado,7104,28,61,26,35,43,17,26,18,9,9
17472,maule,7,talca,71,empedrado,7104,29,57,27,30,41,21,20,16,6,10
17473,maule,7,talca,71,empedrado,7104,30,54,22,32,43,17,26,11,5,6
17474,maule,7,talca,71,empedrado,7104,31,55,26,29,43,19,24,12,7,5
17475,maule,7,talca,71,empedrado,7104,32,55,30,25,39,20,19,16,10,6
17476,maule,7,talca,71,empedrado,7104,33,54,27,27,38,17,21,16,10,6
17477,maule,7,talca,71,empedrado,7104,34,58,30,28,44,24,20,14,6,8
17478,maule,7,talca,71,empedrado,7104,35,72,46,26,53,31,22,19,15,4
17479,maule,7,talca,71,empedrado,7104,36,65,32,33,48,24,24,17,8,9
17480,maule,7,talca,71,empedrado,7104,37,58,28,30,43,22,21,15,6,9
17481,maule,7,talca,71,empedrado,7104,38,64,33,31,47,22,25,17,11,6
17482,maule,7,talca,71,empedrado,7104,39,52,28,24,41,24,17,11,4,7
17483,maule,7,talca,71,empedrado,7104,40,62,35,27,46,25,21,16,10,6
17484,maule,7,talca,71,empedrado,7104,41,65,40,25,50,31,19,15,9,6
17485,maule,7,talca,71,empedrado,7104,42,63,35,28,46,27,19,17,8,9
17486,maule,7,talca,71,empedrado,7104,43,69,37,32,53,28,25,16,9,7
17487,maule,7,talca,71,empedrado,7104,44,66,34,32,44,23,21,22,11,11
17488,maule,7,talca,71,empedrado,7104,45,51,29,22,37,22,15,14,7,7
17489,maule,7,talca,71,empedrado,7104,46,65,27,38,46,20,26,19,7,12
17490,maule,7,talca,71,empedrado,7104,47,66,35,31,48,24,24,18,11,7
17491,maule,7,talca,71,empedrado,7104,48,69,36,33,53,31,22,16,5,11
17492,maule,7,talca,71,empedrado,7104,49,83,45,38,62,33,29,21,12,9
17493,maule,7,talca,71,empedrado,7104,50,45,27,18,32,19,13,13,8,5
17494,maule,7,talca,71,empedrado,7104,51,49,21,28,31,16,15,18,5,13
17495,maule,7,talca,71,empedrado,7104,52,54,27,27,38,18,20,16,9,7
17496,maule,7,talca,71,empedrado,7104,53,46,32,14,28,20,8,18,12,6
17497,maule,7,talca,71,empedrado,7104,54,57,33,24,35,21,14,22,12,10
17498,maule,7,talca,71,empedrado,7104,55,55,38,17,40,29,11,15,9,6
17499,maule,7,talca,71,empedrado,7104,56,53,27,26,39,16,23,14,11,3
17500,maule,7,talca,71,empedrado,7104,57,48,29,19,32,20,12,16,9,7
17501,maule,7,talca,71,empedrado,7104,58,47,25,22,37,20,17,10,5,5
17502,maule,7,talca,71,empedrado,7104,59,45,22,23,29,15,14,16,7,9
17503,maule,7,talca,71,empedrado,7104,60,44,31,13,29,21,8,15,10,5
17504,maule,7,talca,71,empedrado,7104,61,35,18,17,27,14,13,8,4,4
17505,maule,7,talca,71,empedrado,7104,62,34,19,15,17,11,6,17,8,9
17506,maule,7,talca,71,empedrado,7104,63,47,23,24,29,14,15,18,9,9
17507,maule,7,talca,71,empedrado,7104,64,39,24,15,20,11,9,19,13,6
17508,maule,7,talca,71,empedrado,7104,65,37,24,13,24,14,10,13,10,3
17509,maule,7,talca,71,empedrado,7104,66,33,21,12,27,17,10,6,4,2
17510,maule,7,talca,71,empedrado,7104,67,34,22,12,25,17,8,9,5,4
17511,maule,7,talca,71,empedrado,7104,68,40,21,19,25,12,13,15,9,6
17512,maule,7,talca,71,empedrado,7104,69,19,10,9,11,5,6,8,5,3
17513,maule,7,talca,71,empedrado,7104,70,39,22,17,28,16,12,11,6,5
17514,maule,7,talca,71,empedrado,7104,71,29,16,13,16,8,8,13,8,5
17515,maule,7,talca,71,empedrado,7104,72,36,16,20,19,8,11,17,8,9
17516,maule,7,talca,71,empedrado,7104,73,16,10,6,9,5,4,7,5,2
17517,maule,7,talca,71,empedrado,7104,74,22,7,15,12,5,7,10,2,8
17518,maule,7,talca,71,empedrado,7104,75,22,12,10,13,5,8,9,7,2
17519,maule,7,talca,71,empedrado,7104,76,24,14,10,12,5,7,12,9,3
17520,maule,7,talca,71,empedrado,7104,77,14,6,8,8,4,4,6,2,4
17521,maule,7,talca,71,empedrado,7104,78,18,10,8,11,5,6,7,5,2
17522,maule,7,talca,71,empedrado,7104,79,18,12,6,11,5,6,7,7,0
17523,maule,7,talca,71,empedrado,7104,80,21,8,13,14,6,8,7,2,5
17524,maule,7,talca,71,empedrado,7104,81,13,7,6,7,3,4,6,4,2
17525,maule,7,talca,71,empedrado,7104,82,13,6,7,10,5,5,3,1,2
17526,maule,7,talca,71,empedrado,7104,83,12,6,6,7,4,3,5,2,3
17527,maule,7,talca,71,empedrado,7104,84,9,5,4,6,4,2,3,1,2
17528,maule,7,talca,71,empedrado,7104,85,6,2,4,2,1,1,4,1,3
17529,maule,7,talca,71,empedrado,7104,86,5,2,3,3,1,2,2,1,1
17530,maule,7,talca,71,empedrado,7104,87,8,1,7,7,1,6,1,0,1
17531,maule,7,talca,71,empedrado,7104,88,11,5,6,7,4,3,4,1,3
17532,maule,7,talca,71,empedrado,7104,89,7,4,3,4,3,1,3,1,2
17533,maule,7,talca,71,empedrado,7104,90,6,3,3,4,2,2,2,1,1
17534,maule,7,talca,71,empedrado,7104,91,2,1,1,1,0,1,1,1,0
17535,maule,7,talca,71,empedrado,7104,92,2,1,1,2,1,1,0,0,0
17536,maule,7,talca,71,empedrado,7104,93,3,1,2,2,1,1,1,0,1
17537,maule,7,talca,71,empedrado,7104,94,1,0,1,1,0,1,0,0,0
17538,maule,7,talca,71,empedrado,7104,95,0,0,0,0,0,0,0,0,0
17539,maule,7,talca,71,empedrado,7104,96,0,0,0,0,0,0,0,0,0
17540,maule,7,talca,71,empedrado,7104,97,0,0,0,0,0,0,0,0,0
17541,maule,7,talca,71,empedrado,7104,98,0,0,0,0,0,0,0,0,0
17542,maule,7,talca,71,empedrado,7104,99,0,0,0,0,0,0,0,0,0
17543,maule,7,talca,71,empedrado,7104,100 o más,5,4,1,3,3,0,2,1,1
17544,maule,7,talca,71,maule,7105,total comuna,49721,24259,25462,38834,18686,20148,10887,5573,5314
17545,maule,7,talca,71,maule,7105,0,812,416,396,697,355,342,115,61,54
17546,maule,7,talca,71,maule,7105,1,883,428,455,749,363,386,134,65,69
17547,maule,7,talca,71,maule,7105,2,948,443,505,801,380,421,147,63,84
17548,maule,7,talca,71,maule,7105,3,855,469,386,702,385,317,153,84,69
17549,maule,7,talca,71,maule,7105,4,902,438,464,756,364,392,146,74,72
17550,maule,7,talca,71,maule,7105,5,848,468,380,717,396,321,131,72,59
17551,maule,7,talca,71,maule,7105,6,991,530,461,837,462,375,154,68,86
17552,maule,7,talca,71,maule,7105,7,929,453,476,755,368,387,174,85,89
17553,maule,7,talca,71,maule,7105,8,922,491,431,774,419,355,148,72,76
17554,maule,7,talca,71,maule,7105,9,862,448,414,738,387,351,124,61,63
17555,maule,7,talca,71,maule,7105,10,841,463,378,668,366,302,173,97,76
17556,maule,7,talca,71,maule,7105,11,785,407,378,666,350,316,119,57,62
17557,maule,7,talca,71,maule,7105,12,762,380,382,625,308,317,137,72,65
17558,maule,7,talca,71,maule,7105,13,762,394,368,599,303,296,163,91,72
17559,maule,7,talca,71,maule,7105,14,812,412,400,648,327,321,164,85,79
17560,maule,7,talca,71,maule,7105,15,750,377,373,580,294,286,170,83,87
17561,maule,7,talca,71,maule,7105,16,757,376,381,602,293,309,155,83,72
17562,maule,7,talca,71,maule,7105,17,755,400,355,586,305,281,169,95,74
17563,maule,7,talca,71,maule,7105,18,704,356,348,555,274,281,149,82,67
17564,maule,7,talca,71,maule,7105,19,711,344,367,567,278,289,144,66,78
17565,maule,7,talca,71,maule,7105,20,653,306,347,509,236,273,144,70,74
17566,maule,7,talca,71,maule,7105,21,722,346,376,578,269,309,144,77,67
17567,maule,7,talca,71,maule,7105,22,709,364,345,558,279,279,151,85,66
17568,maule,7,talca,71,maule,7105,23,691,330,361,542,253,289,149,77,72
17569,maule,7,talca,71,maule,7105,24,689,319,370,552,248,304,137,71,66
17570,maule,7,talca,71,maule,7105,25,809,366,443,652,291,361,157,75,82
17571,maule,7,talca,71,maule,7105,26,780,373,407,630,292,338,150,81,69
17572,maule,7,talca,71,maule,7105,27,862,405,457,686,322,364,176,83,93
17573,maule,7,talca,71,maule,7105,28,822,391,431,706,329,377,116,62,54
17574,maule,7,talca,71,maule,7105,29,848,393,455,676,314,362,172,79,93
17575,maule,7,talca,71,maule,7105,30,833,377,456,705,312,393,128,65,63
17576,maule,7,talca,71,maule,7105,31,848,386,462,704,319,385,144,67,77
17577,maule,7,talca,71,maule,7105,32,834,373,461,701,305,396,133,68,65
17578,maule,7,talca,71,maule,7105,33,807,370,437,698,312,386,109,58,51
17579,maule,7,talca,71,maule,7105,34,927,457,470,793,382,411,134,75,59
17580,maule,7,talca,71,maule,7105,35,915,408,507,785,347,438,130,61,69
17581,maule,7,talca,71,maule,7105,36,896,413,483,765,351,414,131,62,69
17582,maule,7,talca,71,maule,7105,37,828,398,430,690,325,365,138,73,65
17583,maule,7,talca,71,maule,7105,38,785,360,425,669,306,363,116,54,62
17584,maule,7,talca,71,maule,7105,39,763,368,395,623,292,331,140,76,64
17585,maule,7,talca,71,maule,7105,40,801,378,423,652,299,353,149,79,70
17586,maule,7,talca,71,maule,7105,41,759,380,379,594,291,303,165,89,76
17587,maule,7,talca,71,maule,7105,42,743,361,382,583,284,299,160,77,83
17588,maule,7,talca,71,maule,7105,43,733,352,381,577,270,307,156,82,74
17589,maule,7,talca,71,maule,7105,44,703,359,344,518,266,252,185,93,92
17590,maule,7,talca,71,maule,7105,45,666,303,363,514,218,296,152,85,67
17591,maule,7,talca,71,maule,7105,46,661,310,351,500,234,266,161,76,85
17592,maule,7,talca,71,maule,7105,47,607,286,321,461,220,241,146,66,80
17593,maule,7,talca,71,maule,7105,48,632,283,349,456,188,268,176,95,81
17594,maule,7,talca,71,maule,7105,49,646,328,318,486,239,247,160,89,71
17595,maule,7,talca,71,maule,7105,50,623,298,325,449,208,241,174,90,84
17596,maule,7,talca,71,maule,7105,51,592,319,273,413,219,194,179,100,79
17597,maule,7,talca,71,maule,7105,52,573,250,323,415,182,233,158,68,90
17598,maule,7,talca,71,maule,7105,53,513,254,259,364,182,182,149,72,77
17599,maule,7,talca,71,maule,7105,54,566,263,303,411,174,237,155,89,66
17600,maule,7,talca,71,maule,7105,55,511,257,254,356,183,173,155,74,81
17601,maule,7,talca,71,maule,7105,56,451,235,216,324,161,163,127,74,53
17602,maule,7,talca,71,maule,7105,57,438,193,245,278,123,155,160,70,90
17603,maule,7,talca,71,maule,7105,58,407,208,199,272,137,135,135,71,64
17604,maule,7,talca,71,maule,7105,59,407,200,207,268,134,134,139,66,73
17605,maule,7,talca,71,maule,7105,60,363,158,205,240,94,146,123,64,59
17606,maule,7,talca,71,maule,7105,61,359,196,163,231,110,121,128,86,42
17607,maule,7,talca,71,maule,7105,62,329,164,165,213,102,111,116,62,54
17608,maule,7,talca,71,maule,7105,63,351,183,168,223,104,119,128,79,49
17609,maule,7,talca,71,maule,7105,64,306,149,157,200,92,108,106,57,49
17610,maule,7,talca,71,maule,7105,65,286,145,141,169,82,87,117,63,54
17611,maule,7,talca,71,maule,7105,66,241,120,121,138,73,65,103,47,56
17612,maule,7,talca,71,maule,7105,67,243,125,118,158,80,78,85,45,40
17613,maule,7,talca,71,maule,7105,68,257,120,137,154,63,91,103,57,46
17614,maule,7,talca,71,maule,7105,69,200,105,95,119,59,60,81,46,35
17615,maule,7,talca,71,maule,7105,70,243,124,119,155,76,79,88,48,40
17616,maule,7,talca,71,maule,7105,71,184,93,91,103,49,54,81,44,37
17617,maule,7,talca,71,maule,7105,72,197,100,97,129,60,69,68,40,28
17618,maule,7,talca,71,maule,7105,73,147,70,77,90,50,40,57,20,37
17619,maule,7,talca,71,maule,7105,74,156,65,91,91,32,59,65,33,32
17620,maule,7,talca,71,maule,7105,75,126,58,68,80,35,45,46,23,23
17621,maule,7,talca,71,maule,7105,76,130,75,55,69,38,31,61,37,24
17622,maule,7,talca,71,maule,7105,77,116,50,66,68,25,43,48,25,23
17623,maule,7,talca,71,maule,7105,78,102,40,62,61,21,40,41,19,22
17624,maule,7,talca,71,maule,7105,79,89,38,51,57,21,36,32,17,15
17625,maule,7,talca,71,maule,7105,80,89,36,53,48,19,29,41,17,24
17626,maule,7,talca,71,maule,7105,81,76,33,43,44,16,28,32,17,15
17627,maule,7,talca,71,maule,7105,82,69,29,40,43,21,22,26,8,18
17628,maule,7,talca,71,maule,7105,83,60,21,39,38,14,24,22,7,15
17629,maule,7,talca,71,maule,7105,84,60,28,32,24,12,12,36,16,20
17630,maule,7,talca,71,maule,7105,85,41,15,26,20,5,15,21,10,11
17631,maule,7,talca,71,maule,7105,86,41,17,24,20,9,11,21,8,13
17632,maule,7,talca,71,maule,7105,87,39,18,21,19,8,11,20,10,10
17633,maule,7,talca,71,maule,7105,88,40,21,19,23,12,11,17,9,8
17634,maule,7,talca,71,maule,7105,89,31,9,22,18,8,10,13,1,12
17635,maule,7,talca,71,maule,7105,90,25,12,13,10,4,6,15,8,7
17636,maule,7,talca,71,maule,7105,91,13,5,8,5,3,2,8,2,6
17637,maule,7,talca,71,maule,7105,92,12,5,7,4,2,2,8,3,5
17638,maule,7,talca,71,maule,7105,93,18,6,12,15,6,9,3,0,3
17639,maule,7,talca,71,maule,7105,94,8,2,6,4,1,3,4,1,3
17640,maule,7,talca,71,maule,7105,95,8,6,2,4,3,1,4,3,1
17641,maule,7,talca,71,maule,7105,96,6,0,6,2,0,2,4,0,4
17642,maule,7,talca,71,maule,7105,97,3,1,2,3,1,2,0,0,0
17643,maule,7,talca,71,maule,7105,98,5,1,4,2,1,1,3,0,3
17644,maule,7,talca,71,maule,7105,99,1,0,1,1,0,1,0,0,0
17645,maule,7,talca,71,maule,7105,100 o más,7,3,4,4,2,2,3,1,2
17646,maule,7,talca,71,pelarco,7106,total comuna,8422,4231,4191,2587,1251,1336,5835,2980,2855
17647,maule,7,talca,71,pelarco,7106,0,95,49,46,33,20,13,62,29,33
17648,maule,7,talca,71,pelarco,7106,1,113,53,60,40,15,25,73,38,35
17649,maule,7,talca,71,pelarco,7106,2,117,56,61,37,17,20,80,39,41
17650,maule,7,talca,71,pelarco,7106,3,124,61,63,25,13,12,99,48,51
17651,maule,7,talca,71,pelarco,7106,4,134,79,55,46,25,21,88,54,34
17652,maule,7,talca,71,pelarco,7106,5,87,45,42,32,15,17,55,30,25
17653,maule,7,talca,71,pelarco,7106,6,100,53,47,39,20,19,61,33,28
17654,maule,7,talca,71,pelarco,7106,7,108,56,52,49,28,21,59,28,31
17655,maule,7,talca,71,pelarco,7106,8,125,65,60,46,26,20,79,39,40
17656,maule,7,talca,71,pelarco,7106,9,109,52,57,47,22,25,62,30,32
17657,maule,7,talca,71,pelarco,7106,10,111,62,49,34,22,12,77,40,37
17658,maule,7,talca,71,pelarco,7106,11,106,63,43,36,22,14,70,41,29
17659,maule,7,talca,71,pelarco,7106,12,113,58,55,35,17,18,78,41,37
17660,maule,7,talca,71,pelarco,7106,13,106,58,48,33,15,18,73,43,30
17661,maule,7,talca,71,pelarco,7106,14,101,53,48,29,21,8,72,32,40
17662,maule,7,talca,71,pelarco,7106,15,100,49,51,34,20,14,66,29,37
17663,maule,7,talca,71,pelarco,7106,16,109,61,48,26,11,15,83,50,33
17664,maule,7,talca,71,pelarco,7106,17,107,57,50,36,15,21,71,42,29
17665,maule,7,talca,71,pelarco,7106,18,107,53,54,40,21,19,67,32,35
17666,maule,7,talca,71,pelarco,7106,19,113,53,60,36,20,16,77,33,44
17667,maule,7,talca,71,pelarco,7106,20,114,49,65,35,16,19,79,33,46
17668,maule,7,talca,71,pelarco,7106,21,120,53,67,39,17,22,81,36,45
17669,maule,7,talca,71,pelarco,7106,22,138,74,64,39,21,18,99,53,46
17670,maule,7,talca,71,pelarco,7106,23,112,48,64,35,18,17,77,30,47
17671,maule,7,talca,71,pelarco,7106,24,120,55,65,32,13,19,88,42,46
17672,maule,7,talca,71,pelarco,7106,25,117,51,66,42,20,22,75,31,44
17673,maule,7,talca,71,pelarco,7106,26,134,62,72,44,14,30,90,48,42
17674,maule,7,talca,71,pelarco,7106,27,121,62,59,45,19,26,76,43,33
17675,maule,7,talca,71,pelarco,7106,28,127,59,68,45,23,22,82,36,46
17676,maule,7,talca,71,pelarco,7106,29,134,76,58,47,25,22,87,51,36
17677,maule,7,talca,71,pelarco,7106,30,105,53,52,34,20,14,71,33,38
17678,maule,7,talca,71,pelarco,7106,31,93,39,54,36,15,21,57,24,33
17679,maule,7,talca,71,pelarco,7106,32,83,40,43,22,9,13,61,31,30
17680,maule,7,talca,71,pelarco,7106,33,102,50,52,33,17,16,69,33,36
17681,maule,7,talca,71,pelarco,7106,34,107,51,56,33,13,20,74,38,36
17682,maule,7,talca,71,pelarco,7106,35,103,56,47,34,19,15,69,37,32
17683,maule,7,talca,71,pelarco,7106,36,89,39,50,28,14,14,61,25,36
17684,maule,7,talca,71,pelarco,7106,37,101,59,42,29,17,12,72,42,30
17685,maule,7,talca,71,pelarco,7106,38,88,43,45,35,16,19,53,27,26
17686,maule,7,talca,71,pelarco,7106,39,108,43,65,34,9,25,74,34,40
17687,maule,7,talca,71,pelarco,7106,40,115,59,56,32,15,17,83,44,39
17688,maule,7,talca,71,pelarco,7106,41,106,48,58,29,12,17,77,36,41
17689,maule,7,talca,71,pelarco,7106,42,113,46,67,35,17,18,78,29,49
17690,maule,7,talca,71,pelarco,7106,43,117,63,54,39,18,21,78,45,33
17691,maule,7,talca,71,pelarco,7106,44,121,56,65,26,13,13,95,43,52
17692,maule,7,talca,71,pelarco,7106,45,112,55,57,35,18,17,77,37,40
17693,maule,7,talca,71,pelarco,7106,46,106,52,54,30,16,14,76,36,40
17694,maule,7,talca,71,pelarco,7106,47,116,67,49,30,14,16,86,53,33
17695,maule,7,talca,71,pelarco,7106,48,120,56,64,35,13,22,85,43,42
17696,maule,7,talca,71,pelarco,7106,49,131,65,66,30,15,15,101,50,51
17697,maule,7,talca,71,pelarco,7106,50,141,68,73,39,13,26,102,55,47
17698,maule,7,talca,71,pelarco,7106,51,129,71,58,43,23,20,86,48,38
17699,maule,7,talca,71,pelarco,7106,52,109,56,53,26,15,11,83,41,42
17700,maule,7,talca,71,pelarco,7106,53,115,56,59,41,19,22,74,37,37
17701,maule,7,talca,71,pelarco,7106,54,136,73,63,32,18,14,104,55,49
17702,maule,7,talca,71,pelarco,7106,55,128,68,60,30,14,16,98,54,44
17703,maule,7,talca,71,pelarco,7106,56,105,50,55,26,9,17,79,41,38
17704,maule,7,talca,71,pelarco,7106,57,91,51,40,20,10,10,71,41,30
17705,maule,7,talca,71,pelarco,7106,58,102,56,46,32,14,18,70,42,28
17706,maule,7,talca,71,pelarco,7106,59,108,58,50,29,13,16,79,45,34
17707,maule,7,talca,71,pelarco,7106,60,94,49,45,25,10,15,69,39,30
17708,maule,7,talca,71,pelarco,7106,61,100,44,56,33,17,16,67,27,40
17709,maule,7,talca,71,pelarco,7106,62,87,52,35,41,23,18,46,29,17
17710,maule,7,talca,71,pelarco,7106,63,100,53,47,36,16,20,64,37,27
17711,maule,7,talca,71,pelarco,7106,64,93,40,53,33,13,20,60,27,33
17712,maule,7,talca,71,pelarco,7106,65,66,35,31,16,8,8,50,27,23
17713,maule,7,talca,71,pelarco,7106,66,89,52,37,27,15,12,62,37,25
17714,maule,7,talca,71,pelarco,7106,67,76,36,40,20,12,8,56,24,32
17715,maule,7,talca,71,pelarco,7106,68,78,36,42,18,9,9,60,27,33
17716,maule,7,talca,71,pelarco,7106,69,83,43,40,23,15,8,60,28,32
17717,maule,7,talca,71,pelarco,7106,70,73,43,30,21,11,10,52,32,20
17718,maule,7,talca,71,pelarco,7106,71,68,41,27,10,5,5,58,36,22
17719,maule,7,talca,71,pelarco,7106,72,62,35,27,15,11,4,47,24,23
17720,maule,7,talca,71,pelarco,7106,73,57,26,31,14,8,6,43,18,25
17721,maule,7,talca,71,pelarco,7106,74,55,29,26,17,7,10,38,22,16
17722,maule,7,talca,71,pelarco,7106,75,40,17,23,10,3,7,30,14,16
17723,maule,7,talca,71,pelarco,7106,76,56,24,32,13,5,8,43,19,24
17724,maule,7,talca,71,pelarco,7106,77,43,22,21,15,4,11,28,18,10
17725,maule,7,talca,71,pelarco,7106,78,37,17,20,15,7,8,22,10,12
17726,maule,7,talca,71,pelarco,7106,79,31,17,14,6,1,5,25,16,9
17727,maule,7,talca,71,pelarco,7106,80,42,25,17,11,8,3,31,17,14
17728,maule,7,talca,71,pelarco,7106,81,40,17,23,8,3,5,32,14,18
17729,maule,7,talca,71,pelarco,7106,82,35,17,18,9,2,7,26,15,11
17730,maule,7,talca,71,pelarco,7106,83,28,10,18,8,3,5,20,7,13
17731,maule,7,talca,71,pelarco,7106,84,33,15,18,14,4,10,19,11,8
17732,maule,7,talca,71,pelarco,7106,85,25,10,15,4,1,3,21,9,12
17733,maule,7,talca,71,pelarco,7106,86,19,11,8,5,1,4,14,10,4
17734,maule,7,talca,71,pelarco,7106,87,8,6,2,3,2,1,5,4,1
17735,maule,7,talca,71,pelarco,7106,88,16,7,9,4,1,3,12,6,6
17736,maule,7,talca,71,pelarco,7106,89,15,5,10,5,1,4,10,4,6
17737,maule,7,talca,71,pelarco,7106,90,14,5,9,2,0,2,12,5,7
17738,maule,7,talca,71,pelarco,7106,91,9,7,2,3,1,2,6,6,0
17739,maule,7,talca,71,pelarco,7106,92,2,0,2,0,0,0,2,0,2
17740,maule,7,talca,71,pelarco,7106,93,7,3,4,3,1,2,4,2,2
17741,maule,7,talca,71,pelarco,7106,94,7,2,5,3,1,2,4,1,3
17742,maule,7,talca,71,pelarco,7106,95,3,2,1,0,0,0,3,2,1
17743,maule,7,talca,71,pelarco,7106,96,3,2,1,0,0,0,3,2,1
17744,maule,7,talca,71,pelarco,7106,97,0,0,0,0,0,0,0,0,0
17745,maule,7,talca,71,pelarco,7106,98,0,0,0,0,0,0,0,0,0
17746,maule,7,talca,71,pelarco,7106,99,0,0,0,0,0,0,0,0,0
17747,maule,7,talca,71,pelarco,7106,100 o más,6,4,2,4,3,1,2,1,1
17748,maule,7,talca,71,pencahue,7107,total comuna,8245,4242,4003,3438,1694,1744,4807,2548,2259
17749,maule,7,talca,71,pencahue,7107,0,84,44,40,40,26,14,44,18,26
17750,maule,7,talca,71,pencahue,7107,1,94,42,52,44,18,26,50,24,26
17751,maule,7,talca,71,pencahue,7107,2,99,51,48,52,27,25,47,24,23
17752,maule,7,talca,71,pencahue,7107,3,91,40,51,38,14,24,53,26,27
17753,maule,7,talca,71,pencahue,7107,4,83,43,40,43,25,18,40,18,22
17754,maule,7,talca,71,pencahue,7107,5,92,44,48,52,25,27,40,19,21
17755,maule,7,talca,71,pencahue,7107,6,88,58,30,41,26,15,47,32,15
17756,maule,7,talca,71,pencahue,7107,7,116,64,52,48,22,26,68,42,26
17757,maule,7,talca,71,pencahue,7107,8,110,63,47,52,35,17,58,28,30
17758,maule,7,talca,71,pencahue,7107,9,117,69,48,64,38,26,53,31,22
17759,maule,7,talca,71,pencahue,7107,10,96,44,52,47,19,28,49,25,24
17760,maule,7,talca,71,pencahue,7107,11,99,53,46,39,22,17,60,31,29
17761,maule,7,talca,71,pencahue,7107,12,97,50,47,36,18,18,61,32,29
17762,maule,7,talca,71,pencahue,7107,13,105,44,61,46,17,29,59,27,32
17763,maule,7,talca,71,pencahue,7107,14,99,48,51,44,23,21,55,25,30
17764,maule,7,talca,71,pencahue,7107,15,131,59,72,66,29,37,65,30,35
17765,maule,7,talca,71,pencahue,7107,16,129,74,55,66,31,35,63,43,20
17766,maule,7,talca,71,pencahue,7107,17,113,56,57,57,28,29,56,28,28
17767,maule,7,talca,71,pencahue,7107,18,100,60,40,55,29,26,45,31,14
17768,maule,7,talca,71,pencahue,7107,19,92,42,50,57,27,30,35,15,20
17769,maule,7,talca,71,pencahue,7107,20,107,48,59,47,27,20,60,21,39
17770,maule,7,talca,71,pencahue,7107,21,107,45,62,61,22,39,46,23,23
17771,maule,7,talca,71,pencahue,7107,22,99,54,45,54,32,22,45,22,23
17772,maule,7,talca,71,pencahue,7107,23,112,57,55,44,20,24,68,37,31
17773,maule,7,talca,71,pencahue,7107,24,97,38,59,57,24,33,40,14,26
17774,maule,7,talca,71,pencahue,7107,25,105,49,56,51,21,30,54,28,26
17775,maule,7,talca,71,pencahue,7107,26,85,45,40,42,22,20,43,23,20
17776,maule,7,talca,71,pencahue,7107,27,95,48,47,44,16,28,51,32,19
17777,maule,7,talca,71,pencahue,7107,28,104,54,50,49,26,23,55,28,27
17778,maule,7,talca,71,pencahue,7107,29,93,44,49,50,24,26,43,20,23
17779,maule,7,talca,71,pencahue,7107,30,105,47,58,59,23,36,46,24,22
17780,maule,7,talca,71,pencahue,7107,31,72,31,41,40,18,22,32,13,19
17781,maule,7,talca,71,pencahue,7107,32,72,30,42,31,13,18,41,17,24
17782,maule,7,talca,71,pencahue,7107,33,103,47,56,44,18,26,59,29,30
17783,maule,7,talca,71,pencahue,7107,34,83,42,41,43,23,20,40,19,21
17784,maule,7,talca,71,pencahue,7107,35,125,59,66,63,32,31,62,27,35
17785,maule,7,talca,71,pencahue,7107,36,112,59,53,49,26,23,63,33,30
17786,maule,7,talca,71,pencahue,7107,37,101,43,58,48,22,26,53,21,32
17787,maule,7,talca,71,pencahue,7107,38,92,44,48,52,23,29,40,21,19
17788,maule,7,talca,71,pencahue,7107,39,104,55,49,41,22,19,63,33,30
17789,maule,7,talca,71,pencahue,7107,40,100,55,45,45,25,20,55,30,25
17790,maule,7,talca,71,pencahue,7107,41,124,62,62,54,25,29,70,37,33
17791,maule,7,talca,71,pencahue,7107,42,123,58,65,44,26,18,79,32,47
17792,maule,7,talca,71,pencahue,7107,43,131,63,68,50,24,26,81,39,42
17793,maule,7,talca,71,pencahue,7107,44,111,57,54,41,17,24,70,40,30
17794,maule,7,talca,71,pencahue,7107,45,146,74,72,72,32,40,74,42,32
17795,maule,7,talca,71,pencahue,7107,46,117,59,58,49,22,27,68,37,31
17796,maule,7,talca,71,pencahue,7107,47,112,64,48,39,20,19,73,44,29
17797,maule,7,talca,71,pencahue,7107,48,123,60,63,51,19,32,72,41,31
17798,maule,7,talca,71,pencahue,7107,49,146,81,65,59,29,30,87,52,35
17799,maule,7,talca,71,pencahue,7107,50,139,72,67,50,17,33,89,55,34
17800,maule,7,talca,71,pencahue,7107,51,131,72,59,53,27,26,78,45,33
17801,maule,7,talca,71,pencahue,7107,52,130,70,60,47,27,20,83,43,40
17802,maule,7,talca,71,pencahue,7107,53,118,58,60,39,18,21,79,40,39
17803,maule,7,talca,71,pencahue,7107,54,139,73,66,62,35,27,77,38,39
17804,maule,7,talca,71,pencahue,7107,55,129,87,42,43,30,13,86,57,29
17805,maule,7,talca,71,pencahue,7107,56,126,70,56,51,26,25,75,44,31
17806,maule,7,talca,71,pencahue,7107,57,97,53,44,31,18,13,66,35,31
17807,maule,7,talca,71,pencahue,7107,58,112,61,51,46,25,21,66,36,30
17808,maule,7,talca,71,pencahue,7107,59,113,64,49,34,18,16,79,46,33
17809,maule,7,talca,71,pencahue,7107,60,110,63,47,33,19,14,77,44,33
17810,maule,7,talca,71,pencahue,7107,61,100,52,48,37,19,18,63,33,30
17811,maule,7,talca,71,pencahue,7107,62,88,49,39,25,13,12,63,36,27
17812,maule,7,talca,71,pencahue,7107,63,104,61,43,35,19,16,69,42,27
17813,maule,7,talca,71,pencahue,7107,64,92,58,34,20,13,7,72,45,27
17814,maule,7,talca,71,pencahue,7107,65,96,48,48,23,12,11,73,36,37
17815,maule,7,talca,71,pencahue,7107,66,81,40,41,21,10,11,60,30,30
17816,maule,7,talca,71,pencahue,7107,67,81,39,42,23,13,10,58,26,32
17817,maule,7,talca,71,pencahue,7107,68,86,52,34,21,12,9,65,40,25
17818,maule,7,talca,71,pencahue,7107,69,75,35,40,27,16,11,48,19,29
17819,maule,7,talca,71,pencahue,7107,70,61,37,24,19,8,11,42,29,13
17820,maule,7,talca,71,pencahue,7107,71,71,34,37,20,5,15,51,29,22
17821,maule,7,talca,71,pencahue,7107,72,75,47,28,21,14,7,54,33,21
17822,maule,7,talca,71,pencahue,7107,73,59,35,24,18,11,7,41,24,17
17823,maule,7,talca,71,pencahue,7107,74,65,50,15,14,11,3,51,39,12
17824,maule,7,talca,71,pencahue,7107,75,49,19,30,14,3,11,35,16,19
17825,maule,7,talca,71,pencahue,7107,76,39,19,20,9,6,3,30,13,17
17826,maule,7,talca,71,pencahue,7107,77,48,22,26,12,4,8,36,18,18
17827,maule,7,talca,71,pencahue,7107,78,48,21,27,16,5,11,32,16,16
17828,maule,7,talca,71,pencahue,7107,79,37,17,20,13,8,5,24,9,15
17829,maule,7,talca,71,pencahue,7107,80,39,23,16,9,3,6,30,20,10
17830,maule,7,talca,71,pencahue,7107,81,27,13,14,9,3,6,18,10,8
17831,maule,7,talca,71,pencahue,7107,82,32,16,16,11,5,6,21,11,10
17832,maule,7,talca,71,pencahue,7107,83,25,12,13,7,4,3,18,8,10
17833,maule,7,talca,71,pencahue,7107,84,25,12,13,11,3,8,14,9,5
17834,maule,7,talca,71,pencahue,7107,85,24,13,11,8,4,4,16,9,7
17835,maule,7,talca,71,pencahue,7107,86,25,11,14,9,4,5,16,7,9
17836,maule,7,talca,71,pencahue,7107,87,23,5,18,10,3,7,13,2,11
17837,maule,7,talca,71,pencahue,7107,88,17,8,9,6,3,3,11,5,6
17838,maule,7,talca,71,pencahue,7107,89,10,8,2,0,0,0,10,8,2
17839,maule,7,talca,71,pencahue,7107,90,14,6,8,4,2,2,10,4,6
17840,maule,7,talca,71,pencahue,7107,91,7,1,6,2,0,2,5,1,4
17841,maule,7,talca,71,pencahue,7107,92,7,3,4,2,1,1,5,2,3
17842,maule,7,talca,71,pencahue,7107,93,10,5,5,3,2,1,7,3,4
17843,maule,7,talca,71,pencahue,7107,94,3,3,0,0,0,0,3,3,0
17844,maule,7,talca,71,pencahue,7107,95,5,1,4,2,0,2,3,1,2
17845,maule,7,talca,71,pencahue,7107,96,5,3,2,4,2,2,1,1,0
17846,maule,7,talca,71,pencahue,7107,97,2,0,2,0,0,0,2,0,2
17847,maule,7,talca,71,pencahue,7107,98,1,0,1,1,0,1,0,0,0
17848,maule,7,talca,71,pencahue,7107,99,1,0,1,1,0,1,0,0,0
17849,maule,7,talca,71,pencahue,7107,100 o más,3,1,2,2,1,1,1,0,1
17850,maule,7,talca,71,río claro,7108,total comuna,13906,7246,6660,4413,2173,2240,9493,5073,4420
17851,maule,7,talca,71,río claro,7108,0,171,83,88,56,29,27,115,54,61
17852,maule,7,talca,71,río claro,7108,1,186,95,91,65,32,33,121,63,58
17853,maule,7,talca,71,río claro,7108,2,162,89,73,57,35,22,105,54,51
17854,maule,7,talca,71,río claro,7108,3,172,85,87,75,39,36,97,46,51
17855,maule,7,talca,71,río claro,7108,4,161,79,82,45,20,25,116,59,57
17856,maule,7,talca,71,río claro,7108,5,164,79,85,56,24,32,108,55,53
17857,maule,7,talca,71,río claro,7108,6,188,94,94,66,36,30,122,58,64
17858,maule,7,talca,71,río claro,7108,7,188,101,87,76,36,40,112,65,47
17859,maule,7,talca,71,río claro,7108,8,189,103,86,70,37,33,119,66,53
17860,maule,7,talca,71,río claro,7108,9,173,95,78,64,38,26,109,57,52
17861,maule,7,talca,71,río claro,7108,10,187,92,95,65,29,36,122,63,59
17862,maule,7,talca,71,río claro,7108,11,176,90,86,63,34,29,113,56,57
17863,maule,7,talca,71,río claro,7108,12,187,93,94,58,25,33,129,68,61
17864,maule,7,talca,71,río claro,7108,13,173,90,83,65,28,37,108,62,46
17865,maule,7,talca,71,río claro,7108,14,179,100,79,74,38,36,105,62,43
17866,maule,7,talca,71,río claro,7108,15,159,82,77,50,24,26,109,58,51
17867,maule,7,talca,71,río claro,7108,16,178,84,94,45,22,23,133,62,71
17868,maule,7,talca,71,río claro,7108,17,188,98,90,70,39,31,118,59,59
17869,maule,7,talca,71,río claro,7108,18,171,90,81,67,31,36,104,59,45
17870,maule,7,talca,71,río claro,7108,19,180,79,101,49,13,36,131,66,65
17871,maule,7,talca,71,río claro,7108,20,169,87,82,53,27,26,116,60,56
17872,maule,7,talca,71,río claro,7108,21,189,101,88,75,37,38,114,64,50
17873,maule,7,talca,71,río claro,7108,22,212,106,106,79,37,42,133,69,64
17874,maule,7,talca,71,río claro,7108,23,220,105,115,76,37,39,144,68,76
17875,maule,7,talca,71,río claro,7108,24,221,118,103,75,36,39,146,82,64
17876,maule,7,talca,71,río claro,7108,25,181,106,75,63,39,24,118,67,51
17877,maule,7,talca,71,río claro,7108,26,217,97,120,84,32,52,133,65,68
17878,maule,7,talca,71,río claro,7108,27,180,92,88,54,23,31,126,69,57
17879,maule,7,talca,71,río claro,7108,28,191,99,92,53,23,30,138,76,62
17880,maule,7,talca,71,río claro,7108,29,183,98,85,56,27,29,127,71,56
17881,maule,7,talca,71,río claro,7108,30,198,104,94,71,35,36,127,69,58
17882,maule,7,talca,71,río claro,7108,31,167,77,90,52,24,28,115,53,62
17883,maule,7,talca,71,río claro,7108,32,151,78,73,61,31,30,90,47,43
17884,maule,7,talca,71,río claro,7108,33,165,94,71,53,30,23,112,64,48
17885,maule,7,talca,71,río claro,7108,34,167,78,89,69,30,39,98,48,50
17886,maule,7,talca,71,río claro,7108,35,176,88,88,67,30,37,109,58,51
17887,maule,7,talca,71,río claro,7108,36,152,74,78,59,30,29,93,44,49
17888,maule,7,talca,71,río claro,7108,37,178,96,82,60,34,26,118,62,56
17889,maule,7,talca,71,río claro,7108,38,172,87,85,49,24,25,123,63,60
17890,maule,7,talca,71,río claro,7108,39,193,102,91,68,30,38,125,72,53
17891,maule,7,talca,71,río claro,7108,40,205,111,94,62,30,32,143,81,62
17892,maule,7,talca,71,río claro,7108,41,204,102,102,56,25,31,148,77,71
17893,maule,7,talca,71,río claro,7108,42,202,101,101,71,35,36,131,66,65
17894,maule,7,talca,71,río claro,7108,43,218,120,98,66,37,29,152,83,69
17895,maule,7,talca,71,río claro,7108,44,200,100,100,61,21,40,139,79,60
17896,maule,7,talca,71,río claro,7108,45,184,90,94,59,29,30,125,61,64
17897,maule,7,talca,71,río claro,7108,46,183,83,100,57,24,33,126,59,67
17898,maule,7,talca,71,río claro,7108,47,185,93,92,53,25,28,132,68,64
17899,maule,7,talca,71,río claro,7108,48,209,113,96,58,33,25,151,80,71
17900,maule,7,talca,71,río claro,7108,49,214,102,112,74,32,42,140,70,70
17901,maule,7,talca,71,río claro,7108,50,226,124,102,61,34,27,165,90,75
17902,maule,7,talca,71,río claro,7108,51,227,122,105,72,45,27,155,77,78
17903,maule,7,talca,71,río claro,7108,52,237,116,121,68,28,40,169,88,81
17904,maule,7,talca,71,río claro,7108,53,218,122,96,76,35,41,142,87,55
17905,maule,7,talca,71,río claro,7108,54,243,145,98,71,35,36,172,110,62
17906,maule,7,talca,71,río claro,7108,55,203,114,89,55,28,27,148,86,62
17907,maule,7,talca,71,río claro,7108,56,205,112,93,65,31,34,140,81,59
17908,maule,7,talca,71,río claro,7108,57,156,82,74,44,21,23,112,61,51
17909,maule,7,talca,71,río claro,7108,58,165,96,69,37,22,15,128,74,54
17910,maule,7,talca,71,río claro,7108,59,179,101,78,48,24,24,131,77,54
17911,maule,7,talca,71,río claro,7108,60,190,98,92,46,20,26,144,78,66
17912,maule,7,talca,71,río claro,7108,61,162,84,78,44,20,24,118,64,54
17913,maule,7,talca,71,río claro,7108,62,174,95,79,45,21,24,129,74,55
17914,maule,7,talca,71,río claro,7108,63,151,88,63,37,24,13,114,64,50
17915,maule,7,talca,71,río claro,7108,64,131,76,55,32,19,13,99,57,42
17916,maule,7,talca,71,río claro,7108,65,138,73,65,40,22,18,98,51,47
17917,maule,7,talca,71,río claro,7108,66,135,70,65,23,9,14,112,61,51
17918,maule,7,talca,71,río claro,7108,67,122,68,54,36,21,15,86,47,39
17919,maule,7,talca,71,río claro,7108,68,121,66,55,27,13,14,94,53,41
17920,maule,7,talca,71,río claro,7108,69,112,68,44,37,19,18,75,49,26
17921,maule,7,talca,71,río claro,7108,70,113,68,45,26,15,11,87,53,34
17922,maule,7,talca,71,río claro,7108,71,105,58,47,31,22,9,74,36,38
17923,maule,7,talca,71,río claro,7108,72,94,51,43,22,11,11,72,40,32
17924,maule,7,talca,71,río claro,7108,73,101,42,59,24,8,16,77,34,43
17925,maule,7,talca,71,río claro,7108,74,79,45,34,13,8,5,66,37,29
17926,maule,7,talca,71,río claro,7108,75,90,44,46,23,11,12,67,33,34
17927,maule,7,talca,71,río claro,7108,76,80,39,41,22,11,11,58,28,30
17928,maule,7,talca,71,río claro,7108,77,74,37,37,19,7,12,55,30,25
17929,maule,7,talca,71,río claro,7108,78,58,28,30,17,9,8,41,19,22
17930,maule,7,talca,71,río claro,7108,79,56,30,26,20,8,12,36,22,14
17931,maule,7,talca,71,río claro,7108,80,43,24,19,16,9,7,27,15,12
17932,maule,7,talca,71,río claro,7108,81,40,20,20,9,7,2,31,13,18
17933,maule,7,talca,71,río claro,7108,82,42,24,18,14,6,8,28,18,10
17934,maule,7,talca,71,río claro,7108,83,37,17,20,12,6,6,25,11,14
17935,maule,7,talca,71,río claro,7108,84,28,12,16,6,2,4,22,10,12
17936,maule,7,talca,71,río claro,7108,85,24,12,12,6,5,1,18,7,11
17937,maule,7,talca,71,río claro,7108,86,22,13,9,6,5,1,16,8,8
17938,maule,7,talca,71,río claro,7108,87,17,9,8,7,3,4,10,6,4
17939,maule,7,talca,71,río claro,7108,88,15,10,5,4,2,2,11,8,3
17940,maule,7,talca,71,río claro,7108,89,15,3,12,3,1,2,12,2,10
17941,maule,7,talca,71,río claro,7108,90,11,7,4,3,1,2,8,6,2
17942,maule,7,talca,71,río claro,7108,91,11,7,4,2,2,0,9,5,4
17943,maule,7,talca,71,río claro,7108,92,10,5,5,5,1,4,5,4,1
17944,maule,7,talca,71,río claro,7108,93,11,6,5,6,4,2,5,2,3
17945,maule,7,talca,71,río claro,7108,94,6,5,1,1,1,0,5,4,1
17946,maule,7,talca,71,río claro,7108,95,2,1,1,1,0,1,1,1,0
17947,maule,7,talca,71,río claro,7108,96,6,5,1,1,1,0,5,4,1
17948,maule,7,talca,71,río claro,7108,97,0,0,0,0,0,0,0,0,0
17949,maule,7,talca,71,río claro,7108,98,1,0,1,0,0,0,1,0,1
17950,maule,7,talca,71,río claro,7108,99,1,1,0,0,0,0,1,1,0
17951,maule,7,talca,71,río claro,7108,100 o más,1,0,1,0,0,0,1,0,1
17952,maule,7,talca,71,san clemente,7109,total comuna,43269,21677,21592,21666,10247,11419,21603,11430,10173
17953,maule,7,talca,71,san clemente,7109,0,504,261,243,276,138,138,228,123,105
17954,maule,7,talca,71,san clemente,7109,1,615,293,322,345,168,177,270,125,145
17955,maule,7,talca,71,san clemente,7109,2,616,311,305,366,187,179,250,124,126
17956,maule,7,talca,71,san clemente,7109,3,646,342,304,378,208,170,268,134,134
17957,maule,7,talca,71,san clemente,7109,4,595,285,310,350,160,190,245,125,120
17958,maule,7,talca,71,san clemente,7109,5,648,322,326,385,188,197,263,134,129
17959,maule,7,talca,71,san clemente,7109,6,598,302,296,352,178,174,246,124,122
17960,maule,7,talca,71,san clemente,7109,7,631,314,317,369,173,196,262,141,121
17961,maule,7,talca,71,san clemente,7109,8,616,329,287,345,185,160,271,144,127
17962,maule,7,talca,71,san clemente,7109,9,640,313,327,376,186,190,264,127,137
17963,maule,7,talca,71,san clemente,7109,10,603,298,305,351,176,175,252,122,130
17964,maule,7,talca,71,san clemente,7109,11,578,291,287,313,150,163,265,141,124
17965,maule,7,talca,71,san clemente,7109,12,592,328,264,351,189,162,241,139,102
17966,maule,7,talca,71,san clemente,7109,13,538,284,254,292,147,145,246,137,109
17967,maule,7,talca,71,san clemente,7109,14,609,325,284,341,185,156,268,140,128
17968,maule,7,talca,71,san clemente,7109,15,589,293,296,327,159,168,262,134,128
17969,maule,7,talca,71,san clemente,7109,16,635,331,304,366,179,187,269,152,117
17970,maule,7,talca,71,san clemente,7109,17,591,271,320,332,146,186,259,125,134
17971,maule,7,talca,71,san clemente,7109,18,577,286,291,336,165,171,241,121,120
17972,maule,7,talca,71,san clemente,7109,19,633,301,332,383,178,205,250,123,127
17973,maule,7,talca,71,san clemente,7109,20,626,305,321,340,159,181,286,146,140
17974,maule,7,talca,71,san clemente,7109,21,644,342,302,343,172,171,301,170,131
17975,maule,7,talca,71,san clemente,7109,22,635,321,314,369,177,192,266,144,122
17976,maule,7,talca,71,san clemente,7109,23,635,307,328,360,172,188,275,135,140
17977,maule,7,talca,71,san clemente,7109,24,629,292,337,336,148,188,293,144,149
17978,maule,7,talca,71,san clemente,7109,25,656,328,328,355,170,185,301,158,143
17979,maule,7,talca,71,san clemente,7109,26,679,348,331,376,182,194,303,166,137
17980,maule,7,talca,71,san clemente,7109,27,671,321,350,362,166,196,309,155,154
17981,maule,7,talca,71,san clemente,7109,28,640,320,320,331,150,181,309,170,139
17982,maule,7,talca,71,san clemente,7109,29,592,283,309,322,146,176,270,137,133
17983,maule,7,talca,71,san clemente,7109,30,541,256,285,289,122,167,252,134,118
17984,maule,7,talca,71,san clemente,7109,31,573,255,318,308,126,182,265,129,136
17985,maule,7,talca,71,san clemente,7109,32,496,247,249,288,136,152,208,111,97
17986,maule,7,talca,71,san clemente,7109,33,463,227,236,253,112,141,210,115,95
17987,maule,7,talca,71,san clemente,7109,34,546,282,264,292,129,163,254,153,101
17988,maule,7,talca,71,san clemente,7109,35,573,268,305,314,142,172,259,126,133
17989,maule,7,talca,71,san clemente,7109,36,504,245,259,263,118,145,241,127,114
17990,maule,7,talca,71,san clemente,7109,37,535,250,285,300,137,163,235,113,122
17991,maule,7,talca,71,san clemente,7109,38,457,186,271,249,93,156,208,93,115
17992,maule,7,talca,71,san clemente,7109,39,551,274,277,304,148,156,247,126,121
17993,maule,7,talca,71,san clemente,7109,40,605,299,306,299,133,166,306,166,140
17994,maule,7,talca,71,san clemente,7109,41,581,296,285,278,119,159,303,177,126
17995,maule,7,talca,71,san clemente,7109,42,608,299,309,304,133,171,304,166,138
17996,maule,7,talca,71,san clemente,7109,43,600,304,296,291,140,151,309,164,145
17997,maule,7,talca,71,san clemente,7109,44,642,314,328,305,138,167,337,176,161
17998,maule,7,talca,71,san clemente,7109,45,618,309,309,300,136,164,318,173,145
17999,maule,7,talca,71,san clemente,7109,46,609,292,317,305,137,168,304,155,149
18000,maule,7,talca,71,san clemente,7109,47,579,278,301,272,130,142,307,148,159
18001,maule,7,talca,71,san clemente,7109,48,607,293,314,269,114,155,338,179,159
18002,maule,7,talca,71,san clemente,7109,49,657,314,343,288,119,169,369,195,174
18003,maule,7,talca,71,san clemente,7109,50,644,316,328,290,127,163,354,189,165
18004,maule,7,talca,71,san clemente,7109,51,653,333,320,253,114,139,400,219,181
18005,maule,7,talca,71,san clemente,7109,52,605,296,309,287,137,150,318,159,159
18006,maule,7,talca,71,san clemente,7109,53,583,313,270,260,125,135,323,188,135
18007,maule,7,talca,71,san clemente,7109,54,643,329,314,277,129,148,366,200,166
18008,maule,7,talca,71,san clemente,7109,55,554,292,262,249,129,120,305,163,142
18009,maule,7,talca,71,san clemente,7109,56,583,316,267,248,118,130,335,198,137
18010,maule,7,talca,71,san clemente,7109,57,534,276,258,222,102,120,312,174,138
18011,maule,7,talca,71,san clemente,7109,58,494,258,236,198,100,98,296,158,138
18012,maule,7,talca,71,san clemente,7109,59,520,266,254,221,116,105,299,150,149
18013,maule,7,talca,71,san clemente,7109,60,510,265,245,194,95,99,316,170,146
18014,maule,7,talca,71,san clemente,7109,61,475,237,238,206,97,109,269,140,129
18015,maule,7,talca,71,san clemente,7109,62,422,219,203,175,84,91,247,135,112
18016,maule,7,talca,71,san clemente,7109,63,449,231,218,197,92,105,252,139,113
18017,maule,7,talca,71,san clemente,7109,64,441,246,195,163,75,88,278,171,107
18018,maule,7,talca,71,san clemente,7109,65,421,207,214,149,69,80,272,138,134
18019,maule,7,talca,71,san clemente,7109,66,381,191,190,122,56,66,259,135,124
18020,maule,7,talca,71,san clemente,7109,67,378,198,180,142,73,69,236,125,111
18021,maule,7,talca,71,san clemente,7109,68,348,187,161,138,67,71,210,120,90
18022,maule,7,talca,71,san clemente,7109,69,332,183,149,134,64,70,198,119,79
18023,maule,7,talca,71,san clemente,7109,70,329,166,163,122,52,70,207,114,93
18024,maule,7,talca,71,san clemente,7109,71,314,173,141,118,71,47,196,102,94
18025,maule,7,talca,71,san clemente,7109,72,283,159,124,108,60,48,175,99,76
18026,maule,7,talca,71,san clemente,7109,73,248,135,113,87,41,46,161,94,67
18027,maule,7,talca,71,san clemente,7109,74,255,137,118,88,41,47,167,96,71
18028,maule,7,talca,71,san clemente,7109,75,229,132,97,82,46,36,147,86,61
18029,maule,7,talca,71,san clemente,7109,76,219,114,105,94,37,57,125,77,48
18030,maule,7,talca,71,san clemente,7109,77,229,100,129,97,44,53,132,56,76
18031,maule,7,talca,71,san clemente,7109,78,163,85,78,66,27,39,97,58,39
18032,maule,7,talca,71,san clemente,7109,79,143,75,68,50,25,25,93,50,43
18033,maule,7,talca,71,san clemente,7109,80,133,52,81,61,24,37,72,28,44
18034,maule,7,talca,71,san clemente,7109,81,128,64,64,62,31,31,66,33,33
18035,maule,7,talca,71,san clemente,7109,82,112,58,54,47,19,28,65,39,26
18036,maule,7,talca,71,san clemente,7109,83,107,46,61,45,16,29,62,30,32
18037,maule,7,talca,71,san clemente,7109,84,102,54,48,38,19,19,64,35,29
18038,maule,7,talca,71,san clemente,7109,85,75,39,36,27,13,14,48,26,22
18039,maule,7,talca,71,san clemente,7109,86,86,45,41,37,16,21,49,29,20
18040,maule,7,talca,71,san clemente,7109,87,76,37,39,27,11,16,49,26,23
18041,maule,7,talca,71,san clemente,7109,88,51,27,24,16,5,11,35,22,13
18042,maule,7,talca,71,san clemente,7109,89,48,19,29,12,3,9,36,16,20
18043,maule,7,talca,71,san clemente,7109,90,40,16,24,16,7,9,24,9,15
18044,maule,7,talca,71,san clemente,7109,91,33,11,22,12,4,8,21,7,14
18045,maule,7,talca,71,san clemente,7109,92,16,5,11,3,2,1,13,3,10
18046,maule,7,talca,71,san clemente,7109,93,15,7,8,8,6,2,7,1,6
18047,maule,7,talca,71,san clemente,7109,94,15,7,8,4,1,3,11,6,5
18048,maule,7,talca,71,san clemente,7109,95,8,5,3,3,1,2,5,4,1
18049,maule,7,talca,71,san clemente,7109,96,13,8,5,3,2,1,10,6,4
18050,maule,7,talca,71,san clemente,7109,97,6,1,5,2,1,1,4,0,4
18051,maule,7,talca,71,san clemente,7109,98,4,1,3,2,1,1,2,0,2
18052,maule,7,talca,71,san clemente,7109,99,4,1,3,1,1,0,3,0,3
18053,maule,7,talca,71,san clemente,7109,100 o más,9,4,5,4,2,2,5,2,3
18054,maule,7,talca,71,san rafael,7110,total comuna,9191,4569,4622,4968,2403,2565,4223,2166,2057
18055,maule,7,talca,71,san rafael,7110,0,123,63,60,71,37,34,52,26,26
18056,maule,7,talca,71,san rafael,7110,1,129,66,63,80,39,41,49,27,22
18057,maule,7,talca,71,san rafael,7110,2,136,84,52,91,57,34,45,27,18
18058,maule,7,talca,71,san rafael,7110,3,143,72,71,83,36,47,60,36,24
18059,maule,7,talca,71,san rafael,7110,4,118,48,70,60,25,35,58,23,35
18060,maule,7,talca,71,san rafael,7110,5,126,63,63,74,36,38,52,27,25
18061,maule,7,talca,71,san rafael,7110,6,144,75,69,86,45,41,58,30,28
18062,maule,7,talca,71,san rafael,7110,7,120,57,63,74,36,38,46,21,25
18063,maule,7,talca,71,san rafael,7110,8,149,80,69,89,44,45,60,36,24
18064,maule,7,talca,71,san rafael,7110,9,133,72,61,76,35,41,57,37,20
18065,maule,7,talca,71,san rafael,7110,10,156,80,76,93,49,44,63,31,32
18066,maule,7,talca,71,san rafael,7110,11,122,66,56,68,35,33,54,31,23
18067,maule,7,talca,71,san rafael,7110,12,131,69,62,72,38,34,59,31,28
18068,maule,7,talca,71,san rafael,7110,13,148,76,72,80,42,38,68,34,34
18069,maule,7,talca,71,san rafael,7110,14,125,63,62,75,45,30,50,18,32
18070,maule,7,talca,71,san rafael,7110,15,143,77,66,77,42,35,66,35,31
18071,maule,7,talca,71,san rafael,7110,16,139,70,69,81,43,38,58,27,31
18072,maule,7,talca,71,san rafael,7110,17,129,58,71,79,36,43,50,22,28
18073,maule,7,talca,71,san rafael,7110,18,123,53,70,68,33,35,55,20,35
18074,maule,7,talca,71,san rafael,7110,19,128,64,64,76,33,43,52,31,21
18075,maule,7,talca,71,san rafael,7110,20,132,65,67,79,39,40,53,26,27
18076,maule,7,talca,71,san rafael,7110,21,139,62,77,92,36,56,47,26,21
18077,maule,7,talca,71,san rafael,7110,22,129,68,61,77,39,38,52,29,23
18078,maule,7,talca,71,san rafael,7110,23,150,72,78,93,47,46,57,25,32
18079,maule,7,talca,71,san rafael,7110,24,135,65,70,77,38,39,58,27,31
18080,maule,7,talca,71,san rafael,7110,25,124,57,67,63,27,36,61,30,31
18081,maule,7,talca,71,san rafael,7110,26,141,68,73,90,48,42,51,20,31
18082,maule,7,talca,71,san rafael,7110,27,132,64,68,79,38,41,53,26,27
18083,maule,7,talca,71,san rafael,7110,28,130,61,69,75,31,44,55,30,25
18084,maule,7,talca,71,san rafael,7110,29,145,72,73,94,50,44,51,22,29
18085,maule,7,talca,71,san rafael,7110,30,113,55,58,75,39,36,38,16,22
18086,maule,7,talca,71,san rafael,7110,31,110,53,57,67,26,41,43,27,16
18087,maule,7,talca,71,san rafael,7110,32,91,34,57,55,22,33,36,12,24
18088,maule,7,talca,71,san rafael,7110,33,109,51,58,65,33,32,44,18,26
18089,maule,7,talca,71,san rafael,7110,34,98,48,50,50,29,21,48,19,29
18090,maule,7,talca,71,san rafael,7110,35,113,54,59,69,34,35,44,20,24
18091,maule,7,talca,71,san rafael,7110,36,109,44,65,69,26,43,40,18,22
18092,maule,7,talca,71,san rafael,7110,37,91,40,51,48,20,28,43,20,23
18093,maule,7,talca,71,san rafael,7110,38,106,52,54,58,30,28,48,22,26
18094,maule,7,talca,71,san rafael,7110,39,101,48,53,45,21,24,56,27,29
18095,maule,7,talca,71,san rafael,7110,40,104,51,53,54,26,28,50,25,25
18096,maule,7,talca,71,san rafael,7110,41,122,54,68,63,27,36,59,27,32
18097,maule,7,talca,71,san rafael,7110,42,123,67,56,54,26,28,69,41,28
18098,maule,7,talca,71,san rafael,7110,43,123,60,63,59,31,28,64,29,35
18099,maule,7,talca,71,san rafael,7110,44,135,61,74,72,30,42,63,31,32
18100,maule,7,talca,71,san rafael,7110,45,128,69,59,71,33,38,57,36,21
18101,maule,7,talca,71,san rafael,7110,46,135,51,84,75,25,50,60,26,34
18102,maule,7,talca,71,san rafael,7110,47,116,55,61,60,29,31,56,26,30
18103,maule,7,talca,71,san rafael,7110,48,144,82,62,73,39,34,71,43,28
18104,maule,7,talca,71,san rafael,7110,49,136,68,68,59,24,35,77,44,33
18105,maule,7,talca,71,san rafael,7110,50,112,51,61,64,27,37,48,24,24
18106,maule,7,talca,71,san rafael,7110,51,143,77,66,70,38,32,73,39,34
18107,maule,7,talca,71,san rafael,7110,52,124,58,66,63,27,36,61,31,30
18108,maule,7,talca,71,san rafael,7110,53,131,70,61,60,29,31,71,41,30
18109,maule,7,talca,71,san rafael,7110,54,120,54,66,59,25,34,61,29,32
18110,maule,7,talca,71,san rafael,7110,55,129,63,66,64,27,37,65,36,29
18111,maule,7,talca,71,san rafael,7110,56,110,51,59,50,20,30,60,31,29
18112,maule,7,talca,71,san rafael,7110,57,108,61,47,58,38,20,50,23,27
18113,maule,7,talca,71,san rafael,7110,58,103,57,46,46,22,24,57,35,22
18114,maule,7,talca,71,san rafael,7110,59,121,67,54,54,28,26,67,39,28
18115,maule,7,talca,71,san rafael,7110,60,110,58,52,53,30,23,57,28,29
18116,maule,7,talca,71,san rafael,7110,61,99,52,47,45,23,22,54,29,25
18117,maule,7,talca,71,san rafael,7110,62,92,47,45,46,22,24,46,25,21
18118,maule,7,talca,71,san rafael,7110,63,108,54,54,45,20,25,63,34,29
18119,maule,7,talca,71,san rafael,7110,64,97,51,46,37,16,21,60,35,25
18120,maule,7,talca,71,san rafael,7110,65,75,38,37,38,21,17,37,17,20
18121,maule,7,talca,71,san rafael,7110,66,89,39,50,39,16,23,50,23,27
18122,maule,7,talca,71,san rafael,7110,67,94,50,44,47,18,29,47,32,15
18123,maule,7,talca,71,san rafael,7110,68,70,41,29,28,17,11,42,24,18
18124,maule,7,talca,71,san rafael,7110,69,80,39,41,39,16,23,41,23,18
18125,maule,7,talca,71,san rafael,7110,70,67,38,29,38,19,19,29,19,10
18126,maule,7,talca,71,san rafael,7110,71,69,35,34,33,16,17,36,19,17
18127,maule,7,talca,71,san rafael,7110,72,58,34,24,28,17,11,30,17,13
18128,maule,7,talca,71,san rafael,7110,73,67,34,33,31,18,13,36,16,20
18129,maule,7,talca,71,san rafael,7110,74,59,30,29,26,12,14,33,18,15
18130,maule,7,talca,71,san rafael,7110,75,50,25,25,14,5,9,36,20,16
18131,maule,7,talca,71,san rafael,7110,76,55,28,27,25,15,10,30,13,17
18132,maule,7,talca,71,san rafael,7110,77,43,24,19,24,13,11,19,11,8
18133,maule,7,talca,71,san rafael,7110,78,29,15,14,10,5,5,19,10,9
18134,maule,7,talca,71,san rafael,7110,79,28,11,17,16,5,11,12,6,6
18135,maule,7,talca,71,san rafael,7110,80,36,16,20,19,11,8,17,5,12
18136,maule,7,talca,71,san rafael,7110,81,23,12,11,13,6,7,10,6,4
18137,maule,7,talca,71,san rafael,7110,82,22,15,7,11,8,3,11,7,4
18138,maule,7,talca,71,san rafael,7110,83,15,6,9,8,2,6,7,4,3
18139,maule,7,talca,71,san rafael,7110,84,27,12,15,11,6,5,16,6,10
18140,maule,7,talca,71,san rafael,7110,85,14,7,7,8,4,4,6,3,3
18141,maule,7,talca,71,san rafael,7110,86,21,10,11,8,3,5,13,7,6
18142,maule,7,talca,71,san rafael,7110,87,11,4,7,3,1,2,8,3,5
18143,maule,7,talca,71,san rafael,7110,88,12,9,3,1,0,1,11,9,2
18144,maule,7,talca,71,san rafael,7110,89,12,6,6,6,2,4,6,4,2
18145,maule,7,talca,71,san rafael,7110,90,8,5,3,3,2,1,5,3,2
18146,maule,7,talca,71,san rafael,7110,91,4,0,4,2,0,2,2,0,2
18147,maule,7,talca,71,san rafael,7110,92,7,3,4,6,2,4,1,1,0
18148,maule,7,talca,71,san rafael,7110,93,2,2,0,1,1,0,1,1,0
18149,maule,7,talca,71,san rafael,7110,94,2,1,1,1,0,1,1,1,0
18150,maule,7,talca,71,san rafael,7110,95,1,0,1,1,0,1,0,0,0
18151,maule,7,talca,71,san rafael,7110,96,2,1,1,0,0,0,2,1,1
18152,maule,7,talca,71,san rafael,7110,97,0,0,0,0,0,0,0,0,0
18153,maule,7,talca,71,san rafael,7110,98,0,0,0,0,0,0,0,0,0
18154,maule,7,talca,71,san rafael,7110,99,1,0,1,1,0,1,0,0,0
18155,maule,7,talca,71,san rafael,7110,100 o más,2,1,1,2,1,1,0,0,0
18156,maule,7,cauquenes,72,cauquenes,7201,total comuna,40441,19314,21127,33114,15418,17696,7327,3896,3431
18157,maule,7,cauquenes,72,cauquenes,7201,0,479,241,238,422,212,210,57,29,28
18158,maule,7,cauquenes,72,cauquenes,7201,1,480,240,240,423,209,214,57,31,26
18159,maule,7,cauquenes,72,cauquenes,7201,2,526,277,249,451,237,214,75,40,35
18160,maule,7,cauquenes,72,cauquenes,7201,3,534,276,258,460,243,217,74,33,41
18161,maule,7,cauquenes,72,cauquenes,7201,4,519,260,259,442,221,221,77,39,38
18162,maule,7,cauquenes,72,cauquenes,7201,5,562,295,267,497,257,240,65,38,27
18163,maule,7,cauquenes,72,cauquenes,7201,6,522,255,267,453,219,234,69,36,33
18164,maule,7,cauquenes,72,cauquenes,7201,7,562,261,301,492,226,266,70,35,35
18165,maule,7,cauquenes,72,cauquenes,7201,8,543,275,268,468,233,235,75,42,33
18166,maule,7,cauquenes,72,cauquenes,7201,9,491,245,246,428,213,215,63,32,31
18167,maule,7,cauquenes,72,cauquenes,7201,10,578,308,270,479,252,227,99,56,43
18168,maule,7,cauquenes,72,cauquenes,7201,11,519,257,262,443,216,227,76,41,35
18169,maule,7,cauquenes,72,cauquenes,7201,12,544,267,277,456,222,234,88,45,43
18170,maule,7,cauquenes,72,cauquenes,7201,13,560,280,280,477,239,238,83,41,42
18171,maule,7,cauquenes,72,cauquenes,7201,14,578,281,297,483,233,250,95,48,47
18172,maule,7,cauquenes,72,cauquenes,7201,15,574,298,276,498,255,243,76,43,33
18173,maule,7,cauquenes,72,cauquenes,7201,16,587,302,285,522,267,255,65,35,30
18174,maule,7,cauquenes,72,cauquenes,7201,17,541,269,272,471,233,238,70,36,34
18175,maule,7,cauquenes,72,cauquenes,7201,18,471,249,222,406,210,196,65,39,26
18176,maule,7,cauquenes,72,cauquenes,7201,19,418,179,239,354,149,205,64,30,34
18177,maule,7,cauquenes,72,cauquenes,7201,20,457,225,232,394,190,204,63,35,28
18178,maule,7,cauquenes,72,cauquenes,7201,21,440,209,231,387,174,213,53,35,18
18179,maule,7,cauquenes,72,cauquenes,7201,22,482,222,260,416,187,229,66,35,31
18180,maule,7,cauquenes,72,cauquenes,7201,23,453,202,251,391,177,214,62,25,37
18181,maule,7,cauquenes,72,cauquenes,7201,24,439,206,233,391,182,209,48,24,24
18182,maule,7,cauquenes,72,cauquenes,7201,25,514,228,286,448,199,249,66,29,37
18183,maule,7,cauquenes,72,cauquenes,7201,26,568,281,287,491,239,252,77,42,35
18184,maule,7,cauquenes,72,cauquenes,7201,27,583,292,291,520,255,265,63,37,26
18185,maule,7,cauquenes,72,cauquenes,7201,28,504,227,277,442,190,252,62,37,25
18186,maule,7,cauquenes,72,cauquenes,7201,29,515,236,279,441,202,239,74,34,40
18187,maule,7,cauquenes,72,cauquenes,7201,30,495,232,263,433,199,234,62,33,29
18188,maule,7,cauquenes,72,cauquenes,7201,31,432,200,232,376,170,206,56,30,26
18189,maule,7,cauquenes,72,cauquenes,7201,32,455,234,221,397,197,200,58,37,21
18190,maule,7,cauquenes,72,cauquenes,7201,33,435,201,234,378,172,206,57,29,28
18191,maule,7,cauquenes,72,cauquenes,7201,34,520,239,281,432,192,240,88,47,41
18192,maule,7,cauquenes,72,cauquenes,7201,35,549,252,297,477,212,265,72,40,32
18193,maule,7,cauquenes,72,cauquenes,7201,36,471,234,237,405,199,206,66,35,31
18194,maule,7,cauquenes,72,cauquenes,7201,37,523,247,276,437,209,228,86,38,48
18195,maule,7,cauquenes,72,cauquenes,7201,38,487,227,260,413,190,223,74,37,37
18196,maule,7,cauquenes,72,cauquenes,7201,39,556,249,307,462,198,264,94,51,43
18197,maule,7,cauquenes,72,cauquenes,7201,40,510,262,248,434,214,220,76,48,28
18198,maule,7,cauquenes,72,cauquenes,7201,41,523,267,256,430,216,214,93,51,42
18199,maule,7,cauquenes,72,cauquenes,7201,42,569,280,289,461,229,232,108,51,57
18200,maule,7,cauquenes,72,cauquenes,7201,43,523,236,287,428,185,243,95,51,44
18201,maule,7,cauquenes,72,cauquenes,7201,44,537,254,283,428,200,228,109,54,55
18202,maule,7,cauquenes,72,cauquenes,7201,45,517,256,261,411,196,215,106,60,46
18203,maule,7,cauquenes,72,cauquenes,7201,46,515,251,264,410,195,215,105,56,49
18204,maule,7,cauquenes,72,cauquenes,7201,47,582,276,306,453,209,244,129,67,62
18205,maule,7,cauquenes,72,cauquenes,7201,48,573,259,314,443,188,255,130,71,59
18206,maule,7,cauquenes,72,cauquenes,7201,49,578,285,293,453,219,234,125,66,59
18207,maule,7,cauquenes,72,cauquenes,7201,50,595,303,292,458,227,231,137,76,61
18208,maule,7,cauquenes,72,cauquenes,7201,51,609,311,298,479,241,238,130,70,60
18209,maule,7,cauquenes,72,cauquenes,7201,52,562,271,291,441,202,239,121,69,52
18210,maule,7,cauquenes,72,cauquenes,7201,53,594,286,308,476,215,261,118,71,47
18211,maule,7,cauquenes,72,cauquenes,7201,54,581,293,288,466,226,240,115,67,48
18212,maule,7,cauquenes,72,cauquenes,7201,55,530,240,290,396,168,228,134,72,62
18213,maule,7,cauquenes,72,cauquenes,7201,56,531,253,278,419,195,224,112,58,54
18214,maule,7,cauquenes,72,cauquenes,7201,57,563,262,301,419,179,240,144,83,61
18215,maule,7,cauquenes,72,cauquenes,7201,58,505,245,260,380,173,207,125,72,53
18216,maule,7,cauquenes,72,cauquenes,7201,59,563,274,289,430,199,231,133,75,58
18217,maule,7,cauquenes,72,cauquenes,7201,60,499,253,246,377,181,196,122,72,50
18218,maule,7,cauquenes,72,cauquenes,7201,61,465,249,216,350,189,161,115,60,55
18219,maule,7,cauquenes,72,cauquenes,7201,62,430,186,244,342,147,195,88,39,49
18220,maule,7,cauquenes,72,cauquenes,7201,63,447,217,230,340,159,181,107,58,49
18221,maule,7,cauquenes,72,cauquenes,7201,64,438,201,237,329,146,183,109,55,54
18222,maule,7,cauquenes,72,cauquenes,7201,65,369,178,191,281,129,152,88,49,39
18223,maule,7,cauquenes,72,cauquenes,7201,66,391,157,234,299,116,183,92,41,51
18224,maule,7,cauquenes,72,cauquenes,7201,67,368,176,192,284,130,154,84,46,38
18225,maule,7,cauquenes,72,cauquenes,7201,68,366,164,202,284,115,169,82,49,33
18226,maule,7,cauquenes,72,cauquenes,7201,69,332,145,187,250,110,140,82,35,47
18227,maule,7,cauquenes,72,cauquenes,7201,70,363,162,201,266,112,154,97,50,47
18228,maule,7,cauquenes,72,cauquenes,7201,71,349,162,187,244,102,142,105,60,45
18229,maule,7,cauquenes,72,cauquenes,7201,72,310,125,185,220,88,132,90,37,53
18230,maule,7,cauquenes,72,cauquenes,7201,73,291,130,161,214,89,125,77,41,36
18231,maule,7,cauquenes,72,cauquenes,7201,74,315,148,167,233,99,134,82,49,33
18232,maule,7,cauquenes,72,cauquenes,7201,75,283,126,157,201,81,120,82,45,37
18233,maule,7,cauquenes,72,cauquenes,7201,76,279,144,135,202,96,106,77,48,29
18234,maule,7,cauquenes,72,cauquenes,7201,77,267,113,154,191,75,116,76,38,38
18235,maule,7,cauquenes,72,cauquenes,7201,78,254,116,138,183,78,105,71,38,33
18236,maule,7,cauquenes,72,cauquenes,7201,79,226,105,121,180,79,101,46,26,20
18237,maule,7,cauquenes,72,cauquenes,7201,80,223,95,128,179,74,105,44,21,23
18238,maule,7,cauquenes,72,cauquenes,7201,81,193,80,113,147,56,91,46,24,22
18239,maule,7,cauquenes,72,cauquenes,7201,82,165,68,97,125,47,78,40,21,19
18240,maule,7,cauquenes,72,cauquenes,7201,83,178,75,103,134,53,81,44,22,22
18241,maule,7,cauquenes,72,cauquenes,7201,84,149,64,85,114,37,77,35,27,8
18242,maule,7,cauquenes,72,cauquenes,7201,85,138,52,86,109,46,63,29,6,23
18243,maule,7,cauquenes,72,cauquenes,7201,86,136,54,82,111,40,71,25,14,11
18244,maule,7,cauquenes,72,cauquenes,7201,87,132,52,80,109,42,67,23,10,13
18245,maule,7,cauquenes,72,cauquenes,7201,88,89,28,61,73,23,50,16,5,11
18246,maule,7,cauquenes,72,cauquenes,7201,89,102,41,61,79,29,50,23,12,11
18247,maule,7,cauquenes,72,cauquenes,7201,90,68,27,41,50,20,30,18,7,11
18248,maule,7,cauquenes,72,cauquenes,7201,91,68,18,50,57,15,42,11,3,8
18249,maule,7,cauquenes,72,cauquenes,7201,92,59,24,35,44,17,27,15,7,8
18250,maule,7,cauquenes,72,cauquenes,7201,93,33,17,16,28,13,15,5,4,1
18251,maule,7,cauquenes,72,cauquenes,7201,94,38,12,26,32,9,23,6,3,3
18252,maule,7,cauquenes,72,cauquenes,7201,95,29,7,22,24,6,18,5,1,4
18253,maule,7,cauquenes,72,cauquenes,7201,96,21,8,13,15,4,11,6,4,2
18254,maule,7,cauquenes,72,cauquenes,7201,97,14,3,11,8,1,7,6,2,4
18255,maule,7,cauquenes,72,cauquenes,7201,98,9,1,8,8,1,7,1,0,1
18256,maule,7,cauquenes,72,cauquenes,7201,99,9,5,4,9,5,4,0,0,0
18257,maule,7,cauquenes,72,cauquenes,7201,100 o más,20,4,16,18,4,14,2,0,2
18258,maule,7,cauquenes,72,chanco,7202,total comuna,8928,4450,4478,3921,1854,2067,5007,2596,2411
18259,maule,7,cauquenes,72,chanco,7202,0,105,48,57,49,23,26,56,25,31
18260,maule,7,cauquenes,72,chanco,7202,1,105,51,54,59,28,31,46,23,23
18261,maule,7,cauquenes,72,chanco,7202,2,115,50,65,50,22,28,65,28,37
18262,maule,7,cauquenes,72,chanco,7202,3,125,65,60,58,26,32,67,39,28
18263,maule,7,cauquenes,72,chanco,7202,4,120,56,64,60,27,33,60,29,31
18264,maule,7,cauquenes,72,chanco,7202,5,90,47,43,37,19,18,53,28,25
18265,maule,7,cauquenes,72,chanco,7202,6,123,61,62,57,27,30,66,34,32
18266,maule,7,cauquenes,72,chanco,7202,7,119,67,52,57,35,22,62,32,30
18267,maule,7,cauquenes,72,chanco,7202,8,103,43,60,51,21,30,52,22,30
18268,maule,7,cauquenes,72,chanco,7202,9,119,63,56,44,24,20,75,39,36
18269,maule,7,cauquenes,72,chanco,7202,10,130,67,63,58,33,25,72,34,38
18270,maule,7,cauquenes,72,chanco,7202,11,127,61,66,51,20,31,76,41,35
18271,maule,7,cauquenes,72,chanco,7202,12,124,53,71,57,23,34,67,30,37
18272,maule,7,cauquenes,72,chanco,7202,13,122,68,54,48,28,20,74,40,34
18273,maule,7,cauquenes,72,chanco,7202,14,116,71,45,48,29,19,68,42,26
18274,maule,7,cauquenes,72,chanco,7202,15,104,52,52,44,21,23,60,31,29
18275,maule,7,cauquenes,72,chanco,7202,16,124,63,61,64,27,37,60,36,24
18276,maule,7,cauquenes,72,chanco,7202,17,127,53,74,55,28,27,72,25,47
18277,maule,7,cauquenes,72,chanco,7202,18,94,51,43,36,16,20,58,35,23
18278,maule,7,cauquenes,72,chanco,7202,19,73,35,38,26,8,18,47,27,20
18279,maule,7,cauquenes,72,chanco,7202,20,99,44,55,41,15,26,58,29,29
18280,maule,7,cauquenes,72,chanco,7202,21,80,37,43,30,12,18,50,25,25
18281,maule,7,cauquenes,72,chanco,7202,22,82,45,37,35,16,19,47,29,18
18282,maule,7,cauquenes,72,chanco,7202,23,84,42,42,38,21,17,46,21,25
18283,maule,7,cauquenes,72,chanco,7202,24,112,56,56,53,27,26,59,29,30
18284,maule,7,cauquenes,72,chanco,7202,25,126,59,67,70,27,43,56,32,24
18285,maule,7,cauquenes,72,chanco,7202,26,126,68,58,49,27,22,77,41,36
18286,maule,7,cauquenes,72,chanco,7202,27,122,52,70,56,25,31,66,27,39
18287,maule,7,cauquenes,72,chanco,7202,28,117,47,70,56,20,36,61,27,34
18288,maule,7,cauquenes,72,chanco,7202,29,101,51,50,39,18,21,62,33,29
18289,maule,7,cauquenes,72,chanco,7202,30,112,60,52,56,26,30,56,34,22
18290,maule,7,cauquenes,72,chanco,7202,31,100,45,55,41,18,23,59,27,32
18291,maule,7,cauquenes,72,chanco,7202,32,110,52,58,53,24,29,57,28,29
18292,maule,7,cauquenes,72,chanco,7202,33,118,55,63,59,25,34,59,30,29
18293,maule,7,cauquenes,72,chanco,7202,34,113,56,57,48,27,21,65,29,36
18294,maule,7,cauquenes,72,chanco,7202,35,120,64,56,51,22,29,69,42,27
18295,maule,7,cauquenes,72,chanco,7202,36,116,53,63,47,20,27,69,33,36
18296,maule,7,cauquenes,72,chanco,7202,37,91,38,53,37,7,30,54,31,23
18297,maule,7,cauquenes,72,chanco,7202,38,113,57,56,47,24,23,66,33,33
18298,maule,7,cauquenes,72,chanco,7202,39,111,59,52,45,29,16,66,30,36
18299,maule,7,cauquenes,72,chanco,7202,40,115,50,65,44,18,26,71,32,39
18300,maule,7,cauquenes,72,chanco,7202,41,116,48,68,47,19,28,69,29,40
18301,maule,7,cauquenes,72,chanco,7202,42,110,49,61,47,19,28,63,30,33
18302,maule,7,cauquenes,72,chanco,7202,43,121,71,50,55,29,26,66,42,24
18303,maule,7,cauquenes,72,chanco,7202,44,124,61,63,49,20,29,75,41,34
18304,maule,7,cauquenes,72,chanco,7202,45,120,63,57,57,31,26,63,32,31
18305,maule,7,cauquenes,72,chanco,7202,46,120,62,58,55,27,28,65,35,30
18306,maule,7,cauquenes,72,chanco,7202,47,145,78,67,57,27,30,88,51,37
18307,maule,7,cauquenes,72,chanco,7202,48,121,63,58,53,26,27,68,37,31
18308,maule,7,cauquenes,72,chanco,7202,49,151,80,71,66,31,35,85,49,36
18309,maule,7,cauquenes,72,chanco,7202,50,143,79,64,80,46,34,63,33,30
18310,maule,7,cauquenes,72,chanco,7202,51,144,72,72,65,32,33,79,40,39
18311,maule,7,cauquenes,72,chanco,7202,52,118,61,57,54,29,25,64,32,32
18312,maule,7,cauquenes,72,chanco,7202,53,143,74,69,60,31,29,83,43,40
18313,maule,7,cauquenes,72,chanco,7202,54,151,74,77,63,33,30,88,41,47
18314,maule,7,cauquenes,72,chanco,7202,55,149,78,71,75,42,33,74,36,38
18315,maule,7,cauquenes,72,chanco,7202,56,135,72,63,59,30,29,76,42,34
18316,maule,7,cauquenes,72,chanco,7202,57,125,66,59,51,25,26,74,41,33
18317,maule,7,cauquenes,72,chanco,7202,58,127,65,62,50,24,26,77,41,36
18318,maule,7,cauquenes,72,chanco,7202,59,132,75,57,64,33,31,68,42,26
18319,maule,7,cauquenes,72,chanco,7202,60,107,58,49,61,28,33,46,30,16
18320,maule,7,cauquenes,72,chanco,7202,61,104,57,47,47,23,24,57,34,23
18321,maule,7,cauquenes,72,chanco,7202,62,98,52,46,41,22,19,57,30,27
18322,maule,7,cauquenes,72,chanco,7202,63,101,62,39,40,24,16,61,38,23
18323,maule,7,cauquenes,72,chanco,7202,64,96,49,47,40,20,20,56,29,27
18324,maule,7,cauquenes,72,chanco,7202,65,77,30,47,35,13,22,42,17,25
18325,maule,7,cauquenes,72,chanco,7202,66,80,34,46,35,14,21,45,20,25
18326,maule,7,cauquenes,72,chanco,7202,67,87,42,45,34,15,19,53,27,26
18327,maule,7,cauquenes,72,chanco,7202,68,78,51,27,32,20,12,46,31,15
18328,maule,7,cauquenes,72,chanco,7202,69,77,40,37,24,11,13,53,29,24
18329,maule,7,cauquenes,72,chanco,7202,70,76,33,43,30,10,20,46,23,23
18330,maule,7,cauquenes,72,chanco,7202,71,76,41,35,30,14,16,46,27,19
18331,maule,7,cauquenes,72,chanco,7202,72,77,42,35,32,16,16,45,26,19
18332,maule,7,cauquenes,72,chanco,7202,73,60,30,30,19,13,6,41,17,24
18333,maule,7,cauquenes,72,chanco,7202,74,63,34,29,26,13,13,37,21,16
18334,maule,7,cauquenes,72,chanco,7202,75,58,26,32,19,8,11,39,18,21
18335,maule,7,cauquenes,72,chanco,7202,76,67,31,36,24,10,14,43,21,22
18336,maule,7,cauquenes,72,chanco,7202,77,55,24,31,28,10,18,27,14,13
18337,maule,7,cauquenes,72,chanco,7202,78,44,25,19,21,10,11,23,15,8
18338,maule,7,cauquenes,72,chanco,7202,79,48,22,26,19,10,9,29,12,17
18339,maule,7,cauquenes,72,chanco,7202,80,50,27,23,25,13,12,25,14,11
18340,maule,7,cauquenes,72,chanco,7202,81,43,17,26,20,5,15,23,12,11
18341,maule,7,cauquenes,72,chanco,7202,82,41,22,19,18,9,9,23,13,10
18342,maule,7,cauquenes,72,chanco,7202,83,40,17,23,12,2,10,28,15,13
18343,maule,7,cauquenes,72,chanco,7202,84,24,10,14,8,3,5,16,7,9
18344,maule,7,cauquenes,72,chanco,7202,85,23,11,12,16,6,10,7,5,2
18345,maule,7,cauquenes,72,chanco,7202,86,33,16,17,19,9,10,14,7,7
18346,maule,7,cauquenes,72,chanco,7202,87,21,6,15,13,3,10,8,3,5
18347,maule,7,cauquenes,72,chanco,7202,88,28,12,16,14,4,10,14,8,6
18348,maule,7,cauquenes,72,chanco,7202,89,17,9,8,7,4,3,10,5,5
18349,maule,7,cauquenes,72,chanco,7202,90,14,4,10,7,3,4,7,1,6
18350,maule,7,cauquenes,72,chanco,7202,91,5,1,4,0,0,0,5,1,4
18351,maule,7,cauquenes,72,chanco,7202,92,4,2,2,0,0,0,4,2,2
18352,maule,7,cauquenes,72,chanco,7202,93,6,1,5,5,1,4,1,0,1
18353,maule,7,cauquenes,72,chanco,7202,94,6,1,5,3,0,3,3,1,2
18354,maule,7,cauquenes,72,chanco,7202,95,4,1,3,1,0,1,3,1,2
18355,maule,7,cauquenes,72,chanco,7202,96,3,1,2,1,0,1,2,1,1
18356,maule,7,cauquenes,72,chanco,7202,97,1,0,1,1,0,1,0,0,0
18357,maule,7,cauquenes,72,chanco,7202,98,1,0,1,0,0,0,1,0,1
18358,maule,7,cauquenes,72,chanco,7202,99,1,0,1,1,0,1,0,0,0
18359,maule,7,cauquenes,72,chanco,7202,100 o más,6,3,3,2,1,1,4,2,2
18360,maule,7,cauquenes,72,pelluhue,7203,total comuna,7571,3765,3806,4081,1946,2135,3490,1819,1671
18361,maule,7,cauquenes,72,pelluhue,7203,0,109,42,67,62,21,41,47,21,26
18362,maule,7,cauquenes,72,pelluhue,7203,1,83,42,41,45,25,20,38,17,21
18363,maule,7,cauquenes,72,pelluhue,7203,2,114,59,55,60,23,37,54,36,18
18364,maule,7,cauquenes,72,pelluhue,7203,3,93,46,47,52,29,23,41,17,24
18365,maule,7,cauquenes,72,pelluhue,7203,4,101,49,52,53,26,27,48,23,25
18366,maule,7,cauquenes,72,pelluhue,7203,5,95,40,55,55,23,32,40,17,23
18367,maule,7,cauquenes,72,pelluhue,7203,6,112,67,45,57,35,22,55,32,23
18368,maule,7,cauquenes,72,pelluhue,7203,7,112,60,52,71,38,33,41,22,19
18369,maule,7,cauquenes,72,pelluhue,7203,8,95,44,51,54,26,28,41,18,23
18370,maule,7,cauquenes,72,pelluhue,7203,9,85,48,37,44,25,19,41,23,18
18371,maule,7,cauquenes,72,pelluhue,7203,10,96,46,50,53,23,30,43,23,20
18372,maule,7,cauquenes,72,pelluhue,7203,11,96,48,48,60,31,29,36,17,19
18373,maule,7,cauquenes,72,pelluhue,7203,12,106,55,51,65,34,31,41,21,20
18374,maule,7,cauquenes,72,pelluhue,7203,13,102,53,49,56,31,25,46,22,24
18375,maule,7,cauquenes,72,pelluhue,7203,14,115,50,65,62,25,37,53,25,28
18376,maule,7,cauquenes,72,pelluhue,7203,15,80,39,41,45,25,20,35,14,21
18377,maule,7,cauquenes,72,pelluhue,7203,16,111,72,39,66,42,24,45,30,15
18378,maule,7,cauquenes,72,pelluhue,7203,17,91,42,49,54,22,32,37,20,17
18379,maule,7,cauquenes,72,pelluhue,7203,18,59,28,31,36,15,21,23,13,10
18380,maule,7,cauquenes,72,pelluhue,7203,19,41,27,14,19,12,7,22,15,7
18381,maule,7,cauquenes,72,pelluhue,7203,20,66,34,32,38,19,19,28,15,13
18382,maule,7,cauquenes,72,pelluhue,7203,21,56,28,28,41,18,23,15,10,5
18383,maule,7,cauquenes,72,pelluhue,7203,22,92,39,53,42,18,24,50,21,29
18384,maule,7,cauquenes,72,pelluhue,7203,23,78,39,39,48,24,24,30,15,15
18385,maule,7,cauquenes,72,pelluhue,7203,24,105,36,69,52,21,31,53,15,38
18386,maule,7,cauquenes,72,pelluhue,7203,25,105,48,57,39,19,20,66,29,37
18387,maule,7,cauquenes,72,pelluhue,7203,26,91,49,42,56,27,29,35,22,13
18388,maule,7,cauquenes,72,pelluhue,7203,27,124,65,59,69,33,36,55,32,23
18389,maule,7,cauquenes,72,pelluhue,7203,28,102,34,68,56,18,38,46,16,30
18390,maule,7,cauquenes,72,pelluhue,7203,29,117,58,59,62,30,32,55,28,27
18391,maule,7,cauquenes,72,pelluhue,7203,30,99,54,45,56,29,27,43,25,18
18392,maule,7,cauquenes,72,pelluhue,7203,31,131,57,74,58,22,36,73,35,38
18393,maule,7,cauquenes,72,pelluhue,7203,32,91,39,52,52,25,27,39,14,25
18394,maule,7,cauquenes,72,pelluhue,7203,33,109,53,56,55,21,34,54,32,22
18395,maule,7,cauquenes,72,pelluhue,7203,34,101,48,53,48,17,31,53,31,22
18396,maule,7,cauquenes,72,pelluhue,7203,35,103,49,54,63,30,33,40,19,21
18397,maule,7,cauquenes,72,pelluhue,7203,36,103,55,48,48,25,23,55,30,25
18398,maule,7,cauquenes,72,pelluhue,7203,37,95,50,45,49,26,23,46,24,22
18399,maule,7,cauquenes,72,pelluhue,7203,38,110,60,50,53,27,26,57,33,24
18400,maule,7,cauquenes,72,pelluhue,7203,39,95,54,41,51,26,25,44,28,16
18401,maule,7,cauquenes,72,pelluhue,7203,40,86,51,35,45,24,21,41,27,14
18402,maule,7,cauquenes,72,pelluhue,7203,41,100,48,52,55,23,32,45,25,20
18403,maule,7,cauquenes,72,pelluhue,7203,42,93,48,45,46,21,25,47,27,20
18404,maule,7,cauquenes,72,pelluhue,7203,43,109,60,49,71,37,34,38,23,15
18405,maule,7,cauquenes,72,pelluhue,7203,44,91,43,48,49,21,28,42,22,20
18406,maule,7,cauquenes,72,pelluhue,7203,45,91,49,42,47,25,22,44,24,20
18407,maule,7,cauquenes,72,pelluhue,7203,46,124,58,66,63,31,32,61,27,34
18408,maule,7,cauquenes,72,pelluhue,7203,47,95,47,48,53,21,32,42,26,16
18409,maule,7,cauquenes,72,pelluhue,7203,48,102,53,49,54,27,27,48,26,22
18410,maule,7,cauquenes,72,pelluhue,7203,49,102,49,53,53,24,29,49,25,24
18411,maule,7,cauquenes,72,pelluhue,7203,50,111,53,58,69,34,35,42,19,23
18412,maule,7,cauquenes,72,pelluhue,7203,51,100,51,49,66,34,32,34,17,17
18413,maule,7,cauquenes,72,pelluhue,7203,52,101,50,51,52,26,26,49,24,25
18414,maule,7,cauquenes,72,pelluhue,7203,53,110,49,61,60,21,39,50,28,22
18415,maule,7,cauquenes,72,pelluhue,7203,54,102,53,49,42,21,21,60,32,28
18416,maule,7,cauquenes,72,pelluhue,7203,55,110,57,53,57,24,33,53,33,20
18417,maule,7,cauquenes,72,pelluhue,7203,56,96,55,41,52,32,20,44,23,21
18418,maule,7,cauquenes,72,pelluhue,7203,57,88,53,35,47,26,21,41,27,14
18419,maule,7,cauquenes,72,pelluhue,7203,58,82,35,47,42,20,22,40,15,25
18420,maule,7,cauquenes,72,pelluhue,7203,59,97,49,48,50,25,25,47,24,23
18421,maule,7,cauquenes,72,pelluhue,7203,60,106,50,56,58,23,35,48,27,21
18422,maule,7,cauquenes,72,pelluhue,7203,61,88,47,41,47,22,25,41,25,16
18423,maule,7,cauquenes,72,pelluhue,7203,62,74,42,32,39,24,15,35,18,17
18424,maule,7,cauquenes,72,pelluhue,7203,63,83,40,43,35,16,19,48,24,24
18425,maule,7,cauquenes,72,pelluhue,7203,64,91,41,50,46,21,25,45,20,25
18426,maule,7,cauquenes,72,pelluhue,7203,65,72,34,38,39,16,23,33,18,15
18427,maule,7,cauquenes,72,pelluhue,7203,66,87,49,38,44,23,21,43,26,17
18428,maule,7,cauquenes,72,pelluhue,7203,67,95,45,50,55,24,31,40,21,19
18429,maule,7,cauquenes,72,pelluhue,7203,68,86,45,41,51,24,27,35,21,14
18430,maule,7,cauquenes,72,pelluhue,7203,69,73,40,33,40,20,20,33,20,13
18431,maule,7,cauquenes,72,pelluhue,7203,70,72,33,39,39,14,25,33,19,14
18432,maule,7,cauquenes,72,pelluhue,7203,71,66,34,32,29,15,14,37,19,18
18433,maule,7,cauquenes,72,pelluhue,7203,72,65,35,30,38,22,16,27,13,14
18434,maule,7,cauquenes,72,pelluhue,7203,73,67,27,40,40,19,21,27,8,19
18435,maule,7,cauquenes,72,pelluhue,7203,74,58,26,32,31,12,19,27,14,13
18436,maule,7,cauquenes,72,pelluhue,7203,75,60,33,27,30,13,17,30,20,10
18437,maule,7,cauquenes,72,pelluhue,7203,76,56,30,26,32,14,18,24,16,8
18438,maule,7,cauquenes,72,pelluhue,7203,77,44,20,24,19,11,8,25,9,16
18439,maule,7,cauquenes,72,pelluhue,7203,78,50,24,26,20,10,10,30,14,16
18440,maule,7,cauquenes,72,pelluhue,7203,79,45,28,17,26,17,9,19,11,8
18441,maule,7,cauquenes,72,pelluhue,7203,80,30,16,14,13,6,7,17,10,7
18442,maule,7,cauquenes,72,pelluhue,7203,81,32,15,17,17,8,9,15,7,8
18443,maule,7,cauquenes,72,pelluhue,7203,82,34,17,17,19,10,9,15,7,8
18444,maule,7,cauquenes,72,pelluhue,7203,83,22,14,8,10,7,3,12,7,5
18445,maule,7,cauquenes,72,pelluhue,7203,84,19,10,9,12,6,6,7,4,3
18446,maule,7,cauquenes,72,pelluhue,7203,85,22,10,12,10,4,6,12,6,6
18447,maule,7,cauquenes,72,pelluhue,7203,86,25,14,11,15,8,7,10,6,4
18448,maule,7,cauquenes,72,pelluhue,7203,87,22,4,18,12,2,10,10,2,8
18449,maule,7,cauquenes,72,pelluhue,7203,88,18,8,10,10,6,4,8,2,6
18450,maule,7,cauquenes,72,pelluhue,7203,89,11,4,7,8,2,6,3,2,1
18451,maule,7,cauquenes,72,pelluhue,7203,90,7,1,6,3,0,3,4,1,3
18452,maule,7,cauquenes,72,pelluhue,7203,91,6,3,3,5,2,3,1,1,0
18453,maule,7,cauquenes,72,pelluhue,7203,92,9,4,5,4,2,2,5,2,3
18454,maule,7,cauquenes,72,pelluhue,7203,93,8,2,6,2,0,2,6,2,4
18455,maule,7,cauquenes,72,pelluhue,7203,94,5,2,3,2,0,2,3,2,1
18456,maule,7,cauquenes,72,pelluhue,7203,95,1,0,1,1,0,1,0,0,0
18457,maule,7,cauquenes,72,pelluhue,7203,96,1,0,1,1,0,1,0,0,0
18458,maule,7,cauquenes,72,pelluhue,7203,97,1,0,1,1,0,1,0,0,0
18459,maule,7,cauquenes,72,pelluhue,7203,98,0,0,0,0,0,0,0,0,0
18460,maule,7,cauquenes,72,pelluhue,7203,99,1,1,0,0,0,0,1,1,0
18461,maule,7,cauquenes,72,pelluhue,7203,100 o más,0,0,0,0,0,0,0,0,0
18462,maule,7,curicó,73,curicó,7301,total comuna,149136,72511,76625,132569,63924,68645,16567,8587,7980
18463,maule,7,curicó,73,curicó,7301,0,1866,956,910,1699,875,824,167,81,86
18464,maule,7,curicó,73,curicó,7301,1,2073,999,1074,1868,900,968,205,99,106
18465,maule,7,curicó,73,curicó,7301,2,2094,1066,1028,1881,955,926,213,111,102
18466,maule,7,curicó,73,curicó,7301,3,2018,1030,988,1821,929,892,197,101,96
18467,maule,7,curicó,73,curicó,7301,4,2124,1061,1063,1901,938,963,223,123,100
18468,maule,7,curicó,73,curicó,7301,5,1952,982,970,1753,889,864,199,93,106
18469,maule,7,curicó,73,curicó,7301,6,2231,1140,1091,2024,1043,981,207,97,110
18470,maule,7,curicó,73,curicó,7301,7,2150,1076,1074,1929,977,952,221,99,122
18471,maule,7,curicó,73,curicó,7301,8,2204,1066,1138,1948,940,1008,256,126,130
18472,maule,7,curicó,73,curicó,7301,9,2051,1048,1003,1828,933,895,223,115,108
18473,maule,7,curicó,73,curicó,7301,10,2052,1073,979,1845,962,883,207,111,96
18474,maule,7,curicó,73,curicó,7301,11,2001,1042,959,1784,926,858,217,116,101
18475,maule,7,curicó,73,curicó,7301,12,1968,1023,945,1771,916,855,197,107,90
18476,maule,7,curicó,73,curicó,7301,13,1995,1031,964,1761,904,857,234,127,107
18477,maule,7,curicó,73,curicó,7301,14,2083,1058,1025,1844,946,898,239,112,127
18478,maule,7,curicó,73,curicó,7301,15,2061,1067,994,1852,951,901,209,116,93
18479,maule,7,curicó,73,curicó,7301,16,2180,1123,1057,1933,996,937,247,127,120
18480,maule,7,curicó,73,curicó,7301,17,2202,1089,1113,1974,977,997,228,112,116
18481,maule,7,curicó,73,curicó,7301,18,1961,1011,950,1771,900,871,190,111,79
18482,maule,7,curicó,73,curicó,7301,19,1943,1031,912,1780,939,841,163,92,71
18483,maule,7,curicó,73,curicó,7301,20,2013,1030,983,1856,945,911,157,85,72
18484,maule,7,curicó,73,curicó,7301,21,1988,1023,965,1802,928,874,186,95,91
18485,maule,7,curicó,73,curicó,7301,22,2150,1118,1032,1956,1018,938,194,100,94
18486,maule,7,curicó,73,curicó,7301,23,2232,1113,1119,1988,979,1009,244,134,110
18487,maule,7,curicó,73,curicó,7301,24,2224,1077,1147,2009,968,1041,215,109,106
18488,maule,7,curicó,73,curicó,7301,25,2260,1132,1128,2030,1019,1011,230,113,117
18489,maule,7,curicó,73,curicó,7301,26,2392,1197,1195,2161,1090,1071,231,107,124
18490,maule,7,curicó,73,curicó,7301,27,2484,1210,1274,2260,1102,1158,224,108,116
18491,maule,7,curicó,73,curicó,7301,28,2457,1205,1252,2208,1075,1133,249,130,119
18492,maule,7,curicó,73,curicó,7301,29,2409,1187,1222,2200,1078,1122,209,109,100
18493,maule,7,curicó,73,curicó,7301,30,2303,1074,1229,2105,971,1134,198,103,95
18494,maule,7,curicó,73,curicó,7301,31,2147,1067,1080,1971,971,1000,176,96,80
18495,maule,7,curicó,73,curicó,7301,32,2026,1020,1006,1858,930,928,168,90,78
18496,maule,7,curicó,73,curicó,7301,33,2083,1004,1079,1893,913,980,190,91,99
18497,maule,7,curicó,73,curicó,7301,34,2166,1069,1097,1962,971,991,204,98,106
18498,maule,7,curicó,73,curicó,7301,35,2230,1042,1188,2022,947,1075,208,95,113
18499,maule,7,curicó,73,curicó,7301,36,2137,1015,1122,1939,917,1022,198,98,100
18500,maule,7,curicó,73,curicó,7301,37,2047,1008,1039,1844,897,947,203,111,92
18501,maule,7,curicó,73,curicó,7301,38,2020,1002,1018,1822,900,922,198,102,96
18502,maule,7,curicó,73,curicó,7301,39,1978,989,989,1766,883,883,212,106,106
18503,maule,7,curicó,73,curicó,7301,40,2114,1039,1075,1882,912,970,232,127,105
18504,maule,7,curicó,73,curicó,7301,41,2229,1084,1145,1967,955,1012,262,129,133
18505,maule,7,curicó,73,curicó,7301,42,2192,1036,1156,1965,928,1037,227,108,119
18506,maule,7,curicó,73,curicó,7301,43,2298,1102,1196,2055,984,1071,243,118,125
18507,maule,7,curicó,73,curicó,7301,44,2118,997,1121,1898,892,1006,220,105,115
18508,maule,7,curicó,73,curicó,7301,45,1978,999,979,1730,863,867,248,136,112
18509,maule,7,curicó,73,curicó,7301,46,1895,921,974,1662,805,857,233,116,117
18510,maule,7,curicó,73,curicó,7301,47,1865,884,981,1613,758,855,252,126,126
18511,maule,7,curicó,73,curicó,7301,48,2050,977,1073,1806,855,951,244,122,122
18512,maule,7,curicó,73,curicó,7301,49,2211,995,1216,1899,838,1061,312,157,155
18513,maule,7,curicó,73,curicó,7301,50,2086,1011,1075,1826,887,939,260,124,136
18514,maule,7,curicó,73,curicó,7301,51,2126,998,1128,1846,847,999,280,151,129
18515,maule,7,curicó,73,curicó,7301,52,2077,980,1097,1799,825,974,278,155,123
18516,maule,7,curicó,73,curicó,7301,53,2145,1009,1136,1861,854,1007,284,155,129
18517,maule,7,curicó,73,curicó,7301,54,2129,1038,1091,1836,877,959,293,161,132
18518,maule,7,curicó,73,curicó,7301,55,2034,958,1076,1766,817,949,268,141,127
18519,maule,7,curicó,73,curicó,7301,56,1893,899,994,1643,764,879,250,135,115
18520,maule,7,curicó,73,curicó,7301,57,1821,846,975,1596,729,867,225,117,108
18521,maule,7,curicó,73,curicó,7301,58,1771,852,919,1530,728,802,241,124,117
18522,maule,7,curicó,73,curicó,7301,59,1665,752,913,1438,642,796,227,110,117
18523,maule,7,curicó,73,curicó,7301,60,1645,776,869,1425,644,781,220,132,88
18524,maule,7,curicó,73,curicó,7301,61,1549,737,812,1340,612,728,209,125,84
18525,maule,7,curicó,73,curicó,7301,62,1433,716,717,1240,611,629,193,105,88
18526,maule,7,curicó,73,curicó,7301,63,1346,650,696,1161,544,617,185,106,79
18527,maule,7,curicó,73,curicó,7301,64,1349,622,727,1160,532,628,189,90,99
18528,maule,7,curicó,73,curicó,7301,65,1234,598,636,1064,510,554,170,88,82
18529,maule,7,curicó,73,curicó,7301,66,1188,560,628,1023,467,556,165,93,72
18530,maule,7,curicó,73,curicó,7301,67,1094,479,615,938,401,537,156,78,78
18531,maule,7,curicó,73,curicó,7301,68,1089,504,585,949,419,530,140,85,55
18532,maule,7,curicó,73,curicó,7301,69,980,473,507,844,403,441,136,70,66
18533,maule,7,curicó,73,curicó,7301,70,936,435,501,818,361,457,118,74,44
18534,maule,7,curicó,73,curicó,7301,71,844,371,473,737,319,418,107,52,55
18535,maule,7,curicó,73,curicó,7301,72,849,368,481,731,306,425,118,62,56
18536,maule,7,curicó,73,curicó,7301,73,801,372,429,708,312,396,93,60,33
18537,maule,7,curicó,73,curicó,7301,74,687,312,375,594,262,332,93,50,43
18538,maule,7,curicó,73,curicó,7301,75,677,305,372,586,256,330,91,49,42
18539,maule,7,curicó,73,curicó,7301,76,673,304,369,574,242,332,99,62,37
18540,maule,7,curicó,73,curicó,7301,77,594,263,331,522,227,295,72,36,36
18541,maule,7,curicó,73,curicó,7301,78,553,245,308,475,200,275,78,45,33
18542,maule,7,curicó,73,curicó,7301,79,465,205,260,411,178,233,54,27,27
18543,maule,7,curicó,73,curicó,7301,80,445,154,291,391,129,262,54,25,29
18544,maule,7,curicó,73,curicó,7301,81,384,178,206,330,148,182,54,30,24
18545,maule,7,curicó,73,curicó,7301,82,352,130,222,308,107,201,44,23,21
18546,maule,7,curicó,73,curicó,7301,83,326,120,206,276,97,179,50,23,27
18547,maule,7,curicó,73,curicó,7301,84,293,106,187,254,84,170,39,22,17
18548,maule,7,curicó,73,curicó,7301,85,285,125,160,253,105,148,32,20,12
18549,maule,7,curicó,73,curicó,7301,86,233,79,154,202,62,140,31,17,14
18550,maule,7,curicó,73,curicó,7301,87,220,79,141,191,66,125,29,13,16
18551,maule,7,curicó,73,curicó,7301,88,200,66,134,166,52,114,34,14,20
18552,maule,7,curicó,73,curicó,7301,89,184,63,121,151,49,102,33,14,19
18553,maule,7,curicó,73,curicó,7301,90,138,53,85,121,47,74,17,6,11
18554,maule,7,curicó,73,curicó,7301,91,96,29,67,81,23,58,15,6,9
18555,maule,7,curicó,73,curicó,7301,92,76,22,54,64,15,49,12,7,5
18556,maule,7,curicó,73,curicó,7301,93,71,25,46,67,25,42,4,0,4
18557,maule,7,curicó,73,curicó,7301,94,46,10,36,42,9,33,4,1,3
18558,maule,7,curicó,73,curicó,7301,95,35,9,26,32,8,24,3,1,2
18559,maule,7,curicó,73,curicó,7301,96,27,13,14,25,12,13,2,1,1
18560,maule,7,curicó,73,curicó,7301,97,16,3,13,14,3,11,2,0,2
18561,maule,7,curicó,73,curicó,7301,98,12,3,9,11,2,9,1,1,0
18562,maule,7,curicó,73,curicó,7301,99,11,1,10,10,1,9,1,0,1
18563,maule,7,curicó,73,curicó,7301,100 o más,48,17,31,43,16,27,5,1,4
18564,maule,7,curicó,73,hualañé,7302,total comuna,9657,4883,4774,5743,2867,2876,3914,2016,1898
18565,maule,7,curicó,73,hualañé,7302,0,102,51,51,67,35,32,35,16,19
18566,maule,7,curicó,73,hualañé,7302,1,103,51,52,66,36,30,37,15,22
18567,maule,7,curicó,73,hualañé,7302,2,106,52,54,71,35,36,35,17,18
18568,maule,7,curicó,73,hualañé,7302,3,117,56,61,66,35,31,51,21,30
18569,maule,7,curicó,73,hualañé,7302,4,105,58,47,65,30,35,40,28,12
18570,maule,7,curicó,73,hualañé,7302,5,103,57,46,57,31,26,46,26,20
18571,maule,7,curicó,73,hualañé,7302,6,117,52,65,72,35,37,45,17,28
18572,maule,7,curicó,73,hualañé,7302,7,126,75,51,86,52,34,40,23,17
18573,maule,7,curicó,73,hualañé,7302,8,130,71,59,88,49,39,42,22,20
18574,maule,7,curicó,73,hualañé,7302,9,125,64,61,73,34,39,52,30,22
18575,maule,7,curicó,73,hualañé,7302,10,116,74,42,68,44,24,48,30,18
18576,maule,7,curicó,73,hualañé,7302,11,129,67,62,85,48,37,44,19,25
18577,maule,7,curicó,73,hualañé,7302,12,123,63,60,80,47,33,43,16,27
18578,maule,7,curicó,73,hualañé,7302,13,113,44,69,67,27,40,46,17,29
18579,maule,7,curicó,73,hualañé,7302,14,126,65,61,71,31,40,55,34,21
18580,maule,7,curicó,73,hualañé,7302,15,123,60,63,94,48,46,29,12,17
18581,maule,7,curicó,73,hualañé,7302,16,166,90,76,110,66,44,56,24,32
18582,maule,7,curicó,73,hualañé,7302,17,130,74,56,74,40,34,56,34,22
18583,maule,7,curicó,73,hualañé,7302,18,86,42,44,47,22,25,39,20,19
18584,maule,7,curicó,73,hualañé,7302,19,102,49,53,53,26,27,49,23,26
18585,maule,7,curicó,73,hualañé,7302,20,102,49,53,60,30,30,42,19,23
18586,maule,7,curicó,73,hualañé,7302,21,89,37,52,56,24,32,33,13,20
18587,maule,7,curicó,73,hualañé,7302,22,104,60,44,67,39,28,37,21,16
18588,maule,7,curicó,73,hualañé,7302,23,133,60,73,79,37,42,54,23,31
18589,maule,7,curicó,73,hualañé,7302,24,122,68,54,77,41,36,45,27,18
18590,maule,7,curicó,73,hualañé,7302,25,125,62,63,79,36,43,46,26,20
18591,maule,7,curicó,73,hualañé,7302,26,130,61,69,79,37,42,51,24,27
18592,maule,7,curicó,73,hualañé,7302,27,124,60,64,88,46,42,36,14,22
18593,maule,7,curicó,73,hualañé,7302,28,124,61,63,83,42,41,41,19,22
18594,maule,7,curicó,73,hualañé,7302,29,112,55,57,79,37,42,33,18,15
18595,maule,7,curicó,73,hualañé,7302,30,127,59,68,78,34,44,49,25,24
18596,maule,7,curicó,73,hualañé,7302,31,110,53,57,72,32,40,38,21,17
18597,maule,7,curicó,73,hualañé,7302,32,104,59,45,67,33,34,37,26,11
18598,maule,7,curicó,73,hualañé,7302,33,102,47,55,68,30,38,34,17,17
18599,maule,7,curicó,73,hualañé,7302,34,93,40,53,62,26,36,31,14,17
18600,maule,7,curicó,73,hualañé,7302,35,133,72,61,96,54,42,37,18,19
18601,maule,7,curicó,73,hualañé,7302,36,101,44,57,67,30,37,34,14,20
18602,maule,7,curicó,73,hualañé,7302,37,112,59,53,71,40,31,41,19,22
18603,maule,7,curicó,73,hualañé,7302,38,116,57,59,79,34,45,37,23,14
18604,maule,7,curicó,73,hualañé,7302,39,123,55,68,71,33,38,52,22,30
18605,maule,7,curicó,73,hualañé,7302,40,111,59,52,67,34,33,44,25,19
18606,maule,7,curicó,73,hualañé,7302,41,134,75,59,88,54,34,46,21,25
18607,maule,7,curicó,73,hualañé,7302,42,146,64,82,85,39,46,61,25,36
18608,maule,7,curicó,73,hualañé,7302,43,154,76,78,101,49,52,53,27,26
18609,maule,7,curicó,73,hualañé,7302,44,119,66,53,66,31,35,53,35,18
18610,maule,7,curicó,73,hualañé,7302,45,138,72,66,68,37,31,70,35,35
18611,maule,7,curicó,73,hualañé,7302,46,151,73,78,90,40,50,61,33,28
18612,maule,7,curicó,73,hualañé,7302,47,138,64,74,82,39,43,56,25,31
18613,maule,7,curicó,73,hualañé,7302,48,130,58,72,77,34,43,53,24,29
18614,maule,7,curicó,73,hualañé,7302,49,178,92,86,97,47,50,81,45,36
18615,maule,7,curicó,73,hualañé,7302,50,127,59,68,73,34,39,54,25,29
18616,maule,7,curicó,73,hualañé,7302,51,128,62,66,71,39,32,57,23,34
18617,maule,7,curicó,73,hualañé,7302,52,156,85,71,79,38,41,77,47,30
18618,maule,7,curicó,73,hualañé,7302,53,146,85,61,87,51,36,59,34,25
18619,maule,7,curicó,73,hualañé,7302,54,155,75,80,91,46,45,64,29,35
18620,maule,7,curicó,73,hualañé,7302,55,158,86,72,93,52,41,65,34,31
18621,maule,7,curicó,73,hualañé,7302,56,137,69,68,68,29,39,69,40,29
18622,maule,7,curicó,73,hualañé,7302,57,128,63,65,78,37,41,50,26,24
18623,maule,7,curicó,73,hualañé,7302,58,140,77,63,78,42,36,62,35,27
18624,maule,7,curicó,73,hualañé,7302,59,119,67,52,67,35,32,52,32,20
18625,maule,7,curicó,73,hualañé,7302,60,117,56,61,70,35,35,47,21,26
18626,maule,7,curicó,73,hualañé,7302,61,129,59,70,71,30,41,58,29,29
18627,maule,7,curicó,73,hualañé,7302,62,141,69,72,83,40,43,58,29,29
18628,maule,7,curicó,73,hualañé,7302,63,127,63,64,66,26,40,61,37,24
18629,maule,7,curicó,73,hualañé,7302,64,114,66,48,65,34,31,49,32,17
18630,maule,7,curicó,73,hualañé,7302,65,103,49,54,48,16,32,55,33,22
18631,maule,7,curicó,73,hualañé,7302,66,118,66,52,67,35,32,51,31,20
18632,maule,7,curicó,73,hualañé,7302,67,114,64,50,55,36,19,59,28,31
18633,maule,7,curicó,73,hualañé,7302,68,83,40,43,44,20,24,39,20,19
18634,maule,7,curicó,73,hualañé,7302,69,93,50,43,59,31,28,34,19,15
18635,maule,7,curicó,73,hualañé,7302,70,94,53,41,51,32,19,43,21,22
18636,maule,7,curicó,73,hualañé,7302,71,88,42,46,50,22,28,38,20,18
18637,maule,7,curicó,73,hualañé,7302,72,91,46,45,44,21,23,47,25,22
18638,maule,7,curicó,73,hualañé,7302,73,75,47,28,40,26,14,35,21,14
18639,maule,7,curicó,73,hualañé,7302,74,65,33,32,30,13,17,35,20,15
18640,maule,7,curicó,73,hualañé,7302,75,62,34,28,27,10,17,35,24,11
18641,maule,7,curicó,73,hualañé,7302,76,58,25,33,30,12,18,28,13,15
18642,maule,7,curicó,73,hualañé,7302,77,51,27,24,29,17,12,22,10,12
18643,maule,7,curicó,73,hualañé,7302,78,56,29,27,24,12,12,32,17,15
18644,maule,7,curicó,73,hualañé,7302,79,44,23,21,20,12,8,24,11,13
18645,maule,7,curicó,73,hualañé,7302,80,53,26,27,32,14,18,21,12,9
18646,maule,7,curicó,73,hualañé,7302,81,45,18,27,22,7,15,23,11,12
18647,maule,7,curicó,73,hualañé,7302,82,44,19,25,20,8,12,24,11,13
18648,maule,7,curicó,73,hualañé,7302,83,39,17,22,22,9,13,17,8,9
18649,maule,7,curicó,73,hualañé,7302,84,27,15,12,15,7,8,12,8,4
18650,maule,7,curicó,73,hualañé,7302,85,34,16,18,21,11,10,13,5,8
18651,maule,7,curicó,73,hualañé,7302,86,28,15,13,14,7,7,14,8,6
18652,maule,7,curicó,73,hualañé,7302,87,30,17,13,18,9,9,12,8,4
18653,maule,7,curicó,73,hualañé,7302,88,27,9,18,15,6,9,12,3,9
18654,maule,7,curicó,73,hualañé,7302,89,19,9,10,13,6,7,6,3,3
18655,maule,7,curicó,73,hualañé,7302,90,12,3,9,7,1,6,5,2,3
18656,maule,7,curicó,73,hualañé,7302,91,14,7,7,8,3,5,6,4,2
18657,maule,7,curicó,73,hualañé,7302,92,8,2,6,2,1,1,6,1,5
18658,maule,7,curicó,73,hualañé,7302,93,12,5,7,8,4,4,4,1,3
18659,maule,7,curicó,73,hualañé,7302,94,4,0,4,3,0,3,1,0,1
18660,maule,7,curicó,73,hualañé,7302,95,1,0,1,1,0,1,0,0,0
18661,maule,7,curicó,73,hualañé,7302,96,2,2,0,1,1,0,1,1,0
18662,maule,7,curicó,73,hualañé,7302,97,5,0,5,3,0,3,2,0,2
18663,maule,7,curicó,73,hualañé,7302,98,0,0,0,0,0,0,0,0,0
18664,maule,7,curicó,73,hualañé,7302,99,0,0,0,0,0,0,0,0,0
18665,maule,7,curicó,73,hualañé,7302,100 o más,3,2,1,1,0,1,2,2,0
18666,maule,7,curicó,73,licantén,7303,total comuna,6653,3353,3300,4965,2454,2511,1688,899,789
18667,maule,7,curicó,73,licantén,7303,0,71,30,41,57,23,34,14,7,7
18668,maule,7,curicó,73,licantén,7303,1,72,35,37,63,31,32,9,4,5
18669,maule,7,curicó,73,licantén,7303,2,77,39,38,56,26,30,21,13,8
18670,maule,7,curicó,73,licantén,7303,3,64,28,36,48,19,29,16,9,7
18671,maule,7,curicó,73,licantén,7303,4,77,35,42,63,26,37,14,9,5
18672,maule,7,curicó,73,licantén,7303,5,80,39,41,62,29,33,18,10,8
18673,maule,7,curicó,73,licantén,7303,6,75,40,35,55,28,27,20,12,8
18674,maule,7,curicó,73,licantén,7303,7,100,49,51,79,39,40,21,10,11
18675,maule,7,curicó,73,licantén,7303,8,110,59,51,92,48,44,18,11,7
18676,maule,7,curicó,73,licantén,7303,9,87,45,42,70,37,33,17,8,9
18677,maule,7,curicó,73,licantén,7303,10,83,47,36,61,35,26,22,12,10
18678,maule,7,curicó,73,licantén,7303,11,70,47,23,50,33,17,20,14,6
18679,maule,7,curicó,73,licantén,7303,12,88,41,47,73,32,41,15,9,6
18680,maule,7,curicó,73,licantén,7303,13,90,43,47,68,31,37,22,12,10
18681,maule,7,curicó,73,licantén,7303,14,84,36,48,62,27,35,22,9,13
18682,maule,7,curicó,73,licantén,7303,15,83,44,39,66,34,32,17,10,7
18683,maule,7,curicó,73,licantén,7303,16,93,49,44,72,41,31,21,8,13
18684,maule,7,curicó,73,licantén,7303,17,106,60,46,81,47,34,25,13,12
18685,maule,7,curicó,73,licantén,7303,18,62,24,38,44,17,27,18,7,11
18686,maule,7,curicó,73,licantén,7303,19,53,31,22,36,20,16,17,11,6
18687,maule,7,curicó,73,licantén,7303,20,72,41,31,53,27,26,19,14,5
18688,maule,7,curicó,73,licantén,7303,21,61,36,25,41,27,14,20,9,11
18689,maule,7,curicó,73,licantén,7303,22,66,37,29,50,28,22,16,9,7
18690,maule,7,curicó,73,licantén,7303,23,75,35,40,56,25,31,19,10,9
18691,maule,7,curicó,73,licantén,7303,24,62,31,31,48,21,27,14,10,4
18692,maule,7,curicó,73,licantén,7303,25,96,50,46,73,40,33,23,10,13
18693,maule,7,curicó,73,licantén,7303,26,97,43,54,66,30,36,31,13,18
18694,maule,7,curicó,73,licantén,7303,27,89,46,43,70,39,31,19,7,12
18695,maule,7,curicó,73,licantén,7303,28,94,50,44,66,38,28,28,12,16
18696,maule,7,curicó,73,licantén,7303,29,98,45,53,71,33,38,27,12,15
18697,maule,7,curicó,73,licantén,7303,30,93,45,48,76,36,40,17,9,8
18698,maule,7,curicó,73,licantén,7303,31,77,32,45,60,23,37,17,9,8
18699,maule,7,curicó,73,licantén,7303,32,90,41,49,68,31,37,22,10,12
18700,maule,7,curicó,73,licantén,7303,33,78,32,46,65,26,39,13,6,7
18701,maule,7,curicó,73,licantén,7303,34,87,42,45,68,29,39,19,13,6
18702,maule,7,curicó,73,licantén,7303,35,99,53,46,72,34,38,27,19,8
18703,maule,7,curicó,73,licantén,7303,36,88,50,38,66,38,28,22,12,10
18704,maule,7,curicó,73,licantén,7303,37,74,36,38,58,28,30,16,8,8
18705,maule,7,curicó,73,licantén,7303,38,74,36,38,61,28,33,13,8,5
18706,maule,7,curicó,73,licantén,7303,39,85,36,49,72,32,40,13,4,9
18707,maule,7,curicó,73,licantén,7303,40,80,38,42,61,27,34,19,11,8
18708,maule,7,curicó,73,licantén,7303,41,93,57,36,75,45,30,18,12,6
18709,maule,7,curicó,73,licantén,7303,42,101,52,49,82,39,43,19,13,6
18710,maule,7,curicó,73,licantén,7303,43,94,49,45,76,39,37,18,10,8
18711,maule,7,curicó,73,licantén,7303,44,90,44,46,71,34,37,19,10,9
18712,maule,7,curicó,73,licantén,7303,45,93,49,44,73,37,36,20,12,8
18713,maule,7,curicó,73,licantén,7303,46,90,39,51,67,28,39,23,11,12
18714,maule,7,curicó,73,licantén,7303,47,93,51,42,63,35,28,30,16,14
18715,maule,7,curicó,73,licantén,7303,48,95,48,47,68,37,31,27,11,16
18716,maule,7,curicó,73,licantén,7303,49,103,55,48,68,38,30,35,17,18
18717,maule,7,curicó,73,licantén,7303,50,109,55,54,81,43,38,28,12,16
18718,maule,7,curicó,73,licantén,7303,51,118,66,52,85,48,37,33,18,15
18719,maule,7,curicó,73,licantén,7303,52,112,56,56,82,38,44,30,18,12
18720,maule,7,curicó,73,licantén,7303,53,129,66,63,91,43,48,38,23,15
18721,maule,7,curicó,73,licantén,7303,54,118,59,59,84,43,41,34,16,18
18722,maule,7,curicó,73,licantén,7303,55,79,42,37,54,26,28,25,16,9
18723,maule,7,curicó,73,licantén,7303,56,99,55,44,64,32,32,35,23,12
18724,maule,7,curicó,73,licantén,7303,57,101,46,55,77,37,40,24,9,15
18725,maule,7,curicó,73,licantén,7303,58,85,47,38,59,31,28,26,16,10
18726,maule,7,curicó,73,licantén,7303,59,98,39,59,74,31,43,24,8,16
18727,maule,7,curicó,73,licantén,7303,60,107,60,47,81,46,35,26,14,12
18728,maule,7,curicó,73,licantén,7303,61,82,36,46,64,26,38,18,10,8
18729,maule,7,curicó,73,licantén,7303,62,73,36,37,58,28,30,15,8,7
18730,maule,7,curicó,73,licantén,7303,63,82,40,42,66,30,36,16,10,6
18731,maule,7,curicó,73,licantén,7303,64,65,29,36,42,19,23,23,10,13
18732,maule,7,curicó,73,licantén,7303,65,70,38,32,55,29,26,15,9,6
18733,maule,7,curicó,73,licantén,7303,66,66,34,32,51,23,28,15,11,4
18734,maule,7,curicó,73,licantén,7303,67,80,39,41,55,24,31,25,15,10
18735,maule,7,curicó,73,licantén,7303,68,57,36,21,41,27,14,16,9,7
18736,maule,7,curicó,73,licantén,7303,69,58,34,24,44,25,19,14,9,5
18737,maule,7,curicó,73,licantén,7303,70,53,33,20,39,24,15,14,9,5
18738,maule,7,curicó,73,licantén,7303,71,49,25,24,32,20,12,17,5,12
18739,maule,7,curicó,73,licantén,7303,72,56,30,26,35,17,18,21,13,8
18740,maule,7,curicó,73,licantén,7303,73,42,24,18,23,13,10,19,11,8
18741,maule,7,curicó,73,licantén,7303,74,41,23,18,23,11,12,18,12,6
18742,maule,7,curicó,73,licantén,7303,75,38,19,19,25,13,12,13,6,7
18743,maule,7,curicó,73,licantén,7303,76,39,24,15,26,15,11,13,9,4
18744,maule,7,curicó,73,licantén,7303,77,38,23,15,28,16,12,10,7,3
18745,maule,7,curicó,73,licantén,7303,78,35,15,20,21,11,10,14,4,10
18746,maule,7,curicó,73,licantén,7303,79,32,13,19,21,9,12,11,4,7
18747,maule,7,curicó,73,licantén,7303,80,20,9,11,17,7,10,3,2,1
18748,maule,7,curicó,73,licantén,7303,81,20,9,11,12,6,6,8,3,5
18749,maule,7,curicó,73,licantén,7303,82,20,8,12,14,4,10,6,4,2
18750,maule,7,curicó,73,licantén,7303,83,20,7,13,13,6,7,7,1,6
18751,maule,7,curicó,73,licantén,7303,84,17,5,12,10,4,6,7,1,6
18752,maule,7,curicó,73,licantén,7303,85,19,11,8,13,7,6,6,4,2
18753,maule,7,curicó,73,licantén,7303,86,21,10,11,15,6,9,6,4,2
18754,maule,7,curicó,73,licantén,7303,87,13,7,6,5,3,2,8,4,4
18755,maule,7,curicó,73,licantén,7303,88,9,2,7,7,1,6,2,1,1
18756,maule,7,curicó,73,licantén,7303,89,16,5,11,14,4,10,2,1,1
18757,maule,7,curicó,73,licantén,7303,90,18,6,12,12,3,9,6,3,3
18758,maule,7,curicó,73,licantén,7303,91,11,2,9,8,2,6,3,0,3
18759,maule,7,curicó,73,licantén,7303,92,5,2,3,5,2,3,0,0,0
18760,maule,7,curicó,73,licantén,7303,93,1,1,0,1,1,0,0,0,0
18761,maule,7,curicó,73,licantén,7303,94,1,0,1,1,0,1,0,0,0
18762,maule,7,curicó,73,licantén,7303,95,5,1,4,5,1,4,0,0,0
18763,maule,7,curicó,73,licantén,7303,96,2,2,0,1,1,0,1,1,0
18764,maule,7,curicó,73,licantén,7303,97,0,0,0,0,0,0,0,0,0
18765,maule,7,curicó,73,licantén,7303,98,4,0,4,3,0,3,1,0,1
18766,maule,7,curicó,73,licantén,7303,99,3,2,1,2,1,1,1,1,0
18767,maule,7,curicó,73,licantén,7303,100 o más,5,2,3,4,2,2,1,0,1
18768,maule,7,curicó,73,molina,7304,total comuna,45976,22635,23341,37318,18114,19204,8658,4521,4137
18769,maule,7,curicó,73,molina,7304,0,570,305,265,474,253,221,96,52,44
18770,maule,7,curicó,73,molina,7304,1,651,330,321,543,273,270,108,57,51
18771,maule,7,curicó,73,molina,7304,2,662,335,327,554,277,277,108,58,50
18772,maule,7,curicó,73,molina,7304,3,639,321,318,524,272,252,115,49,66
18773,maule,7,curicó,73,molina,7304,4,631,310,321,507,247,260,124,63,61
18774,maule,7,curicó,73,molina,7304,5,626,306,320,517,246,271,109,60,49
18775,maule,7,curicó,73,molina,7304,6,649,360,289,559,306,253,90,54,36
18776,maule,7,curicó,73,molina,7304,7,669,361,308,578,313,265,91,48,43
18777,maule,7,curicó,73,molina,7304,8,662,340,322,551,282,269,111,58,53
18778,maule,7,curicó,73,molina,7304,9,646,335,311,541,278,263,105,57,48
18779,maule,7,curicó,73,molina,7304,10,640,314,326,528,265,263,112,49,63
18780,maule,7,curicó,73,molina,7304,11,628,333,295,525,277,248,103,56,47
18781,maule,7,curicó,73,molina,7304,12,584,278,306,492,231,261,92,47,45
18782,maule,7,curicó,73,molina,7304,13,534,271,263,447,224,223,87,47,40
18783,maule,7,curicó,73,molina,7304,14,622,318,304,525,273,252,97,45,52
18784,maule,7,curicó,73,molina,7304,15,615,326,289,518,283,235,97,43,54
18785,maule,7,curicó,73,molina,7304,16,644,321,323,530,269,261,114,52,62
18786,maule,7,curicó,73,molina,7304,17,659,328,331,550,272,278,109,56,53
18787,maule,7,curicó,73,molina,7304,18,633,315,318,531,260,271,102,55,47
18788,maule,7,curicó,73,molina,7304,19,639,336,303,540,284,256,99,52,47
18789,maule,7,curicó,73,molina,7304,20,599,280,319,485,223,262,114,57,57
18790,maule,7,curicó,73,molina,7304,21,585,295,290,474,234,240,111,61,50
18791,maule,7,curicó,73,molina,7304,22,673,339,334,553,274,279,120,65,55
18792,maule,7,curicó,73,molina,7304,23,645,338,307,530,280,250,115,58,57
18793,maule,7,curicó,73,molina,7304,24,701,360,341,554,274,280,147,86,61
18794,maule,7,curicó,73,molina,7304,25,654,324,330,551,268,283,103,56,47
18795,maule,7,curicó,73,molina,7304,26,633,322,311,529,265,264,104,57,47
18796,maule,7,curicó,73,molina,7304,27,794,365,429,656,295,361,138,70,68
18797,maule,7,curicó,73,molina,7304,28,679,340,339,587,289,298,92,51,41
18798,maule,7,curicó,73,molina,7304,29,678,334,344,574,287,287,104,47,57
18799,maule,7,curicó,73,molina,7304,30,661,321,340,558,266,292,103,55,48
18800,maule,7,curicó,73,molina,7304,31,620,305,315,524,261,263,96,44,52
18801,maule,7,curicó,73,molina,7304,32,591,288,303,505,243,262,86,45,41
18802,maule,7,curicó,73,molina,7304,33,560,258,302,458,211,247,102,47,55
18803,maule,7,curicó,73,molina,7304,34,647,298,349,540,253,287,107,45,62
18804,maule,7,curicó,73,molina,7304,35,700,351,349,597,296,301,103,55,48
18805,maule,7,curicó,73,molina,7304,36,647,316,331,543,263,280,104,53,51
18806,maule,7,curicó,73,molina,7304,37,645,313,332,533,254,279,112,59,53
18807,maule,7,curicó,73,molina,7304,38,626,297,329,532,245,287,94,52,42
18808,maule,7,curicó,73,molina,7304,39,651,310,341,529,252,277,122,58,64
18809,maule,7,curicó,73,molina,7304,40,626,299,327,508,236,272,118,63,55
18810,maule,7,curicó,73,molina,7304,41,638,310,328,534,258,276,104,52,52
18811,maule,7,curicó,73,molina,7304,42,649,339,310,517,263,254,132,76,56
18812,maule,7,curicó,73,molina,7304,43,647,336,311,507,249,258,140,87,53
18813,maule,7,curicó,73,molina,7304,44,619,315,304,499,254,245,120,61,59
18814,maule,7,curicó,73,molina,7304,45,559,273,286,458,223,235,101,50,51
18815,maule,7,curicó,73,molina,7304,46,530,266,264,421,207,214,109,59,50
18816,maule,7,curicó,73,molina,7304,47,562,274,288,448,220,228,114,54,60
18817,maule,7,curicó,73,molina,7304,48,599,286,313,474,217,257,125,69,56
18818,maule,7,curicó,73,molina,7304,49,672,304,368,516,227,289,156,77,79
18819,maule,7,curicó,73,molina,7304,50,665,324,341,528,253,275,137,71,66
18820,maule,7,curicó,73,molina,7304,51,675,325,350,531,244,287,144,81,63
18821,maule,7,curicó,73,molina,7304,52,681,310,371,521,230,291,160,80,80
18822,maule,7,curicó,73,molina,7304,53,701,350,351,559,272,287,142,78,64
18823,maule,7,curicó,73,molina,7304,54,628,300,328,499,230,269,129,70,59
18824,maule,7,curicó,73,molina,7304,55,623,315,308,472,232,240,151,83,68
18825,maule,7,curicó,73,molina,7304,56,588,277,311,468,208,260,120,69,51
18826,maule,7,curicó,73,molina,7304,57,562,283,279,440,212,228,122,71,51
18827,maule,7,curicó,73,molina,7304,58,580,294,286,457,234,223,123,60,63
18828,maule,7,curicó,73,molina,7304,59,560,271,289,439,211,228,121,60,61
18829,maule,7,curicó,73,molina,7304,60,521,258,263,412,191,221,109,67,42
18830,maule,7,curicó,73,molina,7304,61,517,264,253,413,205,208,104,59,45
18831,maule,7,curicó,73,molina,7304,62,482,253,229,375,195,180,107,58,49
18832,maule,7,curicó,73,molina,7304,63,503,238,265,412,193,219,91,45,46
18833,maule,7,curicó,73,molina,7304,64,445,223,222,337,163,174,108,60,48
18834,maule,7,curicó,73,molina,7304,65,409,188,221,322,147,175,87,41,46
18835,maule,7,curicó,73,molina,7304,66,394,175,219,297,128,169,97,47,50
18836,maule,7,curicó,73,molina,7304,67,372,180,192,291,137,154,81,43,38
18837,maule,7,curicó,73,molina,7304,68,355,162,193,263,114,149,92,48,44
18838,maule,7,curicó,73,molina,7304,69,361,183,178,270,130,140,91,53,38
18839,maule,7,curicó,73,molina,7304,70,352,171,181,258,120,138,94,51,43
18840,maule,7,curicó,73,molina,7304,71,311,140,171,243,102,141,68,38,30
18841,maule,7,curicó,73,molina,7304,72,273,140,133,207,109,98,66,31,35
18842,maule,7,curicó,73,molina,7304,73,263,124,139,198,88,110,65,36,29
18843,maule,7,curicó,73,molina,7304,74,269,118,151,209,86,123,60,32,28
18844,maule,7,curicó,73,molina,7304,75,226,102,124,167,70,97,59,32,27
18845,maule,7,curicó,73,molina,7304,76,214,104,110,159,73,86,55,31,24
18846,maule,7,curicó,73,molina,7304,77,206,107,99,146,73,73,60,34,26
18847,maule,7,curicó,73,molina,7304,78,207,96,111,158,69,89,49,27,22
18848,maule,7,curicó,73,molina,7304,79,160,77,83,121,60,61,39,17,22
18849,maule,7,curicó,73,molina,7304,80,150,66,84,121,52,69,29,14,15
18850,maule,7,curicó,73,molina,7304,81,144,67,77,104,42,62,40,25,15
18851,maule,7,curicó,73,molina,7304,82,129,59,70,95,46,49,34,13,21
18852,maule,7,curicó,73,molina,7304,83,98,32,66,78,22,56,20,10,10
18853,maule,7,curicó,73,molina,7304,84,81,48,33,66,41,25,15,7,8
18854,maule,7,curicó,73,molina,7304,85,93,33,60,75,24,51,18,9,9
18855,maule,7,curicó,73,molina,7304,86,86,31,55,70,23,47,16,8,8
18856,maule,7,curicó,73,molina,7304,87,87,25,62,64,17,47,23,8,15
18857,maule,7,curicó,73,molina,7304,88,62,28,34,49,20,29,13,8,5
18858,maule,7,curicó,73,molina,7304,89,62,17,45,50,14,36,12,3,9
18859,maule,7,curicó,73,molina,7304,90,50,21,29,43,18,25,7,3,4
18860,maule,7,curicó,73,molina,7304,91,24,10,14,21,8,13,3,2,1
18861,maule,7,curicó,73,molina,7304,92,35,13,22,27,10,17,8,3,5
18862,maule,7,curicó,73,molina,7304,93,18,14,4,15,13,2,3,1,2
18863,maule,7,curicó,73,molina,7304,94,10,4,6,6,1,5,4,3,1
18864,maule,7,curicó,73,molina,7304,95,13,5,8,7,3,4,6,2,4
18865,maule,7,curicó,73,molina,7304,96,16,5,11,13,4,9,3,1,2
18866,maule,7,curicó,73,molina,7304,97,6,1,5,4,1,3,2,0,2
18867,maule,7,curicó,73,molina,7304,98,5,3,2,3,2,1,2,1,1
18868,maule,7,curicó,73,molina,7304,99,3,0,3,3,0,3,0,0,0
18869,maule,7,curicó,73,molina,7304,100 o más,8,2,6,4,2,2,4,0,4
18870,maule,7,curicó,73,rauco,7305,total comuna,10484,5238,5246,5531,2686,2845,4953,2552,2401
18871,maule,7,curicó,73,rauco,7305,0,128,72,56,81,42,39,47,30,17
18872,maule,7,curicó,73,rauco,7305,1,118,57,61,68,28,40,50,29,21
18873,maule,7,curicó,73,rauco,7305,2,129,74,55,81,47,34,48,27,21
18874,maule,7,curicó,73,rauco,7305,3,132,72,60,82,48,34,50,24,26
18875,maule,7,curicó,73,rauco,7305,4,144,74,70,82,45,37,62,29,33
18876,maule,7,curicó,73,rauco,7305,5,120,59,61,67,36,31,53,23,30
18877,maule,7,curicó,73,rauco,7305,6,145,78,67,92,49,43,53,29,24
18878,maule,7,curicó,73,rauco,7305,7,142,73,69,93,44,49,49,29,20
18879,maule,7,curicó,73,rauco,7305,8,141,74,67,87,46,41,54,28,26
18880,maule,7,curicó,73,rauco,7305,9,150,83,67,99,53,46,51,30,21
18881,maule,7,curicó,73,rauco,7305,10,150,81,69,103,60,43,47,21,26
18882,maule,7,curicó,73,rauco,7305,11,146,72,74,86,40,46,60,32,28
18883,maule,7,curicó,73,rauco,7305,12,150,78,72,79,43,36,71,35,36
18884,maule,7,curicó,73,rauco,7305,13,116,70,46,66,41,25,50,29,21
18885,maule,7,curicó,73,rauco,7305,14,146,67,79,85,37,48,61,30,31
18886,maule,7,curicó,73,rauco,7305,15,146,69,77,82,39,43,64,30,34
18887,maule,7,curicó,73,rauco,7305,16,148,75,73,81,48,33,67,27,40
18888,maule,7,curicó,73,rauco,7305,17,136,77,59,70,45,25,66,32,34
18889,maule,7,curicó,73,rauco,7305,18,132,66,66,83,38,45,49,28,21
18890,maule,7,curicó,73,rauco,7305,19,142,70,72,82,39,43,60,31,29
18891,maule,7,curicó,73,rauco,7305,20,160,88,72,92,51,41,68,37,31
18892,maule,7,curicó,73,rauco,7305,21,118,60,58,66,32,34,52,28,24
18893,maule,7,curicó,73,rauco,7305,22,151,79,72,86,45,41,65,34,31
18894,maule,7,curicó,73,rauco,7305,23,137,66,71,86,42,44,51,24,27
18895,maule,7,curicó,73,rauco,7305,24,133,62,71,63,29,34,70,33,37
18896,maule,7,curicó,73,rauco,7305,25,134,67,67,71,35,36,63,32,31
18897,maule,7,curicó,73,rauco,7305,26,164,74,90,92,42,50,72,32,40
18898,maule,7,curicó,73,rauco,7305,27,145,74,71,77,37,40,68,37,31
18899,maule,7,curicó,73,rauco,7305,28,159,81,78,92,47,45,67,34,33
18900,maule,7,curicó,73,rauco,7305,29,169,92,77,107,57,50,62,35,27
18901,maule,7,curicó,73,rauco,7305,30,136,65,71,83,36,47,53,29,24
18902,maule,7,curicó,73,rauco,7305,31,115,47,68,73,31,42,42,16,26
18903,maule,7,curicó,73,rauco,7305,32,112,59,53,69,35,34,43,24,19
18904,maule,7,curicó,73,rauco,7305,33,128,61,67,71,29,42,57,32,25
18905,maule,7,curicó,73,rauco,7305,34,135,64,71,83,41,42,52,23,29
18906,maule,7,curicó,73,rauco,7305,35,126,58,68,73,32,41,53,26,27
18907,maule,7,curicó,73,rauco,7305,36,133,60,73,85,36,49,48,24,24
18908,maule,7,curicó,73,rauco,7305,37,124,57,67,63,30,33,61,27,34
18909,maule,7,curicó,73,rauco,7305,38,146,75,71,80,38,42,66,37,29
18910,maule,7,curicó,73,rauco,7305,39,138,53,85,69,23,46,69,30,39
18911,maule,7,curicó,73,rauco,7305,40,137,63,74,89,35,54,48,28,20
18912,maule,7,curicó,73,rauco,7305,41,153,77,76,80,43,37,73,34,39
18913,maule,7,curicó,73,rauco,7305,42,158,85,73,87,48,39,71,37,34
18914,maule,7,curicó,73,rauco,7305,43,163,77,86,81,30,51,82,47,35
18915,maule,7,curicó,73,rauco,7305,44,149,67,82,83,38,45,66,29,37
18916,maule,7,curicó,73,rauco,7305,45,150,83,67,79,40,39,71,43,28
18917,maule,7,curicó,73,rauco,7305,46,128,58,70,67,35,32,61,23,38
18918,maule,7,curicó,73,rauco,7305,47,174,80,94,88,44,44,86,36,50
18919,maule,7,curicó,73,rauco,7305,48,136,70,66,74,35,39,62,35,27
18920,maule,7,curicó,73,rauco,7305,49,165,73,92,69,26,43,96,47,49
18921,maule,7,curicó,73,rauco,7305,50,176,92,84,76,41,35,100,51,49
18922,maule,7,curicó,73,rauco,7305,51,146,83,63,69,35,34,77,48,29
18923,maule,7,curicó,73,rauco,7305,52,144,71,73,65,33,32,79,38,41
18924,maule,7,curicó,73,rauco,7305,53,175,84,91,89,36,53,86,48,38
18925,maule,7,curicó,73,rauco,7305,54,160,80,80,66,30,36,94,50,44
18926,maule,7,curicó,73,rauco,7305,55,143,65,78,68,30,38,75,35,40
18927,maule,7,curicó,73,rauco,7305,56,139,77,62,63,31,32,76,46,30
18928,maule,7,curicó,73,rauco,7305,57,122,58,64,61,35,26,61,23,38
18929,maule,7,curicó,73,rauco,7305,58,123,61,62,50,18,32,73,43,30
18930,maule,7,curicó,73,rauco,7305,59,127,55,72,54,23,31,73,32,41
18931,maule,7,curicó,73,rauco,7305,60,126,73,53,62,33,29,64,40,24
18932,maule,7,curicó,73,rauco,7305,61,113,58,55,51,22,29,62,36,26
18933,maule,7,curicó,73,rauco,7305,62,95,48,47,45,18,27,50,30,20
18934,maule,7,curicó,73,rauco,7305,63,125,72,53,54,30,24,71,42,29
18935,maule,7,curicó,73,rauco,7305,64,114,56,58,47,21,26,67,35,32
18936,maule,7,curicó,73,rauco,7305,65,96,53,43,41,25,16,55,28,27
18937,maule,7,curicó,73,rauco,7305,66,105,50,55,51,21,30,54,29,25
18938,maule,7,curicó,73,rauco,7305,67,85,49,36,35,22,13,50,27,23
18939,maule,7,curicó,73,rauco,7305,68,86,34,52,42,11,31,44,23,21
18940,maule,7,curicó,73,rauco,7305,69,97,48,49,38,13,25,59,35,24
18941,maule,7,curicó,73,rauco,7305,70,72,29,43,22,8,14,50,21,29
18942,maule,7,curicó,73,rauco,7305,71,73,40,33,30,18,12,43,22,21
18943,maule,7,curicó,73,rauco,7305,72,88,52,36,36,20,16,52,32,20
18944,maule,7,curicó,73,rauco,7305,73,63,31,32,20,7,13,43,24,19
18945,maule,7,curicó,73,rauco,7305,74,64,28,36,27,7,20,37,21,16
18946,maule,7,curicó,73,rauco,7305,75,58,31,27,28,12,16,30,19,11
18947,maule,7,curicó,73,rauco,7305,76,49,24,25,16,8,8,33,16,17
18948,maule,7,curicó,73,rauco,7305,77,66,35,31,31,16,15,35,19,16
18949,maule,7,curicó,73,rauco,7305,78,47,20,27,16,6,10,31,14,17
18950,maule,7,curicó,73,rauco,7305,79,45,14,31,22,7,15,23,7,16
18951,maule,7,curicó,73,rauco,7305,80,35,24,11,15,11,4,20,13,7
18952,maule,7,curicó,73,rauco,7305,81,32,19,13,10,5,5,22,14,8
18953,maule,7,curicó,73,rauco,7305,82,37,16,21,16,7,9,21,9,12
18954,maule,7,curicó,73,rauco,7305,83,42,17,25,18,7,11,24,10,14
18955,maule,7,curicó,73,rauco,7305,84,28,16,12,11,6,5,17,10,7
18956,maule,7,curicó,73,rauco,7305,85,28,13,15,14,6,8,14,7,7
18957,maule,7,curicó,73,rauco,7305,86,19,6,13,8,2,6,11,4,7
18958,maule,7,curicó,73,rauco,7305,87,22,8,14,9,5,4,13,3,10
18959,maule,7,curicó,73,rauco,7305,88,14,5,9,4,2,2,10,3,7
18960,maule,7,curicó,73,rauco,7305,89,13,5,8,3,0,3,10,5,5
18961,maule,7,curicó,73,rauco,7305,90,21,9,12,9,4,5,12,5,7
18962,maule,7,curicó,73,rauco,7305,91,4,2,2,1,0,1,3,2,1
18963,maule,7,curicó,73,rauco,7305,92,5,1,4,3,1,2,2,0,2
18964,maule,7,curicó,73,rauco,7305,93,8,3,5,4,1,3,4,2,2
18965,maule,7,curicó,73,rauco,7305,94,5,2,3,2,1,1,3,1,2
18966,maule,7,curicó,73,rauco,7305,95,2,1,1,0,0,0,2,1,1
18967,maule,7,curicó,73,rauco,7305,96,2,2,0,0,0,0,2,2,0
18968,maule,7,curicó,73,rauco,7305,97,1,0,1,0,0,0,1,0,1
18969,maule,7,curicó,73,rauco,7305,98,2,0,2,0,0,0,2,0,2
18970,maule,7,curicó,73,rauco,7305,99,1,0,1,0,0,0,1,0,1
18971,maule,7,curicó,73,rauco,7305,100 o más,4,2,2,2,1,1,2,1,1
18972,maule,7,curicó,73,romeral,7306,total comuna,15187,7624,7563,6529,3150,3379,8658,4474,4184
18973,maule,7,curicó,73,romeral,7306,0,195,96,99,91,45,46,104,51,53
18974,maule,7,curicó,73,romeral,7306,1,197,94,103,87,43,44,110,51,59
18975,maule,7,curicó,73,romeral,7306,2,214,93,121,103,41,62,111,52,59
18976,maule,7,curicó,73,romeral,7306,3,178,88,90,97,52,45,81,36,45
18977,maule,7,curicó,73,romeral,7306,4,221,115,106,101,54,47,120,61,59
18978,maule,7,curicó,73,romeral,7306,5,190,88,102,86,39,47,104,49,55
18979,maule,7,curicó,73,romeral,7306,6,226,118,108,114,62,52,112,56,56
18980,maule,7,curicó,73,romeral,7306,7,191,100,91,83,46,37,108,54,54
18981,maule,7,curicó,73,romeral,7306,8,186,87,99,85,42,43,101,45,56
18982,maule,7,curicó,73,romeral,7306,9,205,94,111,88,41,47,117,53,64
18983,maule,7,curicó,73,romeral,7306,10,216,106,110,100,52,48,116,54,62
18984,maule,7,curicó,73,romeral,7306,11,214,109,105,110,61,49,104,48,56
18985,maule,7,curicó,73,romeral,7306,12,216,102,114,103,45,58,113,57,56
18986,maule,7,curicó,73,romeral,7306,13,178,98,80,82,46,36,96,52,44
18987,maule,7,curicó,73,romeral,7306,14,204,103,101,98,45,53,106,58,48
18988,maule,7,curicó,73,romeral,7306,15,218,117,101,103,58,45,115,59,56
18989,maule,7,curicó,73,romeral,7306,16,230,126,104,108,61,47,122,65,57
18990,maule,7,curicó,73,romeral,7306,17,187,94,93,92,42,50,95,52,43
18991,maule,7,curicó,73,romeral,7306,18,187,100,87,78,39,39,109,61,48
18992,maule,7,curicó,73,romeral,7306,19,180,99,81,80,44,36,100,55,45
18993,maule,7,curicó,73,romeral,7306,20,213,102,111,102,48,54,111,54,57
18994,maule,7,curicó,73,romeral,7306,21,185,87,98,77,33,44,108,54,54
18995,maule,7,curicó,73,romeral,7306,22,197,102,95,89,53,36,108,49,59
18996,maule,7,curicó,73,romeral,7306,23,177,84,93,82,36,46,95,48,47
18997,maule,7,curicó,73,romeral,7306,24,228,111,117,101,46,55,127,65,62
18998,maule,7,curicó,73,romeral,7306,25,228,98,130,92,37,55,136,61,75
18999,maule,7,curicó,73,romeral,7306,26,242,112,130,120,52,68,122,60,62
19000,maule,7,curicó,73,romeral,7306,27,239,125,114,120,64,56,119,61,58
19001,maule,7,curicó,73,romeral,7306,28,226,111,115,107,51,56,119,60,59
19002,maule,7,curicó,73,romeral,7306,29,251,126,125,112,56,56,139,70,69
19003,maule,7,curicó,73,romeral,7306,30,216,126,90,98,61,37,118,65,53
19004,maule,7,curicó,73,romeral,7306,31,181,99,82,83,49,34,98,50,48
19005,maule,7,curicó,73,romeral,7306,32,209,101,108,90,41,49,119,60,59
19006,maule,7,curicó,73,romeral,7306,33,213,99,114,105,42,63,108,57,51
19007,maule,7,curicó,73,romeral,7306,34,193,92,101,96,47,49,97,45,52
19008,maule,7,curicó,73,romeral,7306,35,226,111,115,100,44,56,126,67,59
19009,maule,7,curicó,73,romeral,7306,36,189,89,100,94,45,49,95,44,51
19010,maule,7,curicó,73,romeral,7306,37,201,91,110,87,34,53,114,57,57
19011,maule,7,curicó,73,romeral,7306,38,216,98,118,105,46,59,111,52,59
19012,maule,7,curicó,73,romeral,7306,39,212,110,102,78,43,35,134,67,67
19013,maule,7,curicó,73,romeral,7306,40,225,113,112,109,48,61,116,65,51
19014,maule,7,curicó,73,romeral,7306,41,225,117,108,100,50,50,125,67,58
19015,maule,7,curicó,73,romeral,7306,42,238,108,130,86,36,50,152,72,80
19016,maule,7,curicó,73,romeral,7306,43,267,133,134,107,47,60,160,86,74
19017,maule,7,curicó,73,romeral,7306,44,262,143,119,124,59,65,138,84,54
19018,maule,7,curicó,73,romeral,7306,45,194,99,95,77,39,38,117,60,57
19019,maule,7,curicó,73,romeral,7306,46,213,109,104,78,37,41,135,72,63
19020,maule,7,curicó,73,romeral,7306,47,224,118,106,86,41,45,138,77,61
19021,maule,7,curicó,73,romeral,7306,48,249,140,109,88,49,39,161,91,70
19022,maule,7,curicó,73,romeral,7306,49,240,125,115,103,48,55,137,77,60
19023,maule,7,curicó,73,romeral,7306,50,226,118,108,100,47,53,126,71,55
19024,maule,7,curicó,73,romeral,7306,51,249,132,117,114,55,59,135,77,58
19025,maule,7,curicó,73,romeral,7306,52,204,112,92,78,37,41,126,75,51
19026,maule,7,curicó,73,romeral,7306,53,243,117,126,96,40,56,147,77,70
19027,maule,7,curicó,73,romeral,7306,54,215,102,113,85,41,44,130,61,69
19028,maule,7,curicó,73,romeral,7306,55,214,111,103,84,41,43,130,70,60
19029,maule,7,curicó,73,romeral,7306,56,184,106,78,69,34,35,115,72,43
19030,maule,7,curicó,73,romeral,7306,57,197,85,112,73,31,42,124,54,70
19031,maule,7,curicó,73,romeral,7306,58,162,90,72,59,30,29,103,60,43
19032,maule,7,curicó,73,romeral,7306,59,182,97,85,71,34,37,111,63,48
19033,maule,7,curicó,73,romeral,7306,60,187,96,91,70,35,35,117,61,56
19034,maule,7,curicó,73,romeral,7306,61,147,75,72,48,17,31,99,58,41
19035,maule,7,curicó,73,romeral,7306,62,140,65,75,54,18,36,86,47,39
19036,maule,7,curicó,73,romeral,7306,63,155,82,73,61,35,26,94,47,47
19037,maule,7,curicó,73,romeral,7306,64,130,69,61,49,25,24,81,44,37
19038,maule,7,curicó,73,romeral,7306,65,117,53,64,47,21,26,70,32,38
19039,maule,7,curicó,73,romeral,7306,66,128,69,59,50,27,23,78,42,36
19040,maule,7,curicó,73,romeral,7306,67,136,71,65,48,20,28,88,51,37
19041,maule,7,curicó,73,romeral,7306,68,126,65,61,56,24,32,70,41,29
19042,maule,7,curicó,73,romeral,7306,69,111,63,48,36,18,18,75,45,30
19043,maule,7,curicó,73,romeral,7306,70,119,60,59,39,18,21,80,42,38
19044,maule,7,curicó,73,romeral,7306,71,87,46,41,31,16,15,56,30,26
19045,maule,7,curicó,73,romeral,7306,72,92,40,52,34,11,23,58,29,29
19046,maule,7,curicó,73,romeral,7306,73,81,39,42,24,10,14,57,29,28
19047,maule,7,curicó,73,romeral,7306,74,63,32,31,18,9,9,45,23,22
19048,maule,7,curicó,73,romeral,7306,75,84,36,48,30,12,18,54,24,30
19049,maule,7,curicó,73,romeral,7306,76,61,35,26,23,16,7,38,19,19
19050,maule,7,curicó,73,romeral,7306,77,60,34,26,23,13,10,37,21,16
19051,maule,7,curicó,73,romeral,7306,78,62,31,31,22,9,13,40,22,18
19052,maule,7,curicó,73,romeral,7306,79,57,30,27,26,15,11,31,15,16
19053,maule,7,curicó,73,romeral,7306,80,48,21,27,16,5,11,32,16,16
19054,maule,7,curicó,73,romeral,7306,81,25,12,13,8,5,3,17,7,10
19055,maule,7,curicó,73,romeral,7306,82,52,25,27,19,8,11,33,17,16
19056,maule,7,curicó,73,romeral,7306,83,39,21,18,17,9,8,22,12,10
19057,maule,7,curicó,73,romeral,7306,84,35,14,21,8,3,5,27,11,16
19058,maule,7,curicó,73,romeral,7306,85,31,9,22,13,2,11,18,7,11
19059,maule,7,curicó,73,romeral,7306,86,23,15,8,11,8,3,12,7,5
19060,maule,7,curicó,73,romeral,7306,87,14,3,11,5,0,5,9,3,6
19061,maule,7,curicó,73,romeral,7306,88,19,9,10,7,4,3,12,5,7
19062,maule,7,curicó,73,romeral,7306,89,17,4,13,5,1,4,12,3,9
19063,maule,7,curicó,73,romeral,7306,90,9,5,4,2,0,2,7,5,2
19064,maule,7,curicó,73,romeral,7306,91,16,5,11,9,3,6,7,2,5
19065,maule,7,curicó,73,romeral,7306,92,7,7,0,1,1,0,6,6,0
19066,maule,7,curicó,73,romeral,7306,93,7,3,4,3,2,1,4,1,3
19067,maule,7,curicó,73,romeral,7306,94,5,1,4,1,0,1,4,1,3
19068,maule,7,curicó,73,romeral,7306,95,2,1,1,0,0,0,2,1,1
19069,maule,7,curicó,73,romeral,7306,96,3,1,2,0,0,0,3,1,2
19070,maule,7,curicó,73,romeral,7306,97,1,0,1,1,0,1,0,0,0
19071,maule,7,curicó,73,romeral,7306,98,0,0,0,0,0,0,0,0,0
19072,maule,7,curicó,73,romeral,7306,99,2,0,2,0,0,0,2,0,2
19073,maule,7,curicó,73,romeral,7306,100 o más,1,1,0,0,0,0,1,1,0
19074,maule,7,curicó,73,sagrada familia,7307,total comuna,18544,9384,9160,7886,3951,3935,10658,5433,5225
19075,maule,7,curicó,73,sagrada familia,7307,0,201,96,105,86,40,46,115,56,59
19076,maule,7,curicó,73,sagrada familia,7307,1,220,109,111,80,45,35,140,64,76
19077,maule,7,curicó,73,sagrada familia,7307,2,243,116,127,101,51,50,142,65,77
19078,maule,7,curicó,73,sagrada familia,7307,3,206,108,98,84,44,40,122,64,58
19079,maule,7,curicó,73,sagrada familia,7307,4,258,134,124,115,56,59,143,78,65
19080,maule,7,curicó,73,sagrada familia,7307,5,192,98,94,78,46,32,114,52,62
19081,maule,7,curicó,73,sagrada familia,7307,6,255,127,128,111,60,51,144,67,77
19082,maule,7,curicó,73,sagrada familia,7307,7,245,135,110,103,59,44,142,76,66
19083,maule,7,curicó,73,sagrada familia,7307,8,253,124,129,128,67,61,125,57,68
19084,maule,7,curicó,73,sagrada familia,7307,9,242,127,115,110,60,50,132,67,65
19085,maule,7,curicó,73,sagrada familia,7307,10,229,112,117,109,50,59,120,62,58
19086,maule,7,curicó,73,sagrada familia,7307,11,245,131,114,113,54,59,132,77,55
19087,maule,7,curicó,73,sagrada familia,7307,12,252,138,114,116,66,50,136,72,64
19088,maule,7,curicó,73,sagrada familia,7307,13,264,128,136,103,48,55,161,80,81
19089,maule,7,curicó,73,sagrada familia,7307,14,236,115,121,111,57,54,125,58,67
19090,maule,7,curicó,73,sagrada familia,7307,15,255,128,127,111,62,49,144,66,78
19091,maule,7,curicó,73,sagrada familia,7307,16,240,127,113,106,57,49,134,70,64
19092,maule,7,curicó,73,sagrada familia,7307,17,246,128,118,106,61,45,140,67,73
19093,maule,7,curicó,73,sagrada familia,7307,18,223,110,113,109,48,61,114,62,52
19094,maule,7,curicó,73,sagrada familia,7307,19,226,120,106,98,48,50,128,72,56
19095,maule,7,curicó,73,sagrada familia,7307,20,231,115,116,99,55,44,132,60,72
19096,maule,7,curicó,73,sagrada familia,7307,21,250,122,128,106,48,58,144,74,70
19097,maule,7,curicó,73,sagrada familia,7307,22,265,115,150,96,47,49,169,68,101
19098,maule,7,curicó,73,sagrada familia,7307,23,237,109,128,102,56,46,135,53,82
19099,maule,7,curicó,73,sagrada familia,7307,24,254,119,135,104,54,50,150,65,85
19100,maule,7,curicó,73,sagrada familia,7307,25,266,129,137,122,53,69,144,76,68
19101,maule,7,curicó,73,sagrada familia,7307,26,317,159,158,125,64,61,192,95,97
19102,maule,7,curicó,73,sagrada familia,7307,27,264,134,130,115,62,53,149,72,77
19103,maule,7,curicó,73,sagrada familia,7307,28,275,131,144,120,53,67,155,78,77
19104,maule,7,curicó,73,sagrada familia,7307,29,274,149,125,128,70,58,146,79,67
19105,maule,7,curicó,73,sagrada familia,7307,30,263,139,124,119,62,57,144,77,67
19106,maule,7,curicó,73,sagrada familia,7307,31,249,139,110,118,71,47,131,68,63
19107,maule,7,curicó,73,sagrada familia,7307,32,241,124,117,117,65,52,124,59,65
19108,maule,7,curicó,73,sagrada familia,7307,33,218,106,112,103,53,50,115,53,62
19109,maule,7,curicó,73,sagrada familia,7307,34,248,124,124,124,49,75,124,75,49
19110,maule,7,curicó,73,sagrada familia,7307,35,252,119,133,113,44,69,139,75,64
19111,maule,7,curicó,73,sagrada familia,7307,36,270,137,133,117,55,62,153,82,71
19112,maule,7,curicó,73,sagrada familia,7307,37,248,117,131,109,54,55,139,63,76
19113,maule,7,curicó,73,sagrada familia,7307,38,240,120,120,95,44,51,145,76,69
19114,maule,7,curicó,73,sagrada familia,7307,39,238,116,122,98,46,52,140,70,70
19115,maule,7,curicó,73,sagrada familia,7307,40,268,130,138,115,59,56,153,71,82
19116,maule,7,curicó,73,sagrada familia,7307,41,263,118,145,125,60,65,138,58,80
19117,maule,7,curicó,73,sagrada familia,7307,42,234,114,120,93,48,45,141,66,75
19118,maule,7,curicó,73,sagrada familia,7307,43,253,124,129,107,53,54,146,71,75
19119,maule,7,curicó,73,sagrada familia,7307,44,250,121,129,90,43,47,160,78,82
19120,maule,7,curicó,73,sagrada familia,7307,45,252,124,128,109,51,58,143,73,70
19121,maule,7,curicó,73,sagrada familia,7307,46,261,120,141,120,55,65,141,65,76
19122,maule,7,curicó,73,sagrada familia,7307,47,256,136,120,110,61,49,146,75,71
19123,maule,7,curicó,73,sagrada familia,7307,48,324,175,149,127,64,63,197,111,86
19124,maule,7,curicó,73,sagrada familia,7307,49,271,131,140,116,59,57,155,72,83
19125,maule,7,curicó,73,sagrada familia,7307,50,294,153,141,119,60,59,175,93,82
19126,maule,7,curicó,73,sagrada familia,7307,51,305,161,144,120,55,65,185,106,79
19127,maule,7,curicó,73,sagrada familia,7307,52,312,166,146,125,65,60,187,101,86
19128,maule,7,curicó,73,sagrada familia,7307,53,274,146,128,115,63,52,159,83,76
19129,maule,7,curicó,73,sagrada familia,7307,54,273,141,132,102,52,50,171,89,82
19130,maule,7,curicó,73,sagrada familia,7307,55,257,130,127,112,56,56,145,74,71
19131,maule,7,curicó,73,sagrada familia,7307,56,259,147,112,104,57,47,155,90,65
19132,maule,7,curicó,73,sagrada familia,7307,57,255,117,138,102,44,58,153,73,80
19133,maule,7,curicó,73,sagrada familia,7307,58,228,121,107,97,45,52,131,76,55
19134,maule,7,curicó,73,sagrada familia,7307,59,249,128,121,103,50,53,146,78,68
19135,maule,7,curicó,73,sagrada familia,7307,60,229,123,106,94,47,47,135,76,59
19136,maule,7,curicó,73,sagrada familia,7307,61,204,109,95,83,45,38,121,64,57
19137,maule,7,curicó,73,sagrada familia,7307,62,214,110,104,73,38,35,141,72,69
19138,maule,7,curicó,73,sagrada familia,7307,63,225,106,119,90,39,51,135,67,68
19139,maule,7,curicó,73,sagrada familia,7307,64,209,105,104,83,36,47,126,69,57
19140,maule,7,curicó,73,sagrada familia,7307,65,175,89,86,64,32,32,111,57,54
19141,maule,7,curicó,73,sagrada familia,7307,66,162,94,68,63,32,31,99,62,37
19142,maule,7,curicó,73,sagrada familia,7307,67,174,89,85,75,37,38,99,52,47
19143,maule,7,curicó,73,sagrada familia,7307,68,134,78,56,57,32,25,77,46,31
19144,maule,7,curicó,73,sagrada familia,7307,69,151,74,77,58,31,27,93,43,50
19145,maule,7,curicó,73,sagrada familia,7307,70,126,66,60,53,24,29,73,42,31
19146,maule,7,curicó,73,sagrada familia,7307,71,132,86,46,48,27,21,84,59,25
19147,maule,7,curicó,73,sagrada familia,7307,72,119,63,56,50,26,24,69,37,32
19148,maule,7,curicó,73,sagrada familia,7307,73,127,60,67,50,20,30,77,40,37
19149,maule,7,curicó,73,sagrada familia,7307,74,102,49,53,50,21,29,52,28,24
19150,maule,7,curicó,73,sagrada familia,7307,75,95,52,43,39,19,20,56,33,23
19151,maule,7,curicó,73,sagrada familia,7307,76,90,47,43,40,21,19,50,26,24
19152,maule,7,curicó,73,sagrada familia,7307,77,86,40,46,30,15,15,56,25,31
19153,maule,7,curicó,73,sagrada familia,7307,78,79,35,44,32,19,13,47,16,31
19154,maule,7,curicó,73,sagrada familia,7307,79,65,33,32,23,13,10,42,20,22
19155,maule,7,curicó,73,sagrada familia,7307,80,69,28,41,33,11,22,36,17,19
19156,maule,7,curicó,73,sagrada familia,7307,81,54,38,16,27,17,10,27,21,6
19157,maule,7,curicó,73,sagrada familia,7307,82,51,27,24,22,10,12,29,17,12
19158,maule,7,curicó,73,sagrada familia,7307,83,45,24,21,20,10,10,25,14,11
19159,maule,7,curicó,73,sagrada familia,7307,84,44,24,20,17,8,9,27,16,11
19160,maule,7,curicó,73,sagrada familia,7307,85,43,29,14,15,9,6,28,20,8
19161,maule,7,curicó,73,sagrada familia,7307,86,39,10,29,19,2,17,20,8,12
19162,maule,7,curicó,73,sagrada familia,7307,87,26,12,14,11,4,7,15,8,7
19163,maule,7,curicó,73,sagrada familia,7307,88,34,14,20,21,9,12,13,5,8
19164,maule,7,curicó,73,sagrada familia,7307,89,21,8,13,8,1,7,13,7,6
19165,maule,7,curicó,73,sagrada familia,7307,90,16,6,10,7,4,3,9,2,7
19166,maule,7,curicó,73,sagrada familia,7307,91,9,4,5,2,2,0,7,2,5
19167,maule,7,curicó,73,sagrada familia,7307,92,7,2,5,2,1,1,5,1,4
19168,maule,7,curicó,73,sagrada familia,7307,93,3,2,1,1,1,0,2,1,1
19169,maule,7,curicó,73,sagrada familia,7307,94,6,3,3,3,1,2,3,2,1
19170,maule,7,curicó,73,sagrada familia,7307,95,2,2,0,0,0,0,2,2,0
19171,maule,7,curicó,73,sagrada familia,7307,96,2,1,1,1,0,1,1,1,0
19172,maule,7,curicó,73,sagrada familia,7307,97,1,0,1,0,0,0,1,0,1
19173,maule,7,curicó,73,sagrada familia,7307,98,3,3,0,2,2,0,1,1,0
19174,maule,7,curicó,73,sagrada familia,7307,99,0,0,0,0,0,0,0,0,0
19175,maule,7,curicó,73,sagrada familia,7307,100 o más,2,2,0,1,1,0,1,1,0
19176,maule,7,curicó,73,teno,7308,total comuna,28921,14764,14157,9532,4651,4881,19389,10113,9276
19177,maule,7,curicó,73,teno,7308,0,337,157,180,143,68,75,194,89,105
19178,maule,7,curicó,73,teno,7308,1,377,199,178,111,56,55,266,143,123
19179,maule,7,curicó,73,teno,7308,2,384,199,185,133,68,65,251,131,120
19180,maule,7,curicó,73,teno,7308,3,361,179,182,136,70,66,225,109,116
19181,maule,7,curicó,73,teno,7308,4,332,194,138,120,67,53,212,127,85
19182,maule,7,curicó,73,teno,7308,5,395,203,192,144,76,68,251,127,124
19183,maule,7,curicó,73,teno,7308,6,370,192,178,132,68,64,238,124,114
19184,maule,7,curicó,73,teno,7308,7,403,216,187,137,72,65,266,144,122
19185,maule,7,curicó,73,teno,7308,8,436,213,223,169,82,87,267,131,136
19186,maule,7,curicó,73,teno,7308,9,371,193,178,146,68,78,225,125,100
19187,maule,7,curicó,73,teno,7308,10,396,210,186,155,74,81,241,136,105
19188,maule,7,curicó,73,teno,7308,11,372,203,169,137,75,62,235,128,107
19189,maule,7,curicó,73,teno,7308,12,371,189,182,139,75,64,232,114,118
19190,maule,7,curicó,73,teno,7308,13,388,213,175,142,79,63,246,134,112
19191,maule,7,curicó,73,teno,7308,14,384,207,177,153,83,70,231,124,107
19192,maule,7,curicó,73,teno,7308,15,377,195,182,141,66,75,236,129,107
19193,maule,7,curicó,73,teno,7308,16,384,198,186,139,60,79,245,138,107
19194,maule,7,curicó,73,teno,7308,17,401,206,195,139,67,72,262,139,123
19195,maule,7,curicó,73,teno,7308,18,386,187,199,120,64,56,266,123,143
19196,maule,7,curicó,73,teno,7308,19,385,198,187,142,64,78,243,134,109
19197,maule,7,curicó,73,teno,7308,20,383,202,181,123,65,58,260,137,123
19198,maule,7,curicó,73,teno,7308,21,400,210,190,119,69,50,281,141,140
19199,maule,7,curicó,73,teno,7308,22,415,213,202,140,75,65,275,138,137
19200,maule,7,curicó,73,teno,7308,23,432,207,225,140,67,73,292,140,152
19201,maule,7,curicó,73,teno,7308,24,414,193,221,150,68,82,264,125,139
19202,maule,7,curicó,73,teno,7308,25,434,240,194,145,72,73,289,168,121
19203,maule,7,curicó,73,teno,7308,26,472,255,217,171,97,74,301,158,143
19204,maule,7,curicó,73,teno,7308,27,454,250,204,170,88,82,284,162,122
19205,maule,7,curicó,73,teno,7308,28,405,190,215,150,74,76,255,116,139
19206,maule,7,curicó,73,teno,7308,29,438,206,232,144,72,72,294,134,160
19207,maule,7,curicó,73,teno,7308,30,420,226,194,153,77,76,267,149,118
19208,maule,7,curicó,73,teno,7308,31,385,194,191,151,69,82,234,125,109
19209,maule,7,curicó,73,teno,7308,32,378,183,195,154,77,77,224,106,118
19210,maule,7,curicó,73,teno,7308,33,355,184,171,135,64,71,220,120,100
19211,maule,7,curicó,73,teno,7308,34,388,186,202,145,60,85,243,126,117
19212,maule,7,curicó,73,teno,7308,35,376,196,180,134,70,64,242,126,116
19213,maule,7,curicó,73,teno,7308,36,347,178,169,135,65,70,212,113,99
19214,maule,7,curicó,73,teno,7308,37,374,180,194,112,49,63,262,131,131
19215,maule,7,curicó,73,teno,7308,38,377,182,195,135,66,69,242,116,126
19216,maule,7,curicó,73,teno,7308,39,357,175,182,126,57,69,231,118,113
19217,maule,7,curicó,73,teno,7308,40,376,185,191,120,63,57,256,122,134
19218,maule,7,curicó,73,teno,7308,41,340,162,178,110,53,57,230,109,121
19219,maule,7,curicó,73,teno,7308,42,396,198,198,137,65,72,259,133,126
19220,maule,7,curicó,73,teno,7308,43,372,205,167,116,56,60,256,149,107
19221,maule,7,curicó,73,teno,7308,44,414,204,210,138,71,67,276,133,143
19222,maule,7,curicó,73,teno,7308,45,398,193,205,122,52,70,276,141,135
19223,maule,7,curicó,73,teno,7308,46,394,191,203,126,63,63,268,128,140
19224,maule,7,curicó,73,teno,7308,47,443,236,207,129,70,59,314,166,148
19225,maule,7,curicó,73,teno,7308,48,414,210,204,126,54,72,288,156,132
19226,maule,7,curicó,73,teno,7308,49,466,235,231,139,67,72,327,168,159
19227,maule,7,curicó,73,teno,7308,50,493,261,232,160,83,77,333,178,155
19228,maule,7,curicó,73,teno,7308,51,454,238,216,131,64,67,323,174,149
19229,maule,7,curicó,73,teno,7308,52,472,250,222,146,68,78,326,182,144
19230,maule,7,curicó,73,teno,7308,53,429,219,210,118,53,65,311,166,145
19231,maule,7,curicó,73,teno,7308,54,477,237,240,137,62,75,340,175,165
19232,maule,7,curicó,73,teno,7308,55,437,222,215,130,56,74,307,166,141
19233,maule,7,curicó,73,teno,7308,56,389,222,167,124,65,59,265,157,108
19234,maule,7,curicó,73,teno,7308,57,369,179,190,98,41,57,271,138,133
19235,maule,7,curicó,73,teno,7308,58,347,173,174,89,36,53,258,137,121
19236,maule,7,curicó,73,teno,7308,59,372,200,172,116,60,56,256,140,116
19237,maule,7,curicó,73,teno,7308,60,345,189,156,105,51,54,240,138,102
19238,maule,7,curicó,73,teno,7308,61,334,159,175,92,39,53,242,120,122
19239,maule,7,curicó,73,teno,7308,62,286,144,142,84,42,42,202,102,100
19240,maule,7,curicó,73,teno,7308,63,282,153,129,78,43,35,204,110,94
19241,maule,7,curicó,73,teno,7308,64,289,142,147,93,46,47,196,96,100
19242,maule,7,curicó,73,teno,7308,65,241,119,122,74,33,41,167,86,81
19243,maule,7,curicó,73,teno,7308,66,273,150,123,63,30,33,210,120,90
19244,maule,7,curicó,73,teno,7308,67,230,123,107,51,26,25,179,97,82
19245,maule,7,curicó,73,teno,7308,68,218,114,104,46,25,21,172,89,83
19246,maule,7,curicó,73,teno,7308,69,224,114,110,70,35,35,154,79,75
19247,maule,7,curicó,73,teno,7308,70,217,125,92,60,25,35,157,100,57
19248,maule,7,curicó,73,teno,7308,71,190,99,91,53,28,25,137,71,66
19249,maule,7,curicó,73,teno,7308,72,179,86,93,42,20,22,137,66,71
19250,maule,7,curicó,73,teno,7308,73,154,73,81,41,16,25,113,57,56
19251,maule,7,curicó,73,teno,7308,74,174,87,87,39,19,20,135,68,67
19252,maule,7,curicó,73,teno,7308,75,145,69,76,43,14,29,102,55,47
19253,maule,7,curicó,73,teno,7308,76,166,83,83,42,16,26,124,67,57
19254,maule,7,curicó,73,teno,7308,77,120,62,58,39,16,23,81,46,35
19255,maule,7,curicó,73,teno,7308,78,102,43,59,29,11,18,73,32,41
19256,maule,7,curicó,73,teno,7308,79,122,61,61,35,17,18,87,44,43
19257,maule,7,curicó,73,teno,7308,80,101,51,50,33,19,14,68,32,36
19258,maule,7,curicó,73,teno,7308,81,98,51,47,21,9,12,77,42,35
19259,maule,7,curicó,73,teno,7308,82,82,33,49,25,9,16,57,24,33
19260,maule,7,curicó,73,teno,7308,83,74,40,34,27,13,14,47,27,20
19261,maule,7,curicó,73,teno,7308,84,69,34,35,19,10,9,50,24,26
19262,maule,7,curicó,73,teno,7308,85,51,21,30,13,4,9,38,17,21
19263,maule,7,curicó,73,teno,7308,86,63,30,33,11,2,9,52,28,24
19264,maule,7,curicó,73,teno,7308,87,41,18,23,11,4,7,30,14,16
19265,maule,7,curicó,73,teno,7308,88,37,15,22,18,8,10,19,7,12
19266,maule,7,curicó,73,teno,7308,89,35,12,23,13,5,8,22,7,15
19267,maule,7,curicó,73,teno,7308,90,31,14,17,11,4,7,20,10,10
19268,maule,7,curicó,73,teno,7308,91,20,7,13,10,2,8,10,5,5
19269,maule,7,curicó,73,teno,7308,92,13,5,8,6,2,4,7,3,4
19270,maule,7,curicó,73,teno,7308,93,9,1,8,3,0,3,6,1,5
19271,maule,7,curicó,73,teno,7308,94,12,4,8,5,2,3,7,2,5
19272,maule,7,curicó,73,teno,7308,95,5,1,4,1,0,1,4,1,3
19273,maule,7,curicó,73,teno,7308,96,9,3,6,0,0,0,9,3,6
19274,maule,7,curicó,73,teno,7308,97,3,2,1,0,0,0,3,2,1
19275,maule,7,curicó,73,teno,7308,98,4,2,2,1,0,1,3,2,1
19276,maule,7,curicó,73,teno,7308,99,2,0,2,2,0,2,0,0,0
19277,maule,7,curicó,73,teno,7308,100 o más,5,4,1,1,1,0,4,3,1
19278,maule,7,curicó,73,vichuquén,7309,total comuna,4322,2217,2105,1190,599,591,3132,1618,1514
19279,maule,7,curicó,73,vichuquén,7309,0,44,21,23,13,9,4,31,12,19
19280,maule,7,curicó,73,vichuquén,7309,1,37,16,21,13,5,8,24,11,13
19281,maule,7,curicó,73,vichuquén,7309,2,45,24,21,12,7,5,33,17,16
19282,maule,7,curicó,73,vichuquén,7309,3,45,28,17,14,7,7,31,21,10
19283,maule,7,curicó,73,vichuquén,7309,4,40,19,21,17,8,9,23,11,12
19284,maule,7,curicó,73,vichuquén,7309,5,51,23,28,13,4,9,38,19,19
19285,maule,7,curicó,73,vichuquén,7309,6,50,31,19,16,11,5,34,20,14
19286,maule,7,curicó,73,vichuquén,7309,7,65,23,42,21,13,8,44,10,34
19287,maule,7,curicó,73,vichuquén,7309,8,55,28,27,14,9,5,41,19,22
19288,maule,7,curicó,73,vichuquén,7309,9,54,22,32,10,3,7,44,19,25
19289,maule,7,curicó,73,vichuquén,7309,10,41,18,23,17,9,8,24,9,15
19290,maule,7,curicó,73,vichuquén,7309,11,54,27,27,16,8,8,38,19,19
19291,maule,7,curicó,73,vichuquén,7309,12,57,27,30,11,6,5,46,21,25
19292,maule,7,curicó,73,vichuquén,7309,13,68,37,31,21,9,12,47,28,19
19293,maule,7,curicó,73,vichuquén,7309,14,37,17,20,15,6,9,22,11,11
19294,maule,7,curicó,73,vichuquén,7309,15,51,20,31,20,8,12,31,12,19
19295,maule,7,curicó,73,vichuquén,7309,16,42,25,17,12,6,6,30,19,11
19296,maule,7,curicó,73,vichuquén,7309,17,52,26,26,24,17,7,28,9,19
19297,maule,7,curicó,73,vichuquén,7309,18,31,19,12,8,4,4,23,15,8
19298,maule,7,curicó,73,vichuquén,7309,19,29,17,12,9,4,5,20,13,7
19299,maule,7,curicó,73,vichuquén,7309,20,32,21,11,11,8,3,21,13,8
19300,maule,7,curicó,73,vichuquén,7309,21,26,12,14,8,3,5,18,9,9
19301,maule,7,curicó,73,vichuquén,7309,22,44,19,25,15,4,11,29,15,14
19302,maule,7,curicó,73,vichuquén,7309,23,39,21,18,13,9,4,26,12,14
19303,maule,7,curicó,73,vichuquén,7309,24,51,31,20,21,14,7,30,17,13
19304,maule,7,curicó,73,vichuquén,7309,25,62,32,30,21,13,8,41,19,22
19305,maule,7,curicó,73,vichuquén,7309,26,62,28,34,18,7,11,44,21,23
19306,maule,7,curicó,73,vichuquén,7309,27,55,27,28,20,13,7,35,14,21
19307,maule,7,curicó,73,vichuquén,7309,28,64,30,34,20,11,9,44,19,25
19308,maule,7,curicó,73,vichuquén,7309,29,51,27,24,13,5,8,38,22,16
19309,maule,7,curicó,73,vichuquén,7309,30,53,31,22,15,5,10,38,26,12
19310,maule,7,curicó,73,vichuquén,7309,31,47,29,18,14,6,8,33,23,10
19311,maule,7,curicó,73,vichuquén,7309,32,55,22,33,17,7,10,38,15,23
19312,maule,7,curicó,73,vichuquén,7309,33,46,23,23,12,6,6,34,17,17
19313,maule,7,curicó,73,vichuquén,7309,34,45,18,27,13,7,6,32,11,21
19314,maule,7,curicó,73,vichuquén,7309,35,48,31,17,11,7,4,37,24,13
19315,maule,7,curicó,73,vichuquén,7309,36,52,26,26,16,7,9,36,19,17
19316,maule,7,curicó,73,vichuquén,7309,37,44,27,17,11,5,6,33,22,11
19317,maule,7,curicó,73,vichuquén,7309,38,55,26,29,13,5,8,42,21,21
19318,maule,7,curicó,73,vichuquén,7309,39,51,26,25,13,9,4,38,17,21
19319,maule,7,curicó,73,vichuquén,7309,40,63,39,24,13,8,5,50,31,19
19320,maule,7,curicó,73,vichuquén,7309,41,68,38,30,16,6,10,52,32,20
19321,maule,7,curicó,73,vichuquén,7309,42,53,27,26,15,6,9,38,21,17
19322,maule,7,curicó,73,vichuquén,7309,43,71,37,34,23,9,14,48,28,20
19323,maule,7,curicó,73,vichuquén,7309,44,63,34,29,23,13,10,40,21,19
19324,maule,7,curicó,73,vichuquén,7309,45,67,31,36,22,14,8,45,17,28
19325,maule,7,curicó,73,vichuquén,7309,46,66,30,36,26,11,15,40,19,21
19326,maule,7,curicó,73,vichuquén,7309,47,73,42,31,15,12,3,58,30,28
19327,maule,7,curicó,73,vichuquén,7309,48,73,45,28,19,9,10,54,36,18
19328,maule,7,curicó,73,vichuquén,7309,49,79,38,41,24,12,12,55,26,29
19329,maule,7,curicó,73,vichuquén,7309,50,66,32,34,17,7,10,49,25,24
19330,maule,7,curicó,73,vichuquén,7309,51,75,34,41,23,10,13,52,24,28
19331,maule,7,curicó,73,vichuquén,7309,52,67,36,31,19,8,11,48,28,20
19332,maule,7,curicó,73,vichuquén,7309,53,88,51,37,26,13,13,62,38,24
19333,maule,7,curicó,73,vichuquén,7309,54,78,33,45,17,9,8,61,24,37
19334,maule,7,curicó,73,vichuquén,7309,55,84,47,37,17,11,6,67,36,31
19335,maule,7,curicó,73,vichuquén,7309,56,56,20,36,12,2,10,44,18,26
19336,maule,7,curicó,73,vichuquén,7309,57,49,26,23,19,9,10,30,17,13
19337,maule,7,curicó,73,vichuquén,7309,58,71,38,33,19,8,11,52,30,22
19338,maule,7,curicó,73,vichuquén,7309,59,47,21,26,11,3,8,36,18,18
19339,maule,7,curicó,73,vichuquén,7309,60,67,34,33,14,9,5,53,25,28
19340,maule,7,curicó,73,vichuquén,7309,61,44,25,19,7,4,3,37,21,16
19341,maule,7,curicó,73,vichuquén,7309,62,66,41,25,16,9,7,50,32,18
19342,maule,7,curicó,73,vichuquén,7309,63,61,30,31,10,3,7,51,27,24
19343,maule,7,curicó,73,vichuquén,7309,64,62,28,34,12,5,7,50,23,27
19344,maule,7,curicó,73,vichuquén,7309,65,53,34,19,7,5,2,46,29,17
19345,maule,7,curicó,73,vichuquén,7309,66,47,24,23,10,6,4,37,18,19
19346,maule,7,curicó,73,vichuquén,7309,67,42,22,20,8,4,4,34,18,16
19347,maule,7,curicó,73,vichuquén,7309,68,37,26,11,6,4,2,31,22,9
19348,maule,7,curicó,73,vichuquén,7309,69,46,27,19,15,10,5,31,17,14
19349,maule,7,curicó,73,vichuquén,7309,70,45,25,20,11,5,6,34,20,14
19350,maule,7,curicó,73,vichuquén,7309,71,43,17,26,13,4,9,30,13,17
19351,maule,7,curicó,73,vichuquén,7309,72,36,15,21,9,3,6,27,12,15
19352,maule,7,curicó,73,vichuquén,7309,73,42,21,21,10,6,4,32,15,17
19353,maule,7,curicó,73,vichuquén,7309,74,40,19,21,8,3,5,32,16,16
19354,maule,7,curicó,73,vichuquén,7309,75,23,14,9,5,3,2,18,11,7
19355,maule,7,curicó,73,vichuquén,7309,76,29,17,12,8,4,4,21,13,8
19356,maule,7,curicó,73,vichuquén,7309,77,31,17,14,8,4,4,23,13,10
19357,maule,7,curicó,73,vichuquén,7309,78,22,16,6,5,5,0,17,11,6
19358,maule,7,curicó,73,vichuquén,7309,79,27,13,14,5,3,2,22,10,12
19359,maule,7,curicó,73,vichuquén,7309,80,22,10,12,5,1,4,17,9,8
19360,maule,7,curicó,73,vichuquén,7309,81,27,13,14,2,1,1,25,12,13
19361,maule,7,curicó,73,vichuquén,7309,82,14,7,7,3,2,1,11,5,6
19362,maule,7,curicó,73,vichuquén,7309,83,18,10,8,4,3,1,14,7,7
19363,maule,7,curicó,73,vichuquén,7309,84,15,7,8,4,1,3,11,6,5
19364,maule,7,curicó,73,vichuquén,7309,85,13,4,9,2,1,1,11,3,8
19365,maule,7,curicó,73,vichuquén,7309,86,16,8,8,4,1,3,12,7,5
19366,maule,7,curicó,73,vichuquén,7309,87,14,6,8,2,2,0,12,4,8
19367,maule,7,curicó,73,vichuquén,7309,88,13,9,4,5,4,1,8,5,3
19368,maule,7,curicó,73,vichuquén,7309,89,4,2,2,1,0,1,3,2,1
19369,maule,7,curicó,73,vichuquén,7309,90,2,1,1,0,0,0,2,1,1
19370,maule,7,curicó,73,vichuquén,7309,91,2,0,2,0,0,0,2,0,2
19371,maule,7,curicó,73,vichuquén,7309,92,4,0,4,3,0,3,1,0,1
19372,maule,7,curicó,73,vichuquén,7309,93,3,0,3,0,0,0,3,0,3
19373,maule,7,curicó,73,vichuquén,7309,94,1,0,1,0,0,0,1,0,1
19374,maule,7,curicó,73,vichuquén,7309,95,1,0,1,0,0,0,1,0,1
19375,maule,7,curicó,73,vichuquén,7309,96,2,1,1,1,0,1,1,1,0
19376,maule,7,curicó,73,vichuquén,7309,97,0,0,0,0,0,0,0,0,0
19377,maule,7,curicó,73,vichuquén,7309,98,0,0,0,0,0,0,0,0,0
19378,maule,7,curicó,73,vichuquén,7309,99,0,0,0,0,0,0,0,0,0
19379,maule,7,curicó,73,vichuquén,7309,100 o más,1,0,1,0,0,0,1,0,1
19380,maule,7,linares,74,linares,7401,total comuna,93602,44671,48931,77672,36522,41150,15930,8149,7781
19381,maule,7,linares,74,linares,7401,0,1207,599,608,1021,510,511,186,89,97
19382,maule,7,linares,74,linares,7401,1,1275,647,628,1067,544,523,208,103,105
19383,maule,7,linares,74,linares,7401,2,1308,675,633,1091,571,520,217,104,113
19384,maule,7,linares,74,linares,7401,3,1292,665,627,1109,565,544,183,100,83
19385,maule,7,linares,74,linares,7401,4,1286,630,656,1119,538,581,167,92,75
19386,maule,7,linares,74,linares,7401,5,1320,669,651,1112,565,547,208,104,104
19387,maule,7,linares,74,linares,7401,6,1398,716,682,1197,603,594,201,113,88
19388,maule,7,linares,74,linares,7401,7,1390,737,653,1173,617,556,217,120,97
19389,maule,7,linares,74,linares,7401,8,1368,703,665,1167,604,563,201,99,102
19390,maule,7,linares,74,linares,7401,9,1355,697,658,1139,586,553,216,111,105
19391,maule,7,linares,74,linares,7401,10,1236,625,611,1039,515,524,197,110,87
19392,maule,7,linares,74,linares,7401,11,1256,675,581,1068,577,491,188,98,90
19393,maule,7,linares,74,linares,7401,12,1232,614,618,1050,514,536,182,100,82
19394,maule,7,linares,74,linares,7401,13,1332,667,665,1127,576,551,205,91,114
19395,maule,7,linares,74,linares,7401,14,1285,657,628,1092,558,534,193,99,94
19396,maule,7,linares,74,linares,7401,15,1314,671,643,1119,575,544,195,96,99
19397,maule,7,linares,74,linares,7401,16,1339,668,671,1129,558,571,210,110,100
19398,maule,7,linares,74,linares,7401,17,1450,767,683,1208,648,560,242,119,123
19399,maule,7,linares,74,linares,7401,18,1353,704,649,1128,590,538,225,114,111
19400,maule,7,linares,74,linares,7401,19,1165,605,560,980,506,474,185,99,86
19401,maule,7,linares,74,linares,7401,20,1104,574,530,919,475,444,185,99,86
19402,maule,7,linares,74,linares,7401,21,1120,540,580,955,463,492,165,77,88
19403,maule,7,linares,74,linares,7401,22,1162,552,610,977,468,509,185,84,101
19404,maule,7,linares,74,linares,7401,23,1252,654,598,1059,551,508,193,103,90
19405,maule,7,linares,74,linares,7401,24,1310,644,666,1126,553,573,184,91,93
19406,maule,7,linares,74,linares,7401,25,1284,599,685,1104,517,587,180,82,98
19407,maule,7,linares,74,linares,7401,26,1377,631,746,1167,536,631,210,95,115
19408,maule,7,linares,74,linares,7401,27,1454,713,741,1237,613,624,217,100,117
19409,maule,7,linares,74,linares,7401,28,1447,685,762,1242,580,662,205,105,100
19410,maule,7,linares,74,linares,7401,29,1317,630,687,1135,532,603,182,98,84
19411,maule,7,linares,74,linares,7401,30,1313,659,654,1145,564,581,168,95,73
19412,maule,7,linares,74,linares,7401,31,1212,574,638,1046,491,555,166,83,83
19413,maule,7,linares,74,linares,7401,32,1263,598,665,1091,512,579,172,86,86
19414,maule,7,linares,74,linares,7401,33,1215,579,636,1029,481,548,186,98,88
19415,maule,7,linares,74,linares,7401,34,1361,609,752,1174,514,660,187,95,92
19416,maule,7,linares,74,linares,7401,35,1417,661,756,1244,580,664,173,81,92
19417,maule,7,linares,74,linares,7401,36,1307,596,711,1122,515,607,185,81,104
19418,maule,7,linares,74,linares,7401,37,1264,605,659,1098,523,575,166,82,84
19419,maule,7,linares,74,linares,7401,38,1205,541,664,1022,453,569,183,88,95
19420,maule,7,linares,74,linares,7401,39,1159,542,617,970,450,520,189,92,97
19421,maule,7,linares,74,linares,7401,40,1179,568,611,986,475,511,193,93,100
19422,maule,7,linares,74,linares,7401,41,1216,563,653,1021,465,556,195,98,97
19423,maule,7,linares,74,linares,7401,42,1271,613,658,1059,499,560,212,114,98
19424,maule,7,linares,74,linares,7401,43,1295,594,701,1048,461,587,247,133,114
19425,maule,7,linares,74,linares,7401,44,1243,582,661,1022,478,544,221,104,117
19426,maule,7,linares,74,linares,7401,45,1200,561,639,949,432,517,251,129,122
19427,maule,7,linares,74,linares,7401,46,1210,583,627,988,467,521,222,116,106
19428,maule,7,linares,74,linares,7401,47,1205,562,643,966,448,518,239,114,125
19429,maule,7,linares,74,linares,7401,48,1283,565,718,1034,431,603,249,134,115
19430,maule,7,linares,74,linares,7401,49,1301,586,715,1055,469,586,246,117,129
19431,maule,7,linares,74,linares,7401,50,1477,681,796,1190,531,659,287,150,137
19432,maule,7,linares,74,linares,7401,51,1364,664,700,1068,505,563,296,159,137
19433,maule,7,linares,74,linares,7401,52,1331,633,698,1069,502,567,262,131,131
19434,maule,7,linares,74,linares,7401,53,1356,626,730,1103,497,606,253,129,124
19435,maule,7,linares,74,linares,7401,54,1355,647,708,1102,505,597,253,142,111
19436,maule,7,linares,74,linares,7401,55,1298,601,697,1025,449,576,273,152,121
19437,maule,7,linares,74,linares,7401,56,1228,566,662,990,438,552,238,128,110
19438,maule,7,linares,74,linares,7401,57,1202,547,655,962,427,535,240,120,120
19439,maule,7,linares,74,linares,7401,58,1159,526,633,905,393,512,254,133,121
19440,maule,7,linares,74,linares,7401,59,1082,483,599,866,374,492,216,109,107
19441,maule,7,linares,74,linares,7401,60,1063,505,558,823,370,453,240,135,105
19442,maule,7,linares,74,linares,7401,61,1062,459,603,848,358,490,214,101,113
19443,maule,7,linares,74,linares,7401,62,944,428,516,754,323,431,190,105,85
19444,maule,7,linares,74,linares,7401,63,971,474,497,769,369,400,202,105,97
19445,maule,7,linares,74,linares,7401,64,884,388,496,713,290,423,171,98,73
19446,maule,7,linares,74,linares,7401,65,856,399,457,682,312,370,174,87,87
19447,maule,7,linares,74,linares,7401,66,860,385,475,684,285,399,176,100,76
19448,maule,7,linares,74,linares,7401,67,765,364,401,613,287,326,152,77,75
19449,maule,7,linares,74,linares,7401,68,720,337,383,580,260,320,140,77,63
19450,maule,7,linares,74,linares,7401,69,689,317,372,551,250,301,138,67,71
19451,maule,7,linares,74,linares,7401,70,706,332,374,565,253,312,141,79,62
19452,maule,7,linares,74,linares,7401,71,623,300,323,476,215,261,147,85,62
19453,maule,7,linares,74,linares,7401,72,593,257,336,472,191,281,121,66,55
19454,maule,7,linares,74,linares,7401,73,517,215,302,403,157,246,114,58,56
19455,maule,7,linares,74,linares,7401,74,521,223,298,424,170,254,97,53,44
19456,maule,7,linares,74,linares,7401,75,490,196,294,407,151,256,83,45,38
19457,maule,7,linares,74,linares,7401,76,490,216,274,400,169,231,90,47,43
19458,maule,7,linares,74,linares,7401,77,428,176,252,339,134,205,89,42,47
19459,maule,7,linares,74,linares,7401,78,393,165,228,319,131,188,74,34,40
19460,maule,7,linares,74,linares,7401,79,361,165,196,295,134,161,66,31,35
19461,maule,7,linares,74,linares,7401,80,347,155,192,255,113,142,92,42,50
19462,maule,7,linares,74,linares,7401,81,289,107,182,231,75,156,58,32,26
19463,maule,7,linares,74,linares,7401,82,273,109,164,219,83,136,54,26,28
19464,maule,7,linares,74,linares,7401,83,259,109,150,205,81,124,54,28,26
19465,maule,7,linares,74,linares,7401,84,235,102,133,189,73,116,46,29,17
19466,maule,7,linares,74,linares,7401,85,190,72,118,149,53,96,41,19,22
19467,maule,7,linares,74,linares,7401,86,218,84,134,181,66,115,37,18,19
19468,maule,7,linares,74,linares,7401,87,158,59,99,126,43,83,32,16,16
19469,maule,7,linares,74,linares,7401,88,160,60,100,124,44,80,36,16,20
19470,maule,7,linares,74,linares,7401,89,123,44,79,98,34,64,25,10,15
19471,maule,7,linares,74,linares,7401,90,100,35,65,81,25,56,19,10,9
19472,maule,7,linares,74,linares,7401,91,81,28,53,71,23,48,10,5,5
19473,maule,7,linares,74,linares,7401,92,58,17,41,49,16,33,9,1,8
19474,maule,7,linares,74,linares,7401,93,51,12,39,42,11,31,9,1,8
19475,maule,7,linares,74,linares,7401,94,48,13,35,39,12,27,9,1,8
19476,maule,7,linares,74,linares,7401,95,28,6,22,23,4,19,5,2,3
19477,maule,7,linares,74,linares,7401,96,21,6,15,18,3,15,3,3,0
19478,maule,7,linares,74,linares,7401,97,18,6,12,13,4,9,5,2,3
19479,maule,7,linares,74,linares,7401,98,11,1,10,10,1,9,1,0,1
19480,maule,7,linares,74,linares,7401,99,16,4,12,11,3,8,5,1,4
19481,maule,7,linares,74,linares,7401,100 o más,23,13,10,16,9,7,7,4,3
19482,maule,7,linares,74,colbún,7402,total comuna,20765,10205,10560,9052,4256,4796,11713,5949,5764
19483,maule,7,linares,74,colbún,7402,0,276,133,143,142,64,78,134,69,65
19484,maule,7,linares,74,colbún,7402,1,280,158,122,140,81,59,140,77,63
19485,maule,7,linares,74,colbún,7402,2,267,144,123,134,66,68,133,78,55
19486,maule,7,linares,74,colbún,7402,3,284,142,142,160,80,80,124,62,62
19487,maule,7,linares,74,colbún,7402,4,268,140,128,123,61,62,145,79,66
19488,maule,7,linares,74,colbún,7402,5,290,158,132,162,89,73,128,69,59
19489,maule,7,linares,74,colbún,7402,6,330,170,160,159,84,75,171,86,85
19490,maule,7,linares,74,colbún,7402,7,282,155,127,149,78,71,133,77,56
19491,maule,7,linares,74,colbún,7402,8,317,164,153,153,66,87,164,98,66
19492,maule,7,linares,74,colbún,7402,9,293,134,159,141,66,75,152,68,84
19493,maule,7,linares,74,colbún,7402,10,319,156,163,168,86,82,151,70,81
19494,maule,7,linares,74,colbún,7402,11,296,147,149,152,65,87,144,82,62
19495,maule,7,linares,74,colbún,7402,12,293,138,155,159,75,84,134,63,71
19496,maule,7,linares,74,colbún,7402,13,297,156,141,132,68,64,165,88,77
19497,maule,7,linares,74,colbún,7402,14,269,127,142,117,61,56,152,66,86
19498,maule,7,linares,74,colbún,7402,15,297,148,149,136,63,73,161,85,76
19499,maule,7,linares,74,colbún,7402,16,305,149,156,141,71,70,164,78,86
19500,maule,7,linares,74,colbún,7402,17,293,161,132,139,77,62,154,84,70
19501,maule,7,linares,74,colbún,7402,18,277,142,135,136,71,65,141,71,70
19502,maule,7,linares,74,colbún,7402,19,252,111,141,110,49,61,142,62,80
19503,maule,7,linares,74,colbún,7402,20,275,127,148,125,55,70,150,72,78
19504,maule,7,linares,74,colbún,7402,21,277,129,148,128,64,64,149,65,84
19505,maule,7,linares,74,colbún,7402,22,284,141,143,130,62,68,154,79,75
19506,maule,7,linares,74,colbún,7402,23,281,146,135,116,64,52,165,82,83
19507,maule,7,linares,74,colbún,7402,24,291,141,150,126,63,63,165,78,87
19508,maule,7,linares,74,colbún,7402,25,319,159,160,149,77,72,170,82,88
19509,maule,7,linares,74,colbún,7402,26,301,148,153,138,60,78,163,88,75
19510,maule,7,linares,74,colbún,7402,27,317,165,152,146,83,63,171,82,89
19511,maule,7,linares,74,colbún,7402,28,290,139,151,125,54,71,165,85,80
19512,maule,7,linares,74,colbún,7402,29,310,146,164,151,68,83,159,78,81
19513,maule,7,linares,74,colbún,7402,30,285,139,146,142,63,79,143,76,67
19514,maule,7,linares,74,colbún,7402,31,260,114,146,136,59,77,124,55,69
19515,maule,7,linares,74,colbún,7402,32,248,112,136,116,51,65,132,61,71
19516,maule,7,linares,74,colbún,7402,33,259,113,146,124,49,75,135,64,71
19517,maule,7,linares,74,colbún,7402,34,303,143,160,162,71,91,141,72,69
19518,maule,7,linares,74,colbún,7402,35,304,141,163,137,60,77,167,81,86
19519,maule,7,linares,74,colbún,7402,36,253,126,127,122,54,68,131,72,59
19520,maule,7,linares,74,colbún,7402,37,252,125,127,108,49,59,144,76,68
19521,maule,7,linares,74,colbún,7402,38,261,124,137,131,54,77,130,70,60
19522,maule,7,linares,74,colbún,7402,39,230,109,121,98,44,54,132,65,67
19523,maule,7,linares,74,colbún,7402,40,234,117,117,110,53,57,124,64,60
19524,maule,7,linares,74,colbún,7402,41,281,147,134,119,56,63,162,91,71
19525,maule,7,linares,74,colbún,7402,42,252,105,147,113,48,65,139,57,82
19526,maule,7,linares,74,colbún,7402,43,271,122,149,119,47,72,152,75,77
19527,maule,7,linares,74,colbún,7402,44,308,137,171,129,51,78,179,86,93
19528,maule,7,linares,74,colbún,7402,45,293,135,158,135,63,72,158,72,86
19529,maule,7,linares,74,colbún,7402,46,224,90,134,93,31,62,131,59,72
19530,maule,7,linares,74,colbún,7402,47,259,124,135,109,46,63,150,78,72
19531,maule,7,linares,74,colbún,7402,48,288,125,163,121,56,65,167,69,98
19532,maule,7,linares,74,colbún,7402,49,282,141,141,120,51,69,162,90,72
19533,maule,7,linares,74,colbún,7402,50,286,139,147,102,41,61,184,98,86
19534,maule,7,linares,74,colbún,7402,51,296,149,147,101,49,52,195,100,95
19535,maule,7,linares,74,colbún,7402,52,276,143,133,104,54,50,172,89,83
19536,maule,7,linares,74,colbún,7402,53,277,137,140,98,45,53,179,92,87
19537,maule,7,linares,74,colbún,7402,54,300,162,138,115,57,58,185,105,80
19538,maule,7,linares,74,colbún,7402,55,275,127,148,109,41,68,166,86,80
19539,maule,7,linares,74,colbún,7402,56,291,138,153,104,45,59,187,93,94
19540,maule,7,linares,74,colbún,7402,57,253,129,124,98,41,57,155,88,67
19541,maule,7,linares,74,colbún,7402,58,256,135,121,88,40,48,168,95,73
19542,maule,7,linares,74,colbún,7402,59,244,126,118,99,52,47,145,74,71
19543,maule,7,linares,74,colbún,7402,60,226,96,130,86,32,54,140,64,76
19544,maule,7,linares,74,colbún,7402,61,238,114,124,88,46,42,150,68,82
19545,maule,7,linares,74,colbún,7402,62,238,113,125,79,28,51,159,85,74
19546,maule,7,linares,74,colbún,7402,63,218,107,111,70,35,35,148,72,76
19547,maule,7,linares,74,colbún,7402,64,229,124,105,87,48,39,142,76,66
19548,maule,7,linares,74,colbún,7402,65,217,126,91,81,39,42,136,87,49
19549,maule,7,linares,74,colbún,7402,66,201,97,104,76,33,43,125,64,61
19550,maule,7,linares,74,colbún,7402,67,203,109,94,65,36,29,138,73,65
19551,maule,7,linares,74,colbún,7402,68,187,91,96,75,33,42,112,58,54
19552,maule,7,linares,74,colbún,7402,69,173,95,78,62,31,31,111,64,47
19553,maule,7,linares,74,colbún,7402,70,170,77,93,61,25,36,109,52,57
19554,maule,7,linares,74,colbún,7402,71,153,83,70,46,29,17,107,54,53
19555,maule,7,linares,74,colbún,7402,72,134,73,61,45,23,22,89,50,39
19556,maule,7,linares,74,colbún,7402,73,153,79,74,54,30,24,99,49,50
19557,maule,7,linares,74,colbún,7402,74,130,66,64,45,19,26,85,47,38
19558,maule,7,linares,74,colbún,7402,75,123,67,56,47,26,21,76,41,35
19559,maule,7,linares,74,colbún,7402,76,109,53,56,36,18,18,73,35,38
19560,maule,7,linares,74,colbún,7402,77,102,47,55,33,14,19,69,33,36
19561,maule,7,linares,74,colbún,7402,78,88,49,39,30,14,16,58,35,23
19562,maule,7,linares,74,colbún,7402,79,70,31,39,37,15,22,33,16,17
19563,maule,7,linares,74,colbún,7402,80,77,36,41,28,13,15,49,23,26
19564,maule,7,linares,74,colbún,7402,81,65,28,37,25,10,15,40,18,22
19565,maule,7,linares,74,colbún,7402,82,45,20,25,16,9,7,29,11,18
19566,maule,7,linares,74,colbún,7402,83,48,30,18,19,11,8,29,19,10
19567,maule,7,linares,74,colbún,7402,84,51,28,23,22,14,8,29,14,15
19568,maule,7,linares,74,colbún,7402,85,43,14,29,16,6,10,27,8,19
19569,maule,7,linares,74,colbún,7402,86,43,21,22,15,4,11,28,17,11
19570,maule,7,linares,74,colbún,7402,87,36,11,25,10,3,7,26,8,18
19571,maule,7,linares,74,colbún,7402,88,41,18,23,16,8,8,25,10,15
19572,maule,7,linares,74,colbún,7402,89,27,13,14,6,3,3,21,10,11
19573,maule,7,linares,74,colbún,7402,90,14,6,8,4,1,3,10,5,5
19574,maule,7,linares,74,colbún,7402,91,27,16,11,7,4,3,20,12,8
19575,maule,7,linares,74,colbún,7402,92,10,3,7,4,2,2,6,1,5
19576,maule,7,linares,74,colbún,7402,93,15,6,9,4,1,3,11,5,6
19577,maule,7,linares,74,colbún,7402,94,6,2,4,1,0,1,5,2,3
19578,maule,7,linares,74,colbún,7402,95,3,1,2,1,0,1,2,1,1
19579,maule,7,linares,74,colbún,7402,96,8,3,5,1,0,1,7,3,4
19580,maule,7,linares,74,colbún,7402,97,2,0,2,1,0,1,1,0,1
19581,maule,7,linares,74,colbún,7402,98,2,2,0,1,1,0,1,1,0
19582,maule,7,linares,74,colbún,7402,99,2,0,2,1,0,1,1,0,1
19583,maule,7,linares,74,colbún,7402,100 o más,7,2,5,2,0,2,5,2,3
19584,maule,7,linares,74,longaví,7403,total comuna,30534,15482,15052,9247,4475,4772,21287,11007,10280
19585,maule,7,linares,74,longaví,7403,0,359,184,175,122,60,62,237,124,113
19586,maule,7,linares,74,longaví,7403,1,408,189,219,129,58,71,279,131,148
19587,maule,7,linares,74,longaví,7403,2,444,241,203,160,86,74,284,155,129
19588,maule,7,linares,74,longaví,7403,3,391,185,206,141,67,74,250,118,132
19589,maule,7,linares,74,longaví,7403,4,411,216,195,134,72,62,277,144,133
19590,maule,7,linares,74,longaví,7403,5,365,178,187,139,57,82,226,121,105
19591,maule,7,linares,74,longaví,7403,6,387,201,186,117,62,55,270,139,131
19592,maule,7,linares,74,longaví,7403,7,393,205,188,147,82,65,246,123,123
19593,maule,7,linares,74,longaví,7403,8,431,216,215,140,68,72,291,148,143
19594,maule,7,linares,74,longaví,7403,9,404,194,210,138,59,79,266,135,131
19595,maule,7,linares,74,longaví,7403,10,441,233,208,142,75,67,299,158,141
19596,maule,7,linares,74,longaví,7403,11,417,222,195,130,65,65,287,157,130
19597,maule,7,linares,74,longaví,7403,12,400,219,181,126,68,58,274,151,123
19598,maule,7,linares,74,longaví,7403,13,376,201,175,119,69,50,257,132,125
19599,maule,7,linares,74,longaví,7403,14,424,200,224,136,70,66,288,130,158
19600,maule,7,linares,74,longaví,7403,15,384,201,183,127,69,58,257,132,125
19601,maule,7,linares,74,longaví,7403,16,438,215,223,135,61,74,303,154,149
19602,maule,7,linares,74,longaví,7403,17,404,208,196,117,52,65,287,156,131
19603,maule,7,linares,74,longaví,7403,18,357,187,170,114,57,57,243,130,113
19604,maule,7,linares,74,longaví,7403,19,329,180,149,105,55,50,224,125,99
19605,maule,7,linares,74,longaví,7403,20,391,211,180,126,71,55,265,140,125
19606,maule,7,linares,74,longaví,7403,21,378,170,208,135,52,83,243,118,125
19607,maule,7,linares,74,longaví,7403,22,402,211,191,144,77,67,258,134,124
19608,maule,7,linares,74,longaví,7403,23,381,188,193,118,59,59,263,129,134
19609,maule,7,linares,74,longaví,7403,24,400,198,202,137,70,67,263,128,135
19610,maule,7,linares,74,longaví,7403,25,424,200,224,140,62,78,284,138,146
19611,maule,7,linares,74,longaví,7403,26,453,230,223,141,76,65,312,154,158
19612,maule,7,linares,74,longaví,7403,27,442,191,251,146,65,81,296,126,170
19613,maule,7,linares,74,longaví,7403,28,484,223,261,164,75,89,320,148,172
19614,maule,7,linares,74,longaví,7403,29,422,209,213,142,65,77,280,144,136
19615,maule,7,linares,74,longaví,7403,30,426,214,212,135,62,73,291,152,139
19616,maule,7,linares,74,longaví,7403,31,400,194,206,130,62,68,270,132,138
19617,maule,7,linares,74,longaví,7403,32,356,170,186,122,60,62,234,110,124
19618,maule,7,linares,74,longaví,7403,33,372,199,173,127,64,63,245,135,110
19619,maule,7,linares,74,longaví,7403,34,393,196,197,117,53,64,276,143,133
19620,maule,7,linares,74,longaví,7403,35,442,217,225,150,69,81,292,148,144
19621,maule,7,linares,74,longaví,7403,36,386,203,183,121,61,60,265,142,123
19622,maule,7,linares,74,longaví,7403,37,387,183,204,137,58,79,250,125,125
19623,maule,7,linares,74,longaví,7403,38,376,167,209,107,53,54,269,114,155
19624,maule,7,linares,74,longaví,7403,39,397,196,201,129,64,65,268,132,136
19625,maule,7,linares,74,longaví,7403,40,376,189,187,102,49,53,274,140,134
19626,maule,7,linares,74,longaví,7403,41,422,224,198,125,53,72,297,171,126
19627,maule,7,linares,74,longaví,7403,42,428,200,228,127,53,74,301,147,154
19628,maule,7,linares,74,longaví,7403,43,442,219,223,128,62,66,314,157,157
19629,maule,7,linares,74,longaví,7403,44,437,215,222,133,66,67,304,149,155
19630,maule,7,linares,74,longaví,7403,45,432,221,211,106,51,55,326,170,156
19631,maule,7,linares,74,longaví,7403,46,397,187,210,111,47,64,286,140,146
19632,maule,7,linares,74,longaví,7403,47,444,229,215,114,58,56,330,171,159
19633,maule,7,linares,74,longaví,7403,48,465,247,218,116,51,65,349,196,153
19634,maule,7,linares,74,longaví,7403,49,465,230,235,117,48,69,348,182,166
19635,maule,7,linares,74,longaví,7403,50,459,220,239,117,59,58,342,161,181
19636,maule,7,linares,74,longaví,7403,51,526,261,265,119,61,58,407,200,207
19637,maule,7,linares,74,longaví,7403,52,478,250,228,140,69,71,338,181,157
19638,maule,7,linares,74,longaví,7403,53,483,253,230,134,71,63,349,182,167
19639,maule,7,linares,74,longaví,7403,54,472,248,224,146,70,76,326,178,148
19640,maule,7,linares,74,longaví,7403,55,409,218,191,106,50,56,303,168,135
19641,maule,7,linares,74,longaví,7403,56,482,254,228,133,74,59,349,180,169
19642,maule,7,linares,74,longaví,7403,57,416,201,215,109,47,62,307,154,153
19643,maule,7,linares,74,longaví,7403,58,411,228,183,120,56,64,291,172,119
19644,maule,7,linares,74,longaví,7403,59,383,222,161,126,68,58,257,154,103
19645,maule,7,linares,74,longaví,7403,60,348,194,154,108,59,49,240,135,105
19646,maule,7,linares,74,longaví,7403,61,365,175,190,99,42,57,266,133,133
19647,maule,7,linares,74,longaví,7403,62,347,189,158,92,46,46,255,143,112
19648,maule,7,linares,74,longaví,7403,63,313,158,155,93,44,49,220,114,106
19649,maule,7,linares,74,longaví,7403,64,288,162,126,76,39,37,212,123,89
19650,maule,7,linares,74,longaví,7403,65,288,142,146,91,45,46,197,97,100
19651,maule,7,linares,74,longaví,7403,66,280,146,134,79,35,44,201,111,90
19652,maule,7,linares,74,longaví,7403,67,254,134,120,49,23,26,205,111,94
19653,maule,7,linares,74,longaví,7403,68,290,153,137,80,33,47,210,120,90
19654,maule,7,linares,74,longaví,7403,69,255,134,121,67,31,36,188,103,85
19655,maule,7,linares,74,longaví,7403,70,255,138,117,66,36,30,189,102,87
19656,maule,7,linares,74,longaví,7403,71,234,123,111,56,22,34,178,101,77
19657,maule,7,linares,74,longaví,7403,72,236,131,105,64,36,28,172,95,77
19658,maule,7,linares,74,longaví,7403,73,202,106,96,54,25,29,148,81,67
19659,maule,7,linares,74,longaví,7403,74,190,93,97,64,28,36,126,65,61
19660,maule,7,linares,74,longaví,7403,75,157,70,87,41,18,23,116,52,64
19661,maule,7,linares,74,longaví,7403,76,168,94,74,46,23,23,122,71,51
19662,maule,7,linares,74,longaví,7403,77,142,75,67,42,24,18,100,51,49
19663,maule,7,linares,74,longaví,7403,78,109,70,39,28,14,14,81,56,25
19664,maule,7,linares,74,longaví,7403,79,113,54,59,36,15,21,77,39,38
19665,maule,7,linares,74,longaví,7403,80,89,36,53,20,8,12,69,28,41
19666,maule,7,linares,74,longaví,7403,81,97,51,46,34,16,18,63,35,28
19667,maule,7,linares,74,longaví,7403,82,75,32,43,17,4,13,58,28,30
19668,maule,7,linares,74,longaví,7403,83,77,43,34,21,11,10,56,32,24
19669,maule,7,linares,74,longaví,7403,84,64,35,29,12,5,7,52,30,22
19670,maule,7,linares,74,longaví,7403,85,65,36,29,17,9,8,48,27,21
19671,maule,7,linares,74,longaví,7403,86,55,30,25,12,5,7,43,25,18
19672,maule,7,linares,74,longaví,7403,87,58,27,31,14,6,8,44,21,23
19673,maule,7,linares,74,longaví,7403,88,32,15,17,6,4,2,26,11,15
19674,maule,7,linares,74,longaví,7403,89,40,15,25,12,3,9,28,12,16
19675,maule,7,linares,74,longaví,7403,90,28,14,14,4,1,3,24,13,11
19676,maule,7,linares,74,longaví,7403,91,30,11,19,7,2,5,23,9,14
19677,maule,7,linares,74,longaví,7403,92,22,7,15,4,0,4,18,7,11
19678,maule,7,linares,74,longaví,7403,93,8,1,7,2,1,1,6,0,6
19679,maule,7,linares,74,longaví,7403,94,19,9,10,8,4,4,11,5,6
19680,maule,7,linares,74,longaví,7403,95,10,4,6,5,3,2,5,1,4
19681,maule,7,linares,74,longaví,7403,96,10,3,7,2,0,2,8,3,5
19682,maule,7,linares,74,longaví,7403,97,4,3,1,0,0,0,4,3,1
19683,maule,7,linares,74,longaví,7403,98,4,1,3,1,0,1,3,1,2
19684,maule,7,linares,74,longaví,7403,99,3,2,1,1,1,0,2,1,1
19685,maule,7,linares,74,longaví,7403,100 o más,8,5,3,2,1,1,6,4,2
19686,maule,7,linares,74,parral,7404,total comuna,41637,20165,21472,30794,14510,16284,10843,5655,5188
19687,maule,7,linares,74,parral,7404,0,470,226,244,374,185,189,96,41,55
19688,maule,7,linares,74,parral,7404,1,575,286,289,464,230,234,111,56,55
19689,maule,7,linares,74,parral,7404,2,613,290,323,472,225,247,141,65,76
19690,maule,7,linares,74,parral,7404,3,606,324,282,482,250,232,124,74,50
19691,maule,7,linares,74,parral,7404,4,617,291,326,482,221,261,135,70,65
19692,maule,7,linares,74,parral,7404,5,615,327,288,481,258,223,134,69,65
19693,maule,7,linares,74,parral,7404,6,637,358,279,512,285,227,125,73,52
19694,maule,7,linares,74,parral,7404,7,579,306,273,434,224,210,145,82,63
19695,maule,7,linares,74,parral,7404,8,640,306,334,497,239,258,143,67,76
19696,maule,7,linares,74,parral,7404,9,554,272,282,436,203,233,118,69,49
19697,maule,7,linares,74,parral,7404,10,584,289,295,445,217,228,139,72,67
19698,maule,7,linares,74,parral,7404,11,547,304,243,420,233,187,127,71,56
19699,maule,7,linares,74,parral,7404,12,557,294,263,418,216,202,139,78,61
19700,maule,7,linares,74,parral,7404,13,613,293,320,475,215,260,138,78,60
19701,maule,7,linares,74,parral,7404,14,568,310,258,440,233,207,128,77,51
19702,maule,7,linares,74,parral,7404,15,585,291,294,458,231,227,127,60,67
19703,maule,7,linares,74,parral,7404,16,606,303,303,470,235,235,136,68,68
19704,maule,7,linares,74,parral,7404,17,570,296,274,448,236,212,122,60,62
19705,maule,7,linares,74,parral,7404,18,460,228,232,364,175,189,96,53,43
19706,maule,7,linares,74,parral,7404,19,433,197,236,343,156,187,90,41,49
19707,maule,7,linares,74,parral,7404,20,458,250,208,353,185,168,105,65,40
19708,maule,7,linares,74,parral,7404,21,451,218,233,349,170,179,102,48,54
19709,maule,7,linares,74,parral,7404,22,462,201,261,360,155,205,102,46,56
19710,maule,7,linares,74,parral,7404,23,462,217,245,364,165,199,98,52,46
19711,maule,7,linares,74,parral,7404,24,537,233,304,426,181,245,111,52,59
19712,maule,7,linares,74,parral,7404,25,570,265,305,456,212,244,114,53,61
19713,maule,7,linares,74,parral,7404,26,594,274,320,464,212,252,130,62,68
19714,maule,7,linares,74,parral,7404,27,628,321,307,490,246,244,138,75,63
19715,maule,7,linares,74,parral,7404,28,579,283,296,464,234,230,115,49,66
19716,maule,7,linares,74,parral,7404,29,584,249,335,462,197,265,122,52,70
19717,maule,7,linares,74,parral,7404,30,560,252,308,438,194,244,122,58,64
19718,maule,7,linares,74,parral,7404,31,518,247,271,397,191,206,121,56,65
19719,maule,7,linares,74,parral,7404,32,532,255,277,420,201,219,112,54,58
19720,maule,7,linares,74,parral,7404,33,507,228,279,391,175,216,116,53,63
19721,maule,7,linares,74,parral,7404,34,541,272,269,429,215,214,112,57,55
19722,maule,7,linares,74,parral,7404,35,563,265,298,449,205,244,114,60,54
19723,maule,7,linares,74,parral,7404,36,511,244,267,387,180,207,124,64,60
19724,maule,7,linares,74,parral,7404,37,515,232,283,377,159,218,138,73,65
19725,maule,7,linares,74,parral,7404,38,519,235,284,390,174,216,129,61,68
19726,maule,7,linares,74,parral,7404,39,496,238,258,388,184,204,108,54,54
19727,maule,7,linares,74,parral,7404,40,512,251,261,379,181,198,133,70,63
19728,maule,7,linares,74,parral,7404,41,536,269,267,406,195,211,130,74,56
19729,maule,7,linares,74,parral,7404,42,580,301,279,422,218,204,158,83,75
19730,maule,7,linares,74,parral,7404,43,576,263,313,428,190,238,148,73,75
19731,maule,7,linares,74,parral,7404,44,634,298,336,471,211,260,163,87,76
19732,maule,7,linares,74,parral,7404,45,570,258,312,405,170,235,165,88,77
19733,maule,7,linares,74,parral,7404,46,608,294,314,442,208,234,166,86,80
19734,maule,7,linares,74,parral,7404,47,605,294,311,438,206,232,167,88,79
19735,maule,7,linares,74,parral,7404,48,586,258,328,428,195,233,158,63,95
19736,maule,7,linares,74,parral,7404,49,617,305,312,436,205,231,181,100,81
19737,maule,7,linares,74,parral,7404,50,633,307,326,451,205,246,182,102,80
19738,maule,7,linares,74,parral,7404,51,636,297,339,451,204,247,185,93,92
19739,maule,7,linares,74,parral,7404,52,599,295,304,424,197,227,175,98,77
19740,maule,7,linares,74,parral,7404,53,597,301,296,427,203,224,170,98,72
19741,maule,7,linares,74,parral,7404,54,582,305,277,404,200,204,178,105,73
19742,maule,7,linares,74,parral,7404,55,633,307,326,419,190,229,214,117,97
19743,maule,7,linares,74,parral,7404,56,537,265,272,369,171,198,168,94,74
19744,maule,7,linares,74,parral,7404,57,480,230,250,330,151,179,150,79,71
19745,maule,7,linares,74,parral,7404,58,521,244,277,363,165,198,158,79,79
19746,maule,7,linares,74,parral,7404,59,481,250,231,324,160,164,157,90,67
19747,maule,7,linares,74,parral,7404,60,513,272,241,336,161,175,177,111,66
19748,maule,7,linares,74,parral,7404,61,474,231,243,326,152,174,148,79,69
19749,maule,7,linares,74,parral,7404,62,453,205,248,297,125,172,156,80,76
19750,maule,7,linares,74,parral,7404,63,430,212,218,286,133,153,144,79,65
19751,maule,7,linares,74,parral,7404,64,430,213,217,292,135,157,138,78,60
19752,maule,7,linares,74,parral,7404,65,404,204,200,266,131,135,138,73,65
19753,maule,7,linares,74,parral,7404,66,351,183,168,229,115,114,122,68,54
19754,maule,7,linares,74,parral,7404,67,363,196,167,236,120,116,127,76,51
19755,maule,7,linares,74,parral,7404,68,337,170,167,234,112,122,103,58,45
19756,maule,7,linares,74,parral,7404,69,338,162,176,232,102,130,106,60,46
19757,maule,7,linares,74,parral,7404,70,317,138,179,198,79,119,119,59,60
19758,maule,7,linares,74,parral,7404,71,304,163,141,203,106,97,101,57,44
19759,maule,7,linares,74,parral,7404,72,333,150,183,236,106,130,97,44,53
19760,maule,7,linares,74,parral,7404,73,267,133,134,186,87,99,81,46,35
19761,maule,7,linares,74,parral,7404,74,296,148,148,193,82,111,103,66,37
19762,maule,7,linares,74,parral,7404,75,248,115,133,156,69,87,92,46,46
19763,maule,7,linares,74,parral,7404,76,245,95,150,162,57,105,83,38,45
19764,maule,7,linares,74,parral,7404,77,253,113,140,176,72,104,77,41,36
19765,maule,7,linares,74,parral,7404,78,207,93,114,131,54,77,76,39,37
19766,maule,7,linares,74,parral,7404,79,196,80,116,131,59,72,65,21,44
19767,maule,7,linares,74,parral,7404,80,183,76,107,123,48,75,60,28,32
19768,maule,7,linares,74,parral,7404,81,164,63,101,109,37,72,55,26,29
19769,maule,7,linares,74,parral,7404,82,140,67,73,91,37,54,49,30,19
19770,maule,7,linares,74,parral,7404,83,128,59,69,82,38,44,46,21,25
19771,maule,7,linares,74,parral,7404,84,100,40,60,70,26,44,30,14,16
19772,maule,7,linares,74,parral,7404,85,94,32,62,62,19,43,32,13,19
19773,maule,7,linares,74,parral,7404,86,90,39,51,65,28,37,25,11,14
19774,maule,7,linares,74,parral,7404,87,87,28,59,58,16,42,29,12,17
19775,maule,7,linares,74,parral,7404,88,73,29,44,50,20,30,23,9,14
19776,maule,7,linares,74,parral,7404,89,66,17,49,48,12,36,18,5,13
19777,maule,7,linares,74,parral,7404,90,43,17,26,31,11,20,12,6,6
19778,maule,7,linares,74,parral,7404,91,46,23,23,33,15,18,13,8,5
19779,maule,7,linares,74,parral,7404,92,23,6,17,16,4,12,7,2,5
19780,maule,7,linares,74,parral,7404,93,33,12,21,21,5,16,12,7,5
19781,maule,7,linares,74,parral,7404,94,16,7,9,7,2,5,9,5,4
19782,maule,7,linares,74,parral,7404,95,11,0,11,7,0,7,4,0,4
19783,maule,7,linares,74,parral,7404,96,10,2,8,10,2,8,0,0,0
19784,maule,7,linares,74,parral,7404,97,6,2,4,5,2,3,1,0,1
19785,maule,7,linares,74,parral,7404,98,10,3,7,6,2,4,4,1,3
19786,maule,7,linares,74,parral,7404,99,5,2,3,3,1,2,2,1,1
19787,maule,7,linares,74,parral,7404,100 o más,11,3,8,5,1,4,6,2,4
19788,maule,7,linares,74,retiro,7405,total comuna,19974,10054,9920,7063,3429,3634,12911,6625,6286
19789,maule,7,linares,74,retiro,7405,0,241,122,119,93,50,43,148,72,76
19790,maule,7,linares,74,retiro,7405,1,264,129,135,99,45,54,165,84,81
19791,maule,7,linares,74,retiro,7405,2,285,158,127,115,65,50,170,93,77
19792,maule,7,linares,74,retiro,7405,3,281,136,145,109,50,59,172,86,86
19793,maule,7,linares,74,retiro,7405,4,236,113,123,110,50,60,126,63,63
19794,maule,7,linares,74,retiro,7405,5,247,126,121,118,60,58,129,66,63
19795,maule,7,linares,74,retiro,7405,6,276,142,134,126,65,61,150,77,73
19796,maule,7,linares,74,retiro,7405,7,277,144,133,110,65,45,167,79,88
19797,maule,7,linares,74,retiro,7405,8,281,147,134,109,59,50,172,88,84
19798,maule,7,linares,74,retiro,7405,9,277,142,135,120,53,67,157,89,68
19799,maule,7,linares,74,retiro,7405,10,248,125,123,95,52,43,153,73,80
19800,maule,7,linares,74,retiro,7405,11,247,120,127,94,40,54,153,80,73
19801,maule,7,linares,74,retiro,7405,12,244,127,117,89,58,31,155,69,86
19802,maule,7,linares,74,retiro,7405,13,305,160,145,112,58,54,193,102,91
19803,maule,7,linares,74,retiro,7405,14,269,138,131,104,46,58,165,92,73
19804,maule,7,linares,74,retiro,7405,15,262,150,112,102,58,44,160,92,68
19805,maule,7,linares,74,retiro,7405,16,285,164,121,106,57,49,179,107,72
19806,maule,7,linares,74,retiro,7405,17,258,115,143,94,33,61,164,82,82
19807,maule,7,linares,74,retiro,7405,18,243,128,115,99,56,43,144,72,72
19808,maule,7,linares,74,retiro,7405,19,196,109,87,77,35,42,119,74,45
19809,maule,7,linares,74,retiro,7405,20,221,108,113,87,43,44,134,65,69
19810,maule,7,linares,74,retiro,7405,21,215,106,109,85,39,46,130,67,63
19811,maule,7,linares,74,retiro,7405,22,223,101,122,84,37,47,139,64,75
19812,maule,7,linares,74,retiro,7405,23,254,119,135,93,41,52,161,78,83
19813,maule,7,linares,74,retiro,7405,24,257,120,137,110,53,57,147,67,80
19814,maule,7,linares,74,retiro,7405,25,278,134,144,109,53,56,169,81,88
19815,maule,7,linares,74,retiro,7405,26,254,111,143,109,46,63,145,65,80
19816,maule,7,linares,74,retiro,7405,27,245,115,130,104,49,55,141,66,75
19817,maule,7,linares,74,retiro,7405,28,264,116,148,104,43,61,160,73,87
19818,maule,7,linares,74,retiro,7405,29,256,131,125,102,54,48,154,77,77
19819,maule,7,linares,74,retiro,7405,30,258,133,125,109,55,54,149,78,71
19820,maule,7,linares,74,retiro,7405,31,232,116,116,93,45,48,139,71,68
19821,maule,7,linares,74,retiro,7405,32,241,117,124,114,55,59,127,62,65
19822,maule,7,linares,74,retiro,7405,33,217,106,111,86,43,43,131,63,68
19823,maule,7,linares,74,retiro,7405,34,238,110,128,91,35,56,147,75,72
19824,maule,7,linares,74,retiro,7405,35,235,113,122,87,45,42,148,68,80
19825,maule,7,linares,74,retiro,7405,36,237,116,121,83,45,38,154,71,83
19826,maule,7,linares,74,retiro,7405,37,248,111,137,85,27,58,163,84,79
19827,maule,7,linares,74,retiro,7405,38,219,89,130,83,29,54,136,60,76
19828,maule,7,linares,74,retiro,7405,39,228,116,112,91,43,48,137,73,64
19829,maule,7,linares,74,retiro,7405,40,266,137,129,90,42,48,176,95,81
19830,maule,7,linares,74,retiro,7405,41,258,128,130,73,35,38,185,93,92
19831,maule,7,linares,74,retiro,7405,42,301,153,148,112,61,51,189,92,97
19832,maule,7,linares,74,retiro,7405,43,290,130,160,99,38,61,191,92,99
19833,maule,7,linares,74,retiro,7405,44,295,144,151,100,40,60,195,104,91
19834,maule,7,linares,74,retiro,7405,45,313,160,153,91,43,48,222,117,105
19835,maule,7,linares,74,retiro,7405,46,295,149,146,104,49,55,191,100,91
19836,maule,7,linares,74,retiro,7405,47,293,147,146,89,44,45,204,103,101
19837,maule,7,linares,74,retiro,7405,48,317,161,156,102,57,45,215,104,111
19838,maule,7,linares,74,retiro,7405,49,319,155,164,102,46,56,217,109,108
19839,maule,7,linares,74,retiro,7405,50,335,171,164,103,53,50,232,118,114
19840,maule,7,linares,74,retiro,7405,51,324,172,152,114,65,49,210,107,103
19841,maule,7,linares,74,retiro,7405,52,342,173,169,114,58,56,228,115,113
19842,maule,7,linares,74,retiro,7405,53,306,161,145,98,45,53,208,116,92
19843,maule,7,linares,74,retiro,7405,54,336,183,153,101,53,48,235,130,105
19844,maule,7,linares,74,retiro,7405,55,302,157,145,93,41,52,209,116,93
19845,maule,7,linares,74,retiro,7405,56,292,149,143,83,35,48,209,114,95
19846,maule,7,linares,74,retiro,7405,57,293,147,146,89,46,43,204,101,103
19847,maule,7,linares,74,retiro,7405,58,290,146,144,100,53,47,190,93,97
19848,maule,7,linares,74,retiro,7405,59,262,149,113,75,39,36,187,110,77
19849,maule,7,linares,74,retiro,7405,60,266,145,121,78,39,39,188,106,82
19850,maule,7,linares,74,retiro,7405,61,216,109,107,49,20,29,167,89,78
19851,maule,7,linares,74,retiro,7405,62,212,107,105,56,30,26,156,77,79
19852,maule,7,linares,74,retiro,7405,63,239,121,118,69,38,31,170,83,87
19853,maule,7,linares,74,retiro,7405,64,209,108,101,68,35,33,141,73,68
19854,maule,7,linares,74,retiro,7405,65,196,111,85,59,29,30,137,82,55
19855,maule,7,linares,74,retiro,7405,66,190,90,100,52,19,33,138,71,67
19856,maule,7,linares,74,retiro,7405,67,197,120,77,59,31,28,138,89,49
19857,maule,7,linares,74,retiro,7405,68,199,110,89,55,28,27,144,82,62
19858,maule,7,linares,74,retiro,7405,69,160,80,80,47,20,27,113,60,53
19859,maule,7,linares,74,retiro,7405,70,169,91,78,51,23,28,118,68,50
19860,maule,7,linares,74,retiro,7405,71,158,95,63,53,32,21,105,63,42
19861,maule,7,linares,74,retiro,7405,72,144,72,72,53,25,28,91,47,44
19862,maule,7,linares,74,retiro,7405,73,114,56,58,32,13,19,82,43,39
19863,maule,7,linares,74,retiro,7405,74,142,65,77,43,22,21,99,43,56
19864,maule,7,linares,74,retiro,7405,75,111,58,53,35,21,14,76,37,39
19865,maule,7,linares,74,retiro,7405,76,117,56,61,37,11,26,80,45,35
19866,maule,7,linares,74,retiro,7405,77,106,60,46,29,18,11,77,42,35
19867,maule,7,linares,74,retiro,7405,78,101,55,46,29,18,11,72,37,35
19868,maule,7,linares,74,retiro,7405,79,67,27,40,24,7,17,43,20,23
19869,maule,7,linares,74,retiro,7405,80,81,41,40,26,13,13,55,28,27
19870,maule,7,linares,74,retiro,7405,81,76,36,40,16,5,11,60,31,29
19871,maule,7,linares,74,retiro,7405,82,67,27,40,16,5,11,51,22,29
19872,maule,7,linares,74,retiro,7405,83,48,22,26,19,10,9,29,12,17
19873,maule,7,linares,74,retiro,7405,84,33,16,17,8,3,5,25,13,12
19874,maule,7,linares,74,retiro,7405,85,43,21,22,14,9,5,29,12,17
19875,maule,7,linares,74,retiro,7405,86,48,23,25,11,4,7,37,19,18
19876,maule,7,linares,74,retiro,7405,87,42,15,27,8,4,4,34,11,23
19877,maule,7,linares,74,retiro,7405,88,24,10,14,5,2,3,19,8,11
19878,maule,7,linares,74,retiro,7405,89,23,10,13,6,3,3,17,7,10
19879,maule,7,linares,74,retiro,7405,90,23,11,12,6,2,4,17,9,8
19880,maule,7,linares,74,retiro,7405,91,25,10,15,10,4,6,15,6,9
19881,maule,7,linares,74,retiro,7405,92,14,5,9,5,1,4,9,4,5
19882,maule,7,linares,74,retiro,7405,93,8,2,6,3,1,2,5,1,4
19883,maule,7,linares,74,retiro,7405,94,9,2,7,4,0,4,5,2,3
19884,maule,7,linares,74,retiro,7405,95,9,4,5,2,2,0,7,2,5
19885,maule,7,linares,74,retiro,7405,96,1,0,1,0,0,0,1,0,1
19886,maule,7,linares,74,retiro,7405,97,6,3,3,2,2,0,4,1,3
19887,maule,7,linares,74,retiro,7405,98,1,1,0,1,1,0,0,0,0
19888,maule,7,linares,74,retiro,7405,99,2,1,1,0,0,0,2,1,1
19889,maule,7,linares,74,retiro,7405,100 o más,7,3,4,1,1,0,6,2,4
19890,maule,7,linares,74,san javier,7406,total comuna,45547,22002,23545,32569,15360,17209,12978,6642,6336
19891,maule,7,linares,74,san javier,7406,0,527,251,276,413,200,213,114,51,63
19892,maule,7,linares,74,san javier,7406,1,602,283,319,467,227,240,135,56,79
19893,maule,7,linares,74,san javier,7406,2,646,343,303,509,269,240,137,74,63
19894,maule,7,linares,74,san javier,7406,3,673,348,325,511,264,247,162,84,78
19895,maule,7,linares,74,san javier,7406,4,640,328,312,492,255,237,148,73,75
19896,maule,7,linares,74,san javier,7406,5,640,314,326,497,237,260,143,77,66
19897,maule,7,linares,74,san javier,7406,6,687,347,340,548,276,272,139,71,68
19898,maule,7,linares,74,san javier,7406,7,651,321,330,496,246,250,155,75,80
19899,maule,7,linares,74,san javier,7406,8,664,317,347,503,233,270,161,84,77
19900,maule,7,linares,74,san javier,7406,9,654,333,321,490,247,243,164,86,78
19901,maule,7,linares,74,san javier,7406,10,563,301,262,417,224,193,146,77,69
19902,maule,7,linares,74,san javier,7406,11,668,322,346,495,239,256,173,83,90
19903,maule,7,linares,74,san javier,7406,12,619,299,320,457,211,246,162,88,74
19904,maule,7,linares,74,san javier,7406,13,625,328,297,464,242,222,161,86,75
19905,maule,7,linares,74,san javier,7406,14,672,355,317,487,266,221,185,89,96
19906,maule,7,linares,74,san javier,7406,15,717,359,358,532,268,264,185,91,94
19907,maule,7,linares,74,san javier,7406,16,690,354,336,530,271,259,160,83,77
19908,maule,7,linares,74,san javier,7406,17,676,358,318,496,258,238,180,100,80
19909,maule,7,linares,74,san javier,7406,18,594,319,275,457,242,215,137,77,60
19910,maule,7,linares,74,san javier,7406,19,598,306,292,450,233,217,148,73,75
19911,maule,7,linares,74,san javier,7406,20,681,323,358,492,234,258,189,89,100
19912,maule,7,linares,74,san javier,7406,21,612,303,309,465,232,233,147,71,76
19913,maule,7,linares,74,san javier,7406,22,647,317,330,491,238,253,156,79,77
19914,maule,7,linares,74,san javier,7406,23,715,327,388,522,234,288,193,93,100
19915,maule,7,linares,74,san javier,7406,24,694,334,360,527,249,278,167,85,82
19916,maule,7,linares,74,san javier,7406,25,638,297,341,493,231,262,145,66,79
19917,maule,7,linares,74,san javier,7406,26,678,318,360,538,240,298,140,78,62
19918,maule,7,linares,74,san javier,7406,27,694,321,373,534,244,290,160,77,83
19919,maule,7,linares,74,san javier,7406,28,632,312,320,487,241,246,145,71,74
19920,maule,7,linares,74,san javier,7406,29,721,321,400,584,245,339,137,76,61
19921,maule,7,linares,74,san javier,7406,30,602,269,333,479,213,266,123,56,67
19922,maule,7,linares,74,san javier,7406,31,589,284,305,460,219,241,129,65,64
19923,maule,7,linares,74,san javier,7406,32,494,234,260,382,170,212,112,64,48
19924,maule,7,linares,74,san javier,7406,33,541,241,300,424,194,230,117,47,70
19925,maule,7,linares,74,san javier,7406,34,576,265,311,442,200,242,134,65,69
19926,maule,7,linares,74,san javier,7406,35,606,287,319,439,202,237,167,85,82
19927,maule,7,linares,74,san javier,7406,36,562,268,294,418,191,227,144,77,67
19928,maule,7,linares,74,san javier,7406,37,534,247,287,398,172,226,136,75,61
19929,maule,7,linares,74,san javier,7406,38,501,224,277,378,169,209,123,55,68
19930,maule,7,linares,74,san javier,7406,39,486,237,249,360,171,189,126,66,60
19931,maule,7,linares,74,san javier,7406,40,586,284,302,444,219,225,142,65,77
19932,maule,7,linares,74,san javier,7406,41,626,309,317,430,207,223,196,102,94
19933,maule,7,linares,74,san javier,7406,42,566,282,284,385,178,207,181,104,77
19934,maule,7,linares,74,san javier,7406,43,660,290,370,462,202,260,198,88,110
19935,maule,7,linares,74,san javier,7406,44,606,285,321,431,200,231,175,85,90
19936,maule,7,linares,74,san javier,7406,45,676,336,340,455,223,232,221,113,108
19937,maule,7,linares,74,san javier,7406,46,664,305,359,449,201,248,215,104,111
19938,maule,7,linares,74,san javier,7406,47,635,320,315,415,196,219,220,124,96
19939,maule,7,linares,74,san javier,7406,48,653,307,346,445,207,238,208,100,108
19940,maule,7,linares,74,san javier,7406,49,645,300,345,433,185,248,212,115,97
19941,maule,7,linares,74,san javier,7406,50,664,339,325,447,226,221,217,113,104
19942,maule,7,linares,74,san javier,7406,51,627,312,315,416,192,224,211,120,91
19943,maule,7,linares,74,san javier,7406,52,648,305,343,436,191,245,212,114,98
19944,maule,7,linares,74,san javier,7406,53,642,329,313,424,196,228,218,133,85
19945,maule,7,linares,74,san javier,7406,54,595,287,308,388,188,200,207,99,108
19946,maule,7,linares,74,san javier,7406,55,613,306,307,408,198,210,205,108,97
19947,maule,7,linares,74,san javier,7406,56,566,263,303,385,174,211,181,89,92
19948,maule,7,linares,74,san javier,7406,57,539,255,284,353,166,187,186,89,97
19949,maule,7,linares,74,san javier,7406,58,547,253,294,365,167,198,182,86,96
19950,maule,7,linares,74,san javier,7406,59,485,235,250,319,145,174,166,90,76
19951,maule,7,linares,74,san javier,7406,60,475,236,239,301,133,168,174,103,71
19952,maule,7,linares,74,san javier,7406,61,470,226,244,324,146,178,146,80,66
19953,maule,7,linares,74,san javier,7406,62,440,197,243,292,124,168,148,73,75
19954,maule,7,linares,74,san javier,7406,63,467,221,246,286,131,155,181,90,91
19955,maule,7,linares,74,san javier,7406,64,453,236,217,288,142,146,165,94,71
19956,maule,7,linares,74,san javier,7406,65,409,225,184,272,148,124,137,77,60
19957,maule,7,linares,74,san javier,7406,66,412,199,213,268,126,142,144,73,71
19958,maule,7,linares,74,san javier,7406,67,392,172,220,241,99,142,151,73,78
19959,maule,7,linares,74,san javier,7406,68,370,188,182,222,114,108,148,74,74
19960,maule,7,linares,74,san javier,7406,69,340,166,174,193,84,109,147,82,65
19961,maule,7,linares,74,san javier,7406,70,359,173,186,221,94,127,138,79,59
19962,maule,7,linares,74,san javier,7406,71,331,164,167,208,87,121,123,77,46
19963,maule,7,linares,74,san javier,7406,72,322,155,167,195,87,108,127,68,59
19964,maule,7,linares,74,san javier,7406,73,287,153,134,176,82,94,111,71,40
19965,maule,7,linares,74,san javier,7406,74,274,109,165,168,57,111,106,52,54
19966,maule,7,linares,74,san javier,7406,75,270,141,129,164,83,81,106,58,48
19967,maule,7,linares,74,san javier,7406,76,221,104,117,143,64,79,78,40,38
19968,maule,7,linares,74,san javier,7406,77,276,119,157,163,61,102,113,58,55
19969,maule,7,linares,74,san javier,7406,78,206,88,118,141,56,85,65,32,33
19970,maule,7,linares,74,san javier,7406,79,191,89,102,120,52,68,71,37,34
19971,maule,7,linares,74,san javier,7406,80,161,70,91,101,43,58,60,27,33
19972,maule,7,linares,74,san javier,7406,81,164,73,91,112,46,66,52,27,25
19973,maule,7,linares,74,san javier,7406,82,140,52,88,87,27,60,53,25,28
19974,maule,7,linares,74,san javier,7406,83,98,38,60,67,25,42,31,13,18
19975,maule,7,linares,74,san javier,7406,84,111,44,67,69,28,41,42,16,26
19976,maule,7,linares,74,san javier,7406,85,98,42,56,64,25,39,34,17,17
19977,maule,7,linares,74,san javier,7406,86,105,51,54,73,39,34,32,12,20
19978,maule,7,linares,74,san javier,7406,87,84,35,49,56,23,33,28,12,16
19979,maule,7,linares,74,san javier,7406,88,71,26,45,42,16,26,29,10,19
19980,maule,7,linares,74,san javier,7406,89,58,12,46,42,8,34,16,4,12
19981,maule,7,linares,74,san javier,7406,90,52,19,33,31,12,19,21,7,14
19982,maule,7,linares,74,san javier,7406,91,43,17,26,25,8,17,18,9,9
19983,maule,7,linares,74,san javier,7406,92,28,8,20,21,7,14,7,1,6
19984,maule,7,linares,74,san javier,7406,93,32,12,20,19,7,12,13,5,8
19985,maule,7,linares,74,san javier,7406,94,21,5,16,15,4,11,6,1,5
19986,maule,7,linares,74,san javier,7406,95,20,8,12,12,5,7,8,3,5
19987,maule,7,linares,74,san javier,7406,96,15,3,12,10,3,7,5,0,5
19988,maule,7,linares,74,san javier,7406,97,8,2,6,6,2,4,2,0,2
19989,maule,7,linares,74,san javier,7406,98,6,0,6,5,0,5,1,0,1
19990,maule,7,linares,74,san javier,7406,99,2,0,2,2,0,2,0,0,0
19991,maule,7,linares,74,san javier,7406,100 o más,13,7,6,10,4,6,3,3,0
19992,maule,7,linares,74,villa alegre,7407,total comuna,16221,7880,8341,9676,4556,5120,6545,3324,3221
19993,maule,7,linares,74,villa alegre,7407,0,174,89,85,123,65,58,51,24,27
19994,maule,7,linares,74,villa alegre,7407,1,205,100,105,134,67,67,71,33,38
19995,maule,7,linares,74,villa alegre,7407,2,231,119,112,147,79,68,84,40,44
19996,maule,7,linares,74,villa alegre,7407,3,223,129,94,142,84,58,81,45,36
19997,maule,7,linares,74,villa alegre,7407,4,216,99,117,150,63,87,66,36,30
19998,maule,7,linares,74,villa alegre,7407,5,220,123,97,148,82,66,72,41,31
19999,maule,7,linares,74,villa alegre,7407,6,241,113,128,166,80,86,75,33,42
20000,maule,7,linares,74,villa alegre,7407,7,234,115,119,154,73,81,80,42,38
20001,maule,7,linares,74,villa alegre,7407,8,200,100,100,131,67,64,69,33,36
20002,maule,7,linares,74,villa alegre,7407,9,181,87,94,110,49,61,71,38,33
20003,maule,7,linares,74,villa alegre,7407,10,195,101,94,123,65,58,72,36,36
20004,maule,7,linares,74,villa alegre,7407,11,210,109,101,137,70,67,73,39,34
20005,maule,7,linares,74,villa alegre,7407,12,246,114,132,153,70,83,93,44,49
20006,maule,7,linares,74,villa alegre,7407,13,224,101,123,129,64,65,95,37,58
20007,maule,7,linares,74,villa alegre,7407,14,254,118,136,156,75,81,98,43,55
20008,maule,7,linares,74,villa alegre,7407,15,209,114,95,136,81,55,73,33,40
20009,maule,7,linares,74,villa alegre,7407,16,202,115,87,130,73,57,72,42,30
20010,maule,7,linares,74,villa alegre,7407,17,212,112,100,127,68,59,85,44,41
20011,maule,7,linares,74,villa alegre,7407,18,199,87,112,125,52,73,74,35,39
20012,maule,7,linares,74,villa alegre,7407,19,218,110,108,119,57,62,99,53,46
20013,maule,7,linares,74,villa alegre,7407,20,241,102,139,141,58,83,100,44,56
20014,maule,7,linares,74,villa alegre,7407,21,206,100,106,133,59,74,73,41,32
20015,maule,7,linares,74,villa alegre,7407,22,217,101,116,135,56,79,82,45,37
20016,maule,7,linares,74,villa alegre,7407,23,215,101,114,141,69,72,74,32,42
20017,maule,7,linares,74,villa alegre,7407,24,212,101,111,129,60,69,83,41,42
20018,maule,7,linares,74,villa alegre,7407,25,220,94,126,133,54,79,87,40,47
20019,maule,7,linares,74,villa alegre,7407,26,235,113,122,141,71,70,94,42,52
20020,maule,7,linares,74,villa alegre,7407,27,243,126,117,159,80,79,84,46,38
20021,maule,7,linares,74,villa alegre,7407,28,186,76,110,131,47,84,55,29,26
20022,maule,7,linares,74,villa alegre,7407,29,204,91,113,138,65,73,66,26,40
20023,maule,7,linares,74,villa alegre,7407,30,212,97,115,135,66,69,77,31,46
20024,maule,7,linares,74,villa alegre,7407,31,228,119,109,144,65,79,84,54,30
20025,maule,7,linares,74,villa alegre,7407,32,190,95,95,135,68,67,55,27,28
20026,maule,7,linares,74,villa alegre,7407,33,196,80,116,127,52,75,69,28,41
20027,maule,7,linares,74,villa alegre,7407,34,200,81,119,144,51,93,56,30,26
20028,maule,7,linares,74,villa alegre,7407,35,234,112,122,150,71,79,84,41,43
20029,maule,7,linares,74,villa alegre,7407,36,209,107,102,134,63,71,75,44,31
20030,maule,7,linares,74,villa alegre,7407,37,182,82,100,118,50,68,64,32,32
20031,maule,7,linares,74,villa alegre,7407,38,184,81,103,115,49,66,69,32,37
20032,maule,7,linares,74,villa alegre,7407,39,158,75,83,108,54,54,50,21,29
20033,maule,7,linares,74,villa alegre,7407,40,191,92,99,107,43,64,84,49,35
20034,maule,7,linares,74,villa alegre,7407,41,200,95,105,115,52,63,85,43,42
20035,maule,7,linares,74,villa alegre,7407,42,243,134,109,141,77,64,102,57,45
20036,maule,7,linares,74,villa alegre,7407,43,238,114,124,155,76,79,83,38,45
20037,maule,7,linares,74,villa alegre,7407,44,175,84,91,106,51,55,69,33,36
20038,maule,7,linares,74,villa alegre,7407,45,238,117,121,138,69,69,100,48,52
20039,maule,7,linares,74,villa alegre,7407,46,213,113,100,119,59,60,94,54,40
20040,maule,7,linares,74,villa alegre,7407,47,219,108,111,123,58,65,96,50,46
20041,maule,7,linares,74,villa alegre,7407,48,247,118,129,141,67,74,106,51,55
20042,maule,7,linares,74,villa alegre,7407,49,223,105,118,114,53,61,109,52,57
20043,maule,7,linares,74,villa alegre,7407,50,263,126,137,129,61,68,134,65,69
20044,maule,7,linares,74,villa alegre,7407,51,226,112,114,122,58,64,104,54,50
20045,maule,7,linares,74,villa alegre,7407,52,234,117,117,130,62,68,104,55,49
20046,maule,7,linares,74,villa alegre,7407,53,233,114,119,128,57,71,105,57,48
20047,maule,7,linares,74,villa alegre,7407,54,244,120,124,132,56,76,112,64,48
20048,maule,7,linares,74,villa alegre,7407,55,244,122,122,129,71,58,115,51,64
20049,maule,7,linares,74,villa alegre,7407,56,205,107,98,101,48,53,104,59,45
20050,maule,7,linares,74,villa alegre,7407,57,210,111,99,109,52,57,101,59,42
20051,maule,7,linares,74,villa alegre,7407,58,185,91,94,98,37,61,87,54,33
20052,maule,7,linares,74,villa alegre,7407,59,200,90,110,117,54,63,83,36,47
20053,maule,7,linares,74,villa alegre,7407,60,207,103,104,118,58,60,89,45,44
20054,maule,7,linares,74,villa alegre,7407,61,192,99,93,109,56,53,83,43,40
20055,maule,7,linares,74,villa alegre,7407,62,176,82,94,93,37,56,83,45,38
20056,maule,7,linares,74,villa alegre,7407,63,167,80,87,85,38,47,82,42,40
20057,maule,7,linares,74,villa alegre,7407,64,190,92,98,99,43,56,91,49,42
20058,maule,7,linares,74,villa alegre,7407,65,177,84,93,95,43,52,82,41,41
20059,maule,7,linares,74,villa alegre,7407,66,149,70,79,83,40,43,66,30,36
20060,maule,7,linares,74,villa alegre,7407,67,149,72,77,68,32,36,81,40,41
20061,maule,7,linares,74,villa alegre,7407,68,127,51,76,72,26,46,55,25,30
20062,maule,7,linares,74,villa alegre,7407,69,147,78,69,68,36,32,79,42,37
20063,maule,7,linares,74,villa alegre,7407,70,152,84,68,75,38,37,77,46,31
20064,maule,7,linares,74,villa alegre,7407,71,136,75,61,72,39,33,64,36,28
20065,maule,7,linares,74,villa alegre,7407,72,126,70,56,59,32,27,67,38,29
20066,maule,7,linares,74,villa alegre,7407,73,128,60,68,73,29,44,55,31,24
20067,maule,7,linares,74,villa alegre,7407,74,117,47,70,68,21,47,49,26,23
20068,maule,7,linares,74,villa alegre,7407,75,124,67,57,67,33,34,57,34,23
20069,maule,7,linares,74,villa alegre,7407,76,103,51,52,62,28,34,41,23,18
20070,maule,7,linares,74,villa alegre,7407,77,95,42,53,46,18,28,49,24,25
20071,maule,7,linares,74,villa alegre,7407,78,79,36,43,50,25,25,29,11,18
20072,maule,7,linares,74,villa alegre,7407,79,60,27,33,39,15,24,21,12,9
20073,maule,7,linares,74,villa alegre,7407,80,76,33,43,42,15,27,34,18,16
20074,maule,7,linares,74,villa alegre,7407,81,59,32,27,29,13,16,30,19,11
20075,maule,7,linares,74,villa alegre,7407,82,51,25,26,22,10,12,29,15,14
20076,maule,7,linares,74,villa alegre,7407,83,38,18,20,20,9,11,18,9,9
20077,maule,7,linares,74,villa alegre,7407,84,43,21,22,24,10,14,19,11,8
20078,maule,7,linares,74,villa alegre,7407,85,38,16,22,25,10,15,13,6,7
20079,maule,7,linares,74,villa alegre,7407,86,37,17,20,26,13,13,11,4,7
20080,maule,7,linares,74,villa alegre,7407,87,40,17,23,19,7,12,21,10,11
20081,maule,7,linares,74,villa alegre,7407,88,28,11,17,14,5,9,14,6,8
20082,maule,7,linares,74,villa alegre,7407,89,27,8,19,16,5,11,11,3,8
20083,maule,7,linares,74,villa alegre,7407,90,19,8,11,14,6,8,5,2,3
20084,maule,7,linares,74,villa alegre,7407,91,18,8,10,13,5,8,5,3,2
20085,maule,7,linares,74,villa alegre,7407,92,10,3,7,5,1,4,5,2,3
20086,maule,7,linares,74,villa alegre,7407,93,15,6,9,10,4,6,5,2,3
20087,maule,7,linares,74,villa alegre,7407,94,8,4,4,2,2,0,6,2,4
20088,maule,7,linares,74,villa alegre,7407,95,4,2,2,2,1,1,2,1,1
20089,maule,7,linares,74,villa alegre,7407,96,2,1,1,1,0,1,1,1,0
20090,maule,7,linares,74,villa alegre,7407,97,3,1,2,1,0,1,2,1,1
20091,maule,7,linares,74,villa alegre,7407,98,2,0,2,1,0,1,1,0,1
20092,maule,7,linares,74,villa alegre,7407,99,1,0,1,1,0,1,0,0,0
20093,maule,7,linares,74,villa alegre,7407,100 o más,4,0,4,3,0,3,1,0,1
20094,maule,7,linares,74,yerbas buenas,7408,total comuna,18081,9125,8956,6187,3038,3149,11894,6087,5807
20095,maule,7,linares,74,yerbas buenas,7408,0,234,107,127,101,42,59,133,65,68
20096,maule,7,linares,74,yerbas buenas,7408,1,237,127,110,80,40,40,157,87,70
20097,maule,7,linares,74,yerbas buenas,7408,2,265,130,135,95,50,45,170,80,90
20098,maule,7,linares,74,yerbas buenas,7408,3,249,139,110,71,45,26,178,94,84
20099,maule,7,linares,74,yerbas buenas,7408,4,245,122,123,99,44,55,146,78,68
20100,maule,7,linares,74,yerbas buenas,7408,5,260,137,123,95,49,46,165,88,77
20101,maule,7,linares,74,yerbas buenas,7408,6,262,135,127,86,51,35,176,84,92
20102,maule,7,linares,74,yerbas buenas,7408,7,249,124,125,78,35,43,171,89,82
20103,maule,7,linares,74,yerbas buenas,7408,8,262,143,119,77,36,41,185,107,78
20104,maule,7,linares,74,yerbas buenas,7408,9,248,127,121,86,46,40,162,81,81
20105,maule,7,linares,74,yerbas buenas,7408,10,235,116,119,92,51,41,143,65,78
20106,maule,7,linares,74,yerbas buenas,7408,11,242,115,127,88,40,48,154,75,79
20107,maule,7,linares,74,yerbas buenas,7408,12,262,134,128,89,43,46,173,91,82
20108,maule,7,linares,74,yerbas buenas,7408,13,284,145,139,106,54,52,178,91,87
20109,maule,7,linares,74,yerbas buenas,7408,14,259,134,125,76,33,43,183,101,82
20110,maule,7,linares,74,yerbas buenas,7408,15,251,138,113,84,50,34,167,88,79
20111,maule,7,linares,74,yerbas buenas,7408,16,270,148,122,89,44,45,181,104,77
20112,maule,7,linares,74,yerbas buenas,7408,17,253,122,131,99,46,53,154,76,78
20113,maule,7,linares,74,yerbas buenas,7408,18,239,129,110,84,42,42,155,87,68
20114,maule,7,linares,74,yerbas buenas,7408,19,228,126,102,71,38,33,157,88,69
20115,maule,7,linares,74,yerbas buenas,7408,20,227,111,116,77,37,40,150,74,76
20116,maule,7,linares,74,yerbas buenas,7408,21,246,116,130,86,40,46,160,76,84
20117,maule,7,linares,74,yerbas buenas,7408,22,238,106,132,80,36,44,158,70,88
20118,maule,7,linares,74,yerbas buenas,7408,23,236,123,113,108,49,59,128,74,54
20119,maule,7,linares,74,yerbas buenas,7408,24,232,111,121,82,39,43,150,72,78
20120,maule,7,linares,74,yerbas buenas,7408,25,251,125,126,87,39,48,164,86,78
20121,maule,7,linares,74,yerbas buenas,7408,26,267,140,127,107,56,51,160,84,76
20122,maule,7,linares,74,yerbas buenas,7408,27,265,127,138,93,47,46,172,80,92
20123,maule,7,linares,74,yerbas buenas,7408,28,244,130,114,87,46,41,157,84,73
20124,maule,7,linares,74,yerbas buenas,7408,29,250,129,121,95,53,42,155,76,79
20125,maule,7,linares,74,yerbas buenas,7408,30,232,120,112,73,38,35,159,82,77
20126,maule,7,linares,74,yerbas buenas,7408,31,218,98,120,73,31,42,145,67,78
20127,maule,7,linares,74,yerbas buenas,7408,32,223,108,115,79,42,37,144,66,78
20128,maule,7,linares,74,yerbas buenas,7408,33,232,115,117,83,46,37,149,69,80
20129,maule,7,linares,74,yerbas buenas,7408,34,244,111,133,67,28,39,177,83,94
20130,maule,7,linares,74,yerbas buenas,7408,35,250,118,132,89,36,53,161,82,79
20131,maule,7,linares,74,yerbas buenas,7408,36,233,112,121,80,40,40,153,72,81
20132,maule,7,linares,74,yerbas buenas,7408,37,228,123,105,62,32,30,166,91,75
20133,maule,7,linares,74,yerbas buenas,7408,38,234,113,121,82,40,42,152,73,79
20134,maule,7,linares,74,yerbas buenas,7408,39,237,112,125,74,30,44,163,82,81
20135,maule,7,linares,74,yerbas buenas,7408,40,222,115,107,70,34,36,152,81,71
20136,maule,7,linares,74,yerbas buenas,7408,41,241,125,116,84,40,44,157,85,72
20137,maule,7,linares,74,yerbas buenas,7408,42,244,107,137,82,35,47,162,72,90
20138,maule,7,linares,74,yerbas buenas,7408,43,249,133,116,83,43,40,166,90,76
20139,maule,7,linares,74,yerbas buenas,7408,44,262,114,148,97,43,54,165,71,94
20140,maule,7,linares,74,yerbas buenas,7408,45,247,121,126,82,40,42,165,81,84
20141,maule,7,linares,74,yerbas buenas,7408,46,249,124,125,83,41,42,166,83,83
20142,maule,7,linares,74,yerbas buenas,7408,47,259,116,143,87,35,52,172,81,91
20143,maule,7,linares,74,yerbas buenas,7408,48,274,129,145,89,45,44,185,84,101
20144,maule,7,linares,74,yerbas buenas,7408,49,281,136,145,109,50,59,172,86,86
20145,maule,7,linares,74,yerbas buenas,7408,50,316,164,152,113,61,52,203,103,100
20146,maule,7,linares,74,yerbas buenas,7408,51,244,125,119,83,46,37,161,79,82
20147,maule,7,linares,74,yerbas buenas,7408,52,297,144,153,102,44,58,195,100,95
20148,maule,7,linares,74,yerbas buenas,7408,53,262,136,126,86,50,36,176,86,90
20149,maule,7,linares,74,yerbas buenas,7408,54,263,144,119,90,40,50,173,104,69
20150,maule,7,linares,74,yerbas buenas,7408,55,243,126,117,82,44,38,161,82,79
20151,maule,7,linares,74,yerbas buenas,7408,56,275,146,129,84,43,41,191,103,88
20152,maule,7,linares,74,yerbas buenas,7408,57,206,119,87,53,29,24,153,90,63
20153,maule,7,linares,74,yerbas buenas,7408,58,204,99,105,76,37,39,128,62,66
20154,maule,7,linares,74,yerbas buenas,7408,59,215,117,98,66,34,32,149,83,66
20155,maule,7,linares,74,yerbas buenas,7408,60,214,106,108,69,28,41,145,78,67
20156,maule,7,linares,74,yerbas buenas,7408,61,214,101,113,79,32,47,135,69,66
20157,maule,7,linares,74,yerbas buenas,7408,62,180,96,84,61,32,29,119,64,55
20158,maule,7,linares,74,yerbas buenas,7408,63,215,101,114,68,35,33,147,66,81
20159,maule,7,linares,74,yerbas buenas,7408,64,182,86,96,48,18,30,134,68,66
20160,maule,7,linares,74,yerbas buenas,7408,65,168,92,76,55,30,25,113,62,51
20161,maule,7,linares,74,yerbas buenas,7408,66,149,78,71,54,24,30,95,54,41
20162,maule,7,linares,74,yerbas buenas,7408,67,154,79,75,56,28,28,98,51,47
20163,maule,7,linares,74,yerbas buenas,7408,68,158,74,84,57,25,32,101,49,52
20164,maule,7,linares,74,yerbas buenas,7408,69,137,78,59,47,28,19,90,50,40
20165,maule,7,linares,74,yerbas buenas,7408,70,144,82,62,39,19,20,105,63,42
20166,maule,7,linares,74,yerbas buenas,7408,71,141,68,73,48,19,29,93,49,44
20167,maule,7,linares,74,yerbas buenas,7408,72,136,82,54,49,28,21,87,54,33
20168,maule,7,linares,74,yerbas buenas,7408,73,98,52,46,28,11,17,70,41,29
20169,maule,7,linares,74,yerbas buenas,7408,74,94,55,39,23,16,7,71,39,32
20170,maule,7,linares,74,yerbas buenas,7408,75,101,55,46,31,16,15,70,39,31
20171,maule,7,linares,74,yerbas buenas,7408,76,92,45,47,36,19,17,56,26,30
20172,maule,7,linares,74,yerbas buenas,7408,77,75,37,38,27,13,14,48,24,24
20173,maule,7,linares,74,yerbas buenas,7408,78,80,41,39,27,14,13,53,27,26
20174,maule,7,linares,74,yerbas buenas,7408,79,47,23,24,16,8,8,31,15,16
20175,maule,7,linares,74,yerbas buenas,7408,80,54,26,28,18,9,9,36,17,19
20176,maule,7,linares,74,yerbas buenas,7408,81,38,25,13,10,8,2,28,17,11
20177,maule,7,linares,74,yerbas buenas,7408,82,44,25,19,17,9,8,27,16,11
20178,maule,7,linares,74,yerbas buenas,7408,83,42,24,18,19,11,8,23,13,10
20179,maule,7,linares,74,yerbas buenas,7408,84,43,20,23,19,8,11,24,12,12
20180,maule,7,linares,74,yerbas buenas,7408,85,27,11,16,13,5,8,14,6,8
20181,maule,7,linares,74,yerbas buenas,7408,86,34,16,18,13,8,5,21,8,13
20182,maule,7,linares,74,yerbas buenas,7408,87,28,8,20,9,3,6,19,5,14
20183,maule,7,linares,74,yerbas buenas,7408,88,17,11,6,4,1,3,13,10,3
20184,maule,7,linares,74,yerbas buenas,7408,89,26,12,14,8,3,5,18,9,9
20185,maule,7,linares,74,yerbas buenas,7408,90,13,6,7,6,3,3,7,3,4
20186,maule,7,linares,74,yerbas buenas,7408,91,5,1,4,2,1,1,3,0,3
20187,maule,7,linares,74,yerbas buenas,7408,92,13,6,7,4,1,3,9,5,4
20188,maule,7,linares,74,yerbas buenas,7408,93,6,1,5,3,1,2,3,0,3
20189,maule,7,linares,74,yerbas buenas,7408,94,6,1,5,2,0,2,4,1,3
20190,maule,7,linares,74,yerbas buenas,7408,95,7,3,4,3,2,1,4,1,3
20191,maule,7,linares,74,yerbas buenas,7408,96,7,2,5,3,1,2,4,1,3
20192,maule,7,linares,74,yerbas buenas,7408,97,3,2,1,2,1,1,1,1,0
20193,maule,7,linares,74,yerbas buenas,7408,98,3,2,1,0,0,0,3,2,1
20194,maule,7,linares,74,yerbas buenas,7408,99,1,1,0,0,0,0,1,1,0
20195,maule,7,linares,74,yerbas buenas,7408,100 o más,11,5,6,3,2,1,8,3,5
20196,ñuble,16,diguillín,161,chillán,16101,total comuna,184739,87521,97218,168647,79433,89214,16092,8088,8004
20197,ñuble,16,diguillín,161,chillán,16101,0,2189,1175,1014,2005,1080,925,184,95,89
20198,ñuble,16,diguillín,161,chillán,16101,1,2346,1181,1165,2159,1089,1070,187,92,95
20199,ñuble,16,diguillín,161,chillán,16101,2,2421,1266,1155,2232,1167,1065,189,99,90
20200,ñuble,16,diguillín,161,chillán,16101,3,2387,1231,1156,2183,1115,1068,204,116,88
20201,ñuble,16,diguillín,161,chillán,16101,4,2290,1203,1087,2078,1082,996,212,121,91
20202,ñuble,16,diguillín,161,chillán,16101,5,2425,1257,1168,2212,1138,1074,213,119,94
20203,ñuble,16,diguillín,161,chillán,16101,6,2505,1264,1241,2268,1142,1126,237,122,115
20204,ñuble,16,diguillín,161,chillán,16101,7,2526,1287,1239,2316,1173,1143,210,114,96
20205,ñuble,16,diguillín,161,chillán,16101,8,2490,1282,1208,2256,1162,1094,234,120,114
20206,ñuble,16,diguillín,161,chillán,16101,9,2422,1212,1210,2230,1127,1103,192,85,107
20207,ñuble,16,diguillín,161,chillán,16101,10,2438,1256,1182,2215,1130,1085,223,126,97
20208,ñuble,16,diguillín,161,chillán,16101,11,2470,1251,1219,2261,1143,1118,209,108,101
20209,ñuble,16,diguillín,161,chillán,16101,12,2489,1279,1210,2266,1170,1096,223,109,114
20210,ñuble,16,diguillín,161,chillán,16101,13,2423,1197,1226,2207,1097,1110,216,100,116
20211,ñuble,16,diguillín,161,chillán,16101,14,2572,1300,1272,2372,1198,1174,200,102,98
20212,ñuble,16,diguillín,161,chillán,16101,15,2560,1297,1263,2346,1187,1159,214,110,104
20213,ñuble,16,diguillín,161,chillán,16101,16,2862,1477,1385,2619,1353,1266,243,124,119
20214,ñuble,16,diguillín,161,chillán,16101,17,2827,1484,1343,2618,1377,1241,209,107,102
20215,ñuble,16,diguillín,161,chillán,16101,18,2893,1506,1387,2687,1409,1278,206,97,109
20216,ñuble,16,diguillín,161,chillán,16101,19,2737,1321,1416,2562,1229,1333,175,92,83
20217,ñuble,16,diguillín,161,chillán,16101,20,2754,1348,1406,2534,1235,1299,220,113,107
20218,ñuble,16,diguillín,161,chillán,16101,21,2688,1302,1386,2485,1198,1287,203,104,99
20219,ñuble,16,diguillín,161,chillán,16101,22,2861,1374,1487,2637,1263,1374,224,111,113
20220,ñuble,16,diguillín,161,chillán,16101,23,2763,1343,1420,2590,1246,1344,173,97,76
20221,ñuble,16,diguillín,161,chillán,16101,24,2954,1426,1528,2737,1332,1405,217,94,123
20222,ñuble,16,diguillín,161,chillán,16101,25,2857,1414,1443,2652,1317,1335,205,97,108
20223,ñuble,16,diguillín,161,chillán,16101,26,2795,1351,1444,2569,1249,1320,226,102,124
20224,ñuble,16,diguillín,161,chillán,16101,27,2933,1386,1547,2725,1292,1433,208,94,114
20225,ñuble,16,diguillín,161,chillán,16101,28,2773,1317,1456,2561,1223,1338,212,94,118
20226,ñuble,16,diguillín,161,chillán,16101,29,2709,1347,1362,2473,1226,1247,236,121,115
20227,ñuble,16,diguillín,161,chillán,16101,30,2736,1323,1413,2501,1213,1288,235,110,125
20228,ñuble,16,diguillín,161,chillán,16101,31,2593,1218,1375,2373,1121,1252,220,97,123
20229,ñuble,16,diguillín,161,chillán,16101,32,2465,1152,1313,2218,1041,1177,247,111,136
20230,ñuble,16,diguillín,161,chillán,16101,33,2256,1032,1224,2057,932,1125,199,100,99
20231,ñuble,16,diguillín,161,chillán,16101,34,2604,1251,1353,2383,1147,1236,221,104,117
20232,ñuble,16,diguillín,161,chillán,16101,35,2586,1162,1424,2398,1070,1328,188,92,96
20233,ñuble,16,diguillín,161,chillán,16101,36,2485,1158,1327,2296,1062,1234,189,96,93
20234,ñuble,16,diguillín,161,chillán,16101,37,2414,1161,1253,2186,1048,1138,228,113,115
20235,ñuble,16,diguillín,161,chillán,16101,38,2334,1099,1235,2150,1005,1145,184,94,90
20236,ñuble,16,diguillín,161,chillán,16101,39,2231,1057,1174,2058,974,1084,173,83,90
20237,ñuble,16,diguillín,161,chillán,16101,40,2181,1041,1140,2004,952,1052,177,89,88
20238,ñuble,16,diguillín,161,chillán,16101,41,2381,1087,1294,2161,984,1177,220,103,117
20239,ñuble,16,diguillín,161,chillán,16101,42,2555,1196,1359,2331,1085,1246,224,111,113
20240,ñuble,16,diguillín,161,chillán,16101,43,2614,1213,1401,2364,1087,1277,250,126,124
20241,ñuble,16,diguillín,161,chillán,16101,44,2754,1249,1505,2510,1133,1377,244,116,128
20242,ñuble,16,diguillín,161,chillán,16101,45,2697,1293,1404,2444,1166,1278,253,127,126
20243,ñuble,16,diguillín,161,chillán,16101,46,2613,1169,1444,2375,1059,1316,238,110,128
20244,ñuble,16,diguillín,161,chillán,16101,47,2517,1174,1343,2258,1049,1209,259,125,134
20245,ñuble,16,diguillín,161,chillán,16101,48,2593,1198,1395,2355,1080,1275,238,118,120
20246,ñuble,16,diguillín,161,chillán,16101,49,2675,1223,1452,2414,1092,1322,261,131,130
20247,ñuble,16,diguillín,161,chillán,16101,50,2683,1224,1459,2399,1087,1312,284,137,147
20248,ñuble,16,diguillín,161,chillán,16101,51,2653,1230,1423,2410,1103,1307,243,127,116
20249,ñuble,16,diguillín,161,chillán,16101,52,2648,1267,1381,2392,1136,1256,256,131,125
20250,ñuble,16,diguillín,161,chillán,16101,53,2446,1126,1320,2230,1009,1221,216,117,99
20251,ñuble,16,diguillín,161,chillán,16101,54,2529,1179,1350,2282,1042,1240,247,137,110
20252,ñuble,16,diguillín,161,chillán,16101,55,2496,1172,1324,2270,1047,1223,226,125,101
20253,ñuble,16,diguillín,161,chillán,16101,56,2307,1073,1234,2097,975,1122,210,98,112
20254,ñuble,16,diguillín,161,chillán,16101,57,2248,1049,1199,2018,909,1109,230,140,90
20255,ñuble,16,diguillín,161,chillán,16101,58,2199,956,1243,1992,855,1137,207,101,106
20256,ñuble,16,diguillín,161,chillán,16101,59,2124,946,1178,1924,849,1075,200,97,103
20257,ñuble,16,diguillín,161,chillán,16101,60,2093,926,1167,1883,824,1059,210,102,108
20258,ñuble,16,diguillín,161,chillán,16101,61,1916,901,1015,1710,798,912,206,103,103
20259,ñuble,16,diguillín,161,chillán,16101,62,1836,849,987,1645,734,911,191,115,76
20260,ñuble,16,diguillín,161,chillán,16101,63,1790,803,987,1605,707,898,185,96,89
20261,ñuble,16,diguillín,161,chillán,16101,64,1693,778,915,1537,704,833,156,74,82
20262,ñuble,16,diguillín,161,chillán,16101,65,1596,732,864,1421,635,786,175,97,78
20263,ñuble,16,diguillín,161,chillán,16101,66,1506,675,831,1344,588,756,162,87,75
20264,ñuble,16,diguillín,161,chillán,16101,67,1488,640,848,1329,550,779,159,90,69
20265,ñuble,16,diguillín,161,chillán,16101,68,1396,616,780,1272,549,723,124,67,57
20266,ñuble,16,diguillín,161,chillán,16101,69,1369,606,763,1251,536,715,118,70,48
20267,ñuble,16,diguillín,161,chillán,16101,70,1321,544,777,1202,486,716,119,58,61
20268,ñuble,16,diguillín,161,chillán,16101,71,1211,548,663,1109,499,610,102,49,53
20269,ñuble,16,diguillín,161,chillán,16101,72,1147,514,633,1050,468,582,97,46,51
20270,ñuble,16,diguillín,161,chillán,16101,73,1080,460,620,986,414,572,94,46,48
20271,ñuble,16,diguillín,161,chillán,16101,74,1059,441,618,952,381,571,107,60,47
20272,ñuble,16,diguillín,161,chillán,16101,75,990,419,571,900,373,527,90,46,44
20273,ñuble,16,diguillín,161,chillán,16101,76,888,371,517,806,326,480,82,45,37
20274,ñuble,16,diguillín,161,chillán,16101,77,899,355,544,817,317,500,82,38,44
20275,ñuble,16,diguillín,161,chillán,16101,78,782,310,472,707,274,433,75,36,39
20276,ñuble,16,diguillín,161,chillán,16101,79,631,241,390,569,211,358,62,30,32
20277,ñuble,16,diguillín,161,chillán,16101,80,642,243,399,575,215,360,67,28,39
20278,ñuble,16,diguillín,161,chillán,16101,81,522,206,316,471,180,291,51,26,25
20279,ñuble,16,diguillín,161,chillán,16101,82,570,217,353,526,196,330,44,21,23
20280,ñuble,16,diguillín,161,chillán,16101,83,458,185,273,413,167,246,45,18,27
20281,ñuble,16,diguillín,161,chillán,16101,84,426,137,289,387,125,262,39,12,27
20282,ñuble,16,diguillín,161,chillán,16101,85,381,128,253,351,114,237,30,14,16
20283,ñuble,16,diguillín,161,chillán,16101,86,382,135,247,355,124,231,27,11,16
20284,ñuble,16,diguillín,161,chillán,16101,87,312,106,206,288,98,190,24,8,16
20285,ñuble,16,diguillín,161,chillán,16101,88,258,87,171,237,78,159,21,9,12
20286,ñuble,16,diguillín,161,chillán,16101,89,261,92,169,242,83,159,19,9,10
20287,ñuble,16,diguillín,161,chillán,16101,90,210,79,131,189,64,125,21,15,6
20288,ñuble,16,diguillín,161,chillán,16101,91,159,48,111,150,44,106,9,4,5
20289,ñuble,16,diguillín,161,chillán,16101,92,122,38,84,114,35,79,8,3,5
20290,ñuble,16,diguillín,161,chillán,16101,93,80,17,63,76,17,59,4,0,4
20291,ñuble,16,diguillín,161,chillán,16101,94,90,14,76,88,14,74,2,0,2
20292,ñuble,16,diguillín,161,chillán,16101,95,47,9,38,45,9,36,2,0,2
20293,ñuble,16,diguillín,161,chillán,16101,96,38,13,25,33,10,23,5,3,2
20294,ñuble,16,diguillín,161,chillán,16101,97,32,8,24,31,8,23,1,0,1
20295,ñuble,16,diguillín,161,chillán,16101,98,15,2,13,13,2,11,2,0,2
20296,ñuble,16,diguillín,161,chillán,16101,99,18,5,13,17,5,12,1,0,1
20297,ñuble,16,diguillín,161,chillán,16101,100 o más,49,11,38,46,10,36,3,1,2
20298,ñuble,16,diguillín,161,bulnes,16102,total comuna,21493,10382,11111,13491,6343,7148,8002,4039,3963
20299,ñuble,16,diguillín,161,bulnes,16102,0,246,114,132,165,77,88,81,37,44
20300,ñuble,16,diguillín,161,bulnes,16102,1,272,144,128,182,102,80,90,42,48
20301,ñuble,16,diguillín,161,bulnes,16102,2,305,145,160,210,101,109,95,44,51
20302,ñuble,16,diguillín,161,bulnes,16102,3,282,132,150,167,83,84,115,49,66
20303,ñuble,16,diguillín,161,bulnes,16102,4,274,134,140,176,85,91,98,49,49
20304,ñuble,16,diguillín,161,bulnes,16102,5,265,125,140,166,83,83,99,42,57
20305,ñuble,16,diguillín,161,bulnes,16102,6,275,135,140,184,96,88,91,39,52
20306,ñuble,16,diguillín,161,bulnes,16102,7,306,140,166,203,99,104,103,41,62
20307,ñuble,16,diguillín,161,bulnes,16102,8,298,156,142,212,112,100,86,44,42
20308,ñuble,16,diguillín,161,bulnes,16102,9,315,163,152,201,96,105,114,67,47
20309,ñuble,16,diguillín,161,bulnes,16102,10,297,161,136,181,94,87,116,67,49
20310,ñuble,16,diguillín,161,bulnes,16102,11,274,142,132,159,90,69,115,52,63
20311,ñuble,16,diguillín,161,bulnes,16102,12,277,137,140,178,84,94,99,53,46
20312,ñuble,16,diguillín,161,bulnes,16102,13,276,155,121,165,96,69,111,59,52
20313,ñuble,16,diguillín,161,bulnes,16102,14,286,160,126,181,105,76,105,55,50
20314,ñuble,16,diguillín,161,bulnes,16102,15,281,140,141,173,88,85,108,52,56
20315,ñuble,16,diguillín,161,bulnes,16102,16,315,148,167,206,98,108,109,50,59
20316,ñuble,16,diguillín,161,bulnes,16102,17,328,179,149,215,117,98,113,62,51
20317,ñuble,16,diguillín,161,bulnes,16102,18,288,141,147,173,83,90,115,58,57
20318,ñuble,16,diguillín,161,bulnes,16102,19,258,122,136,164,81,83,94,41,53
20319,ñuble,16,diguillín,161,bulnes,16102,20,291,145,146,187,96,91,104,49,55
20320,ñuble,16,diguillín,161,bulnes,16102,21,299,128,171,179,74,105,120,54,66
20321,ñuble,16,diguillín,161,bulnes,16102,22,241,121,120,156,77,79,85,44,41
20322,ñuble,16,diguillín,161,bulnes,16102,23,299,151,148,200,100,100,99,51,48
20323,ñuble,16,diguillín,161,bulnes,16102,24,287,146,141,199,103,96,88,43,45
20324,ñuble,16,diguillín,161,bulnes,16102,25,258,116,142,165,79,86,93,37,56
20325,ñuble,16,diguillín,161,bulnes,16102,26,304,140,164,206,86,120,98,54,44
20326,ñuble,16,diguillín,161,bulnes,16102,27,321,143,178,194,88,106,127,55,72
20327,ñuble,16,diguillín,161,bulnes,16102,28,308,151,157,220,101,119,88,50,38
20328,ñuble,16,diguillín,161,bulnes,16102,29,271,127,144,190,93,97,81,34,47
20329,ñuble,16,diguillín,161,bulnes,16102,30,259,121,138,174,83,91,85,38,47
20330,ñuble,16,diguillín,161,bulnes,16102,31,267,117,150,179,75,104,88,42,46
20331,ñuble,16,diguillín,161,bulnes,16102,32,244,117,127,153,70,83,91,47,44
20332,ñuble,16,diguillín,161,bulnes,16102,33,247,111,136,165,68,97,82,43,39
20333,ñuble,16,diguillín,161,bulnes,16102,34,248,131,117,166,86,80,82,45,37
20334,ñuble,16,diguillín,161,bulnes,16102,35,303,140,163,210,105,105,93,35,58
20335,ñuble,16,diguillín,161,bulnes,16102,36,279,126,153,186,85,101,93,41,52
20336,ñuble,16,diguillín,161,bulnes,16102,37,258,121,137,163,77,86,95,44,51
20337,ñuble,16,diguillín,161,bulnes,16102,38,227,115,112,140,72,68,87,43,44
20338,ñuble,16,diguillín,161,bulnes,16102,39,251,115,136,154,69,85,97,46,51
20339,ñuble,16,diguillín,161,bulnes,16102,40,246,114,132,151,65,86,95,49,46
20340,ñuble,16,diguillín,161,bulnes,16102,41,285,144,141,169,81,88,116,63,53
20341,ñuble,16,diguillín,161,bulnes,16102,42,293,130,163,177,77,100,116,53,63
20342,ñuble,16,diguillín,161,bulnes,16102,43,305,137,168,171,74,97,134,63,71
20343,ñuble,16,diguillín,161,bulnes,16102,44,304,135,169,187,88,99,117,47,70
20344,ñuble,16,diguillín,161,bulnes,16102,45,300,148,152,178,81,97,122,67,55
20345,ñuble,16,diguillín,161,bulnes,16102,46,308,139,169,191,80,111,117,59,58
20346,ñuble,16,diguillín,161,bulnes,16102,47,287,131,156,166,67,99,121,64,57
20347,ñuble,16,diguillín,161,bulnes,16102,48,315,137,178,193,78,115,122,59,63
20348,ñuble,16,diguillín,161,bulnes,16102,49,345,171,174,204,97,107,141,74,67
20349,ñuble,16,diguillín,161,bulnes,16102,50,340,165,175,213,95,118,127,70,57
20350,ñuble,16,diguillín,161,bulnes,16102,51,332,162,170,192,82,110,140,80,60
20351,ñuble,16,diguillín,161,bulnes,16102,52,314,171,143,189,97,92,125,74,51
20352,ñuble,16,diguillín,161,bulnes,16102,53,301,146,155,177,80,97,124,66,58
20353,ñuble,16,diguillín,161,bulnes,16102,54,323,187,136,186,98,88,137,89,48
20354,ñuble,16,diguillín,161,bulnes,16102,55,323,153,170,195,85,110,128,68,60
20355,ñuble,16,diguillín,161,bulnes,16102,56,285,143,142,179,86,93,106,57,49
20356,ñuble,16,diguillín,161,bulnes,16102,57,302,145,157,199,85,114,103,60,43
20357,ñuble,16,diguillín,161,bulnes,16102,58,287,127,160,179,81,98,108,46,62
20358,ñuble,16,diguillín,161,bulnes,16102,59,271,130,141,170,80,90,101,50,51
20359,ñuble,16,diguillín,161,bulnes,16102,60,245,124,121,151,75,76,94,49,45
20360,ñuble,16,diguillín,161,bulnes,16102,61,265,128,137,167,88,79,98,40,58
20361,ñuble,16,diguillín,161,bulnes,16102,62,259,126,133,162,73,89,97,53,44
20362,ñuble,16,diguillín,161,bulnes,16102,63,237,116,121,136,63,73,101,53,48
20363,ñuble,16,diguillín,161,bulnes,16102,64,216,103,113,118,45,73,98,58,40
20364,ñuble,16,diguillín,161,bulnes,16102,65,203,93,110,126,50,76,77,43,34
20365,ñuble,16,diguillín,161,bulnes,16102,66,205,94,111,110,43,67,95,51,44
20366,ñuble,16,diguillín,161,bulnes,16102,67,208,113,95,127,63,64,81,50,31
20367,ñuble,16,diguillín,161,bulnes,16102,68,188,100,88,107,50,57,81,50,31
20368,ñuble,16,diguillín,161,bulnes,16102,69,208,102,106,119,56,63,89,46,43
20369,ñuble,16,diguillín,161,bulnes,16102,70,171,82,89,108,46,62,63,36,27
20370,ñuble,16,diguillín,161,bulnes,16102,71,171,79,92,99,49,50,72,30,42
20371,ñuble,16,diguillín,161,bulnes,16102,72,161,70,91,101,42,59,60,28,32
20372,ñuble,16,diguillín,161,bulnes,16102,73,150,71,79,93,43,50,57,28,29
20373,ñuble,16,diguillín,161,bulnes,16102,74,134,66,68,78,32,46,56,34,22
20374,ñuble,16,diguillín,161,bulnes,16102,75,131,64,67,82,37,45,49,27,22
20375,ñuble,16,diguillín,161,bulnes,16102,76,133,57,76,79,37,42,54,20,34
20376,ñuble,16,diguillín,161,bulnes,16102,77,112,60,52,74,33,41,38,27,11
20377,ñuble,16,diguillín,161,bulnes,16102,78,112,48,64,77,35,42,35,13,22
20378,ñuble,16,diguillín,161,bulnes,16102,79,63,30,33,37,15,22,26,15,11
20379,ñuble,16,diguillín,161,bulnes,16102,80,92,50,42,58,30,28,34,20,14
20380,ñuble,16,diguillín,161,bulnes,16102,81,86,26,60,51,11,40,35,15,20
20381,ñuble,16,diguillín,161,bulnes,16102,82,77,30,47,53,16,37,24,14,10
20382,ñuble,16,diguillín,161,bulnes,16102,83,58,29,29,34,17,17,24,12,12
20383,ñuble,16,diguillín,161,bulnes,16102,84,68,32,36,41,18,23,27,14,13
20384,ñuble,16,diguillín,161,bulnes,16102,85,46,17,29,32,9,23,14,8,6
20385,ñuble,16,diguillín,161,bulnes,16102,86,38,13,25,29,9,20,9,4,5
20386,ñuble,16,diguillín,161,bulnes,16102,87,29,10,19,18,4,14,11,6,5
20387,ñuble,16,diguillín,161,bulnes,16102,88,39,17,22,25,8,17,14,9,5
20388,ñuble,16,diguillín,161,bulnes,16102,89,21,10,11,15,6,9,6,4,2
20389,ñuble,16,diguillín,161,bulnes,16102,90,30,17,13,15,9,6,15,8,7
20390,ñuble,16,diguillín,161,bulnes,16102,91,23,8,15,12,3,9,11,5,6
20391,ñuble,16,diguillín,161,bulnes,16102,92,19,6,13,11,3,8,8,3,5
20392,ñuble,16,diguillín,161,bulnes,16102,93,12,2,10,8,1,7,4,1,3
20393,ñuble,16,diguillín,161,bulnes,16102,94,11,6,5,5,2,3,6,4,2
20394,ñuble,16,diguillín,161,bulnes,16102,95,8,5,3,7,4,3,1,1,0
20395,ñuble,16,diguillín,161,bulnes,16102,96,5,3,2,3,2,1,2,1,1
20396,ñuble,16,diguillín,161,bulnes,16102,97,6,4,2,4,2,2,2,2,0
20397,ñuble,16,diguillín,161,bulnes,16102,98,2,0,2,2,0,2,0,0,0
20398,ñuble,16,diguillín,161,bulnes,16102,99,0,0,0,0,0,0,0,0,0
20399,ñuble,16,diguillín,161,bulnes,16102,100 o más,5,1,4,4,0,4,1,1,0
20400,ñuble,16,diguillín,161,chillán viejo,16103,total comuna,30907,14581,16326,27409,12790,14619,3498,1791,1707
20401,ñuble,16,diguillín,161,chillán viejo,16103,0,395,183,212,356,161,195,39,22,17
20402,ñuble,16,diguillín,161,chillán viejo,16103,1,417,217,200,368,194,174,49,23,26
20403,ñuble,16,diguillín,161,chillán viejo,16103,2,451,224,227,417,206,211,34,18,16
20404,ñuble,16,diguillín,161,chillán viejo,16103,3,433,224,209,388,201,187,45,23,22
20405,ñuble,16,diguillín,161,chillán viejo,16103,4,456,232,224,410,211,199,46,21,25
20406,ñuble,16,diguillín,161,chillán viejo,16103,5,478,258,220,432,233,199,46,25,21
20407,ñuble,16,diguillín,161,chillán viejo,16103,6,472,230,242,430,213,217,42,17,25
20408,ñuble,16,diguillín,161,chillán viejo,16103,7,514,247,267,465,223,242,49,24,25
20409,ñuble,16,diguillín,161,chillán viejo,16103,8,513,277,236,456,238,218,57,39,18
20410,ñuble,16,diguillín,161,chillán viejo,16103,9,484,237,247,426,214,212,58,23,35
20411,ñuble,16,diguillín,161,chillán viejo,16103,10,476,224,252,429,201,228,47,23,24
20412,ñuble,16,diguillín,161,chillán viejo,16103,11,454,226,228,406,196,210,48,30,18
20413,ñuble,16,diguillín,161,chillán viejo,16103,12,464,262,202,420,238,182,44,24,20
20414,ñuble,16,diguillín,161,chillán viejo,16103,13,448,233,215,402,200,202,46,33,13
20415,ñuble,16,diguillín,161,chillán viejo,16103,14,487,245,242,440,224,216,47,21,26
20416,ñuble,16,diguillín,161,chillán viejo,16103,15,522,256,266,479,234,245,43,22,21
20417,ñuble,16,diguillín,161,chillán viejo,16103,16,518,257,261,484,242,242,34,15,19
20418,ñuble,16,diguillín,161,chillán viejo,16103,17,486,243,243,446,226,220,40,17,23
20419,ñuble,16,diguillín,161,chillán viejo,16103,18,426,196,230,378,173,205,48,23,25
20420,ñuble,16,diguillín,161,chillán viejo,16103,19,414,203,211,371,179,192,43,24,19
20421,ñuble,16,diguillín,161,chillán viejo,16103,20,480,229,251,436,201,235,44,28,16
20422,ñuble,16,diguillín,161,chillán viejo,16103,21,411,191,220,364,161,203,47,30,17
20423,ñuble,16,diguillín,161,chillán viejo,16103,22,440,200,240,392,175,217,48,25,23
20424,ñuble,16,diguillín,161,chillán viejo,16103,23,432,189,243,386,173,213,46,16,30
20425,ñuble,16,diguillín,161,chillán viejo,16103,24,484,244,240,440,218,222,44,26,18
20426,ñuble,16,diguillín,161,chillán viejo,16103,25,534,245,289,478,214,264,56,31,25
20427,ñuble,16,diguillín,161,chillán viejo,16103,26,475,236,239,426,215,211,49,21,28
20428,ñuble,16,diguillín,161,chillán viejo,16103,27,482,223,259,427,198,229,55,25,30
20429,ñuble,16,diguillín,161,chillán viejo,16103,28,441,197,244,399,182,217,42,15,27
20430,ñuble,16,diguillín,161,chillán viejo,16103,29,468,226,242,426,206,220,42,20,22
20431,ñuble,16,diguillín,161,chillán viejo,16103,30,441,222,219,387,190,197,54,32,22
20432,ñuble,16,diguillín,161,chillán viejo,16103,31,493,227,266,446,207,239,47,20,27
20433,ñuble,16,diguillín,161,chillán viejo,16103,32,426,187,239,392,171,221,34,16,18
20434,ñuble,16,diguillín,161,chillán viejo,16103,33,445,201,244,406,180,226,39,21,18
20435,ñuble,16,diguillín,161,chillán viejo,16103,34,422,196,226,388,177,211,34,19,15
20436,ñuble,16,diguillín,161,chillán viejo,16103,35,465,193,272,420,169,251,45,24,21
20437,ñuble,16,diguillín,161,chillán viejo,16103,36,403,182,221,366,167,199,37,15,22
20438,ñuble,16,diguillín,161,chillán viejo,16103,37,424,186,238,391,168,223,33,18,15
20439,ñuble,16,diguillín,161,chillán viejo,16103,38,415,192,223,373,173,200,42,19,23
20440,ñuble,16,diguillín,161,chillán viejo,16103,39,412,189,223,372,171,201,40,18,22
20441,ñuble,16,diguillín,161,chillán viejo,16103,40,426,190,236,383,165,218,43,25,18
20442,ñuble,16,diguillín,161,chillán viejo,16103,41,445,227,218,400,205,195,45,22,23
20443,ñuble,16,diguillín,161,chillán viejo,16103,42,469,219,250,427,195,232,42,24,18
20444,ñuble,16,diguillín,161,chillán viejo,16103,43,508,215,293,459,195,264,49,20,29
20445,ñuble,16,diguillín,161,chillán viejo,16103,44,478,209,269,417,181,236,61,28,33
20446,ñuble,16,diguillín,161,chillán viejo,16103,45,479,218,261,427,192,235,52,26,26
20447,ñuble,16,diguillín,161,chillán viejo,16103,46,481,242,239,421,212,209,60,30,30
20448,ñuble,16,diguillín,161,chillán viejo,16103,47,440,201,239,395,171,224,45,30,15
20449,ñuble,16,diguillín,161,chillán viejo,16103,48,407,177,230,358,155,203,49,22,27
20450,ñuble,16,diguillín,161,chillán viejo,16103,49,492,217,275,418,180,238,74,37,37
20451,ñuble,16,diguillín,161,chillán viejo,16103,50,462,224,238,405,191,214,57,33,24
20452,ñuble,16,diguillín,161,chillán viejo,16103,51,455,197,258,399,170,229,56,27,29
20453,ñuble,16,diguillín,161,chillán viejo,16103,52,434,202,232,373,170,203,61,32,29
20454,ñuble,16,diguillín,161,chillán viejo,16103,53,385,169,216,338,141,197,47,28,19
20455,ñuble,16,diguillín,161,chillán viejo,16103,54,392,208,184,326,172,154,66,36,30
20456,ñuble,16,diguillín,161,chillán viejo,16103,55,376,185,191,323,156,167,53,29,24
20457,ñuble,16,diguillín,161,chillán viejo,16103,56,317,149,168,276,126,150,41,23,18
20458,ñuble,16,diguillín,161,chillán viejo,16103,57,326,166,160,275,136,139,51,30,21
20459,ñuble,16,diguillín,161,chillán viejo,16103,58,300,141,159,249,109,140,51,32,19
20460,ñuble,16,diguillín,161,chillán viejo,16103,59,281,137,144,237,115,122,44,22,22
20461,ñuble,16,diguillín,161,chillán viejo,16103,60,284,133,151,234,107,127,50,26,24
20462,ñuble,16,diguillín,161,chillán viejo,16103,61,266,110,156,228,90,138,38,20,18
20463,ñuble,16,diguillín,161,chillán viejo,16103,62,271,122,149,232,100,132,39,22,17
20464,ñuble,16,diguillín,161,chillán viejo,16103,63,278,138,140,231,111,120,47,27,20
20465,ñuble,16,diguillín,161,chillán viejo,16103,64,230,109,121,191,90,101,39,19,20
20466,ñuble,16,diguillín,161,chillán viejo,16103,65,234,113,121,203,99,104,31,14,17
20467,ñuble,16,diguillín,161,chillán viejo,16103,66,205,100,105,170,86,84,35,14,21
20468,ñuble,16,diguillín,161,chillán viejo,16103,67,193,80,113,165,68,97,28,12,16
20469,ñuble,16,diguillín,161,chillán viejo,16103,68,182,77,105,157,65,92,25,12,13
20470,ñuble,16,diguillín,161,chillán viejo,16103,69,206,88,118,184,75,109,22,13,9
20471,ñuble,16,diguillín,161,chillán viejo,16103,70,179,80,99,146,62,84,33,18,15
20472,ñuble,16,diguillín,161,chillán viejo,16103,71,160,78,82,130,58,72,30,20,10
20473,ñuble,16,diguillín,161,chillán viejo,16103,72,160,73,87,130,57,73,30,16,14
20474,ñuble,16,diguillín,161,chillán viejo,16103,73,143,64,79,127,57,70,16,7,9
20475,ñuble,16,diguillín,161,chillán viejo,16103,74,135,51,84,108,41,67,27,10,17
20476,ñuble,16,diguillín,161,chillán viejo,16103,75,126,70,56,111,64,47,15,6,9
20477,ñuble,16,diguillín,161,chillán viejo,16103,76,122,39,83,102,32,70,20,7,13
20478,ñuble,16,diguillín,161,chillán viejo,16103,77,121,47,74,111,42,69,10,5,5
20479,ñuble,16,diguillín,161,chillán viejo,16103,78,105,51,54,85,40,45,20,11,9
20480,ñuble,16,diguillín,161,chillán viejo,16103,79,76,29,47,59,23,36,17,6,11
20481,ñuble,16,diguillín,161,chillán viejo,16103,80,74,32,42,58,22,36,16,10,6
20482,ñuble,16,diguillín,161,chillán viejo,16103,81,68,36,32,55,30,25,13,6,7
20483,ñuble,16,diguillín,161,chillán viejo,16103,82,68,22,46,58,18,40,10,4,6
20484,ñuble,16,diguillín,161,chillán viejo,16103,83,46,16,30,34,10,24,12,6,6
20485,ñuble,16,diguillín,161,chillán viejo,16103,84,47,20,27,41,19,22,6,1,5
20486,ñuble,16,diguillín,161,chillán viejo,16103,85,40,15,25,31,12,19,9,3,6
20487,ñuble,16,diguillín,161,chillán viejo,16103,86,49,13,36,44,10,34,5,3,2
20488,ñuble,16,diguillín,161,chillán viejo,16103,87,28,9,19,24,9,15,4,0,4
20489,ñuble,16,diguillín,161,chillán viejo,16103,88,30,7,23,26,5,21,4,2,2
20490,ñuble,16,diguillín,161,chillán viejo,16103,89,26,6,20,24,4,20,2,2,0
20491,ñuble,16,diguillín,161,chillán viejo,16103,90,22,6,16,19,4,15,3,2,1
20492,ñuble,16,diguillín,161,chillán viejo,16103,91,17,5,12,16,4,12,1,1,0
20493,ñuble,16,diguillín,161,chillán viejo,16103,92,8,2,6,6,1,5,2,1,1
20494,ñuble,16,diguillín,161,chillán viejo,16103,93,16,6,10,13,3,10,3,3,0
20495,ñuble,16,diguillín,161,chillán viejo,16103,94,7,4,3,5,4,1,2,0,2
20496,ñuble,16,diguillín,161,chillán viejo,16103,95,10,2,8,9,2,7,1,0,1
20497,ñuble,16,diguillín,161,chillán viejo,16103,96,6,1,5,3,1,2,3,0,3
20498,ñuble,16,diguillín,161,chillán viejo,16103,97,1,0,1,1,0,1,0,0,0
20499,ñuble,16,diguillín,161,chillán viejo,16103,98,2,0,2,2,0,2,0,0,0
20500,ñuble,16,diguillín,161,chillán viejo,16103,99,4,2,2,4,2,2,0,0,0
20501,ñuble,16,diguillín,161,chillán viejo,16103,100 o más,8,3,5,8,3,5,0,0,0
20502,ñuble,16,diguillín,161,el carmen,16104,total comuna,12044,5967,6077,4861,2260,2601,7183,3707,3476
20503,ñuble,16,diguillín,161,el carmen,16104,0,116,59,57,51,24,27,65,35,30
20504,ñuble,16,diguillín,161,el carmen,16104,1,146,72,74,68,36,32,78,36,42
20505,ñuble,16,diguillín,161,el carmen,16104,2,139,77,62,61,30,31,78,47,31
20506,ñuble,16,diguillín,161,el carmen,16104,3,151,91,60,72,45,27,79,46,33
20507,ñuble,16,diguillín,161,el carmen,16104,4,122,58,64,58,28,30,64,30,34
20508,ñuble,16,diguillín,161,el carmen,16104,5,123,67,56,52,27,25,71,40,31
20509,ñuble,16,diguillín,161,el carmen,16104,6,153,82,71,64,33,31,89,49,40
20510,ñuble,16,diguillín,161,el carmen,16104,7,152,84,68,65,36,29,87,48,39
20511,ñuble,16,diguillín,161,el carmen,16104,8,147,85,62,62,41,21,85,44,41
20512,ñuble,16,diguillín,161,el carmen,16104,9,174,81,93,71,31,40,103,50,53
20513,ñuble,16,diguillín,161,el carmen,16104,10,146,72,74,63,32,31,83,40,43
20514,ñuble,16,diguillín,161,el carmen,16104,11,186,97,89,84,41,43,102,56,46
20515,ñuble,16,diguillín,161,el carmen,16104,12,171,85,86,73,34,39,98,51,47
20516,ñuble,16,diguillín,161,el carmen,16104,13,177,80,97,79,34,45,98,46,52
20517,ñuble,16,diguillín,161,el carmen,16104,14,173,85,88,79,37,42,94,48,46
20518,ñuble,16,diguillín,161,el carmen,16104,15,179,87,92,67,34,33,112,53,59
20519,ñuble,16,diguillín,161,el carmen,16104,16,184,94,90,86,43,43,98,51,47
20520,ñuble,16,diguillín,161,el carmen,16104,17,166,91,75,74,41,33,92,50,42
20521,ñuble,16,diguillín,161,el carmen,16104,18,149,74,75,76,35,41,73,39,34
20522,ñuble,16,diguillín,161,el carmen,16104,19,134,68,66,67,31,36,67,37,30
20523,ñuble,16,diguillín,161,el carmen,16104,20,151,73,78,72,38,34,79,35,44
20524,ñuble,16,diguillín,161,el carmen,16104,21,121,50,71,61,26,35,60,24,36
20525,ñuble,16,diguillín,161,el carmen,16104,22,150,67,83,78,35,43,72,32,40
20526,ñuble,16,diguillín,161,el carmen,16104,23,166,86,80,85,49,36,81,37,44
20527,ñuble,16,diguillín,161,el carmen,16104,24,142,69,73,68,30,38,74,39,35
20528,ñuble,16,diguillín,161,el carmen,16104,25,164,86,78,76,42,34,88,44,44
20529,ñuble,16,diguillín,161,el carmen,16104,26,175,88,87,93,45,48,82,43,39
20530,ñuble,16,diguillín,161,el carmen,16104,27,134,64,70,64,26,38,70,38,32
20531,ñuble,16,diguillín,161,el carmen,16104,28,114,55,59,49,23,26,65,32,33
20532,ñuble,16,diguillín,161,el carmen,16104,29,147,77,70,64,34,30,83,43,40
20533,ñuble,16,diguillín,161,el carmen,16104,30,139,58,81,79,28,51,60,30,30
20534,ñuble,16,diguillín,161,el carmen,16104,31,163,75,88,67,33,34,96,42,54
20535,ñuble,16,diguillín,161,el carmen,16104,32,138,77,61,69,31,38,69,46,23
20536,ñuble,16,diguillín,161,el carmen,16104,33,129,57,72,55,23,32,74,34,40
20537,ñuble,16,diguillín,161,el carmen,16104,34,154,77,77,66,27,39,88,50,38
20538,ñuble,16,diguillín,161,el carmen,16104,35,139,64,75,62,28,34,77,36,41
20539,ñuble,16,diguillín,161,el carmen,16104,36,167,93,74,65,37,28,102,56,46
20540,ñuble,16,diguillín,161,el carmen,16104,37,148,73,75,64,28,36,84,45,39
20541,ñuble,16,diguillín,161,el carmen,16104,38,147,66,81,65,28,37,82,38,44
20542,ñuble,16,diguillín,161,el carmen,16104,39,171,75,96,58,17,41,113,58,55
20543,ñuble,16,diguillín,161,el carmen,16104,40,146,59,87,56,21,35,90,38,52
20544,ñuble,16,diguillín,161,el carmen,16104,41,165,76,89,60,19,41,105,57,48
20545,ñuble,16,diguillín,161,el carmen,16104,42,175,93,82,72,34,38,103,59,44
20546,ñuble,16,diguillín,161,el carmen,16104,43,186,100,86,71,32,39,115,68,47
20547,ñuble,16,diguillín,161,el carmen,16104,44,173,88,85,70,37,33,103,51,52
20548,ñuble,16,diguillín,161,el carmen,16104,45,156,76,80,55,26,29,101,50,51
20549,ñuble,16,diguillín,161,el carmen,16104,46,179,88,91,66,31,35,113,57,56
20550,ñuble,16,diguillín,161,el carmen,16104,47,158,83,75,69,33,36,89,50,39
20551,ñuble,16,diguillín,161,el carmen,16104,48,191,96,95,75,35,40,116,61,55
20552,ñuble,16,diguillín,161,el carmen,16104,49,174,82,92,65,29,36,109,53,56
20553,ñuble,16,diguillín,161,el carmen,16104,50,189,90,99,57,28,29,132,62,70
20554,ñuble,16,diguillín,161,el carmen,16104,51,203,98,105,78,28,50,125,70,55
20555,ñuble,16,diguillín,161,el carmen,16104,52,188,98,90,68,38,30,120,60,60
20556,ñuble,16,diguillín,161,el carmen,16104,53,173,92,81,56,25,31,117,67,50
20557,ñuble,16,diguillín,161,el carmen,16104,54,184,88,96,68,27,41,116,61,55
20558,ñuble,16,diguillín,161,el carmen,16104,55,177,93,84,65,34,31,112,59,53
20559,ñuble,16,diguillín,161,el carmen,16104,56,172,91,81,54,25,29,118,66,52
20560,ñuble,16,diguillín,161,el carmen,16104,57,163,85,78,63,33,30,100,52,48
20561,ñuble,16,diguillín,161,el carmen,16104,58,136,75,61,51,24,27,85,51,34
20562,ñuble,16,diguillín,161,el carmen,16104,59,129,70,59,49,27,22,80,43,37
20563,ñuble,16,diguillín,161,el carmen,16104,60,153,77,76,62,33,29,91,44,47
20564,ñuble,16,diguillín,161,el carmen,16104,61,119,61,58,41,16,25,78,45,33
20565,ñuble,16,diguillín,161,el carmen,16104,62,120,62,58,37,20,17,83,42,41
20566,ñuble,16,diguillín,161,el carmen,16104,63,141,76,65,49,20,29,92,56,36
20567,ñuble,16,diguillín,161,el carmen,16104,64,137,63,74,41,13,28,96,50,46
20568,ñuble,16,diguillín,161,el carmen,16104,65,127,57,70,36,16,20,91,41,50
20569,ñuble,16,diguillín,161,el carmen,16104,66,97,47,50,27,9,18,70,38,32
20570,ñuble,16,diguillín,161,el carmen,16104,67,125,66,59,40,21,19,85,45,40
20571,ñuble,16,diguillín,161,el carmen,16104,68,106,62,44,32,16,16,74,46,28
20572,ñuble,16,diguillín,161,el carmen,16104,69,98,49,49,25,11,14,73,38,35
20573,ñuble,16,diguillín,161,el carmen,16104,70,97,41,56,29,10,19,68,31,37
20574,ñuble,16,diguillín,161,el carmen,16104,71,103,50,53,42,16,26,61,34,27
20575,ñuble,16,diguillín,161,el carmen,16104,72,105,49,56,29,12,17,76,37,39
20576,ñuble,16,diguillín,161,el carmen,16104,73,89,38,51,28,13,15,61,25,36
20577,ñuble,16,diguillín,161,el carmen,16104,74,98,45,53,28,11,17,70,34,36
20578,ñuble,16,diguillín,161,el carmen,16104,75,90,39,51,22,7,15,68,32,36
20579,ñuble,16,diguillín,161,el carmen,16104,76,97,41,56,32,13,19,65,28,37
20580,ñuble,16,diguillín,161,el carmen,16104,77,92,50,42,26,12,14,66,38,28
20581,ñuble,16,diguillín,161,el carmen,16104,78,60,22,38,21,6,15,39,16,23
20582,ñuble,16,diguillín,161,el carmen,16104,79,66,27,39,26,6,20,40,21,19
20583,ñuble,16,diguillín,161,el carmen,16104,80,60,35,25,20,11,9,40,24,16
20584,ñuble,16,diguillín,161,el carmen,16104,81,52,32,20,19,14,5,33,18,15
20585,ñuble,16,diguillín,161,el carmen,16104,82,53,25,28,21,5,16,32,20,12
20586,ñuble,16,diguillín,161,el carmen,16104,83,36,16,20,16,6,10,20,10,10
20587,ñuble,16,diguillín,161,el carmen,16104,84,42,18,24,17,6,11,25,12,13
20588,ñuble,16,diguillín,161,el carmen,16104,85,40,14,26,19,6,13,21,8,13
20589,ñuble,16,diguillín,161,el carmen,16104,86,32,16,16,14,7,7,18,9,9
20590,ñuble,16,diguillín,161,el carmen,16104,87,38,13,25,16,3,13,22,10,12
20591,ñuble,16,diguillín,161,el carmen,16104,88,20,6,14,8,3,5,12,3,9
20592,ñuble,16,diguillín,161,el carmen,16104,89,15,10,5,2,0,2,13,10,3
20593,ñuble,16,diguillín,161,el carmen,16104,90,21,8,13,9,3,6,12,5,7
20594,ñuble,16,diguillín,161,el carmen,16104,91,15,6,9,9,5,4,6,1,5
20595,ñuble,16,diguillín,161,el carmen,16104,92,11,3,8,5,1,4,6,2,4
20596,ñuble,16,diguillín,161,el carmen,16104,93,8,1,7,6,1,5,2,0,2
20597,ñuble,16,diguillín,161,el carmen,16104,94,2,1,1,0,0,0,2,1,1
20598,ñuble,16,diguillín,161,el carmen,16104,95,6,1,5,3,1,2,3,0,3
20599,ñuble,16,diguillín,161,el carmen,16104,96,1,0,1,0,0,0,1,0,1
20600,ñuble,16,diguillín,161,el carmen,16104,97,4,0,4,2,0,2,2,0,2
20601,ñuble,16,diguillín,161,el carmen,16104,98,0,0,0,0,0,0,0,0,0
20602,ñuble,16,diguillín,161,el carmen,16104,99,2,0,2,2,0,2,0,0,0
20603,ñuble,16,diguillín,161,el carmen,16104,100 o más,2,0,2,0,0,0,2,0,2
20604,ñuble,16,diguillín,161,pemuco,16105,total comuna,8448,4221,4227,4168,2027,2141,4280,2194,2086
20605,ñuble,16,diguillín,161,pemuco,16105,0,81,45,36,47,26,21,34,19,15
20606,ñuble,16,diguillín,161,pemuco,16105,1,103,46,57,59,30,29,44,16,28
20607,ñuble,16,diguillín,161,pemuco,16105,2,100,62,38,56,35,21,44,27,17
20608,ñuble,16,diguillín,161,pemuco,16105,3,106,60,46,52,32,20,54,28,26
20609,ñuble,16,diguillín,161,pemuco,16105,4,124,62,62,56,29,27,68,33,35
20610,ñuble,16,diguillín,161,pemuco,16105,5,106,52,54,60,29,31,46,23,23
20611,ñuble,16,diguillín,161,pemuco,16105,6,112,52,60,60,29,31,52,23,29
20612,ñuble,16,diguillín,161,pemuco,16105,7,106,61,45,53,30,23,53,31,22
20613,ñuble,16,diguillín,161,pemuco,16105,8,122,67,55,66,35,31,56,32,24
20614,ñuble,16,diguillín,161,pemuco,16105,9,104,54,50,51,26,25,53,28,25
20615,ñuble,16,diguillín,161,pemuco,16105,10,115,56,59,52,21,31,63,35,28
20616,ñuble,16,diguillín,161,pemuco,16105,11,112,62,50,51,29,22,61,33,28
20617,ñuble,16,diguillín,161,pemuco,16105,12,121,55,66,60,30,30,61,25,36
20618,ñuble,16,diguillín,161,pemuco,16105,13,115,70,45,53,37,16,62,33,29
20619,ñuble,16,diguillín,161,pemuco,16105,14,130,84,46,73,51,22,57,33,24
20620,ñuble,16,diguillín,161,pemuco,16105,15,131,71,60,50,28,22,81,43,38
20621,ñuble,16,diguillín,161,pemuco,16105,16,140,80,60,74,46,28,66,34,32
20622,ñuble,16,diguillín,161,pemuco,16105,17,122,57,65,64,26,38,58,31,27
20623,ñuble,16,diguillín,161,pemuco,16105,18,120,55,65,63,23,40,57,32,25
20624,ñuble,16,diguillín,161,pemuco,16105,19,142,70,72,76,36,40,66,34,32
20625,ñuble,16,diguillín,161,pemuco,16105,20,115,48,67,63,27,36,52,21,31
20626,ñuble,16,diguillín,161,pemuco,16105,21,113,58,55,64,27,37,49,31,18
20627,ñuble,16,diguillín,161,pemuco,16105,22,122,69,53,57,28,29,65,41,24
20628,ñuble,16,diguillín,161,pemuco,16105,23,111,54,57,63,32,31,48,22,26
20629,ñuble,16,diguillín,161,pemuco,16105,24,98,46,52,57,27,30,41,19,22
20630,ñuble,16,diguillín,161,pemuco,16105,25,112,56,56,61,35,26,51,21,30
20631,ñuble,16,diguillín,161,pemuco,16105,26,99,39,60,55,21,34,44,18,26
20632,ñuble,16,diguillín,161,pemuco,16105,27,121,59,62,68,35,33,53,24,29
20633,ñuble,16,diguillín,161,pemuco,16105,28,93,46,47,52,22,30,41,24,17
20634,ñuble,16,diguillín,161,pemuco,16105,29,113,51,62,60,27,33,53,24,29
20635,ñuble,16,diguillín,161,pemuco,16105,30,107,46,61,60,25,35,47,21,26
20636,ñuble,16,diguillín,161,pemuco,16105,31,91,48,43,51,27,24,40,21,19
20637,ñuble,16,diguillín,161,pemuco,16105,32,105,50,55,53,29,24,52,21,31
20638,ñuble,16,diguillín,161,pemuco,16105,33,104,56,48,52,25,27,52,31,21
20639,ñuble,16,diguillín,161,pemuco,16105,34,116,56,60,63,33,30,53,23,30
20640,ñuble,16,diguillín,161,pemuco,16105,35,104,47,57,54,27,27,50,20,30
20641,ñuble,16,diguillín,161,pemuco,16105,36,102,49,53,61,25,36,41,24,17
20642,ñuble,16,diguillín,161,pemuco,16105,37,107,59,48,55,32,23,52,27,25
20643,ñuble,16,diguillín,161,pemuco,16105,38,104,48,56,47,24,23,57,24,33
20644,ñuble,16,diguillín,161,pemuco,16105,39,109,45,64,51,20,31,58,25,33
20645,ñuble,16,diguillín,161,pemuco,16105,40,99,49,50,53,29,24,46,20,26
20646,ñuble,16,diguillín,161,pemuco,16105,41,110,52,58,38,14,24,72,38,34
20647,ñuble,16,diguillín,161,pemuco,16105,42,111,44,67,46,11,35,65,33,32
20648,ñuble,16,diguillín,161,pemuco,16105,43,134,70,64,49,20,29,85,50,35
20649,ñuble,16,diguillín,161,pemuco,16105,44,131,63,68,57,28,29,74,35,39
20650,ñuble,16,diguillín,161,pemuco,16105,45,114,54,60,56,24,32,58,30,28
20651,ñuble,16,diguillín,161,pemuco,16105,46,108,56,52,44,24,20,64,32,32
20652,ñuble,16,diguillín,161,pemuco,16105,47,108,54,54,52,27,25,56,27,29
20653,ñuble,16,diguillín,161,pemuco,16105,48,131,71,60,60,29,31,71,42,29
20654,ñuble,16,diguillín,161,pemuco,16105,49,100,44,56,47,16,31,53,28,25
20655,ñuble,16,diguillín,161,pemuco,16105,50,121,58,63,65,23,42,56,35,21
20656,ñuble,16,diguillín,161,pemuco,16105,51,142,71,71,69,33,36,73,38,35
20657,ñuble,16,diguillín,161,pemuco,16105,52,130,67,63,53,23,30,77,44,33
20658,ñuble,16,diguillín,161,pemuco,16105,53,127,63,64,59,28,31,68,35,33
20659,ñuble,16,diguillín,161,pemuco,16105,54,131,73,58,67,39,28,64,34,30
20660,ñuble,16,diguillín,161,pemuco,16105,55,116,62,54,59,30,29,57,32,25
20661,ñuble,16,diguillín,161,pemuco,16105,56,116,65,51,58,29,29,58,36,22
20662,ñuble,16,diguillín,161,pemuco,16105,57,118,55,63,58,27,31,60,28,32
20663,ñuble,16,diguillín,161,pemuco,16105,58,105,55,50,51,28,23,54,27,27
20664,ñuble,16,diguillín,161,pemuco,16105,59,104,53,51,48,23,25,56,30,26
20665,ñuble,16,diguillín,161,pemuco,16105,60,109,49,60,47,21,26,62,28,34
20666,ñuble,16,diguillín,161,pemuco,16105,61,92,40,52,42,22,20,50,18,32
20667,ñuble,16,diguillín,161,pemuco,16105,62,98,50,48,47,22,25,51,28,23
20668,ñuble,16,diguillín,161,pemuco,16105,63,89,46,43,42,20,22,47,26,21
20669,ñuble,16,diguillín,161,pemuco,16105,64,71,31,40,28,11,17,43,20,23
20670,ñuble,16,diguillín,161,pemuco,16105,65,77,37,40,32,14,18,45,23,22
20671,ñuble,16,diguillín,161,pemuco,16105,66,64,29,35,30,12,18,34,17,17
20672,ñuble,16,diguillín,161,pemuco,16105,67,48,22,26,26,8,18,22,14,8
20673,ñuble,16,diguillín,161,pemuco,16105,68,63,36,27,33,18,15,30,18,12
20674,ñuble,16,diguillín,161,pemuco,16105,69,61,26,35,32,13,19,29,13,16
20675,ñuble,16,diguillín,161,pemuco,16105,70,70,41,29,34,21,13,36,20,16
20676,ñuble,16,diguillín,161,pemuco,16105,71,80,46,34,31,18,13,49,28,21
20677,ñuble,16,diguillín,161,pemuco,16105,72,65,28,37,28,13,15,37,15,22
20678,ñuble,16,diguillín,161,pemuco,16105,73,50,25,25,26,13,13,24,12,12
20679,ñuble,16,diguillín,161,pemuco,16105,74,56,27,29,19,9,10,37,18,19
20680,ñuble,16,diguillín,161,pemuco,16105,75,67,41,26,25,18,7,42,23,19
20681,ñuble,16,diguillín,161,pemuco,16105,76,46,20,26,21,9,12,25,11,14
20682,ñuble,16,diguillín,161,pemuco,16105,77,49,27,22,24,11,13,25,16,9
20683,ñuble,16,diguillín,161,pemuco,16105,78,37,20,17,16,10,6,21,10,11
20684,ñuble,16,diguillín,161,pemuco,16105,79,54,27,27,26,11,15,28,16,12
20685,ñuble,16,diguillín,161,pemuco,16105,80,34,12,22,9,3,6,25,9,16
20686,ñuble,16,diguillín,161,pemuco,16105,81,27,14,13,19,11,8,8,3,5
20687,ñuble,16,diguillín,161,pemuco,16105,82,34,11,23,15,3,12,19,8,11
20688,ñuble,16,diguillín,161,pemuco,16105,83,31,17,14,20,9,11,11,8,3
20689,ñuble,16,diguillín,161,pemuco,16105,84,25,13,12,12,5,7,13,8,5
20690,ñuble,16,diguillín,161,pemuco,16105,85,14,7,7,6,2,4,8,5,3
20691,ñuble,16,diguillín,161,pemuco,16105,86,26,12,14,11,5,6,15,7,8
20692,ñuble,16,diguillín,161,pemuco,16105,87,22,7,15,13,1,12,9,6,3
20693,ñuble,16,diguillín,161,pemuco,16105,88,14,9,5,8,5,3,6,4,2
20694,ñuble,16,diguillín,161,pemuco,16105,89,10,4,6,8,3,5,2,1,1
20695,ñuble,16,diguillín,161,pemuco,16105,90,16,6,10,5,1,4,11,5,6
20696,ñuble,16,diguillín,161,pemuco,16105,91,9,3,6,5,0,5,4,3,1
20697,ñuble,16,diguillín,161,pemuco,16105,92,3,0,3,2,0,2,1,0,1
20698,ñuble,16,diguillín,161,pemuco,16105,93,2,0,2,2,0,2,0,0,0
20699,ñuble,16,diguillín,161,pemuco,16105,94,7,2,5,4,1,3,3,1,2
20700,ñuble,16,diguillín,161,pemuco,16105,95,6,3,3,1,0,1,5,3,2
20701,ñuble,16,diguillín,161,pemuco,16105,96,2,0,2,2,0,2,0,0,0
20702,ñuble,16,diguillín,161,pemuco,16105,97,1,0,1,0,0,0,1,0,1
20703,ñuble,16,diguillín,161,pemuco,16105,98,2,1,1,2,1,1,0,0,0
20704,ñuble,16,diguillín,161,pemuco,16105,99,0,0,0,0,0,0,0,0,0
20705,ñuble,16,diguillín,161,pemuco,16105,100 o más,3,2,1,3,2,1,0,0,0
20706,ñuble,16,diguillín,161,pinto,16106,total comuna,10827,5336,5491,5458,2598,2860,5369,2738,2631
20707,ñuble,16,diguillín,161,pinto,16106,0,106,55,51,52,27,25,54,28,26
20708,ñuble,16,diguillín,161,pinto,16106,1,132,70,62,67,33,34,65,37,28
20709,ñuble,16,diguillín,161,pinto,16106,2,115,69,46,62,38,24,53,31,22
20710,ñuble,16,diguillín,161,pinto,16106,3,114,60,54,55,28,27,59,32,27
20711,ñuble,16,diguillín,161,pinto,16106,4,119,60,59,62,30,32,57,30,27
20712,ñuble,16,diguillín,161,pinto,16106,5,111,61,50,58,33,25,53,28,25
20713,ñuble,16,diguillín,161,pinto,16106,6,126,63,63,63,32,31,63,31,32
20714,ñuble,16,diguillín,161,pinto,16106,7,167,84,83,93,47,46,74,37,37
20715,ñuble,16,diguillín,161,pinto,16106,8,143,66,77,70,33,37,73,33,40
20716,ñuble,16,diguillín,161,pinto,16106,9,143,66,77,80,39,41,63,27,36
20717,ñuble,16,diguillín,161,pinto,16106,10,128,61,67,61,27,34,67,34,33
20718,ñuble,16,diguillín,161,pinto,16106,11,145,73,72,74,39,35,71,34,37
20719,ñuble,16,diguillín,161,pinto,16106,12,129,61,68,65,33,32,64,28,36
20720,ñuble,16,diguillín,161,pinto,16106,13,142,71,71,70,34,36,72,37,35
20721,ñuble,16,diguillín,161,pinto,16106,14,144,76,68,81,39,42,63,37,26
20722,ñuble,16,diguillín,161,pinto,16106,15,127,61,66,63,32,31,64,29,35
20723,ñuble,16,diguillín,161,pinto,16106,16,163,83,80,87,43,44,76,40,36
20724,ñuble,16,diguillín,161,pinto,16106,17,152,80,72,83,42,41,69,38,31
20725,ñuble,16,diguillín,161,pinto,16106,18,120,64,56,65,38,27,55,26,29
20726,ñuble,16,diguillín,161,pinto,16106,19,147,76,71,83,41,42,64,35,29
20727,ñuble,16,diguillín,161,pinto,16106,20,139,81,58,74,46,28,65,35,30
20728,ñuble,16,diguillín,161,pinto,16106,21,138,58,80,81,32,49,57,26,31
20729,ñuble,16,diguillín,161,pinto,16106,22,142,69,73,69,33,36,73,36,37
20730,ñuble,16,diguillín,161,pinto,16106,23,136,69,67,71,30,41,65,39,26
20731,ñuble,16,diguillín,161,pinto,16106,24,129,64,65,78,42,36,51,22,29
20732,ñuble,16,diguillín,161,pinto,16106,25,162,76,86,83,38,45,79,38,41
20733,ñuble,16,diguillín,161,pinto,16106,26,183,86,97,105,52,53,78,34,44
20734,ñuble,16,diguillín,161,pinto,16106,27,162,76,86,89,38,51,73,38,35
20735,ñuble,16,diguillín,161,pinto,16106,28,156,65,91,91,35,56,65,30,35
20736,ñuble,16,diguillín,161,pinto,16106,29,116,53,63,65,29,36,51,24,27
20737,ñuble,16,diguillín,161,pinto,16106,30,145,74,71,73,36,37,72,38,34
20738,ñuble,16,diguillín,161,pinto,16106,31,129,61,68,72,35,37,57,26,31
20739,ñuble,16,diguillín,161,pinto,16106,32,139,59,80,64,28,36,75,31,44
20740,ñuble,16,diguillín,161,pinto,16106,33,121,62,59,65,32,33,56,30,26
20741,ñuble,16,diguillín,161,pinto,16106,34,140,77,63,70,33,37,70,44,26
20742,ñuble,16,diguillín,161,pinto,16106,35,135,62,73,72,35,37,63,27,36
20743,ñuble,16,diguillín,161,pinto,16106,36,127,70,57,69,35,34,58,35,23
20744,ñuble,16,diguillín,161,pinto,16106,37,118,60,58,56,26,30,62,34,28
20745,ñuble,16,diguillín,161,pinto,16106,38,100,42,58,51,26,25,49,16,33
20746,ñuble,16,diguillín,161,pinto,16106,39,141,59,82,73,26,47,68,33,35
20747,ñuble,16,diguillín,161,pinto,16106,40,143,65,78,65,26,39,78,39,39
20748,ñuble,16,diguillín,161,pinto,16106,41,129,64,65,65,34,31,64,30,34
20749,ñuble,16,diguillín,161,pinto,16106,42,151,81,70,76,37,39,75,44,31
20750,ñuble,16,diguillín,161,pinto,16106,43,154,76,78,73,39,34,81,37,44
20751,ñuble,16,diguillín,161,pinto,16106,44,163,84,79,79,36,43,84,48,36
20752,ñuble,16,diguillín,161,pinto,16106,45,184,85,99,95,47,48,89,38,51
20753,ñuble,16,diguillín,161,pinto,16106,46,177,91,86,78,40,38,99,51,48
20754,ñuble,16,diguillín,161,pinto,16106,47,151,71,80,71,28,43,80,43,37
20755,ñuble,16,diguillín,161,pinto,16106,48,168,76,92,77,38,39,91,38,53
20756,ñuble,16,diguillín,161,pinto,16106,49,175,95,80,82,37,45,93,58,35
20757,ñuble,16,diguillín,161,pinto,16106,50,157,87,70,73,38,35,84,49,35
20758,ñuble,16,diguillín,161,pinto,16106,51,189,96,93,98,48,50,91,48,43
20759,ñuble,16,diguillín,161,pinto,16106,52,153,81,72,65,35,30,88,46,42
20760,ñuble,16,diguillín,161,pinto,16106,53,162,73,89,79,38,41,83,35,48
20761,ñuble,16,diguillín,161,pinto,16106,54,167,77,90,88,38,50,79,39,40
20762,ñuble,16,diguillín,161,pinto,16106,55,129,66,63,60,30,30,69,36,33
20763,ñuble,16,diguillín,161,pinto,16106,56,152,73,79,71,26,45,81,47,34
20764,ñuble,16,diguillín,161,pinto,16106,57,157,70,87,68,28,40,89,42,47
20765,ñuble,16,diguillín,161,pinto,16106,58,166,84,82,77,33,44,89,51,38
20766,ñuble,16,diguillín,161,pinto,16106,59,160,80,80,82,42,40,78,38,40
20767,ñuble,16,diguillín,161,pinto,16106,60,125,64,61,51,24,27,74,40,34
20768,ñuble,16,diguillín,161,pinto,16106,61,122,65,57,58,31,27,64,34,30
20769,ñuble,16,diguillín,161,pinto,16106,62,100,54,46,47,27,20,53,27,26
20770,ñuble,16,diguillín,161,pinto,16106,63,119,56,63,58,25,33,61,31,30
20771,ñuble,16,diguillín,161,pinto,16106,64,139,72,67,67,28,39,72,44,28
20772,ñuble,16,diguillín,161,pinto,16106,65,97,50,47,43,23,20,54,27,27
20773,ñuble,16,diguillín,161,pinto,16106,66,110,52,58,45,22,23,65,30,35
20774,ñuble,16,diguillín,161,pinto,16106,67,97,55,42,51,28,23,46,27,19
20775,ñuble,16,diguillín,161,pinto,16106,68,94,46,48,47,22,25,47,24,23
20776,ñuble,16,diguillín,161,pinto,16106,69,108,49,59,50,19,31,58,30,28
20777,ñuble,16,diguillín,161,pinto,16106,70,107,50,57,49,18,31,58,32,26
20778,ñuble,16,diguillín,161,pinto,16106,71,88,49,39,47,27,20,41,22,19
20779,ñuble,16,diguillín,161,pinto,16106,72,89,45,44,44,18,26,45,27,18
20780,ñuble,16,diguillín,161,pinto,16106,73,85,38,47,37,14,23,48,24,24
20781,ñuble,16,diguillín,161,pinto,16106,74,71,31,40,37,16,21,34,15,19
20782,ñuble,16,diguillín,161,pinto,16106,75,70,35,35,38,18,20,32,17,15
20783,ñuble,16,diguillín,161,pinto,16106,76,70,37,33,39,16,23,31,21,10
20784,ñuble,16,diguillín,161,pinto,16106,77,66,37,29,34,18,16,32,19,13
20785,ñuble,16,diguillín,161,pinto,16106,78,51,17,34,24,7,17,27,10,17
20786,ñuble,16,diguillín,161,pinto,16106,79,63,30,33,26,11,15,37,19,18
20787,ñuble,16,diguillín,161,pinto,16106,80,51,25,26,26,13,13,25,12,13
20788,ñuble,16,diguillín,161,pinto,16106,81,33,15,18,21,9,12,12,6,6
20789,ñuble,16,diguillín,161,pinto,16106,82,37,18,19,17,8,9,20,10,10
20790,ñuble,16,diguillín,161,pinto,16106,83,31,13,18,15,5,10,16,8,8
20791,ñuble,16,diguillín,161,pinto,16106,84,29,10,19,13,6,7,16,4,12
20792,ñuble,16,diguillín,161,pinto,16106,85,26,13,13,10,4,6,16,9,7
20793,ñuble,16,diguillín,161,pinto,16106,86,25,8,17,16,4,12,9,4,5
20794,ñuble,16,diguillín,161,pinto,16106,87,21,11,10,14,8,6,7,3,4
20795,ñuble,16,diguillín,161,pinto,16106,88,20,8,12,12,4,8,8,4,4
20796,ñuble,16,diguillín,161,pinto,16106,89,17,6,11,9,4,5,8,2,6
20797,ñuble,16,diguillín,161,pinto,16106,90,10,4,6,4,2,2,6,2,4
20798,ñuble,16,diguillín,161,pinto,16106,91,9,4,5,5,1,4,4,3,1
20799,ñuble,16,diguillín,161,pinto,16106,92,10,2,8,6,1,5,4,1,3
20800,ñuble,16,diguillín,161,pinto,16106,93,3,1,2,2,1,1,1,0,1
20801,ñuble,16,diguillín,161,pinto,16106,94,2,0,2,2,0,2,0,0,0
20802,ñuble,16,diguillín,161,pinto,16106,95,4,2,2,2,1,1,2,1,1
20803,ñuble,16,diguillín,161,pinto,16106,96,2,2,0,0,0,0,2,2,0
20804,ñuble,16,diguillín,161,pinto,16106,97,3,3,0,2,2,0,1,1,0
20805,ñuble,16,diguillín,161,pinto,16106,98,1,0,1,1,0,1,0,0,0
20806,ñuble,16,diguillín,161,pinto,16106,99,0,0,0,0,0,0,0,0,0
20807,ñuble,16,diguillín,161,pinto,16106,100 o más,4,1,3,2,0,2,2,1,1
20808,ñuble,16,diguillín,161,quillón,16107,total comuna,17485,8664,8821,10423,5001,5422,7062,3663,3399
20809,ñuble,16,diguillín,161,quillón,16107,0,194,101,93,134,64,70,60,37,23
20810,ñuble,16,diguillín,161,quillón,16107,1,201,97,104,135,69,66,66,28,38
20811,ñuble,16,diguillín,161,quillón,16107,2,204,107,97,148,77,71,56,30,26
20812,ñuble,16,diguillín,161,quillón,16107,3,200,95,105,133,67,66,67,28,39
20813,ñuble,16,diguillín,161,quillón,16107,4,203,110,93,141,76,65,62,34,28
20814,ñuble,16,diguillín,161,quillón,16107,5,206,104,102,143,73,70,63,31,32
20815,ñuble,16,diguillín,161,quillón,16107,6,212,103,109,141,68,73,71,35,36
20816,ñuble,16,diguillín,161,quillón,16107,7,229,140,89,150,91,59,79,49,30
20817,ñuble,16,diguillín,161,quillón,16107,8,220,114,106,147,74,73,73,40,33
20818,ñuble,16,diguillín,161,quillón,16107,9,221,110,111,149,77,72,72,33,39
20819,ñuble,16,diguillín,161,quillón,16107,10,236,121,115,157,72,85,79,49,30
20820,ñuble,16,diguillín,161,quillón,16107,11,201,108,93,126,66,60,75,42,33
20821,ñuble,16,diguillín,161,quillón,16107,12,210,94,116,138,69,69,72,25,47
20822,ñuble,16,diguillín,161,quillón,16107,13,216,110,106,144,71,73,72,39,33
20823,ñuble,16,diguillín,161,quillón,16107,14,203,119,84,138,84,54,65,35,30
20824,ñuble,16,diguillín,161,quillón,16107,15,241,125,116,148,75,73,93,50,43
20825,ñuble,16,diguillín,161,quillón,16107,16,237,135,102,168,85,83,69,50,19
20826,ñuble,16,diguillín,161,quillón,16107,17,197,99,98,131,70,61,66,29,37
20827,ñuble,16,diguillín,161,quillón,16107,18,183,80,103,131,56,75,52,24,28
20828,ñuble,16,diguillín,161,quillón,16107,19,196,90,106,133,60,73,63,30,33
20829,ñuble,16,diguillín,161,quillón,16107,20,193,97,96,138,65,73,55,32,23
20830,ñuble,16,diguillín,161,quillón,16107,21,191,93,98,120,55,65,71,38,33
20831,ñuble,16,diguillín,161,quillón,16107,22,203,93,110,129,55,74,74,38,36
20832,ñuble,16,diguillín,161,quillón,16107,23,187,92,95,131,63,68,56,29,27
20833,ñuble,16,diguillín,161,quillón,16107,24,236,110,126,159,70,89,77,40,37
20834,ñuble,16,diguillín,161,quillón,16107,25,226,114,112,150,80,70,76,34,42
20835,ñuble,16,diguillín,161,quillón,16107,26,258,126,132,185,90,95,73,36,37
20836,ñuble,16,diguillín,161,quillón,16107,27,225,119,106,154,80,74,71,39,32
20837,ñuble,16,diguillín,161,quillón,16107,28,243,125,118,169,81,88,74,44,30
20838,ñuble,16,diguillín,161,quillón,16107,29,233,122,111,164,83,81,69,39,30
20839,ñuble,16,diguillín,161,quillón,16107,30,222,111,111,159,69,90,63,42,21
20840,ñuble,16,diguillín,161,quillón,16107,31,204,94,110,137,60,77,67,34,33
20841,ñuble,16,diguillín,161,quillón,16107,32,226,118,108,149,74,75,77,44,33
20842,ñuble,16,diguillín,161,quillón,16107,33,188,87,101,129,56,73,59,31,28
20843,ñuble,16,diguillín,161,quillón,16107,34,211,94,117,137,66,71,74,28,46
20844,ñuble,16,diguillín,161,quillón,16107,35,212,110,102,134,66,68,78,44,34
20845,ñuble,16,diguillín,161,quillón,16107,36,224,106,118,144,68,76,80,38,42
20846,ñuble,16,diguillín,161,quillón,16107,37,199,103,96,137,75,62,62,28,34
20847,ñuble,16,diguillín,161,quillón,16107,38,186,86,100,111,55,56,75,31,44
20848,ñuble,16,diguillín,161,quillón,16107,39,183,85,98,121,52,69,62,33,29
20849,ñuble,16,diguillín,161,quillón,16107,40,183,81,102,118,55,63,65,26,39
20850,ñuble,16,diguillín,161,quillón,16107,41,199,89,110,124,49,75,75,40,35
20851,ñuble,16,diguillín,161,quillón,16107,42,234,124,110,143,65,78,91,59,32
20852,ñuble,16,diguillín,161,quillón,16107,43,233,107,126,147,66,81,86,41,45
20853,ñuble,16,diguillín,161,quillón,16107,44,245,130,115,137,72,65,108,58,50
20854,ñuble,16,diguillín,161,quillón,16107,45,242,126,116,135,62,73,107,64,43
20855,ñuble,16,diguillín,161,quillón,16107,46,235,122,113,135,64,71,100,58,42
20856,ñuble,16,diguillín,161,quillón,16107,47,220,111,109,122,58,64,98,53,45
20857,ñuble,16,diguillín,161,quillón,16107,48,283,132,151,156,71,85,127,61,66
20858,ñuble,16,diguillín,161,quillón,16107,49,278,142,136,152,72,80,126,70,56
20859,ñuble,16,diguillín,161,quillón,16107,50,261,126,135,145,73,72,116,53,63
20860,ñuble,16,diguillín,161,quillón,16107,51,251,118,133,153,67,86,98,51,47
20861,ñuble,16,diguillín,161,quillón,16107,52,274,143,131,149,83,66,125,60,65
20862,ñuble,16,diguillín,161,quillón,16107,53,287,155,132,146,75,71,141,80,61
20863,ñuble,16,diguillín,161,quillón,16107,54,273,151,122,138,69,69,135,82,53
20864,ñuble,16,diguillín,161,quillón,16107,55,274,145,129,140,70,70,134,75,59
20865,ñuble,16,diguillín,161,quillón,16107,56,267,144,123,139,73,66,128,71,57
20866,ñuble,16,diguillín,161,quillón,16107,57,234,118,116,131,60,71,103,58,45
20867,ñuble,16,diguillín,161,quillón,16107,58,234,111,123,115,51,64,119,60,59
20868,ñuble,16,diguillín,161,quillón,16107,59,238,104,134,130,53,77,108,51,57
20869,ñuble,16,diguillín,161,quillón,16107,60,224,115,109,94,51,43,130,64,66
20870,ñuble,16,diguillín,161,quillón,16107,61,221,107,114,107,42,65,114,65,49
20871,ñuble,16,diguillín,161,quillón,16107,62,225,119,106,114,60,54,111,59,52
20872,ñuble,16,diguillín,161,quillón,16107,63,209,88,121,108,36,72,101,52,49
20873,ñuble,16,diguillín,161,quillón,16107,64,214,93,121,103,42,61,111,51,60
20874,ñuble,16,diguillín,161,quillón,16107,65,183,84,99,79,37,42,104,47,57
20875,ñuble,16,diguillín,161,quillón,16107,66,193,91,102,95,44,51,98,47,51
20876,ñuble,16,diguillín,161,quillón,16107,67,206,98,108,83,40,43,123,58,65
20877,ñuble,16,diguillín,161,quillón,16107,68,180,87,93,89,41,48,91,46,45
20878,ñuble,16,diguillín,161,quillón,16107,69,171,93,78,82,43,39,89,50,39
20879,ñuble,16,diguillín,161,quillón,16107,70,190,106,84,99,49,50,91,57,34
20880,ñuble,16,diguillín,161,quillón,16107,71,173,84,89,97,42,55,76,42,34
20881,ñuble,16,diguillín,161,quillón,16107,72,138,68,70,67,31,36,71,37,34
20882,ñuble,16,diguillín,161,quillón,16107,73,133,74,59,64,35,29,69,39,30
20883,ñuble,16,diguillín,161,quillón,16107,74,160,76,84,90,44,46,70,32,38
20884,ñuble,16,diguillín,161,quillón,16107,75,157,77,80,63,30,33,94,47,47
20885,ñuble,16,diguillín,161,quillón,16107,76,133,72,61,60,28,32,73,44,29
20886,ñuble,16,diguillín,161,quillón,16107,77,112,52,60,54,26,28,58,26,32
20887,ñuble,16,diguillín,161,quillón,16107,78,100,51,49,48,21,27,52,30,22
20888,ñuble,16,diguillín,161,quillón,16107,79,97,46,51,58,28,30,39,18,21
20889,ñuble,16,diguillín,161,quillón,16107,80,82,37,45,49,22,27,33,15,18
20890,ñuble,16,diguillín,161,quillón,16107,81,73,29,44,30,10,20,43,19,24
20891,ñuble,16,diguillín,161,quillón,16107,82,74,30,44,36,11,25,38,19,19
20892,ñuble,16,diguillín,161,quillón,16107,83,73,29,44,32,10,22,41,19,22
20893,ñuble,16,diguillín,161,quillón,16107,84,48,20,28,24,10,14,24,10,14
20894,ñuble,16,diguillín,161,quillón,16107,85,55,27,28,24,14,10,31,13,18
20895,ñuble,16,diguillín,161,quillón,16107,86,51,22,29,22,8,14,29,14,15
20896,ñuble,16,diguillín,161,quillón,16107,87,48,15,33,21,4,17,27,11,16
20897,ñuble,16,diguillín,161,quillón,16107,88,27,10,17,13,4,9,14,6,8
20898,ñuble,16,diguillín,161,quillón,16107,89,37,12,25,20,6,14,17,6,11
20899,ñuble,16,diguillín,161,quillón,16107,90,21,7,14,12,6,6,9,1,8
20900,ñuble,16,diguillín,161,quillón,16107,91,27,7,20,15,3,12,12,4,8
20901,ñuble,16,diguillín,161,quillón,16107,92,7,2,5,3,1,2,4,1,3
20902,ñuble,16,diguillín,161,quillón,16107,93,6,1,5,2,1,1,4,0,4
20903,ñuble,16,diguillín,161,quillón,16107,94,7,3,4,5,2,3,2,1,1
20904,ñuble,16,diguillín,161,quillón,16107,95,5,1,4,3,0,3,2,1,1
20905,ñuble,16,diguillín,161,quillón,16107,96,6,2,4,4,2,2,2,0,2
20906,ñuble,16,diguillín,161,quillón,16107,97,3,0,3,1,0,1,2,0,2
20907,ñuble,16,diguillín,161,quillón,16107,98,1,0,1,0,0,0,1,0,1
20908,ñuble,16,diguillín,161,quillón,16107,99,3,0,3,1,0,1,2,0,2
20909,ñuble,16,diguillín,161,quillón,16107,100 o más,7,3,4,5,2,3,2,1,1
20910,ñuble,16,diguillín,161,san ignacio,16108,total comuna,16079,7882,8197,6802,3201,3601,9277,4681,4596
20911,ñuble,16,diguillín,161,san ignacio,16108,0,143,75,68,65,33,32,78,42,36
20912,ñuble,16,diguillín,161,san ignacio,16108,1,204,96,108,91,49,42,113,47,66
20913,ñuble,16,diguillín,161,san ignacio,16108,2,185,85,100,85,43,42,100,42,58
20914,ñuble,16,diguillín,161,san ignacio,16108,3,178,94,84,78,40,38,100,54,46
20915,ñuble,16,diguillín,161,san ignacio,16108,4,173,92,81,85,47,38,88,45,43
20916,ñuble,16,diguillín,161,san ignacio,16108,5,203,103,100,98,46,52,105,57,48
20917,ñuble,16,diguillín,161,san ignacio,16108,6,203,100,103,85,41,44,118,59,59
20918,ñuble,16,diguillín,161,san ignacio,16108,7,185,93,92,78,34,44,107,59,48
20919,ñuble,16,diguillín,161,san ignacio,16108,8,212,106,106,91,45,46,121,61,60
20920,ñuble,16,diguillín,161,san ignacio,16108,9,228,122,106,108,57,51,120,65,55
20921,ñuble,16,diguillín,161,san ignacio,16108,10,216,102,114,97,40,57,119,62,57
20922,ñuble,16,diguillín,161,san ignacio,16108,11,207,88,119,87,37,50,120,51,69
20923,ñuble,16,diguillín,161,san ignacio,16108,12,223,107,116,90,40,50,133,67,66
20924,ñuble,16,diguillín,161,san ignacio,16108,13,233,119,114,97,53,44,136,66,70
20925,ñuble,16,diguillín,161,san ignacio,16108,14,238,124,114,100,57,43,138,67,71
20926,ñuble,16,diguillín,161,san ignacio,16108,15,208,113,95,105,53,52,103,60,43
20927,ñuble,16,diguillín,161,san ignacio,16108,16,222,110,112,107,50,57,115,60,55
20928,ñuble,16,diguillín,161,san ignacio,16108,17,242,115,127,108,48,60,134,67,67
20929,ñuble,16,diguillín,161,san ignacio,16108,18,189,84,105,84,34,50,105,50,55
20930,ñuble,16,diguillín,161,san ignacio,16108,19,204,97,107,92,44,48,112,53,59
20931,ñuble,16,diguillín,161,san ignacio,16108,20,190,92,98,87,40,47,103,52,51
20932,ñuble,16,diguillín,161,san ignacio,16108,21,186,94,92,95,46,49,91,48,43
20933,ñuble,16,diguillín,161,san ignacio,16108,22,214,92,122,100,47,53,114,45,69
20934,ñuble,16,diguillín,161,san ignacio,16108,23,228,103,125,108,46,62,120,57,63
20935,ñuble,16,diguillín,161,san ignacio,16108,24,222,99,123,120,54,66,102,45,57
20936,ñuble,16,diguillín,161,san ignacio,16108,25,231,121,110,99,46,53,132,75,57
20937,ñuble,16,diguillín,161,san ignacio,16108,26,225,119,106,108,58,50,117,61,56
20938,ñuble,16,diguillín,161,san ignacio,16108,27,200,94,106,87,48,39,113,46,67
20939,ñuble,16,diguillín,161,san ignacio,16108,28,182,91,91,93,44,49,89,47,42
20940,ñuble,16,diguillín,161,san ignacio,16108,29,209,100,109,95,43,52,114,57,57
20941,ñuble,16,diguillín,161,san ignacio,16108,30,208,100,108,102,44,58,106,56,50
20942,ñuble,16,diguillín,161,san ignacio,16108,31,183,88,95,83,37,46,100,51,49
20943,ñuble,16,diguillín,161,san ignacio,16108,32,170,91,79,96,52,44,74,39,35
20944,ñuble,16,diguillín,161,san ignacio,16108,33,201,101,100,78,40,38,123,61,62
20945,ñuble,16,diguillín,161,san ignacio,16108,34,182,85,97,88,38,50,94,47,47
20946,ñuble,16,diguillín,161,san ignacio,16108,35,174,86,88,64,29,35,110,57,53
20947,ñuble,16,diguillín,161,san ignacio,16108,36,188,87,101,84,37,47,104,50,54
20948,ñuble,16,diguillín,161,san ignacio,16108,37,188,89,99,87,36,51,101,53,48
20949,ñuble,16,diguillín,161,san ignacio,16108,38,176,80,96,79,37,42,97,43,54
20950,ñuble,16,diguillín,161,san ignacio,16108,39,188,95,93,83,37,46,105,58,47
20951,ñuble,16,diguillín,161,san ignacio,16108,40,175,84,91,75,36,39,100,48,52
20952,ñuble,16,diguillín,161,san ignacio,16108,41,224,99,125,95,41,54,129,58,71
20953,ñuble,16,diguillín,161,san ignacio,16108,42,208,91,117,92,36,56,116,55,61
20954,ñuble,16,diguillín,161,san ignacio,16108,43,223,119,104,86,42,44,137,77,60
20955,ñuble,16,diguillín,161,san ignacio,16108,44,254,122,132,110,53,57,144,69,75
20956,ñuble,16,diguillín,161,san ignacio,16108,45,232,106,126,94,39,55,138,67,71
20957,ñuble,16,diguillín,161,san ignacio,16108,46,221,107,114,92,35,57,129,72,57
20958,ñuble,16,diguillín,161,san ignacio,16108,47,230,100,130,94,35,59,136,65,71
20959,ñuble,16,diguillín,161,san ignacio,16108,48,238,119,119,97,48,49,141,71,70
20960,ñuble,16,diguillín,161,san ignacio,16108,49,253,117,136,107,39,68,146,78,68
20961,ñuble,16,diguillín,161,san ignacio,16108,50,292,144,148,123,57,66,169,87,82
20962,ñuble,16,diguillín,161,san ignacio,16108,51,234,119,115,91,47,44,143,72,71
20963,ñuble,16,diguillín,161,san ignacio,16108,52,231,114,117,93,42,51,138,72,66
20964,ñuble,16,diguillín,161,san ignacio,16108,53,257,127,130,94,50,44,163,77,86
20965,ñuble,16,diguillín,161,san ignacio,16108,54,244,122,122,101,46,55,143,76,67
20966,ñuble,16,diguillín,161,san ignacio,16108,55,226,117,109,77,35,42,149,82,67
20967,ñuble,16,diguillín,161,san ignacio,16108,56,255,146,109,90,50,40,165,96,69
20968,ñuble,16,diguillín,161,san ignacio,16108,57,226,113,113,84,44,40,142,69,73
20969,ñuble,16,diguillín,161,san ignacio,16108,58,229,115,114,81,37,44,148,78,70
20970,ñuble,16,diguillín,161,san ignacio,16108,59,208,104,104,76,37,39,132,67,65
20971,ñuble,16,diguillín,161,san ignacio,16108,60,233,111,122,92,43,49,141,68,73
20972,ñuble,16,diguillín,161,san ignacio,16108,61,207,106,101,76,36,40,131,70,61
20973,ñuble,16,diguillín,161,san ignacio,16108,62,182,98,84,69,33,36,113,65,48
20974,ñuble,16,diguillín,161,san ignacio,16108,63,197,103,94,79,36,43,118,67,51
20975,ñuble,16,diguillín,161,san ignacio,16108,64,179,83,96,70,31,39,109,52,57
20976,ñuble,16,diguillín,161,san ignacio,16108,65,164,86,78,50,21,29,114,65,49
20977,ñuble,16,diguillín,161,san ignacio,16108,66,142,76,66,52,26,26,90,50,40
20978,ñuble,16,diguillín,161,san ignacio,16108,67,143,65,78,60,26,34,83,39,44
20979,ñuble,16,diguillín,161,san ignacio,16108,68,150,89,61,50,25,25,100,64,36
20980,ñuble,16,diguillín,161,san ignacio,16108,69,151,70,81,57,21,36,94,49,45
20981,ñuble,16,diguillín,161,san ignacio,16108,70,142,72,70,60,29,31,82,43,39
20982,ñuble,16,diguillín,161,san ignacio,16108,71,120,64,56,43,24,19,77,40,37
20983,ñuble,16,diguillín,161,san ignacio,16108,72,120,60,60,42,17,25,78,43,35
20984,ñuble,16,diguillín,161,san ignacio,16108,73,113,55,58,48,26,22,65,29,36
20985,ñuble,16,diguillín,161,san ignacio,16108,74,121,65,56,50,22,28,71,43,28
20986,ñuble,16,diguillín,161,san ignacio,16108,75,105,51,54,36,21,15,69,30,39
20987,ñuble,16,diguillín,161,san ignacio,16108,76,93,50,43,38,21,17,55,29,26
20988,ñuble,16,diguillín,161,san ignacio,16108,77,90,43,47,31,12,19,59,31,28
20989,ñuble,16,diguillín,161,san ignacio,16108,78,97,40,57,37,15,22,60,25,35
20990,ñuble,16,diguillín,161,san ignacio,16108,79,63,33,30,26,15,11,37,18,19
20991,ñuble,16,diguillín,161,san ignacio,16108,80,57,25,32,25,8,17,32,17,15
20992,ñuble,16,diguillín,161,san ignacio,16108,81,58,31,27,22,11,11,36,20,16
20993,ñuble,16,diguillín,161,san ignacio,16108,82,59,25,34,29,12,17,30,13,17
20994,ñuble,16,diguillín,161,san ignacio,16108,83,57,24,33,17,11,6,40,13,27
20995,ñuble,16,diguillín,161,san ignacio,16108,84,50,20,30,20,10,10,30,10,20
20996,ñuble,16,diguillín,161,san ignacio,16108,85,60,24,36,19,10,9,41,14,27
20997,ñuble,16,diguillín,161,san ignacio,16108,86,40,16,24,14,7,7,26,9,17
20998,ñuble,16,diguillín,161,san ignacio,16108,87,41,17,24,9,3,6,32,14,18
20999,ñuble,16,diguillín,161,san ignacio,16108,88,25,16,9,11,6,5,14,10,4
21000,ñuble,16,diguillín,161,san ignacio,16108,89,20,8,12,8,5,3,12,3,9
21001,ñuble,16,diguillín,161,san ignacio,16108,90,14,6,8,8,4,4,6,2,4
21002,ñuble,16,diguillín,161,san ignacio,16108,91,21,11,10,8,5,3,13,6,7
21003,ñuble,16,diguillín,161,san ignacio,16108,92,14,6,8,7,3,4,7,3,4
21004,ñuble,16,diguillín,161,san ignacio,16108,93,10,3,7,6,1,5,4,2,2
21005,ñuble,16,diguillín,161,san ignacio,16108,94,13,5,8,4,2,2,9,3,6
21006,ñuble,16,diguillín,161,san ignacio,16108,95,6,1,5,2,1,1,4,0,4
21007,ñuble,16,diguillín,161,san ignacio,16108,96,9,5,4,2,1,1,7,4,3
21008,ñuble,16,diguillín,161,san ignacio,16108,97,5,0,5,2,0,2,3,0,3
21009,ñuble,16,diguillín,161,san ignacio,16108,98,1,0,1,1,0,1,0,0,0
21010,ñuble,16,diguillín,161,san ignacio,16108,99,2,1,1,1,1,0,1,0,1
21011,ñuble,16,diguillín,161,san ignacio,16108,100 o más,4,1,3,2,1,1,2,0,2
21012,ñuble,16,diguillín,161,yungay,16109,total comuna,17787,8964,8823,13303,6532,6771,4484,2432,2052
21013,ñuble,16,diguillín,161,yungay,16109,0,184,92,92,151,77,74,33,15,18
21014,ñuble,16,diguillín,161,yungay,16109,1,190,100,90,147,79,68,43,21,22
21015,ñuble,16,diguillín,161,yungay,16109,2,211,105,106,176,82,94,35,23,12
21016,ñuble,16,diguillín,161,yungay,16109,3,216,120,96,168,96,72,48,24,24
21017,ñuble,16,diguillín,161,yungay,16109,4,221,109,112,173,86,87,48,23,25
21018,ñuble,16,diguillín,161,yungay,16109,5,219,118,101,177,91,86,42,27,15
21019,ñuble,16,diguillín,161,yungay,16109,6,248,125,123,182,90,92,66,35,31
21020,ñuble,16,diguillín,161,yungay,16109,7,252,129,123,201,98,103,51,31,20
21021,ñuble,16,diguillín,161,yungay,16109,8,237,109,128,187,86,101,50,23,27
21022,ñuble,16,diguillín,161,yungay,16109,9,259,147,112,207,121,86,52,26,26
21023,ñuble,16,diguillín,161,yungay,16109,10,241,129,112,179,92,87,62,37,25
21024,ñuble,16,diguillín,161,yungay,16109,11,218,124,94,163,96,67,55,28,27
21025,ñuble,16,diguillín,161,yungay,16109,12,223,115,108,172,84,88,51,31,20
21026,ñuble,16,diguillín,161,yungay,16109,13,264,125,139,211,89,122,53,36,17
21027,ñuble,16,diguillín,161,yungay,16109,14,263,136,127,220,116,104,43,20,23
21028,ñuble,16,diguillín,161,yungay,16109,15,240,129,111,188,97,91,52,32,20
21029,ñuble,16,diguillín,161,yungay,16109,16,253,137,116,197,109,88,56,28,28
21030,ñuble,16,diguillín,161,yungay,16109,17,231,109,122,183,79,104,48,30,18
21031,ñuble,16,diguillín,161,yungay,16109,18,169,78,91,137,63,74,32,15,17
21032,ñuble,16,diguillín,161,yungay,16109,19,174,97,77,137,75,62,37,22,15
21033,ñuble,16,diguillín,161,yungay,16109,20,200,99,101,156,73,83,44,26,18
21034,ñuble,16,diguillín,161,yungay,16109,21,193,97,96,157,80,77,36,17,19
21035,ñuble,16,diguillín,161,yungay,16109,22,217,111,106,176,93,83,41,18,23
21036,ñuble,16,diguillín,161,yungay,16109,23,219,109,110,188,97,91,31,12,19
21037,ñuble,16,diguillín,161,yungay,16109,24,228,111,117,190,87,103,38,24,14
21038,ñuble,16,diguillín,161,yungay,16109,25,250,112,138,198,87,111,52,25,27
21039,ñuble,16,diguillín,161,yungay,16109,26,244,117,127,189,92,97,55,25,30
21040,ñuble,16,diguillín,161,yungay,16109,27,304,150,154,247,117,130,57,33,24
21041,ñuble,16,diguillín,161,yungay,16109,28,257,135,122,205,108,97,52,27,25
21042,ñuble,16,diguillín,161,yungay,16109,29,244,122,122,203,101,102,41,21,20
21043,ñuble,16,diguillín,161,yungay,16109,30,219,118,101,179,88,91,40,30,10
21044,ñuble,16,diguillín,161,yungay,16109,31,212,120,92,159,89,70,53,31,22
21045,ñuble,16,diguillín,161,yungay,16109,32,227,129,98,180,104,76,47,25,22
21046,ñuble,16,diguillín,161,yungay,16109,33,188,91,97,161,76,85,27,15,12
21047,ñuble,16,diguillín,161,yungay,16109,34,206,106,100,170,85,85,36,21,15
21048,ñuble,16,diguillín,161,yungay,16109,35,231,114,117,187,101,86,44,13,31
21049,ñuble,16,diguillín,161,yungay,16109,36,230,99,131,179,71,108,51,28,23
21050,ñuble,16,diguillín,161,yungay,16109,37,246,114,132,187,89,98,59,25,34
21051,ñuble,16,diguillín,161,yungay,16109,38,206,104,102,162,80,82,44,24,20
21052,ñuble,16,diguillín,161,yungay,16109,39,200,106,94,153,79,74,47,27,20
21053,ñuble,16,diguillín,161,yungay,16109,40,205,101,104,155,75,80,50,26,24
21054,ñuble,16,diguillín,161,yungay,16109,41,243,121,122,179,85,94,64,36,28
21055,ñuble,16,diguillín,161,yungay,16109,42,291,150,141,224,115,109,67,35,32
21056,ñuble,16,diguillín,161,yungay,16109,43,274,134,140,212,99,113,62,35,27
21057,ñuble,16,diguillín,161,yungay,16109,44,275,146,129,202,103,99,73,43,30
21058,ñuble,16,diguillín,161,yungay,16109,45,289,149,140,216,109,107,73,40,33
21059,ñuble,16,diguillín,161,yungay,16109,46,296,146,150,219,109,110,77,37,40
21060,ñuble,16,diguillín,161,yungay,16109,47,285,146,139,208,105,103,77,41,36
21061,ñuble,16,diguillín,161,yungay,16109,48,273,130,143,194,93,101,79,37,42
21062,ñuble,16,diguillín,161,yungay,16109,49,248,117,131,188,86,102,60,31,29
21063,ñuble,16,diguillín,161,yungay,16109,50,291,162,129,215,117,98,76,45,31
21064,ñuble,16,diguillín,161,yungay,16109,51,273,147,126,176,85,91,97,62,35
21065,ñuble,16,diguillín,161,yungay,16109,52,292,151,141,212,110,102,80,41,39
21066,ñuble,16,diguillín,161,yungay,16109,53,266,135,131,190,93,97,76,42,34
21067,ñuble,16,diguillín,161,yungay,16109,54,271,149,122,200,108,92,71,41,30
21068,ñuble,16,diguillín,161,yungay,16109,55,293,167,126,201,111,90,92,56,36
21069,ñuble,16,diguillín,161,yungay,16109,56,217,120,97,154,77,77,63,43,20
21070,ñuble,16,diguillín,161,yungay,16109,57,200,97,103,125,56,69,75,41,34
21071,ñuble,16,diguillín,161,yungay,16109,58,222,110,112,153,70,83,69,40,29
21072,ñuble,16,diguillín,161,yungay,16109,59,217,108,109,154,73,81,63,35,28
21073,ñuble,16,diguillín,161,yungay,16109,60,229,114,115,155,71,84,74,43,31
21074,ñuble,16,diguillín,161,yungay,16109,61,177,81,96,119,56,63,58,25,33
21075,ñuble,16,diguillín,161,yungay,16109,62,170,89,81,104,55,49,66,34,32
21076,ñuble,16,diguillín,161,yungay,16109,63,187,91,96,113,52,61,74,39,35
21077,ñuble,16,diguillín,161,yungay,16109,64,177,85,92,114,54,60,63,31,32
21078,ñuble,16,diguillín,161,yungay,16109,65,152,76,76,110,48,62,42,28,14
21079,ñuble,16,diguillín,161,yungay,16109,66,145,66,79,91,40,51,54,26,28
21080,ñuble,16,diguillín,161,yungay,16109,67,164,84,80,99,48,51,65,36,29
21081,ñuble,16,diguillín,161,yungay,16109,68,146,77,69,98,51,47,48,26,22
21082,ñuble,16,diguillín,161,yungay,16109,69,179,95,84,122,59,63,57,36,21
21083,ñuble,16,diguillín,161,yungay,16109,70,124,67,57,74,32,42,50,35,15
21084,ñuble,16,diguillín,161,yungay,16109,71,130,59,71,84,37,47,46,22,24
21085,ñuble,16,diguillín,161,yungay,16109,72,125,59,66,82,41,41,43,18,25
21086,ñuble,16,diguillín,161,yungay,16109,73,110,53,57,78,35,43,32,18,14
21087,ñuble,16,diguillín,161,yungay,16109,74,115,53,62,78,33,45,37,20,17
21088,ñuble,16,diguillín,161,yungay,16109,75,128,57,71,87,36,51,41,21,20
21089,ñuble,16,diguillín,161,yungay,16109,76,119,51,68,95,40,55,24,11,13
21090,ñuble,16,diguillín,161,yungay,16109,77,96,54,42,63,32,31,33,22,11
21091,ñuble,16,diguillín,161,yungay,16109,78,100,50,50,63,29,34,37,21,16
21092,ñuble,16,diguillín,161,yungay,16109,79,83,46,37,61,36,25,22,10,12
21093,ñuble,16,diguillín,161,yungay,16109,80,87,44,43,54,28,26,33,16,17
21094,ñuble,16,diguillín,161,yungay,16109,81,85,34,51,67,26,41,18,8,10
21095,ñuble,16,diguillín,161,yungay,16109,82,70,32,38,48,20,28,22,12,10
21096,ñuble,16,diguillín,161,yungay,16109,83,66,30,36,45,18,27,21,12,9
21097,ñuble,16,diguillín,161,yungay,16109,84,49,18,31,33,10,23,16,8,8
21098,ñuble,16,diguillín,161,yungay,16109,85,53,23,30,30,11,19,23,12,11
21099,ñuble,16,diguillín,161,yungay,16109,86,53,18,35,38,10,28,15,8,7
21100,ñuble,16,diguillín,161,yungay,16109,87,46,17,29,32,10,22,14,7,7
21101,ñuble,16,diguillín,161,yungay,16109,88,27,13,14,15,7,8,12,6,6
21102,ñuble,16,diguillín,161,yungay,16109,89,30,14,16,18,6,12,12,8,4
21103,ñuble,16,diguillín,161,yungay,16109,90,26,6,20,16,2,14,10,4,6
21104,ñuble,16,diguillín,161,yungay,16109,91,16,5,11,10,3,7,6,2,4
21105,ñuble,16,diguillín,161,yungay,16109,92,13,5,8,10,3,7,3,2,1
21106,ñuble,16,diguillín,161,yungay,16109,93,16,2,14,10,2,8,6,0,6
21107,ñuble,16,diguillín,161,yungay,16109,94,8,4,4,6,3,3,2,1,1
21108,ñuble,16,diguillín,161,yungay,16109,95,10,1,9,6,0,6,4,1,3
21109,ñuble,16,diguillín,161,yungay,16109,96,6,0,6,5,0,5,1,0,1
21110,ñuble,16,diguillín,161,yungay,16109,97,4,1,3,3,1,2,1,0,1
21111,ñuble,16,diguillín,161,yungay,16109,98,3,0,3,2,0,2,1,0,1
21112,ñuble,16,diguillín,161,yungay,16109,99,0,0,0,0,0,0,0,0,0
21113,ñuble,16,diguillín,161,yungay,16109,100 o más,8,7,1,6,5,1,2,2,0
21114,ñuble,16,itata,162,quirihue,16201,total comuna,11594,5679,5915,9473,4520,4953,2121,1159,962
21115,ñuble,16,itata,162,quirihue,16201,0,144,64,80,130,60,70,14,4,10
21116,ñuble,16,itata,162,quirihue,16201,1,128,62,66,111,52,59,17,10,7
21117,ñuble,16,itata,162,quirihue,16201,2,117,54,63,99,44,55,18,10,8
21118,ñuble,16,itata,162,quirihue,16201,3,132,54,78,113,45,68,19,9,10
21119,ñuble,16,itata,162,quirihue,16201,4,152,86,66,134,79,55,18,7,11
21120,ñuble,16,itata,162,quirihue,16201,5,142,63,79,124,56,68,18,7,11
21121,ñuble,16,itata,162,quirihue,16201,6,148,71,77,131,64,67,17,7,10
21122,ñuble,16,itata,162,quirihue,16201,7,151,79,72,135,70,65,16,9,7
21123,ñuble,16,itata,162,quirihue,16201,8,179,80,99,160,71,89,19,9,10
21124,ñuble,16,itata,162,quirihue,16201,9,148,72,76,132,61,71,16,11,5
21125,ñuble,16,itata,162,quirihue,16201,10,148,77,71,126,62,64,22,15,7
21126,ñuble,16,itata,162,quirihue,16201,11,148,80,68,130,71,59,18,9,9
21127,ñuble,16,itata,162,quirihue,16201,12,152,80,72,133,69,64,19,11,8
21128,ñuble,16,itata,162,quirihue,16201,13,136,69,67,115,59,56,21,10,11
21129,ñuble,16,itata,162,quirihue,16201,14,159,83,76,144,74,70,15,9,6
21130,ñuble,16,itata,162,quirihue,16201,15,133,64,69,114,54,60,19,10,9
21131,ñuble,16,itata,162,quirihue,16201,16,153,94,59,140,85,55,13,9,4
21132,ñuble,16,itata,162,quirihue,16201,17,149,74,75,136,68,68,13,6,7
21133,ñuble,16,itata,162,quirihue,16201,18,127,70,57,107,55,52,20,15,5
21134,ñuble,16,itata,162,quirihue,16201,19,111,55,56,96,45,51,15,10,5
21135,ñuble,16,itata,162,quirihue,16201,20,123,62,61,104,52,52,19,10,9
21136,ñuble,16,itata,162,quirihue,16201,21,117,55,62,107,51,56,10,4,6
21137,ñuble,16,itata,162,quirihue,16201,22,131,57,74,110,49,61,21,8,13
21138,ñuble,16,itata,162,quirihue,16201,23,119,63,56,101,51,50,18,12,6
21139,ñuble,16,itata,162,quirihue,16201,24,138,71,67,118,59,59,20,12,8
21140,ñuble,16,itata,162,quirihue,16201,25,146,68,78,128,58,70,18,10,8
21141,ñuble,16,itata,162,quirihue,16201,26,182,84,98,152,69,83,30,15,15
21142,ñuble,16,itata,162,quirihue,16201,27,140,75,65,132,72,60,8,3,5
21143,ñuble,16,itata,162,quirihue,16201,28,183,88,95,159,73,86,24,15,9
21144,ñuble,16,itata,162,quirihue,16201,29,161,82,79,143,71,72,18,11,7
21145,ñuble,16,itata,162,quirihue,16201,30,164,76,88,140,68,72,24,8,16
21146,ñuble,16,itata,162,quirihue,16201,31,144,68,76,128,57,71,16,11,5
21147,ñuble,16,itata,162,quirihue,16201,32,169,69,100,147,60,87,22,9,13
21148,ñuble,16,itata,162,quirihue,16201,33,125,58,67,104,48,56,21,10,11
21149,ñuble,16,itata,162,quirihue,16201,34,165,85,80,144,73,71,21,12,9
21150,ñuble,16,itata,162,quirihue,16201,35,158,71,87,144,65,79,14,6,8
21151,ñuble,16,itata,162,quirihue,16201,36,138,68,70,112,55,57,26,13,13
21152,ñuble,16,itata,162,quirihue,16201,37,133,66,67,112,56,56,21,10,11
21153,ñuble,16,itata,162,quirihue,16201,38,136,61,75,121,55,66,15,6,9
21154,ñuble,16,itata,162,quirihue,16201,39,152,71,81,129,59,70,23,12,11
21155,ñuble,16,itata,162,quirihue,16201,40,152,72,80,130,59,71,22,13,9
21156,ñuble,16,itata,162,quirihue,16201,41,139,57,82,114,43,71,25,14,11
21157,ñuble,16,itata,162,quirihue,16201,42,181,93,88,145,73,72,36,20,16
21158,ñuble,16,itata,162,quirihue,16201,43,176,85,91,152,72,80,24,13,11
21159,ñuble,16,itata,162,quirihue,16201,44,162,80,82,136,66,70,26,14,12
21160,ñuble,16,itata,162,quirihue,16201,45,174,89,85,143,69,74,31,20,11
21161,ñuble,16,itata,162,quirihue,16201,46,171,89,82,141,69,72,30,20,10
21162,ñuble,16,itata,162,quirihue,16201,47,157,87,70,124,68,56,33,19,14
21163,ñuble,16,itata,162,quirihue,16201,48,166,88,78,123,60,63,43,28,15
21164,ñuble,16,itata,162,quirihue,16201,49,177,89,88,151,75,76,26,14,12
21165,ñuble,16,itata,162,quirihue,16201,50,181,88,93,146,68,78,35,20,15
21166,ñuble,16,itata,162,quirihue,16201,51,159,84,75,129,68,61,30,16,14
21167,ñuble,16,itata,162,quirihue,16201,52,169,94,75,130,73,57,39,21,18
21168,ñuble,16,itata,162,quirihue,16201,53,170,82,88,120,54,66,50,28,22
21169,ñuble,16,itata,162,quirihue,16201,54,177,96,81,128,71,57,49,25,24
21170,ñuble,16,itata,162,quirihue,16201,55,180,89,91,126,60,66,54,29,25
21171,ñuble,16,itata,162,quirihue,16201,56,158,77,81,120,50,70,38,27,11
21172,ñuble,16,itata,162,quirihue,16201,57,153,76,77,118,58,60,35,18,17
21173,ñuble,16,itata,162,quirihue,16201,58,149,72,77,107,47,60,42,25,17
21174,ñuble,16,itata,162,quirihue,16201,59,135,56,79,106,40,66,29,16,13
21175,ñuble,16,itata,162,quirihue,16201,60,171,93,78,123,68,55,48,25,23
21176,ñuble,16,itata,162,quirihue,16201,61,126,74,52,86,49,37,40,25,15
21177,ñuble,16,itata,162,quirihue,16201,62,112,65,47,90,51,39,22,14,8
21178,ñuble,16,itata,162,quirihue,16201,63,148,67,81,113,47,66,35,20,15
21179,ñuble,16,itata,162,quirihue,16201,64,130,62,68,97,49,48,33,13,20
21180,ñuble,16,itata,162,quirihue,16201,65,106,57,49,86,42,44,20,15,5
21181,ñuble,16,itata,162,quirihue,16201,66,128,61,67,96,44,52,32,17,15
21182,ñuble,16,itata,162,quirihue,16201,67,121,62,59,83,36,47,38,26,12
21183,ñuble,16,itata,162,quirihue,16201,68,91,44,47,65,27,38,26,17,9
21184,ñuble,16,itata,162,quirihue,16201,69,98,40,58,72,30,42,26,10,16
21185,ñuble,16,itata,162,quirihue,16201,70,99,49,50,69,33,36,30,16,14
21186,ñuble,16,itata,162,quirihue,16201,71,102,47,55,70,28,42,32,19,13
21187,ñuble,16,itata,162,quirihue,16201,72,78,40,38,57,28,29,21,12,9
21188,ñuble,16,itata,162,quirihue,16201,73,80,47,33,59,35,24,21,12,9
21189,ñuble,16,itata,162,quirihue,16201,74,94,49,45,56,23,33,38,26,12
21190,ñuble,16,itata,162,quirihue,16201,75,79,30,49,50,17,33,29,13,16
21191,ñuble,16,itata,162,quirihue,16201,76,98,46,52,69,32,37,29,14,15
21192,ñuble,16,itata,162,quirihue,16201,77,73,36,37,48,24,24,25,12,13
21193,ñuble,16,itata,162,quirihue,16201,78,63,29,34,48,19,29,15,10,5
21194,ñuble,16,itata,162,quirihue,16201,79,57,25,32,41,16,25,16,9,7
21195,ñuble,16,itata,162,quirihue,16201,80,55,25,30,43,17,26,12,8,4
21196,ñuble,16,itata,162,quirihue,16201,81,44,14,30,34,9,25,10,5,5
21197,ñuble,16,itata,162,quirihue,16201,82,34,14,20,23,6,17,11,8,3
21198,ñuble,16,itata,162,quirihue,16201,83,48,27,21,35,20,15,13,7,6
21199,ñuble,16,itata,162,quirihue,16201,84,39,19,20,28,15,13,11,4,7
21200,ñuble,16,itata,162,quirihue,16201,85,40,15,25,30,12,18,10,3,7
21201,ñuble,16,itata,162,quirihue,16201,86,44,14,30,34,11,23,10,3,7
21202,ñuble,16,itata,162,quirihue,16201,87,32,12,20,25,8,17,7,4,3
21203,ñuble,16,itata,162,quirihue,16201,88,30,9,21,23,7,16,7,2,5
21204,ñuble,16,itata,162,quirihue,16201,89,25,9,16,21,8,13,4,1,3
21205,ñuble,16,itata,162,quirihue,16201,90,19,8,11,16,8,8,3,0,3
21206,ñuble,16,itata,162,quirihue,16201,91,9,1,8,6,1,5,3,0,3
21207,ñuble,16,itata,162,quirihue,16201,92,10,3,7,6,0,6,4,3,1
21208,ñuble,16,itata,162,quirihue,16201,93,13,5,8,10,4,6,3,1,2
21209,ñuble,16,itata,162,quirihue,16201,94,10,5,5,9,5,4,1,0,1
21210,ñuble,16,itata,162,quirihue,16201,95,7,2,5,7,2,5,0,0,0
21211,ñuble,16,itata,162,quirihue,16201,96,3,1,2,2,1,1,1,0,1
21212,ñuble,16,itata,162,quirihue,16201,97,3,0,3,2,0,2,1,0,1
21213,ñuble,16,itata,162,quirihue,16201,98,2,1,1,1,0,1,1,1,0
21214,ñuble,16,itata,162,quirihue,16201,99,3,0,3,3,0,3,0,0,0
21215,ñuble,16,itata,162,quirihue,16201,100 o más,3,0,3,3,0,3,0,0,0
21216,ñuble,16,itata,162,cobquecura,16202,total comuna,5012,2525,2487,1453,636,817,3559,1889,1670
21217,ñuble,16,itata,162,cobquecura,16202,0,39,17,22,20,6,14,19,11,8
21218,ñuble,16,itata,162,cobquecura,16202,1,32,11,21,17,5,12,15,6,9
21219,ñuble,16,itata,162,cobquecura,16202,2,40,20,20,15,7,8,25,13,12
21220,ñuble,16,itata,162,cobquecura,16202,3,47,24,23,19,9,10,28,15,13
21221,ñuble,16,itata,162,cobquecura,16202,4,45,17,28,21,12,9,24,5,19
21222,ñuble,16,itata,162,cobquecura,16202,5,56,28,28,20,7,13,36,21,15
21223,ñuble,16,itata,162,cobquecura,16202,6,56,27,29,19,9,10,37,18,19
21224,ñuble,16,itata,162,cobquecura,16202,7,47,26,21,16,9,7,31,17,14
21225,ñuble,16,itata,162,cobquecura,16202,8,58,28,30,25,12,13,33,16,17
21226,ñuble,16,itata,162,cobquecura,16202,9,48,19,29,22,9,13,26,10,16
21227,ñuble,16,itata,162,cobquecura,16202,10,64,34,30,14,6,8,50,28,22
21228,ñuble,16,itata,162,cobquecura,16202,11,65,37,28,20,10,10,45,27,18
21229,ñuble,16,itata,162,cobquecura,16202,12,47,20,27,14,8,6,33,12,21
21230,ñuble,16,itata,162,cobquecura,16202,13,49,25,24,14,7,7,35,18,17
21231,ñuble,16,itata,162,cobquecura,16202,14,47,28,19,11,5,6,36,23,13
21232,ñuble,16,itata,162,cobquecura,16202,15,61,27,34,15,5,10,46,22,24
21233,ñuble,16,itata,162,cobquecura,16202,16,45,24,21,13,5,8,32,19,13
21234,ñuble,16,itata,162,cobquecura,16202,17,53,25,28,18,6,12,35,19,16
21235,ñuble,16,itata,162,cobquecura,16202,18,38,19,19,16,9,7,22,10,12
21236,ñuble,16,itata,162,cobquecura,16202,19,34,19,15,9,7,2,25,12,13
21237,ñuble,16,itata,162,cobquecura,16202,20,47,24,23,12,5,7,35,19,16
21238,ñuble,16,itata,162,cobquecura,16202,21,43,17,26,15,3,12,28,14,14
21239,ñuble,16,itata,162,cobquecura,16202,22,38,17,21,17,7,10,21,10,11
21240,ñuble,16,itata,162,cobquecura,16202,23,50,21,29,22,11,11,28,10,18
21241,ñuble,16,itata,162,cobquecura,16202,24,44,26,18,19,9,10,25,17,8
21242,ñuble,16,itata,162,cobquecura,16202,25,51,21,30,20,6,14,31,15,16
21243,ñuble,16,itata,162,cobquecura,16202,26,63,35,28,22,11,11,41,24,17
21244,ñuble,16,itata,162,cobquecura,16202,27,52,24,28,17,3,14,35,21,14
21245,ñuble,16,itata,162,cobquecura,16202,28,73,35,38,34,15,19,39,20,19
21246,ñuble,16,itata,162,cobquecura,16202,29,50,18,32,18,6,12,32,12,20
21247,ñuble,16,itata,162,cobquecura,16202,30,53,24,29,16,5,11,37,19,18
21248,ñuble,16,itata,162,cobquecura,16202,31,58,30,28,23,10,13,35,20,15
21249,ñuble,16,itata,162,cobquecura,16202,32,70,31,39,28,10,18,42,21,21
21250,ñuble,16,itata,162,cobquecura,16202,33,52,25,27,24,11,13,28,14,14
21251,ñuble,16,itata,162,cobquecura,16202,34,77,40,37,29,14,15,48,26,22
21252,ñuble,16,itata,162,cobquecura,16202,35,74,37,37,24,7,17,50,30,20
21253,ñuble,16,itata,162,cobquecura,16202,36,84,51,33,27,17,10,57,34,23
21254,ñuble,16,itata,162,cobquecura,16202,37,58,30,28,14,6,8,44,24,20
21255,ñuble,16,itata,162,cobquecura,16202,38,66,33,33,21,7,14,45,26,19
21256,ñuble,16,itata,162,cobquecura,16202,39,55,28,27,11,6,5,44,22,22
21257,ñuble,16,itata,162,cobquecura,16202,40,67,36,31,19,11,8,48,25,23
21258,ñuble,16,itata,162,cobquecura,16202,41,62,32,30,16,6,10,46,26,20
21259,ñuble,16,itata,162,cobquecura,16202,42,59,32,27,15,7,8,44,25,19
21260,ñuble,16,itata,162,cobquecura,16202,43,84,36,48,22,10,12,62,26,36
21261,ñuble,16,itata,162,cobquecura,16202,44,87,44,43,33,16,17,54,28,26
21262,ñuble,16,itata,162,cobquecura,16202,45,75,38,37,21,9,12,54,29,25
21263,ñuble,16,itata,162,cobquecura,16202,46,64,36,28,12,5,7,52,31,21
21264,ñuble,16,itata,162,cobquecura,16202,47,72,39,33,16,8,8,56,31,25
21265,ñuble,16,itata,162,cobquecura,16202,48,72,33,39,18,7,11,54,26,28
21266,ñuble,16,itata,162,cobquecura,16202,49,66,26,40,20,9,11,46,17,29
21267,ñuble,16,itata,162,cobquecura,16202,50,77,40,37,18,8,10,59,32,27
21268,ñuble,16,itata,162,cobquecura,16202,51,81,38,43,26,9,17,55,29,26
21269,ñuble,16,itata,162,cobquecura,16202,52,75,39,36,24,15,9,51,24,27
21270,ñuble,16,itata,162,cobquecura,16202,53,91,56,35,25,16,9,66,40,26
21271,ñuble,16,itata,162,cobquecura,16202,54,77,42,35,23,9,14,54,33,21
21272,ñuble,16,itata,162,cobquecura,16202,55,82,35,47,25,5,20,57,30,27
21273,ñuble,16,itata,162,cobquecura,16202,56,85,52,33,15,9,6,70,43,27
21274,ñuble,16,itata,162,cobquecura,16202,57,90,44,46,21,8,13,69,36,33
21275,ñuble,16,itata,162,cobquecura,16202,58,91,48,43,21,7,14,70,41,29
21276,ñuble,16,itata,162,cobquecura,16202,59,84,40,44,18,8,10,66,32,34
21277,ñuble,16,itata,162,cobquecura,16202,60,71,34,37,19,5,14,52,29,23
21278,ñuble,16,itata,162,cobquecura,16202,61,66,35,31,20,8,12,46,27,19
21279,ñuble,16,itata,162,cobquecura,16202,62,60,38,22,13,7,6,47,31,16
21280,ñuble,16,itata,162,cobquecura,16202,63,59,31,28,17,10,7,42,21,21
21281,ñuble,16,itata,162,cobquecura,16202,64,71,36,35,18,6,12,53,30,23
21282,ñuble,16,itata,162,cobquecura,16202,65,65,34,31,15,6,9,50,28,22
21283,ñuble,16,itata,162,cobquecura,16202,66,52,32,20,11,5,6,41,27,14
21284,ñuble,16,itata,162,cobquecura,16202,67,78,40,38,16,6,10,62,34,28
21285,ñuble,16,itata,162,cobquecura,16202,68,62,31,31,10,5,5,52,26,26
21286,ñuble,16,itata,162,cobquecura,16202,69,57,32,25,14,7,7,43,25,18
21287,ñuble,16,itata,162,cobquecura,16202,70,61,39,22,10,6,4,51,33,18
21288,ñuble,16,itata,162,cobquecura,16202,71,50,25,25,10,5,5,40,20,20
21289,ñuble,16,itata,162,cobquecura,16202,72,53,30,23,4,4,0,49,26,23
21290,ñuble,16,itata,162,cobquecura,16202,73,48,23,25,9,3,6,39,20,19
21291,ñuble,16,itata,162,cobquecura,16202,74,49,29,20,9,7,2,40,22,18
21292,ñuble,16,itata,162,cobquecura,16202,75,54,29,25,14,7,7,40,22,18
21293,ñuble,16,itata,162,cobquecura,16202,76,40,19,21,6,3,3,34,16,18
21294,ñuble,16,itata,162,cobquecura,16202,77,36,18,18,12,4,8,24,14,10
21295,ñuble,16,itata,162,cobquecura,16202,78,42,21,21,12,3,9,30,18,12
21296,ñuble,16,itata,162,cobquecura,16202,79,41,16,25,7,2,5,34,14,20
21297,ñuble,16,itata,162,cobquecura,16202,80,29,17,12,8,4,4,21,13,8
21298,ñuble,16,itata,162,cobquecura,16202,81,26,11,15,7,4,3,19,7,12
21299,ñuble,16,itata,162,cobquecura,16202,82,27,12,15,4,3,1,23,9,14
21300,ñuble,16,itata,162,cobquecura,16202,83,24,17,7,3,3,0,21,14,7
21301,ñuble,16,itata,162,cobquecura,16202,84,16,8,8,2,0,2,14,8,6
21302,ñuble,16,itata,162,cobquecura,16202,85,20,9,11,6,3,3,14,6,8
21303,ñuble,16,itata,162,cobquecura,16202,86,18,9,9,2,1,1,16,8,8
21304,ñuble,16,itata,162,cobquecura,16202,87,12,5,7,3,2,1,9,3,6
21305,ñuble,16,itata,162,cobquecura,16202,88,7,2,5,1,0,1,6,2,4
21306,ñuble,16,itata,162,cobquecura,16202,89,10,6,4,4,1,3,6,5,1
21307,ñuble,16,itata,162,cobquecura,16202,90,7,1,6,2,0,2,5,1,4
21308,ñuble,16,itata,162,cobquecura,16202,91,8,3,5,3,1,2,5,2,3
21309,ñuble,16,itata,162,cobquecura,16202,92,3,1,2,1,1,0,2,0,2
21310,ñuble,16,itata,162,cobquecura,16202,93,3,2,1,0,0,0,3,2,1
21311,ñuble,16,itata,162,cobquecura,16202,94,3,0,3,1,0,1,2,0,2
21312,ñuble,16,itata,162,cobquecura,16202,95,6,1,5,1,0,1,5,1,4
21313,ñuble,16,itata,162,cobquecura,16202,96,2,0,2,0,0,0,2,0,2
21314,ñuble,16,itata,162,cobquecura,16202,97,0,0,0,0,0,0,0,0,0
21315,ñuble,16,itata,162,cobquecura,16202,98,3,1,2,0,0,0,3,1,2
21316,ñuble,16,itata,162,cobquecura,16202,99,1,0,1,0,0,0,1,0,1
21317,ñuble,16,itata,162,cobquecura,16202,100 o más,2,0,2,0,0,0,2,0,2
21318,ñuble,16,itata,162,coelemu,16203,total comuna,15995,7873,8122,11435,5496,5939,4560,2377,2183
21319,ñuble,16,itata,162,coelemu,16203,0,165,90,75,120,66,54,45,24,21
21320,ñuble,16,itata,162,coelemu,16203,1,193,97,96,136,70,66,57,27,30
21321,ñuble,16,itata,162,coelemu,16203,2,228,119,109,165,96,69,63,23,40
21322,ñuble,16,itata,162,coelemu,16203,3,225,115,110,169,87,82,56,28,28
21323,ñuble,16,itata,162,coelemu,16203,4,200,112,88,144,79,65,56,33,23
21324,ñuble,16,itata,162,coelemu,16203,5,215,118,97,163,95,68,52,23,29
21325,ñuble,16,itata,162,coelemu,16203,6,246,115,131,187,80,107,59,35,24
21326,ñuble,16,itata,162,coelemu,16203,7,202,106,96,161,88,73,41,18,23
21327,ñuble,16,itata,162,coelemu,16203,8,219,113,106,176,88,88,43,25,18
21328,ñuble,16,itata,162,coelemu,16203,9,225,125,100,158,91,67,67,34,33
21329,ñuble,16,itata,162,coelemu,16203,10,199,94,105,141,61,80,58,33,25
21330,ñuble,16,itata,162,coelemu,16203,11,214,112,102,148,77,71,66,35,31
21331,ñuble,16,itata,162,coelemu,16203,12,221,107,114,169,75,94,52,32,20
21332,ñuble,16,itata,162,coelemu,16203,13,220,110,110,160,78,82,60,32,28
21333,ñuble,16,itata,162,coelemu,16203,14,219,122,97,167,96,71,52,26,26
21334,ñuble,16,itata,162,coelemu,16203,15,214,93,121,165,64,101,49,29,20
21335,ñuble,16,itata,162,coelemu,16203,16,205,100,105,156,69,87,49,31,18
21336,ñuble,16,itata,162,coelemu,16203,17,183,92,91,131,61,70,52,31,21
21337,ñuble,16,itata,162,coelemu,16203,18,195,105,90,152,84,68,43,21,22
21338,ñuble,16,itata,162,coelemu,16203,19,188,94,94,144,72,72,44,22,22
21339,ñuble,16,itata,162,coelemu,16203,20,209,108,101,148,74,74,61,34,27
21340,ñuble,16,itata,162,coelemu,16203,21,198,106,92,141,71,70,57,35,22
21341,ñuble,16,itata,162,coelemu,16203,22,212,102,110,163,79,84,49,23,26
21342,ñuble,16,itata,162,coelemu,16203,23,215,108,107,164,78,86,51,30,21
21343,ñuble,16,itata,162,coelemu,16203,24,187,88,99,144,71,73,43,17,26
21344,ñuble,16,itata,162,coelemu,16203,25,216,99,117,167,79,88,49,20,29
21345,ñuble,16,itata,162,coelemu,16203,26,212,104,108,171,83,88,41,21,20
21346,ñuble,16,itata,162,coelemu,16203,27,212,114,98,159,88,71,53,26,27
21347,ñuble,16,itata,162,coelemu,16203,28,232,115,117,181,89,92,51,26,25
21348,ñuble,16,itata,162,coelemu,16203,29,217,91,126,182,78,104,35,13,22
21349,ñuble,16,itata,162,coelemu,16203,30,196,100,96,151,72,79,45,28,17
21350,ñuble,16,itata,162,coelemu,16203,31,197,91,106,160,74,86,37,17,20
21351,ñuble,16,itata,162,coelemu,16203,32,190,97,93,150,72,78,40,25,15
21352,ñuble,16,itata,162,coelemu,16203,33,182,82,100,130,58,72,52,24,28
21353,ñuble,16,itata,162,coelemu,16203,34,163,68,95,123,51,72,40,17,23
21354,ñuble,16,itata,162,coelemu,16203,35,192,96,96,145,72,73,47,24,23
21355,ñuble,16,itata,162,coelemu,16203,36,190,82,108,150,64,86,40,18,22
21356,ñuble,16,itata,162,coelemu,16203,37,211,89,122,152,59,93,59,30,29
21357,ñuble,16,itata,162,coelemu,16203,38,198,99,99,144,70,74,54,29,25
21358,ñuble,16,itata,162,coelemu,16203,39,169,83,86,124,55,69,45,28,17
21359,ñuble,16,itata,162,coelemu,16203,40,191,94,97,136,69,67,55,25,30
21360,ñuble,16,itata,162,coelemu,16203,41,251,120,131,171,84,87,80,36,44
21361,ñuble,16,itata,162,coelemu,16203,42,222,95,127,151,65,86,71,30,41
21362,ñuble,16,itata,162,coelemu,16203,43,181,86,95,132,59,73,49,27,22
21363,ñuble,16,itata,162,coelemu,16203,44,221,112,109,153,75,78,68,37,31
21364,ñuble,16,itata,162,coelemu,16203,45,218,109,109,155,70,85,63,39,24
21365,ñuble,16,itata,162,coelemu,16203,46,224,111,113,160,81,79,64,30,34
21366,ñuble,16,itata,162,coelemu,16203,47,198,115,83,142,80,62,56,35,21
21367,ñuble,16,itata,162,coelemu,16203,48,205,107,98,141,77,64,64,30,34
21368,ñuble,16,itata,162,coelemu,16203,49,238,115,123,173,83,90,65,32,33
21369,ñuble,16,itata,162,coelemu,16203,50,258,134,124,169,85,84,89,49,40
21370,ñuble,16,itata,162,coelemu,16203,51,261,136,125,176,88,88,85,48,37
21371,ñuble,16,itata,162,coelemu,16203,52,252,124,128,188,89,99,64,35,29
21372,ñuble,16,itata,162,coelemu,16203,53,240,123,117,162,80,82,78,43,35
21373,ñuble,16,itata,162,coelemu,16203,54,237,112,125,167,76,91,70,36,34
21374,ñuble,16,itata,162,coelemu,16203,55,248,135,113,165,88,77,83,47,36
21375,ñuble,16,itata,162,coelemu,16203,56,226,106,120,159,73,86,67,33,34
21376,ñuble,16,itata,162,coelemu,16203,57,223,111,112,150,77,73,73,34,39
21377,ñuble,16,itata,162,coelemu,16203,58,236,119,117,160,80,80,76,39,37
21378,ñuble,16,itata,162,coelemu,16203,59,203,97,106,140,64,76,63,33,30
21379,ñuble,16,itata,162,coelemu,16203,60,220,115,105,139,69,70,81,46,35
21380,ñuble,16,itata,162,coelemu,16203,61,188,92,96,120,58,62,68,34,34
21381,ñuble,16,itata,162,coelemu,16203,62,191,84,107,115,53,62,76,31,45
21382,ñuble,16,itata,162,coelemu,16203,63,174,85,89,117,57,60,57,28,29
21383,ñuble,16,itata,162,coelemu,16203,64,159,83,76,100,49,51,59,34,25
21384,ñuble,16,itata,162,coelemu,16203,65,161,82,79,108,51,57,53,31,22
21385,ñuble,16,itata,162,coelemu,16203,66,124,69,55,83,47,36,41,22,19
21386,ñuble,16,itata,162,coelemu,16203,67,160,73,87,99,38,61,61,35,26
21387,ñuble,16,itata,162,coelemu,16203,68,142,63,79,83,32,51,59,31,28
21388,ñuble,16,itata,162,coelemu,16203,69,151,70,81,94,42,52,57,28,29
21389,ñuble,16,itata,162,coelemu,16203,70,135,63,72,93,37,56,42,26,16
21390,ñuble,16,itata,162,coelemu,16203,71,143,72,71,96,45,51,47,27,20
21391,ñuble,16,itata,162,coelemu,16203,72,125,57,68,79,40,39,46,17,29
21392,ñuble,16,itata,162,coelemu,16203,73,125,56,69,78,28,50,47,28,19
21393,ñuble,16,itata,162,coelemu,16203,74,104,48,56,66,28,38,38,20,18
21394,ñuble,16,itata,162,coelemu,16203,75,104,44,60,65,24,41,39,20,19
21395,ñuble,16,itata,162,coelemu,16203,76,92,48,44,57,25,32,35,23,12
21396,ñuble,16,itata,162,coelemu,16203,77,81,44,37,60,29,31,21,15,6
21397,ñuble,16,itata,162,coelemu,16203,78,61,31,30,38,18,20,23,13,10
21398,ñuble,16,itata,162,coelemu,16203,79,69,32,37,45,23,22,24,9,15
21399,ñuble,16,itata,162,coelemu,16203,80,71,31,40,46,17,29,25,14,11
21400,ñuble,16,itata,162,coelemu,16203,81,57,35,22,38,20,18,19,15,4
21401,ñuble,16,itata,162,coelemu,16203,82,82,32,50,58,23,35,24,9,15
21402,ñuble,16,itata,162,coelemu,16203,83,41,12,29,30,6,24,11,6,5
21403,ñuble,16,itata,162,coelemu,16203,84,34,15,19,22,10,12,12,5,7
21404,ñuble,16,itata,162,coelemu,16203,85,55,28,27,36,17,19,19,11,8
21405,ñuble,16,itata,162,coelemu,16203,86,33,10,23,25,7,18,8,3,5
21406,ñuble,16,itata,162,coelemu,16203,87,36,13,23,23,6,17,13,7,6
21407,ñuble,16,itata,162,coelemu,16203,88,36,12,24,25,7,18,11,5,6
21408,ñuble,16,itata,162,coelemu,16203,89,21,8,13,12,3,9,9,5,4
21409,ñuble,16,itata,162,coelemu,16203,90,27,10,17,18,7,11,9,3,6
21410,ñuble,16,itata,162,coelemu,16203,91,14,6,8,8,2,6,6,4,2
21411,ñuble,16,itata,162,coelemu,16203,92,21,9,12,12,7,5,9,2,7
21412,ñuble,16,itata,162,coelemu,16203,93,21,6,15,18,6,12,3,0,3
21413,ñuble,16,itata,162,coelemu,16203,94,10,3,7,6,2,4,4,1,3
21414,ñuble,16,itata,162,coelemu,16203,95,3,1,2,2,1,1,1,0,1
21415,ñuble,16,itata,162,coelemu,16203,96,3,2,1,3,2,1,0,0,0
21416,ñuble,16,itata,162,coelemu,16203,97,2,1,1,1,0,1,1,1,0
21417,ñuble,16,itata,162,coelemu,16203,98,3,1,2,2,1,1,1,0,1
21418,ñuble,16,itata,162,coelemu,16203,99,1,0,1,1,0,1,0,0,0
21419,ñuble,16,itata,162,coelemu,16203,100 o más,8,5,3,3,2,1,5,3,2
21420,ñuble,16,itata,162,ninhue,16204,total comuna,5213,2567,2646,1499,698,801,3714,1869,1845
21421,ñuble,16,itata,162,ninhue,16204,0,53,23,30,19,9,10,34,14,20
21422,ñuble,16,itata,162,ninhue,16204,1,65,32,33,27,12,15,38,20,18
21423,ñuble,16,itata,162,ninhue,16204,2,46,27,19,18,9,9,28,18,10
21424,ñuble,16,itata,162,ninhue,16204,3,51,24,27,21,13,8,30,11,19
21425,ñuble,16,itata,162,ninhue,16204,4,55,20,35,15,6,9,40,14,26
21426,ñuble,16,itata,162,ninhue,16204,5,58,26,32,22,12,10,36,14,22
21427,ñuble,16,itata,162,ninhue,16204,6,50,24,26,26,14,12,24,10,14
21428,ñuble,16,itata,162,ninhue,16204,7,44,22,22,10,4,6,34,18,16
21429,ñuble,16,itata,162,ninhue,16204,8,61,33,28,19,13,6,42,20,22
21430,ñuble,16,itata,162,ninhue,16204,9,62,37,25,15,12,3,47,25,22
21431,ñuble,16,itata,162,ninhue,16204,10,80,44,36,24,13,11,56,31,25
21432,ñuble,16,itata,162,ninhue,16204,11,60,29,31,11,4,7,49,25,24
21433,ñuble,16,itata,162,ninhue,16204,12,55,23,32,17,4,13,38,19,19
21434,ñuble,16,itata,162,ninhue,16204,13,60,26,34,19,7,12,41,19,22
21435,ñuble,16,itata,162,ninhue,16204,14,63,30,33,23,13,10,40,17,23
21436,ñuble,16,itata,162,ninhue,16204,15,86,45,41,26,14,12,60,31,29
21437,ñuble,16,itata,162,ninhue,16204,16,75,39,36,22,13,9,53,26,27
21438,ñuble,16,itata,162,ninhue,16204,17,87,51,36,22,12,10,65,39,26
21439,ñuble,16,itata,162,ninhue,16204,18,61,31,30,19,10,9,42,21,21
21440,ñuble,16,itata,162,ninhue,16204,19,43,22,21,16,6,10,27,16,11
21441,ñuble,16,itata,162,ninhue,16204,20,46,28,18,18,9,9,28,19,9
21442,ñuble,16,itata,162,ninhue,16204,21,34,14,20,17,6,11,17,8,9
21443,ñuble,16,itata,162,ninhue,16204,22,55,27,28,20,12,8,35,15,20
21444,ñuble,16,itata,162,ninhue,16204,23,47,23,24,21,12,9,26,11,15
21445,ñuble,16,itata,162,ninhue,16204,24,72,33,39,24,13,11,48,20,28
21446,ñuble,16,itata,162,ninhue,16204,25,59,35,24,25,17,8,34,18,16
21447,ñuble,16,itata,162,ninhue,16204,26,59,24,35,21,11,10,38,13,25
21448,ñuble,16,itata,162,ninhue,16204,27,67,26,41,24,9,15,43,17,26
21449,ñuble,16,itata,162,ninhue,16204,28,50,26,24,20,10,10,30,16,14
21450,ñuble,16,itata,162,ninhue,16204,29,52,26,26,13,7,6,39,19,20
21451,ñuble,16,itata,162,ninhue,16204,30,62,25,37,18,8,10,44,17,27
21452,ñuble,16,itata,162,ninhue,16204,31,68,29,39,27,10,17,41,19,22
21453,ñuble,16,itata,162,ninhue,16204,32,51,23,28,16,8,8,35,15,20
21454,ñuble,16,itata,162,ninhue,16204,33,48,22,26,13,4,9,35,18,17
21455,ñuble,16,itata,162,ninhue,16204,34,46,22,24,14,5,9,32,17,15
21456,ñuble,16,itata,162,ninhue,16204,35,57,31,26,18,9,9,39,22,17
21457,ñuble,16,itata,162,ninhue,16204,36,59,32,27,19,9,10,40,23,17
21458,ñuble,16,itata,162,ninhue,16204,37,63,27,36,26,8,18,37,19,18
21459,ñuble,16,itata,162,ninhue,16204,38,73,29,44,14,5,9,59,24,35
21460,ñuble,16,itata,162,ninhue,16204,39,59,26,33,19,6,13,40,20,20
21461,ñuble,16,itata,162,ninhue,16204,40,54,29,25,16,7,9,38,22,16
21462,ñuble,16,itata,162,ninhue,16204,41,63,35,28,20,9,11,43,26,17
21463,ñuble,16,itata,162,ninhue,16204,42,69,37,32,21,10,11,48,27,21
21464,ñuble,16,itata,162,ninhue,16204,43,86,46,40,19,10,9,67,36,31
21465,ñuble,16,itata,162,ninhue,16204,44,67,28,39,20,11,9,47,17,30
21466,ñuble,16,itata,162,ninhue,16204,45,76,38,38,17,7,10,59,31,28
21467,ñuble,16,itata,162,ninhue,16204,46,66,28,38,17,6,11,49,22,27
21468,ñuble,16,itata,162,ninhue,16204,47,79,26,53,23,9,14,56,17,39
21469,ñuble,16,itata,162,ninhue,16204,48,73,30,43,14,4,10,59,26,33
21470,ñuble,16,itata,162,ninhue,16204,49,96,58,38,27,13,14,69,45,24
21471,ñuble,16,itata,162,ninhue,16204,50,95,51,44,23,13,10,72,38,34
21472,ñuble,16,itata,162,ninhue,16204,51,96,45,51,20,8,12,76,37,39
21473,ñuble,16,itata,162,ninhue,16204,52,86,45,41,30,17,13,56,28,28
21474,ñuble,16,itata,162,ninhue,16204,53,84,44,40,20,6,14,64,38,26
21475,ñuble,16,itata,162,ninhue,16204,54,73,32,41,14,1,13,59,31,28
21476,ñuble,16,itata,162,ninhue,16204,55,93,53,40,23,15,8,70,38,32
21477,ñuble,16,itata,162,ninhue,16204,56,72,34,38,24,13,11,48,21,27
21478,ñuble,16,itata,162,ninhue,16204,57,78,37,41,16,6,10,62,31,31
21479,ñuble,16,itata,162,ninhue,16204,58,67,29,38,21,9,12,46,20,26
21480,ñuble,16,itata,162,ninhue,16204,59,71,34,37,23,11,12,48,23,25
21481,ñuble,16,itata,162,ninhue,16204,60,75,43,32,17,7,10,58,36,22
21482,ñuble,16,itata,162,ninhue,16204,61,68,38,30,15,4,11,53,34,19
21483,ñuble,16,itata,162,ninhue,16204,62,65,39,26,15,8,7,50,31,19
21484,ñuble,16,itata,162,ninhue,16204,63,62,31,31,19,10,9,43,21,22
21485,ñuble,16,itata,162,ninhue,16204,64,70,38,32,14,10,4,56,28,28
21486,ñuble,16,itata,162,ninhue,16204,65,65,38,27,21,10,11,44,28,16
21487,ñuble,16,itata,162,ninhue,16204,66,58,31,27,12,6,6,46,25,21
21488,ñuble,16,itata,162,ninhue,16204,67,66,28,38,14,5,9,52,23,29
21489,ñuble,16,itata,162,ninhue,16204,68,66,31,35,15,7,8,51,24,27
21490,ñuble,16,itata,162,ninhue,16204,69,59,29,30,14,7,7,45,22,23
21491,ñuble,16,itata,162,ninhue,16204,70,55,27,28,12,4,8,43,23,20
21492,ñuble,16,itata,162,ninhue,16204,71,40,15,25,7,4,3,33,11,22
21493,ñuble,16,itata,162,ninhue,16204,72,51,29,22,8,4,4,43,25,18
21494,ñuble,16,itata,162,ninhue,16204,73,49,25,24,7,3,4,42,22,20
21495,ñuble,16,itata,162,ninhue,16204,74,44,21,23,12,3,9,32,18,14
21496,ñuble,16,itata,162,ninhue,16204,75,47,25,22,9,4,5,38,21,17
21497,ñuble,16,itata,162,ninhue,16204,76,53,27,26,13,5,8,40,22,18
21498,ñuble,16,itata,162,ninhue,16204,77,34,22,12,6,3,3,28,19,9
21499,ñuble,16,itata,162,ninhue,16204,78,31,14,17,8,1,7,23,13,10
21500,ñuble,16,itata,162,ninhue,16204,79,30,18,12,7,3,4,23,15,8
21501,ñuble,16,itata,162,ninhue,16204,80,21,10,11,7,2,5,14,8,6
21502,ñuble,16,itata,162,ninhue,16204,81,35,19,16,11,5,6,24,14,10
21503,ñuble,16,itata,162,ninhue,16204,82,26,8,18,5,0,5,21,8,13
21504,ñuble,16,itata,162,ninhue,16204,83,26,10,16,8,3,5,18,7,11
21505,ñuble,16,itata,162,ninhue,16204,84,21,11,10,7,6,1,14,5,9
21506,ñuble,16,itata,162,ninhue,16204,85,13,5,8,4,2,2,9,3,6
21507,ñuble,16,itata,162,ninhue,16204,86,23,14,9,4,2,2,19,12,7
21508,ñuble,16,itata,162,ninhue,16204,87,15,5,10,4,2,2,11,3,8
21509,ñuble,16,itata,162,ninhue,16204,88,8,1,7,2,0,2,6,1,5
21510,ñuble,16,itata,162,ninhue,16204,89,10,3,7,2,0,2,8,3,5
21511,ñuble,16,itata,162,ninhue,16204,90,12,5,7,2,0,2,10,5,5
21512,ñuble,16,itata,162,ninhue,16204,91,4,2,2,3,2,1,1,0,1
21513,ñuble,16,itata,162,ninhue,16204,92,8,1,7,2,0,2,6,1,5
21514,ñuble,16,itata,162,ninhue,16204,93,7,5,2,3,3,0,4,2,2
21515,ñuble,16,itata,162,ninhue,16204,94,2,0,2,1,0,1,1,0,1
21516,ñuble,16,itata,162,ninhue,16204,95,1,1,0,0,0,0,1,1,0
21517,ñuble,16,itata,162,ninhue,16204,96,3,1,2,1,0,1,2,1,1
21518,ñuble,16,itata,162,ninhue,16204,97,0,0,0,0,0,0,0,0,0
21519,ñuble,16,itata,162,ninhue,16204,98,2,2,0,0,0,0,2,2,0
21520,ñuble,16,itata,162,ninhue,16204,99,1,0,1,1,0,1,0,0,0
21521,ñuble,16,itata,162,ninhue,16204,100 o más,1,0,1,1,0,1,0,0,0
21522,ñuble,16,itata,162,portezuelo,16205,total comuna,4862,2416,2446,1804,841,963,3058,1575,1483
21523,ñuble,16,itata,162,portezuelo,16205,0,55,23,32,25,8,17,30,15,15
21524,ñuble,16,itata,162,portezuelo,16205,1,54,30,24,27,15,12,27,15,12
21525,ñuble,16,itata,162,portezuelo,16205,2,49,27,22,21,10,11,28,17,11
21526,ñuble,16,itata,162,portezuelo,16205,3,61,26,35,25,11,14,36,15,21
21527,ñuble,16,itata,162,portezuelo,16205,4,47,24,23,23,9,14,24,15,9
21528,ñuble,16,itata,162,portezuelo,16205,5,44,19,25,19,7,12,25,12,13
21529,ñuble,16,itata,162,portezuelo,16205,6,70,32,38,36,19,17,34,13,21
21530,ñuble,16,itata,162,portezuelo,16205,7,61,33,28,20,12,8,41,21,20
21531,ñuble,16,itata,162,portezuelo,16205,8,71,38,33,34,15,19,37,23,14
21532,ñuble,16,itata,162,portezuelo,16205,9,49,29,20,21,10,11,28,19,9
21533,ñuble,16,itata,162,portezuelo,16205,10,65,32,33,32,13,19,33,19,14
21534,ñuble,16,itata,162,portezuelo,16205,11,58,22,36,20,7,13,38,15,23
21535,ñuble,16,itata,162,portezuelo,16205,12,68,33,35,26,15,11,42,18,24
21536,ñuble,16,itata,162,portezuelo,16205,13,55,28,27,19,10,9,36,18,18
21537,ñuble,16,itata,162,portezuelo,16205,14,55,23,32,17,6,11,38,17,21
21538,ñuble,16,itata,162,portezuelo,16205,15,68,38,30,28,15,13,40,23,17
21539,ñuble,16,itata,162,portezuelo,16205,16,55,24,31,16,6,10,39,18,21
21540,ñuble,16,itata,162,portezuelo,16205,17,67,37,30,27,13,14,40,24,16
21541,ñuble,16,itata,162,portezuelo,16205,18,74,32,42,34,14,20,40,18,22
21542,ñuble,16,itata,162,portezuelo,16205,19,58,27,31,27,14,13,31,13,18
21543,ñuble,16,itata,162,portezuelo,16205,20,48,22,26,16,8,8,32,14,18
21544,ñuble,16,itata,162,portezuelo,16205,21,53,30,23,23,14,9,30,16,14
21545,ñuble,16,itata,162,portezuelo,16205,22,41,20,21,19,11,8,22,9,13
21546,ñuble,16,itata,162,portezuelo,16205,23,58,28,30,22,8,14,36,20,16
21547,ñuble,16,itata,162,portezuelo,16205,24,53,30,23,28,16,12,25,14,11
21548,ñuble,16,itata,162,portezuelo,16205,25,61,32,29,25,11,14,36,21,15
21549,ñuble,16,itata,162,portezuelo,16205,26,52,27,25,23,13,10,29,14,15
21550,ñuble,16,itata,162,portezuelo,16205,27,52,22,30,20,11,9,32,11,21
21551,ñuble,16,itata,162,portezuelo,16205,28,51,24,27,24,11,13,27,13,14
21552,ñuble,16,itata,162,portezuelo,16205,29,45,18,27,20,7,13,25,11,14
21553,ñuble,16,itata,162,portezuelo,16205,30,59,27,32,28,12,16,31,15,16
21554,ñuble,16,itata,162,portezuelo,16205,31,48,28,20,18,13,5,30,15,15
21555,ñuble,16,itata,162,portezuelo,16205,32,46,20,26,20,6,14,26,14,12
21556,ñuble,16,itata,162,portezuelo,16205,33,51,25,26,17,9,8,34,16,18
21557,ñuble,16,itata,162,portezuelo,16205,34,50,25,25,17,8,9,33,17,16
21558,ñuble,16,itata,162,portezuelo,16205,35,47,22,25,19,10,9,28,12,16
21559,ñuble,16,itata,162,portezuelo,16205,36,62,35,27,20,11,9,42,24,18
21560,ñuble,16,itata,162,portezuelo,16205,37,61,28,33,22,12,10,39,16,23
21561,ñuble,16,itata,162,portezuelo,16205,38,49,28,21,19,10,9,30,18,12
21562,ñuble,16,itata,162,portezuelo,16205,39,45,22,23,20,11,9,25,11,14
21563,ñuble,16,itata,162,portezuelo,16205,40,51,20,31,22,8,14,29,12,17
21564,ñuble,16,itata,162,portezuelo,16205,41,57,25,32,27,10,17,30,15,15
21565,ñuble,16,itata,162,portezuelo,16205,42,71,38,33,25,11,14,46,27,19
21566,ñuble,16,itata,162,portezuelo,16205,43,70,31,39,31,12,19,39,19,20
21567,ñuble,16,itata,162,portezuelo,16205,44,59,31,28,23,7,16,36,24,12
21568,ñuble,16,itata,162,portezuelo,16205,45,59,31,28,16,7,9,43,24,19
21569,ñuble,16,itata,162,portezuelo,16205,46,64,24,40,19,8,11,45,16,29
21570,ñuble,16,itata,162,portezuelo,16205,47,75,36,39,24,10,14,51,26,25
21571,ñuble,16,itata,162,portezuelo,16205,48,84,44,40,25,11,14,59,33,26
21572,ñuble,16,itata,162,portezuelo,16205,49,82,39,43,25,11,14,57,28,29
21573,ñuble,16,itata,162,portezuelo,16205,50,88,42,46,24,11,13,64,31,33
21574,ñuble,16,itata,162,portezuelo,16205,51,79,49,30,24,13,11,55,36,19
21575,ñuble,16,itata,162,portezuelo,16205,52,83,42,41,27,13,14,56,29,27
21576,ñuble,16,itata,162,portezuelo,16205,53,97,47,50,36,16,20,61,31,30
21577,ñuble,16,itata,162,portezuelo,16205,54,85,51,34,32,16,16,53,35,18
21578,ñuble,16,itata,162,portezuelo,16205,55,68,40,28,22,14,8,46,26,20
21579,ñuble,16,itata,162,portezuelo,16205,56,92,46,46,28,13,15,64,33,31
21580,ñuble,16,itata,162,portezuelo,16205,57,84,44,40,26,16,10,58,28,30
21581,ñuble,16,itata,162,portezuelo,16205,58,80,47,33,30,14,16,50,33,17
21582,ñuble,16,itata,162,portezuelo,16205,59,64,34,30,15,6,9,49,28,21
21583,ñuble,16,itata,162,portezuelo,16205,60,70,36,34,27,10,17,43,26,17
21584,ñuble,16,itata,162,portezuelo,16205,61,68,37,31,31,14,17,37,23,14
21585,ñuble,16,itata,162,portezuelo,16205,62,55,24,31,22,9,13,33,15,18
21586,ñuble,16,itata,162,portezuelo,16205,63,54,34,20,24,14,10,30,20,10
21587,ñuble,16,itata,162,portezuelo,16205,64,62,31,31,21,7,14,41,24,17
21588,ñuble,16,itata,162,portezuelo,16205,65,58,37,21,15,10,5,43,27,16
21589,ñuble,16,itata,162,portezuelo,16205,66,39,18,21,13,5,8,26,13,13
21590,ñuble,16,itata,162,portezuelo,16205,67,44,18,26,17,5,12,27,13,14
21591,ñuble,16,itata,162,portezuelo,16205,68,45,23,22,16,8,8,29,15,14
21592,ñuble,16,itata,162,portezuelo,16205,69,47,27,20,7,4,3,40,23,17
21593,ñuble,16,itata,162,portezuelo,16205,70,36,21,15,7,4,3,29,17,12
21594,ñuble,16,itata,162,portezuelo,16205,71,58,27,31,15,7,8,43,20,23
21595,ñuble,16,itata,162,portezuelo,16205,72,44,14,30,12,4,8,32,10,22
21596,ñuble,16,itata,162,portezuelo,16205,73,38,16,22,6,3,3,32,13,19
21597,ñuble,16,itata,162,portezuelo,16205,74,46,17,29,17,6,11,29,11,18
21598,ñuble,16,itata,162,portezuelo,16205,75,35,16,19,11,5,6,24,11,13
21599,ñuble,16,itata,162,portezuelo,16205,76,52,21,31,14,6,8,38,15,23
21600,ñuble,16,itata,162,portezuelo,16205,77,29,14,15,19,9,10,10,5,5
21601,ñuble,16,itata,162,portezuelo,16205,78,36,16,20,12,7,5,24,9,15
21602,ñuble,16,itata,162,portezuelo,16205,79,21,13,8,8,4,4,13,9,4
21603,ñuble,16,itata,162,portezuelo,16205,80,32,20,12,9,5,4,23,15,8
21604,ñuble,16,itata,162,portezuelo,16205,81,29,13,16,11,5,6,18,8,10
21605,ñuble,16,itata,162,portezuelo,16205,82,21,10,11,10,6,4,11,4,7
21606,ñuble,16,itata,162,portezuelo,16205,83,19,8,11,8,4,4,11,4,7
21607,ñuble,16,itata,162,portezuelo,16205,84,27,15,12,7,2,5,20,13,7
21608,ñuble,16,itata,162,portezuelo,16205,85,10,6,4,3,2,1,7,4,3
21609,ñuble,16,itata,162,portezuelo,16205,86,15,6,9,7,2,5,8,4,4
21610,ñuble,16,itata,162,portezuelo,16205,87,12,3,9,3,0,3,9,3,6
21611,ñuble,16,itata,162,portezuelo,16205,88,12,5,7,3,1,2,9,4,5
21612,ñuble,16,itata,162,portezuelo,16205,89,9,6,3,3,2,1,6,4,2
21613,ñuble,16,itata,162,portezuelo,16205,90,7,4,3,0,0,0,7,4,3
21614,ñuble,16,itata,162,portezuelo,16205,91,4,1,3,2,1,1,2,0,2
21615,ñuble,16,itata,162,portezuelo,16205,92,8,3,5,1,0,1,7,3,4
21616,ñuble,16,itata,162,portezuelo,16205,93,4,2,2,1,1,0,3,1,2
21617,ñuble,16,itata,162,portezuelo,16205,94,4,2,2,3,1,2,1,1,0
21618,ñuble,16,itata,162,portezuelo,16205,95,1,0,1,0,0,0,1,0,1
21619,ñuble,16,itata,162,portezuelo,16205,96,1,0,1,1,0,1,0,0,0
21620,ñuble,16,itata,162,portezuelo,16205,97,0,0,0,0,0,0,0,0,0
21621,ñuble,16,itata,162,portezuelo,16205,98,0,0,0,0,0,0,0,0,0
21622,ñuble,16,itata,162,portezuelo,16205,99,0,0,0,0,0,0,0,0,0
21623,ñuble,16,itata,162,portezuelo,16205,100 o más,2,1,1,0,0,0,2,1,1
21624,ñuble,16,itata,162,ránquil,16206,total comuna,5755,2842,2913,1587,754,833,4168,2088,2080
21625,ñuble,16,itata,162,ránquil,16206,0,63,28,35,26,13,13,37,15,22
21626,ñuble,16,itata,162,ránquil,16206,1,62,30,32,16,8,8,46,22,24
21627,ñuble,16,itata,162,ránquil,16206,2,55,27,28,14,9,5,41,18,23
21628,ñuble,16,itata,162,ránquil,16206,3,67,37,30,19,11,8,48,26,22
21629,ñuble,16,itata,162,ránquil,16206,4,83,45,38,27,14,13,56,31,25
21630,ñuble,16,itata,162,ránquil,16206,5,60,30,30,23,12,11,37,18,19
21631,ñuble,16,itata,162,ránquil,16206,6,84,46,38,24,12,12,60,34,26
21632,ñuble,16,itata,162,ránquil,16206,7,54,32,22,18,8,10,36,24,12
21633,ñuble,16,itata,162,ránquil,16206,8,66,32,34,23,10,13,43,22,21
21634,ñuble,16,itata,162,ránquil,16206,9,74,29,45,20,7,13,54,22,32
21635,ñuble,16,itata,162,ránquil,16206,10,67,35,32,16,12,4,51,23,28
21636,ñuble,16,itata,162,ránquil,16206,11,74,34,40,19,11,8,55,23,32
21637,ñuble,16,itata,162,ránquil,16206,12,85,50,35,23,13,10,62,37,25
21638,ñuble,16,itata,162,ránquil,16206,13,61,32,29,16,9,7,45,23,22
21639,ñuble,16,itata,162,ránquil,16206,14,62,39,23,12,7,5,50,32,18
21640,ñuble,16,itata,162,ránquil,16206,15,67,35,32,20,9,11,47,26,21
21641,ñuble,16,itata,162,ránquil,16206,16,85,46,39,29,15,14,56,31,25
21642,ñuble,16,itata,162,ránquil,16206,17,69,35,34,24,13,11,45,22,23
21643,ñuble,16,itata,162,ránquil,16206,18,44,24,20,18,7,11,26,17,9
21644,ñuble,16,itata,162,ránquil,16206,19,39,16,23,16,4,12,23,12,11
21645,ñuble,16,itata,162,ránquil,16206,20,63,34,29,21,14,7,42,20,22
21646,ñuble,16,itata,162,ránquil,16206,21,57,29,28,22,11,11,35,18,17
21647,ñuble,16,itata,162,ránquil,16206,22,59,25,34,19,6,13,40,19,21
21648,ñuble,16,itata,162,ránquil,16206,23,69,38,31,22,15,7,47,23,24
21649,ñuble,16,itata,162,ránquil,16206,24,56,27,29,17,4,13,39,23,16
21650,ñuble,16,itata,162,ránquil,16206,25,55,28,27,18,10,8,37,18,19
21651,ñuble,16,itata,162,ránquil,16206,26,62,24,38,22,10,12,40,14,26
21652,ñuble,16,itata,162,ránquil,16206,27,62,30,32,25,17,8,37,13,24
21653,ñuble,16,itata,162,ránquil,16206,28,53,19,34,13,5,8,40,14,26
21654,ñuble,16,itata,162,ránquil,16206,29,60,32,28,17,8,9,43,24,19
21655,ñuble,16,itata,162,ránquil,16206,30,60,21,39,21,5,16,39,16,23
21656,ñuble,16,itata,162,ránquil,16206,31,65,35,30,20,12,8,45,23,22
21657,ñuble,16,itata,162,ránquil,16206,32,56,31,25,17,7,10,39,24,15
21658,ñuble,16,itata,162,ránquil,16206,33,61,29,32,18,11,7,43,18,25
21659,ñuble,16,itata,162,ránquil,16206,34,72,29,43,30,11,19,42,18,24
21660,ñuble,16,itata,162,ránquil,16206,35,61,37,24,20,13,7,41,24,17
21661,ñuble,16,itata,162,ránquil,16206,36,66,27,39,18,9,9,48,18,30
21662,ñuble,16,itata,162,ránquil,16206,37,71,36,35,18,11,7,53,25,28
21663,ñuble,16,itata,162,ránquil,16206,38,67,40,27,21,14,7,46,26,20
21664,ñuble,16,itata,162,ránquil,16206,39,72,27,45,16,3,13,56,24,32
21665,ñuble,16,itata,162,ránquil,16206,40,56,28,28,20,11,9,36,17,19
21666,ñuble,16,itata,162,ránquil,16206,41,59,27,32,13,6,7,46,21,25
21667,ñuble,16,itata,162,ránquil,16206,42,75,32,43,21,9,12,54,23,31
21668,ñuble,16,itata,162,ránquil,16206,43,77,34,43,21,8,13,56,26,30
21669,ñuble,16,itata,162,ránquil,16206,44,88,53,35,20,15,5,68,38,30
21670,ñuble,16,itata,162,ránquil,16206,45,93,43,50,21,6,15,72,37,35
21671,ñuble,16,itata,162,ránquil,16206,46,75,40,35,14,5,9,61,35,26
21672,ñuble,16,itata,162,ránquil,16206,47,70,39,31,21,12,9,49,27,22
21673,ñuble,16,itata,162,ránquil,16206,48,68,35,33,18,9,9,50,26,24
21674,ñuble,16,itata,162,ránquil,16206,49,92,50,42,25,12,13,67,38,29
21675,ñuble,16,itata,162,ránquil,16206,50,101,55,46,25,13,12,76,42,34
21676,ñuble,16,itata,162,ránquil,16206,51,101,50,51,26,14,12,75,36,39
21677,ñuble,16,itata,162,ránquil,16206,52,98,49,49,24,14,10,74,35,39
21678,ñuble,16,itata,162,ránquil,16206,53,86,46,40,15,8,7,71,38,33
21679,ñuble,16,itata,162,ránquil,16206,54,82,42,40,19,6,13,63,36,27
21680,ñuble,16,itata,162,ránquil,16206,55,99,48,51,27,8,19,72,40,32
21681,ñuble,16,itata,162,ránquil,16206,56,94,48,46,18,9,9,76,39,37
21682,ñuble,16,itata,162,ránquil,16206,57,93,46,47,25,10,15,68,36,32
21683,ñuble,16,itata,162,ránquil,16206,58,92,54,38,20,12,8,72,42,30
21684,ñuble,16,itata,162,ránquil,16206,59,90,32,58,34,13,21,56,19,37
21685,ñuble,16,itata,162,ránquil,16206,60,76,38,38,24,11,13,52,27,25
21686,ñuble,16,itata,162,ránquil,16206,61,89,44,45,18,8,10,71,36,35
21687,ñuble,16,itata,162,ránquil,16206,62,72,31,41,18,5,13,54,26,28
21688,ñuble,16,itata,162,ránquil,16206,63,79,36,43,18,6,12,61,30,31
21689,ñuble,16,itata,162,ránquil,16206,64,80,36,44,17,5,12,63,31,32
21690,ñuble,16,itata,162,ránquil,16206,65,86,45,41,18,6,12,68,39,29
21691,ñuble,16,itata,162,ránquil,16206,66,70,32,38,18,9,9,52,23,29
21692,ñuble,16,itata,162,ránquil,16206,67,65,32,33,12,6,6,53,26,27
21693,ñuble,16,itata,162,ránquil,16206,68,48,28,20,15,10,5,33,18,15
21694,ñuble,16,itata,162,ránquil,16206,69,56,24,32,11,5,6,45,19,26
21695,ñuble,16,itata,162,ránquil,16206,70,52,30,22,10,8,2,42,22,20
21696,ñuble,16,itata,162,ránquil,16206,71,57,28,29,14,4,10,43,24,19
21697,ñuble,16,itata,162,ránquil,16206,72,61,34,27,11,5,6,50,29,21
21698,ñuble,16,itata,162,ránquil,16206,73,57,31,26,5,1,4,52,30,22
21699,ñuble,16,itata,162,ránquil,16206,74,44,17,27,11,1,10,33,16,17
21700,ñuble,16,itata,162,ránquil,16206,75,50,18,32,11,5,6,39,13,26
21701,ñuble,16,itata,162,ránquil,16206,76,49,24,25,15,6,9,34,18,16
21702,ñuble,16,itata,162,ránquil,16206,77,47,25,22,14,8,6,33,17,16
21703,ñuble,16,itata,162,ránquil,16206,78,50,31,19,16,11,5,34,20,14
21704,ñuble,16,itata,162,ránquil,16206,79,46,18,28,13,7,6,33,11,22
21705,ñuble,16,itata,162,ránquil,16206,80,32,15,17,12,5,7,20,10,10
21706,ñuble,16,itata,162,ránquil,16206,81,34,13,21,7,1,6,27,12,15
21707,ñuble,16,itata,162,ránquil,16206,82,36,18,18,11,7,4,25,11,14
21708,ñuble,16,itata,162,ránquil,16206,83,19,9,10,2,2,0,17,7,10
21709,ñuble,16,itata,162,ránquil,16206,84,18,7,11,2,0,2,16,7,9
21710,ñuble,16,itata,162,ránquil,16206,85,21,11,10,7,2,5,14,9,5
21711,ñuble,16,itata,162,ránquil,16206,86,19,5,14,11,3,8,8,2,6
21712,ñuble,16,itata,162,ránquil,16206,87,16,7,9,4,1,3,12,6,6
21713,ñuble,16,itata,162,ránquil,16206,88,13,6,7,3,1,2,10,5,5
21714,ñuble,16,itata,162,ránquil,16206,89,19,8,11,6,3,3,13,5,8
21715,ñuble,16,itata,162,ránquil,16206,90,12,2,10,2,0,2,10,2,8
21716,ñuble,16,itata,162,ránquil,16206,91,5,3,2,2,1,1,3,2,1
21717,ñuble,16,itata,162,ránquil,16206,92,8,2,6,0,0,0,8,2,6
21718,ñuble,16,itata,162,ránquil,16206,93,2,0,2,0,0,0,2,0,2
21719,ñuble,16,itata,162,ránquil,16206,94,1,1,0,0,0,0,1,1,0
21720,ñuble,16,itata,162,ránquil,16206,95,3,0,3,2,0,2,1,0,1
21721,ñuble,16,itata,162,ránquil,16206,96,2,0,2,1,0,1,1,0,1
21722,ñuble,16,itata,162,ránquil,16206,97,0,0,0,0,0,0,0,0,0
21723,ñuble,16,itata,162,ránquil,16206,98,3,2,1,1,1,0,2,1,1
21724,ñuble,16,itata,162,ránquil,16206,99,0,0,0,0,0,0,0,0,0
21725,ñuble,16,itata,162,ránquil,16206,100 o más,1,0,1,0,0,0,1,0,1
21726,ñuble,16,itata,162,treguaco,16207,total comuna,5401,2703,2698,1774,836,938,3627,1867,1760
21727,ñuble,16,itata,162,treguaco,16207,0,42,25,17,16,10,6,26,15,11
21728,ñuble,16,itata,162,treguaco,16207,1,60,32,28,28,14,14,32,18,14
21729,ñuble,16,itata,162,treguaco,16207,2,65,36,29,27,18,9,38,18,20
21730,ñuble,16,itata,162,treguaco,16207,3,68,35,33,31,15,16,37,20,17
21731,ñuble,16,itata,162,treguaco,16207,4,64,33,31,19,12,7,45,21,24
21732,ñuble,16,itata,162,treguaco,16207,5,53,29,24,22,9,13,31,20,11
21733,ñuble,16,itata,162,treguaco,16207,6,46,23,23,17,9,8,29,14,15
21734,ñuble,16,itata,162,treguaco,16207,7,73,34,39,30,14,16,43,20,23
21735,ñuble,16,itata,162,treguaco,16207,8,78,46,32,29,16,13,49,30,19
21736,ñuble,16,itata,162,treguaco,16207,9,68,35,33,29,15,14,39,20,19
21737,ñuble,16,itata,162,treguaco,16207,10,48,25,23,18,10,8,30,15,15
21738,ñuble,16,itata,162,treguaco,16207,11,74,34,40,34,15,19,40,19,21
21739,ñuble,16,itata,162,treguaco,16207,12,84,42,42,30,11,19,54,31,23
21740,ñuble,16,itata,162,treguaco,16207,13,76,43,33,30,22,8,46,21,25
21741,ñuble,16,itata,162,treguaco,16207,14,84,44,40,31,13,18,53,31,22
21742,ñuble,16,itata,162,treguaco,16207,15,71,39,32,27,17,10,44,22,22
21743,ñuble,16,itata,162,treguaco,16207,16,63,39,24,16,9,7,47,30,17
21744,ñuble,16,itata,162,treguaco,16207,17,84,48,36,35,20,15,49,28,21
21745,ñuble,16,itata,162,treguaco,16207,18,59,24,35,20,5,15,39,19,20
21746,ñuble,16,itata,162,treguaco,16207,19,61,37,24,27,14,13,34,23,11
21747,ñuble,16,itata,162,treguaco,16207,20,59,25,34,27,11,16,32,14,18
21748,ñuble,16,itata,162,treguaco,16207,21,52,24,28,23,10,13,29,14,15
21749,ñuble,16,itata,162,treguaco,16207,22,59,34,25,18,9,9,41,25,16
21750,ñuble,16,itata,162,treguaco,16207,23,65,25,40,30,11,19,35,14,21
21751,ñuble,16,itata,162,treguaco,16207,24,42,24,18,16,11,5,26,13,13
21752,ñuble,16,itata,162,treguaco,16207,25,69,30,39,34,16,18,35,14,21
21753,ñuble,16,itata,162,treguaco,16207,26,55,25,30,26,13,13,29,12,17
21754,ñuble,16,itata,162,treguaco,16207,27,70,31,39,33,10,23,37,21,16
21755,ñuble,16,itata,162,treguaco,16207,28,56,28,28,17,9,8,39,19,20
21756,ñuble,16,itata,162,treguaco,16207,29,75,40,35,33,14,19,42,26,16
21757,ñuble,16,itata,162,treguaco,16207,30,52,23,29,20,10,10,32,13,19
21758,ñuble,16,itata,162,treguaco,16207,31,65,31,34,24,9,15,41,22,19
21759,ñuble,16,itata,162,treguaco,16207,32,56,23,33,14,5,9,42,18,24
21760,ñuble,16,itata,162,treguaco,16207,33,53,21,32,28,11,17,25,10,15
21761,ñuble,16,itata,162,treguaco,16207,34,63,25,38,35,12,23,28,13,15
21762,ñuble,16,itata,162,treguaco,16207,35,75,27,48,28,11,17,47,16,31
21763,ñuble,16,itata,162,treguaco,16207,36,58,27,31,27,13,14,31,14,17
21764,ñuble,16,itata,162,treguaco,16207,37,73,36,37,32,16,16,41,20,21
21765,ñuble,16,itata,162,treguaco,16207,38,49,22,27,14,6,8,35,16,19
21766,ñuble,16,itata,162,treguaco,16207,39,62,24,38,21,9,12,41,15,26
21767,ñuble,16,itata,162,treguaco,16207,40,73,34,39,30,8,22,43,26,17
21768,ñuble,16,itata,162,treguaco,16207,41,71,32,39,20,7,13,51,25,26
21769,ñuble,16,itata,162,treguaco,16207,42,83,34,49,18,9,9,65,25,40
21770,ñuble,16,itata,162,treguaco,16207,43,88,52,36,33,15,18,55,37,18
21771,ñuble,16,itata,162,treguaco,16207,44,81,47,34,27,12,15,54,35,19
21772,ñuble,16,itata,162,treguaco,16207,45,82,39,43,35,19,16,47,20,27
21773,ñuble,16,itata,162,treguaco,16207,46,70,35,35,21,11,10,49,24,25
21774,ñuble,16,itata,162,treguaco,16207,47,86,40,46,27,13,14,59,27,32
21775,ñuble,16,itata,162,treguaco,16207,48,98,56,42,34,14,20,64,42,22
21776,ñuble,16,itata,162,treguaco,16207,49,94,42,52,20,10,10,74,32,42
21777,ñuble,16,itata,162,treguaco,16207,50,75,40,35,24,12,12,51,28,23
21778,ñuble,16,itata,162,treguaco,16207,51,101,57,44,24,14,10,77,43,34
21779,ñuble,16,itata,162,treguaco,16207,52,92,52,40,24,11,13,68,41,27
21780,ñuble,16,itata,162,treguaco,16207,53,80,40,40,27,10,17,53,30,23
21781,ñuble,16,itata,162,treguaco,16207,54,79,42,37,22,16,6,57,26,31
21782,ñuble,16,itata,162,treguaco,16207,55,84,39,45,25,7,18,59,32,27
21783,ñuble,16,itata,162,treguaco,16207,56,80,43,37,21,11,10,59,32,27
21784,ñuble,16,itata,162,treguaco,16207,57,79,32,47,21,8,13,58,24,34
21785,ñuble,16,itata,162,treguaco,16207,58,72,42,30,31,19,12,41,23,18
21786,ñuble,16,itata,162,treguaco,16207,59,73,40,33,11,4,7,62,36,26
21787,ñuble,16,itata,162,treguaco,16207,60,70,37,33,17,9,8,53,28,25
21788,ñuble,16,itata,162,treguaco,16207,61,69,36,33,17,10,7,52,26,26
21789,ñuble,16,itata,162,treguaco,16207,62,69,33,36,12,6,6,57,27,30
21790,ñuble,16,itata,162,treguaco,16207,63,71,34,37,23,12,11,48,22,26
21791,ñuble,16,itata,162,treguaco,16207,64,70,35,35,20,8,12,50,27,23
21792,ñuble,16,itata,162,treguaco,16207,65,67,35,32,8,5,3,59,30,29
21793,ñuble,16,itata,162,treguaco,16207,66,45,25,20,7,6,1,38,19,19
21794,ñuble,16,itata,162,treguaco,16207,67,51,25,26,9,3,6,42,22,20
21795,ñuble,16,itata,162,treguaco,16207,68,60,30,30,16,6,10,44,24,20
21796,ñuble,16,itata,162,treguaco,16207,69,53,32,21,11,5,6,42,27,15
21797,ñuble,16,itata,162,treguaco,16207,70,57,32,25,10,5,5,47,27,20
21798,ñuble,16,itata,162,treguaco,16207,71,45,24,21,6,4,2,39,20,19
21799,ñuble,16,itata,162,treguaco,16207,72,36,21,15,8,2,6,28,19,9
21800,ñuble,16,itata,162,treguaco,16207,73,38,15,23,6,3,3,32,12,20
21801,ñuble,16,itata,162,treguaco,16207,74,43,21,22,13,4,9,30,17,13
21802,ñuble,16,itata,162,treguaco,16207,75,45,22,23,8,5,3,37,17,20
21803,ñuble,16,itata,162,treguaco,16207,76,53,29,24,11,5,6,42,24,18
21804,ñuble,16,itata,162,treguaco,16207,77,37,21,16,8,4,4,29,17,12
21805,ñuble,16,itata,162,treguaco,16207,78,29,12,17,5,4,1,24,8,16
21806,ñuble,16,itata,162,treguaco,16207,79,24,15,9,4,3,1,20,12,8
21807,ñuble,16,itata,162,treguaco,16207,80,21,9,12,2,1,1,19,8,11
21808,ñuble,16,itata,162,treguaco,16207,81,33,14,19,5,1,4,28,13,15
21809,ñuble,16,itata,162,treguaco,16207,82,19,9,10,6,1,5,13,8,5
21810,ñuble,16,itata,162,treguaco,16207,83,21,14,7,4,2,2,17,12,5
21811,ñuble,16,itata,162,treguaco,16207,84,10,6,4,1,0,1,9,6,3
21812,ñuble,16,itata,162,treguaco,16207,85,12,8,4,1,0,1,11,8,3
21813,ñuble,16,itata,162,treguaco,16207,86,17,6,11,4,1,3,13,5,8
21814,ñuble,16,itata,162,treguaco,16207,87,22,8,14,8,5,3,14,3,11
21815,ñuble,16,itata,162,treguaco,16207,88,8,1,7,2,0,2,6,1,5
21816,ñuble,16,itata,162,treguaco,16207,89,8,3,5,1,1,0,7,2,5
21817,ñuble,16,itata,162,treguaco,16207,90,7,0,7,2,0,2,5,0,5
21818,ñuble,16,itata,162,treguaco,16207,91,4,1,3,1,0,1,3,1,2
21819,ñuble,16,itata,162,treguaco,16207,92,7,2,5,2,0,2,5,2,3
21820,ñuble,16,itata,162,treguaco,16207,93,3,0,3,2,0,2,1,0,1
21821,ñuble,16,itata,162,treguaco,16207,94,2,0,2,0,0,0,2,0,2
21822,ñuble,16,itata,162,treguaco,16207,95,1,1,0,1,1,0,0,0,0
21823,ñuble,16,itata,162,treguaco,16207,96,2,0,2,2,0,2,0,0,0
21824,ñuble,16,itata,162,treguaco,16207,97,0,0,0,0,0,0,0,0,0
21825,ñuble,16,itata,162,treguaco,16207,98,0,0,0,0,0,0,0,0,0
21826,ñuble,16,itata,162,treguaco,16207,99,1,1,0,0,0,0,1,1,0
21827,ñuble,16,itata,162,treguaco,16207,100 o más,1,0,1,0,0,0,1,0,1
21828,ñuble,16,punilla,163,san carlos,16301,total comuna,53024,25425,27599,33261,15456,17805,19763,9969,9794
21829,ñuble,16,punilla,163,san carlos,16301,0,571,282,289,377,189,188,194,93,101
21830,ñuble,16,punilla,163,san carlos,16301,1,637,324,313,415,207,208,222,117,105
21831,ñuble,16,punilla,163,san carlos,16301,2,676,325,351,439,215,224,237,110,127
21832,ñuble,16,punilla,163,san carlos,16301,3,642,340,302,422,217,205,220,123,97
21833,ñuble,16,punilla,163,san carlos,16301,4,687,325,362,438,211,227,249,114,135
21834,ñuble,16,punilla,163,san carlos,16301,5,668,331,337,427,211,216,241,120,121
21835,ñuble,16,punilla,163,san carlos,16301,6,707,360,347,469,242,227,238,118,120
21836,ñuble,16,punilla,163,san carlos,16301,7,737,372,365,490,244,246,247,128,119
21837,ñuble,16,punilla,163,san carlos,16301,8,702,355,347,466,232,234,236,123,113
21838,ñuble,16,punilla,163,san carlos,16301,9,713,359,354,460,232,228,253,127,126
21839,ñuble,16,punilla,163,san carlos,16301,10,716,376,340,458,230,228,258,146,112
21840,ñuble,16,punilla,163,san carlos,16301,11,756,391,365,507,251,256,249,140,109
21841,ñuble,16,punilla,163,san carlos,16301,12,694,350,344,440,230,210,254,120,134
21842,ñuble,16,punilla,163,san carlos,16301,13,691,369,322,443,229,214,248,140,108
21843,ñuble,16,punilla,163,san carlos,16301,14,761,401,360,492,249,243,269,152,117
21844,ñuble,16,punilla,163,san carlos,16301,15,769,355,414,508,229,279,261,126,135
21845,ñuble,16,punilla,163,san carlos,16301,16,800,423,377,510,278,232,290,145,145
21846,ñuble,16,punilla,163,san carlos,16301,17,796,408,388,519,263,256,277,145,132
21847,ñuble,16,punilla,163,san carlos,16301,18,678,339,339,439,220,219,239,119,120
21848,ñuble,16,punilla,163,san carlos,16301,19,656,317,339,424,210,214,232,107,125
21849,ñuble,16,punilla,163,san carlos,16301,20,659,316,343,438,205,233,221,111,110
21850,ñuble,16,punilla,163,san carlos,16301,21,690,325,365,447,224,223,243,101,142
21851,ñuble,16,punilla,163,san carlos,16301,22,731,347,384,459,216,243,272,131,141
21852,ñuble,16,punilla,163,san carlos,16301,23,732,346,386,486,225,261,246,121,125
21853,ñuble,16,punilla,163,san carlos,16301,24,774,388,386,537,263,274,237,125,112
21854,ñuble,16,punilla,163,san carlos,16301,25,734,347,387,489,219,270,245,128,117
21855,ñuble,16,punilla,163,san carlos,16301,26,768,372,396,527,248,279,241,124,117
21856,ñuble,16,punilla,163,san carlos,16301,27,818,384,434,572,254,318,246,130,116
21857,ñuble,16,punilla,163,san carlos,16301,28,725,327,398,496,225,271,229,102,127
21858,ñuble,16,punilla,163,san carlos,16301,29,678,336,342,433,226,207,245,110,135
21859,ñuble,16,punilla,163,san carlos,16301,30,722,321,401,473,218,255,249,103,146
21860,ñuble,16,punilla,163,san carlos,16301,31,660,307,353,473,223,250,187,84,103
21861,ñuble,16,punilla,163,san carlos,16301,32,677,300,377,458,187,271,219,113,106
21862,ñuble,16,punilla,163,san carlos,16301,33,596,272,324,396,179,217,200,93,107
21863,ñuble,16,punilla,163,san carlos,16301,34,681,319,362,469,217,252,212,102,110
21864,ñuble,16,punilla,163,san carlos,16301,35,638,305,333,440,199,241,198,106,92
21865,ñuble,16,punilla,163,san carlos,16301,36,601,280,321,398,182,216,203,98,105
21866,ñuble,16,punilla,163,san carlos,16301,37,602,288,314,395,175,220,207,113,94
21867,ñuble,16,punilla,163,san carlos,16301,38,598,271,327,406,186,220,192,85,107
21868,ñuble,16,punilla,163,san carlos,16301,39,631,287,344,407,190,217,224,97,127
21869,ñuble,16,punilla,163,san carlos,16301,40,598,257,341,386,160,226,212,97,115
21870,ñuble,16,punilla,163,san carlos,16301,41,656,299,357,428,192,236,228,107,121
21871,ñuble,16,punilla,163,san carlos,16301,42,701,332,369,436,195,241,265,137,128
21872,ñuble,16,punilla,163,san carlos,16301,43,727,323,404,423,185,238,304,138,166
21873,ñuble,16,punilla,163,san carlos,16301,44,750,334,416,449,200,249,301,134,167
21874,ñuble,16,punilla,163,san carlos,16301,45,749,352,397,459,192,267,290,160,130
21875,ñuble,16,punilla,163,san carlos,16301,46,753,368,385,456,211,245,297,157,140
21876,ñuble,16,punilla,163,san carlos,16301,47,770,372,398,457,213,244,313,159,154
21877,ñuble,16,punilla,163,san carlos,16301,48,808,371,437,487,211,276,321,160,161
21878,ñuble,16,punilla,163,san carlos,16301,49,803,394,409,481,227,254,322,167,155
21879,ñuble,16,punilla,163,san carlos,16301,50,810,372,438,479,202,277,331,170,161
21880,ñuble,16,punilla,163,san carlos,16301,51,845,380,465,526,225,301,319,155,164
21881,ñuble,16,punilla,163,san carlos,16301,52,802,374,428,505,223,282,297,151,146
21882,ñuble,16,punilla,163,san carlos,16301,53,764,383,381,459,219,240,305,164,141
21883,ñuble,16,punilla,163,san carlos,16301,54,766,386,380,456,225,231,310,161,149
21884,ñuble,16,punilla,163,san carlos,16301,55,765,367,398,458,204,254,307,163,144
21885,ñuble,16,punilla,163,san carlos,16301,56,711,354,357,407,201,206,304,153,151
21886,ñuble,16,punilla,163,san carlos,16301,57,750,375,375,446,204,242,304,171,133
21887,ñuble,16,punilla,163,san carlos,16301,58,691,325,366,378,164,214,313,161,152
21888,ñuble,16,punilla,163,san carlos,16301,59,655,310,345,396,186,210,259,124,135
21889,ñuble,16,punilla,163,san carlos,16301,60,617,286,331,347,151,196,270,135,135
21890,ñuble,16,punilla,163,san carlos,16301,61,577,287,290,326,153,173,251,134,117
21891,ñuble,16,punilla,163,san carlos,16301,62,554,273,281,307,145,162,247,128,119
21892,ñuble,16,punilla,163,san carlos,16301,63,529,262,267,309,150,159,220,112,108
21893,ñuble,16,punilla,163,san carlos,16301,64,556,277,279,331,155,176,225,122,103
21894,ñuble,16,punilla,163,san carlos,16301,65,512,245,267,293,127,166,219,118,101
21895,ñuble,16,punilla,163,san carlos,16301,66,503,248,255,294,141,153,209,107,102
21896,ñuble,16,punilla,163,san carlos,16301,67,451,227,224,255,121,134,196,106,90
21897,ñuble,16,punilla,163,san carlos,16301,68,474,229,245,263,123,140,211,106,105
21898,ñuble,16,punilla,163,san carlos,16301,69,472,225,247,251,108,143,221,117,104
21899,ñuble,16,punilla,163,san carlos,16301,70,450,227,223,276,122,154,174,105,69
21900,ñuble,16,punilla,163,san carlos,16301,71,410,189,221,237,96,141,173,93,80
21901,ñuble,16,punilla,163,san carlos,16301,72,407,198,209,226,111,115,181,87,94
21902,ñuble,16,punilla,163,san carlos,16301,73,342,162,180,202,88,114,140,74,66
21903,ñuble,16,punilla,163,san carlos,16301,74,342,161,181,185,79,106,157,82,75
21904,ñuble,16,punilla,163,san carlos,16301,75,345,157,188,197,83,114,148,74,74
21905,ñuble,16,punilla,163,san carlos,16301,76,322,148,174,192,78,114,130,70,60
21906,ñuble,16,punilla,163,san carlos,16301,77,287,127,160,166,70,96,121,57,64
21907,ñuble,16,punilla,163,san carlos,16301,78,243,96,147,141,53,88,102,43,59
21908,ñuble,16,punilla,163,san carlos,16301,79,252,113,139,142,61,81,110,52,58
21909,ñuble,16,punilla,163,san carlos,16301,80,211,99,112,116,49,67,95,50,45
21910,ñuble,16,punilla,163,san carlos,16301,81,192,83,109,117,46,71,75,37,38
21911,ñuble,16,punilla,163,san carlos,16301,82,198,96,102,115,48,67,83,48,35
21912,ñuble,16,punilla,163,san carlos,16301,83,146,64,82,81,35,46,65,29,36
21913,ñuble,16,punilla,163,san carlos,16301,84,142,60,82,83,29,54,59,31,28
21914,ñuble,16,punilla,163,san carlos,16301,85,130,50,80,76,22,54,54,28,26
21915,ñuble,16,punilla,163,san carlos,16301,86,130,50,80,80,27,53,50,23,27
21916,ñuble,16,punilla,163,san carlos,16301,87,95,41,54,57,18,39,38,23,15
21917,ñuble,16,punilla,163,san carlos,16301,88,87,36,51,52,18,34,35,18,17
21918,ñuble,16,punilla,163,san carlos,16301,89,89,33,56,56,16,40,33,17,16
21919,ñuble,16,punilla,163,san carlos,16301,90,67,23,44,36,11,25,31,12,19
21920,ñuble,16,punilla,163,san carlos,16301,91,47,22,25,24,9,15,23,13,10
21921,ñuble,16,punilla,163,san carlos,16301,92,46,14,32,28,6,22,18,8,10
21922,ñuble,16,punilla,163,san carlos,16301,93,36,18,18,15,7,8,21,11,10
21923,ñuble,16,punilla,163,san carlos,16301,94,36,11,25,20,2,18,16,9,7
21924,ñuble,16,punilla,163,san carlos,16301,95,25,7,18,14,3,11,11,4,7
21925,ñuble,16,punilla,163,san carlos,16301,96,18,2,16,12,1,11,6,1,5
21926,ñuble,16,punilla,163,san carlos,16301,97,9,3,6,6,2,4,3,1,2
21927,ñuble,16,punilla,163,san carlos,16301,98,7,2,5,4,0,4,3,2,1
21928,ñuble,16,punilla,163,san carlos,16301,99,7,2,5,3,1,2,4,1,3
21929,ñuble,16,punilla,163,san carlos,16301,100 o más,15,4,11,12,2,10,3,2,1
21930,ñuble,16,punilla,163,coihueco,16302,total comuna,26881,13424,13457,9098,4319,4779,17783,9105,8678
21931,ñuble,16,punilla,163,coihueco,16302,0,323,164,159,117,60,57,206,104,102
21932,ñuble,16,punilla,163,coihueco,16302,1,348,147,201,142,55,87,206,92,114
21933,ñuble,16,punilla,163,coihueco,16302,2,341,173,168,130,61,69,211,112,99
21934,ñuble,16,punilla,163,coihueco,16302,3,334,178,156,130,70,60,204,108,96
21935,ñuble,16,punilla,163,coihueco,16302,4,376,193,183,125,62,63,251,131,120
21936,ñuble,16,punilla,163,coihueco,16302,5,401,211,190,153,68,85,248,143,105
21937,ñuble,16,punilla,163,coihueco,16302,6,400,199,201,144,74,70,256,125,131
21938,ñuble,16,punilla,163,coihueco,16302,7,384,196,188,127,65,62,257,131,126
21939,ñuble,16,punilla,163,coihueco,16302,8,382,182,200,144,73,71,238,109,129
21940,ñuble,16,punilla,163,coihueco,16302,9,412,205,207,166,85,81,246,120,126
21941,ñuble,16,punilla,163,coihueco,16302,10,422,216,206,146,78,68,276,138,138
21942,ñuble,16,punilla,163,coihueco,16302,11,357,192,165,115,54,61,242,138,104
21943,ñuble,16,punilla,163,coihueco,16302,12,369,197,172,120,60,60,249,137,112
21944,ñuble,16,punilla,163,coihueco,16302,13,373,197,176,136,75,61,237,122,115
21945,ñuble,16,punilla,163,coihueco,16302,14,394,203,191,137,70,67,257,133,124
21946,ñuble,16,punilla,163,coihueco,16302,15,394,210,184,152,79,73,242,131,111
21947,ñuble,16,punilla,163,coihueco,16302,16,442,220,222,156,79,77,286,141,145
21948,ñuble,16,punilla,163,coihueco,16302,17,393,197,196,155,75,80,238,122,116
21949,ñuble,16,punilla,163,coihueco,16302,18,422,209,213,155,79,76,267,130,137
21950,ñuble,16,punilla,163,coihueco,16302,19,359,175,184,132,61,71,227,114,113
21951,ñuble,16,punilla,163,coihueco,16302,20,364,178,186,132,63,69,232,115,117
21952,ñuble,16,punilla,163,coihueco,16302,21,434,215,219,187,94,93,247,121,126
21953,ñuble,16,punilla,163,coihueco,16302,22,417,197,220,146,78,68,271,119,152
21954,ñuble,16,punilla,163,coihueco,16302,23,371,180,191,132,66,66,239,114,125
21955,ñuble,16,punilla,163,coihueco,16302,24,392,222,170,149,84,65,243,138,105
21956,ñuble,16,punilla,163,coihueco,16302,25,388,192,196,142,74,68,246,118,128
21957,ñuble,16,punilla,163,coihueco,16302,26,431,212,219,162,71,91,269,141,128
21958,ñuble,16,punilla,163,coihueco,16302,27,401,210,191,153,75,78,248,135,113
21959,ñuble,16,punilla,163,coihueco,16302,28,377,176,201,127,61,66,250,115,135
21960,ñuble,16,punilla,163,coihueco,16302,29,348,166,182,127,56,71,221,110,111
21961,ñuble,16,punilla,163,coihueco,16302,30,392,170,222,157,67,90,235,103,132
21962,ñuble,16,punilla,163,coihueco,16302,31,362,170,192,130,57,73,232,113,119
21963,ñuble,16,punilla,163,coihueco,16302,32,360,166,194,144,63,81,216,103,113
21964,ñuble,16,punilla,163,coihueco,16302,33,325,163,162,117,57,60,208,106,102
21965,ñuble,16,punilla,163,coihueco,16302,34,322,151,171,112,42,70,210,109,101
21966,ñuble,16,punilla,163,coihueco,16302,35,382,182,200,125,57,68,257,125,132
21967,ñuble,16,punilla,163,coihueco,16302,36,336,163,173,126,63,63,210,100,110
21968,ñuble,16,punilla,163,coihueco,16302,37,337,173,164,104,52,52,233,121,112
21969,ñuble,16,punilla,163,coihueco,16302,38,352,169,183,122,50,72,230,119,111
21970,ñuble,16,punilla,163,coihueco,16302,39,331,165,166,109,49,60,222,116,106
21971,ñuble,16,punilla,163,coihueco,16302,40,313,138,175,101,38,63,212,100,112
21972,ñuble,16,punilla,163,coihueco,16302,41,359,171,188,102,47,55,257,124,133
21973,ñuble,16,punilla,163,coihueco,16302,42,397,196,201,125,61,64,272,135,137
21974,ñuble,16,punilla,163,coihueco,16302,43,398,199,199,114,53,61,284,146,138
21975,ñuble,16,punilla,163,coihueco,16302,44,396,201,195,127,58,69,269,143,126
21976,ñuble,16,punilla,163,coihueco,16302,45,428,199,229,134,64,70,294,135,159
21977,ñuble,16,punilla,163,coihueco,16302,46,396,190,206,124,58,66,272,132,140
21978,ñuble,16,punilla,163,coihueco,16302,47,402,203,199,124,53,71,278,150,128
21979,ñuble,16,punilla,163,coihueco,16302,48,389,203,186,119,60,59,270,143,127
21980,ñuble,16,punilla,163,coihueco,16302,49,405,179,226,128,51,77,277,128,149
21981,ñuble,16,punilla,163,coihueco,16302,50,370,182,188,117,55,62,253,127,126
21982,ñuble,16,punilla,163,coihueco,16302,51,379,181,198,122,48,74,257,133,124
21983,ñuble,16,punilla,163,coihueco,16302,52,408,234,174,129,67,62,279,167,112
21984,ñuble,16,punilla,163,coihueco,16302,53,357,166,191,119,48,71,238,118,120
21985,ñuble,16,punilla,163,coihueco,16302,54,388,203,185,112,57,55,276,146,130
21986,ñuble,16,punilla,163,coihueco,16302,55,366,192,174,110,50,60,256,142,114
21987,ñuble,16,punilla,163,coihueco,16302,56,369,193,176,109,51,58,260,142,118
21988,ñuble,16,punilla,163,coihueco,16302,57,302,163,139,100,52,48,202,111,91
21989,ñuble,16,punilla,163,coihueco,16302,58,324,168,156,101,45,56,223,123,100
21990,ñuble,16,punilla,163,coihueco,16302,59,299,156,143,81,42,39,218,114,104
21991,ñuble,16,punilla,163,coihueco,16302,60,282,157,125,74,44,30,208,113,95
21992,ñuble,16,punilla,163,coihueco,16302,61,277,138,139,83,38,45,194,100,94
21993,ñuble,16,punilla,163,coihueco,16302,62,249,118,131,68,33,35,181,85,96
21994,ñuble,16,punilla,163,coihueco,16302,63,267,133,134,65,28,37,202,105,97
21995,ñuble,16,punilla,163,coihueco,16302,64,235,129,106,74,32,42,161,97,64
21996,ñuble,16,punilla,163,coihueco,16302,65,233,120,113,73,34,39,160,86,74
21997,ñuble,16,punilla,163,coihueco,16302,66,188,106,82,54,28,26,134,78,56
21998,ñuble,16,punilla,163,coihueco,16302,67,184,93,91,43,14,29,141,79,62
21999,ñuble,16,punilla,163,coihueco,16302,68,197,120,77,70,38,32,127,82,45
22000,ñuble,16,punilla,163,coihueco,16302,69,192,103,89,50,22,28,142,81,61
22001,ñuble,16,punilla,163,coihueco,16302,70,208,100,108,62,23,39,146,77,69
22002,ñuble,16,punilla,163,coihueco,16302,71,179,104,75,52,27,25,127,77,50
22003,ñuble,16,punilla,163,coihueco,16302,72,133,64,69,46,17,29,87,47,40
22004,ñuble,16,punilla,163,coihueco,16302,73,154,77,77,43,18,25,111,59,52
22005,ñuble,16,punilla,163,coihueco,16302,74,136,62,74,41,18,23,95,44,51
22006,ñuble,16,punilla,163,coihueco,16302,75,124,66,58,38,23,15,86,43,43
22007,ñuble,16,punilla,163,coihueco,16302,76,117,59,58,39,18,21,78,41,37
22008,ñuble,16,punilla,163,coihueco,16302,77,132,63,69,39,21,18,93,42,51
22009,ñuble,16,punilla,163,coihueco,16302,78,112,56,56,42,21,21,70,35,35
22010,ñuble,16,punilla,163,coihueco,16302,79,102,41,61,34,13,21,68,28,40
22011,ñuble,16,punilla,163,coihueco,16302,80,98,59,39,35,15,20,63,44,19
22012,ñuble,16,punilla,163,coihueco,16302,81,93,40,53,25,12,13,68,28,40
22013,ñuble,16,punilla,163,coihueco,16302,82,64,28,36,25,9,16,39,19,20
22014,ñuble,16,punilla,163,coihueco,16302,83,55,30,25,16,8,8,39,22,17
22015,ñuble,16,punilla,163,coihueco,16302,84,63,23,40,21,9,12,42,14,28
22016,ñuble,16,punilla,163,coihueco,16302,85,43,19,24,13,3,10,30,16,14
22017,ñuble,16,punilla,163,coihueco,16302,86,45,19,26,24,9,15,21,10,11
22018,ñuble,16,punilla,163,coihueco,16302,87,48,28,20,14,8,6,34,20,14
22019,ñuble,16,punilla,163,coihueco,16302,88,26,10,16,6,2,4,20,8,12
22020,ñuble,16,punilla,163,coihueco,16302,89,41,12,29,10,2,8,31,10,21
22021,ñuble,16,punilla,163,coihueco,16302,90,28,14,14,6,3,3,22,11,11
22022,ñuble,16,punilla,163,coihueco,16302,91,24,10,14,8,4,4,16,6,10
22023,ñuble,16,punilla,163,coihueco,16302,92,16,6,10,7,2,5,9,4,5
22024,ñuble,16,punilla,163,coihueco,16302,93,12,3,9,3,0,3,9,3,6
22025,ñuble,16,punilla,163,coihueco,16302,94,8,4,4,3,1,2,5,3,2
22026,ñuble,16,punilla,163,coihueco,16302,95,7,3,4,4,1,3,3,2,1
22027,ñuble,16,punilla,163,coihueco,16302,96,3,2,1,0,0,0,3,2,1
22028,ñuble,16,punilla,163,coihueco,16302,97,3,1,2,1,0,1,2,1,1
22029,ñuble,16,punilla,163,coihueco,16302,98,3,0,3,1,0,1,2,0,2
22030,ñuble,16,punilla,163,coihueco,16302,99,1,1,0,1,1,0,0,0,0
22031,ñuble,16,punilla,163,coihueco,16302,100 o más,6,2,4,2,0,2,4,2,2
22032,ñuble,16,punilla,163,ñiquén,16303,total comuna,11152,5616,5536,1153,518,635,9999,5098,4901
22033,ñuble,16,punilla,163,ñiquén,16303,0,92,47,45,12,6,6,80,41,39
22034,ñuble,16,punilla,163,ñiquén,16303,1,114,55,59,11,5,6,103,50,53
22035,ñuble,16,punilla,163,ñiquén,16303,2,141,68,73,19,6,13,122,62,60
22036,ñuble,16,punilla,163,ñiquén,16303,3,119,62,57,12,6,6,107,56,51
22037,ñuble,16,punilla,163,ñiquén,16303,4,142,78,64,19,11,8,123,67,56
22038,ñuble,16,punilla,163,ñiquén,16303,5,140,69,71,19,5,14,121,64,57
22039,ñuble,16,punilla,163,ñiquén,16303,6,139,60,79,9,4,5,130,56,74
22040,ñuble,16,punilla,163,ñiquén,16303,7,126,68,58,10,3,7,116,65,51
22041,ñuble,16,punilla,163,ñiquén,16303,8,122,65,57,14,8,6,108,57,51
22042,ñuble,16,punilla,163,ñiquén,16303,9,133,61,72,12,4,8,121,57,64
22043,ñuble,16,punilla,163,ñiquén,16303,10,127,62,65,15,12,3,112,50,62
22044,ñuble,16,punilla,163,ñiquén,16303,11,145,75,70,14,6,8,131,69,62
22045,ñuble,16,punilla,163,ñiquén,16303,12,144,74,70,11,7,4,133,67,66
22046,ñuble,16,punilla,163,ñiquén,16303,13,157,87,70,13,7,6,144,80,64
22047,ñuble,16,punilla,163,ñiquén,16303,14,164,99,65,14,7,7,150,92,58
22048,ñuble,16,punilla,163,ñiquén,16303,15,150,70,80,13,5,8,137,65,72
22049,ñuble,16,punilla,163,ñiquén,16303,16,147,78,69,16,6,10,131,72,59
22050,ñuble,16,punilla,163,ñiquén,16303,17,149,79,70,22,9,13,127,70,57
22051,ñuble,16,punilla,163,ñiquén,16303,18,126,62,64,11,5,6,115,57,58
22052,ñuble,16,punilla,163,ñiquén,16303,19,111,50,61,14,8,6,97,42,55
22053,ñuble,16,punilla,163,ñiquén,16303,20,117,56,61,11,2,9,106,54,52
22054,ñuble,16,punilla,163,ñiquén,16303,21,121,63,58,10,6,4,111,57,54
22055,ñuble,16,punilla,163,ñiquén,16303,22,101,57,44,13,6,7,88,51,37
22056,ñuble,16,punilla,163,ñiquén,16303,23,113,54,59,13,7,6,100,47,53
22057,ñuble,16,punilla,163,ñiquén,16303,24,105,49,56,12,6,6,93,43,50
22058,ñuble,16,punilla,163,ñiquén,16303,25,121,59,62,12,6,6,109,53,56
22059,ñuble,16,punilla,163,ñiquén,16303,26,129,64,65,15,5,10,114,59,55
22060,ñuble,16,punilla,163,ñiquén,16303,27,121,55,66,16,6,10,105,49,56
22061,ñuble,16,punilla,163,ñiquén,16303,28,102,41,61,11,6,5,91,35,56
22062,ñuble,16,punilla,163,ñiquén,16303,29,138,62,76,16,6,10,122,56,66
22063,ñuble,16,punilla,163,ñiquén,16303,30,133,65,68,14,6,8,119,59,60
22064,ñuble,16,punilla,163,ñiquén,16303,31,119,50,69,13,4,9,106,46,60
22065,ñuble,16,punilla,163,ñiquén,16303,32,124,61,63,13,8,5,111,53,58
22066,ñuble,16,punilla,163,ñiquén,16303,33,102,48,54,6,3,3,96,45,51
22067,ñuble,16,punilla,163,ñiquén,16303,34,118,52,66,14,6,8,104,46,58
22068,ñuble,16,punilla,163,ñiquén,16303,35,127,45,82,13,5,8,114,40,74
22069,ñuble,16,punilla,163,ñiquén,16303,36,120,44,76,16,6,10,104,38,66
22070,ñuble,16,punilla,163,ñiquén,16303,37,118,59,59,13,4,9,105,55,50
22071,ñuble,16,punilla,163,ñiquén,16303,38,120,58,62,17,6,11,103,52,51
22072,ñuble,16,punilla,163,ñiquén,16303,39,127,67,60,11,7,4,116,60,56
22073,ñuble,16,punilla,163,ñiquén,16303,40,121,64,57,15,8,7,106,56,50
22074,ñuble,16,punilla,163,ñiquén,16303,41,126,60,66,5,2,3,121,58,63
22075,ñuble,16,punilla,163,ñiquén,16303,42,135,71,64,14,8,6,121,63,58
22076,ñuble,16,punilla,163,ñiquén,16303,43,154,76,78,15,5,10,139,71,68
22077,ñuble,16,punilla,163,ñiquén,16303,44,155,74,81,21,11,10,134,63,71
22078,ñuble,16,punilla,163,ñiquén,16303,45,157,65,92,12,5,7,145,60,85
22079,ñuble,16,punilla,163,ñiquén,16303,46,165,89,76,18,9,9,147,80,67
22080,ñuble,16,punilla,163,ñiquén,16303,47,152,85,67,12,3,9,140,82,58
22081,ñuble,16,punilla,163,ñiquén,16303,48,185,84,101,18,5,13,167,79,88
22082,ñuble,16,punilla,163,ñiquén,16303,49,170,84,86,20,7,13,150,77,73
22083,ñuble,16,punilla,163,ñiquén,16303,50,181,92,89,13,9,4,168,83,85
22084,ñuble,16,punilla,163,ñiquén,16303,51,188,100,88,19,8,11,169,92,77
22085,ñuble,16,punilla,163,ñiquén,16303,52,186,100,86,14,8,6,172,92,80
22086,ñuble,16,punilla,163,ñiquén,16303,53,185,106,79,16,9,7,169,97,72
22087,ñuble,16,punilla,163,ñiquén,16303,54,191,86,105,17,5,12,174,81,93
22088,ñuble,16,punilla,163,ñiquén,16303,55,183,99,84,21,10,11,162,89,73
22089,ñuble,16,punilla,163,ñiquén,16303,56,175,99,76,12,8,4,163,91,72
22090,ñuble,16,punilla,163,ñiquén,16303,57,165,95,70,16,8,8,149,87,62
22091,ñuble,16,punilla,163,ñiquén,16303,58,172,97,75,16,8,8,156,89,67
22092,ñuble,16,punilla,163,ñiquén,16303,59,157,91,66,9,5,4,148,86,62
22093,ñuble,16,punilla,163,ñiquén,16303,60,168,83,85,16,5,11,152,78,74
22094,ñuble,16,punilla,163,ñiquén,16303,61,157,83,74,12,5,7,145,78,67
22095,ñuble,16,punilla,163,ñiquén,16303,62,165,90,75,21,8,13,144,82,62
22096,ñuble,16,punilla,163,ñiquén,16303,63,166,88,78,26,12,14,140,76,64
22097,ñuble,16,punilla,163,ñiquén,16303,64,124,69,55,16,6,10,108,63,45
22098,ñuble,16,punilla,163,ñiquén,16303,65,121,60,61,14,5,9,107,55,52
22099,ñuble,16,punilla,163,ñiquén,16303,66,142,75,67,12,8,4,130,67,63
22100,ñuble,16,punilla,163,ñiquén,16303,67,132,74,58,13,8,5,119,66,53
22101,ñuble,16,punilla,163,ñiquén,16303,68,120,63,57,8,4,4,112,59,53
22102,ñuble,16,punilla,163,ñiquén,16303,69,111,58,53,9,4,5,102,54,48
22103,ñuble,16,punilla,163,ñiquén,16303,70,115,58,57,15,4,11,100,54,46
22104,ñuble,16,punilla,163,ñiquén,16303,71,117,63,54,13,5,8,104,58,46
22105,ñuble,16,punilla,163,ñiquén,16303,72,114,64,50,14,8,6,100,56,44
22106,ñuble,16,punilla,163,ñiquén,16303,73,89,46,43,7,3,4,82,43,39
22107,ñuble,16,punilla,163,ñiquén,16303,74,109,60,49,14,7,7,95,53,42
22108,ñuble,16,punilla,163,ñiquén,16303,75,89,39,50,10,5,5,79,34,45
22109,ñuble,16,punilla,163,ñiquén,16303,76,81,37,44,9,3,6,72,34,38
22110,ñuble,16,punilla,163,ñiquén,16303,77,69,35,34,9,6,3,60,29,31
22111,ñuble,16,punilla,163,ñiquén,16303,78,67,35,32,5,3,2,62,32,30
22112,ñuble,16,punilla,163,ñiquén,16303,79,57,24,33,9,3,6,48,21,27
22113,ñuble,16,punilla,163,ñiquén,16303,80,67,25,42,6,1,5,61,24,37
22114,ñuble,16,punilla,163,ñiquén,16303,81,44,23,21,4,0,4,40,23,17
22115,ñuble,16,punilla,163,ñiquén,16303,82,52,26,26,7,3,4,45,23,22
22116,ñuble,16,punilla,163,ñiquén,16303,83,40,19,21,5,2,3,35,17,18
22117,ñuble,16,punilla,163,ñiquén,16303,84,42,20,22,9,3,6,33,17,16
22118,ñuble,16,punilla,163,ñiquén,16303,85,33,11,22,2,2,0,31,9,22
22119,ñuble,16,punilla,163,ñiquén,16303,86,41,21,20,5,4,1,36,17,19
22120,ñuble,16,punilla,163,ñiquén,16303,87,34,19,15,5,2,3,29,17,12
22121,ñuble,16,punilla,163,ñiquén,16303,88,24,14,10,2,0,2,22,14,8
22122,ñuble,16,punilla,163,ñiquén,16303,89,21,8,13,5,2,3,16,6,10
22123,ñuble,16,punilla,163,ñiquén,16303,90,18,8,10,2,1,1,16,7,9
22124,ñuble,16,punilla,163,ñiquén,16303,91,13,5,8,2,2,0,11,3,8
22125,ñuble,16,punilla,163,ñiquén,16303,92,11,3,8,1,1,0,10,2,8
22126,ñuble,16,punilla,163,ñiquén,16303,93,5,2,3,1,0,1,4,2,2
22127,ñuble,16,punilla,163,ñiquén,16303,94,2,1,1,0,0,0,2,1,1
22128,ñuble,16,punilla,163,ñiquén,16303,95,10,8,2,2,1,1,8,7,1
22129,ñuble,16,punilla,163,ñiquén,16303,96,3,0,3,0,0,0,3,0,3
22130,ñuble,16,punilla,163,ñiquén,16303,97,6,1,5,1,0,1,5,1,4
22131,ñuble,16,punilla,163,ñiquén,16303,98,2,1,1,0,0,0,2,1,1
22132,ñuble,16,punilla,163,ñiquén,16303,99,0,0,0,0,0,0,0,0,0
22133,ñuble,16,punilla,163,ñiquén,16303,100 o más,4,2,2,0,0,0,4,2,2
22134,ñuble,16,punilla,163,san fabián,16304,total comuna,4308,2203,2105,1694,815,879,2614,1388,1226
22135,ñuble,16,punilla,163,san fabián,16304,0,44,23,21,22,13,9,22,10,12
22136,ñuble,16,punilla,163,san fabián,16304,1,37,18,19,16,11,5,21,7,14
22137,ñuble,16,punilla,163,san fabián,16304,2,55,30,25,18,13,5,37,17,20
22138,ñuble,16,punilla,163,san fabián,16304,3,52,26,26,22,10,12,30,16,14
22139,ñuble,16,punilla,163,san fabián,16304,4,60,20,40,28,12,16,32,8,24
22140,ñuble,16,punilla,163,san fabián,16304,5,55,25,30,22,8,14,33,17,16
22141,ñuble,16,punilla,163,san fabián,16304,6,52,22,30,20,7,13,32,15,17
22142,ñuble,16,punilla,163,san fabián,16304,7,59,30,29,25,14,11,34,16,18
22143,ñuble,16,punilla,163,san fabián,16304,8,60,27,33,23,9,14,37,18,19
22144,ñuble,16,punilla,163,san fabián,16304,9,41,20,21,11,3,8,30,17,13
22145,ñuble,16,punilla,163,san fabián,16304,10,59,38,21,32,19,13,27,19,8
22146,ñuble,16,punilla,163,san fabián,16304,11,65,25,40,23,5,18,42,20,22
22147,ñuble,16,punilla,163,san fabián,16304,12,48,28,20,17,12,5,31,16,15
22148,ñuble,16,punilla,163,san fabián,16304,13,55,38,17,21,17,4,34,21,13
22149,ñuble,16,punilla,163,san fabián,16304,14,57,30,27,16,9,7,41,21,20
22150,ñuble,16,punilla,163,san fabián,16304,15,58,39,19,18,11,7,40,28,12
22151,ñuble,16,punilla,163,san fabián,16304,16,56,31,25,23,15,8,33,16,17
22152,ñuble,16,punilla,163,san fabián,16304,17,56,37,19,17,8,9,39,29,10
22153,ñuble,16,punilla,163,san fabián,16304,18,47,31,16,21,11,10,26,20,6
22154,ñuble,16,punilla,163,san fabián,16304,19,53,23,30,19,7,12,34,16,18
22155,ñuble,16,punilla,163,san fabián,16304,20,53,27,26,23,11,12,30,16,14
22156,ñuble,16,punilla,163,san fabián,16304,21,45,23,22,23,12,11,22,11,11
22157,ñuble,16,punilla,163,san fabián,16304,22,53,30,23,22,11,11,31,19,12
22158,ñuble,16,punilla,163,san fabián,16304,23,53,28,25,14,8,6,39,20,19
22159,ñuble,16,punilla,163,san fabián,16304,24,57,28,29,28,13,15,29,15,14
22160,ñuble,16,punilla,163,san fabián,16304,25,76,34,42,35,15,20,41,19,22
22161,ñuble,16,punilla,163,san fabián,16304,26,71,36,35,30,15,15,41,21,20
22162,ñuble,16,punilla,163,san fabián,16304,27,46,21,25,16,7,9,30,14,16
22163,ñuble,16,punilla,163,san fabián,16304,28,63,23,40,37,12,25,26,11,15
22164,ñuble,16,punilla,163,san fabián,16304,29,54,30,24,22,12,10,32,18,14
22165,ñuble,16,punilla,163,san fabián,16304,30,54,28,26,14,3,11,40,25,15
22166,ñuble,16,punilla,163,san fabián,16304,31,56,26,30,30,12,18,26,14,12
22167,ñuble,16,punilla,163,san fabián,16304,32,49,18,31,21,8,13,28,10,18
22168,ñuble,16,punilla,163,san fabián,16304,33,58,24,34,25,11,14,33,13,20
22169,ñuble,16,punilla,163,san fabián,16304,34,52,30,22,23,11,12,29,19,10
22170,ñuble,16,punilla,163,san fabián,16304,35,67,30,37,21,8,13,46,22,24
22171,ñuble,16,punilla,163,san fabián,16304,36,52,25,27,21,9,12,31,16,15
22172,ñuble,16,punilla,163,san fabián,16304,37,72,34,38,24,10,14,48,24,24
22173,ñuble,16,punilla,163,san fabián,16304,38,49,29,20,17,11,6,32,18,14
22174,ñuble,16,punilla,163,san fabián,16304,39,58,32,26,18,8,10,40,24,16
22175,ñuble,16,punilla,163,san fabián,16304,40,58,28,30,18,8,10,40,20,20
22176,ñuble,16,punilla,163,san fabián,16304,41,51,28,23,20,10,10,31,18,13
22177,ñuble,16,punilla,163,san fabián,16304,42,53,31,22,23,16,7,30,15,15
22178,ñuble,16,punilla,163,san fabián,16304,43,61,36,25,23,14,9,38,22,16
22179,ñuble,16,punilla,163,san fabián,16304,44,53,24,29,20,6,14,33,18,15
22180,ñuble,16,punilla,163,san fabián,16304,45,56,29,27,25,13,12,31,16,15
22181,ñuble,16,punilla,163,san fabián,16304,46,65,34,31,27,12,15,38,22,16
22182,ñuble,16,punilla,163,san fabián,16304,47,64,39,25,22,12,10,42,27,15
22183,ñuble,16,punilla,163,san fabián,16304,48,63,32,31,20,10,10,43,22,21
22184,ñuble,16,punilla,163,san fabián,16304,49,68,34,34,24,12,12,44,22,22
22185,ñuble,16,punilla,163,san fabián,16304,50,59,28,31,26,12,14,33,16,17
22186,ñuble,16,punilla,163,san fabián,16304,51,59,32,27,19,9,10,40,23,17
22187,ñuble,16,punilla,163,san fabián,16304,52,57,31,26,21,13,8,36,18,18
22188,ñuble,16,punilla,163,san fabián,16304,53,67,38,29,25,13,12,42,25,17
22189,ñuble,16,punilla,163,san fabián,16304,54,46,30,16,13,7,6,33,23,10
22190,ñuble,16,punilla,163,san fabián,16304,55,47,26,21,10,5,5,37,21,16
22191,ñuble,16,punilla,163,san fabián,16304,56,48,25,23,20,11,9,28,14,14
22192,ñuble,16,punilla,163,san fabián,16304,57,51,25,26,14,6,8,37,19,18
22193,ñuble,16,punilla,163,san fabián,16304,58,54,31,23,18,11,7,36,20,16
22194,ñuble,16,punilla,163,san fabián,16304,59,56,27,29,28,15,13,28,12,16
22195,ñuble,16,punilla,163,san fabián,16304,60,49,20,29,22,8,14,27,12,15
22196,ñuble,16,punilla,163,san fabián,16304,61,48,27,21,20,13,7,28,14,14
22197,ñuble,16,punilla,163,san fabián,16304,62,55,31,24,26,15,11,29,16,13
22198,ñuble,16,punilla,163,san fabián,16304,63,34,21,13,7,4,3,27,17,10
22199,ñuble,16,punilla,163,san fabián,16304,64,42,20,22,17,5,12,25,15,10
22200,ñuble,16,punilla,163,san fabián,16304,65,53,27,26,24,10,14,29,17,12
22201,ñuble,16,punilla,163,san fabián,16304,66,49,20,29,20,7,13,29,13,16
22202,ñuble,16,punilla,163,san fabián,16304,67,50,26,24,19,6,13,31,20,11
22203,ñuble,16,punilla,163,san fabián,16304,68,39,16,23,15,5,10,24,11,13
22204,ñuble,16,punilla,163,san fabián,16304,69,37,23,14,15,7,8,22,16,6
22205,ñuble,16,punilla,163,san fabián,16304,70,39,28,11,13,8,5,26,20,6
22206,ñuble,16,punilla,163,san fabián,16304,71,37,19,18,13,9,4,24,10,14
22207,ñuble,16,punilla,163,san fabián,16304,72,44,22,22,24,11,13,20,11,9
22208,ñuble,16,punilla,163,san fabián,16304,73,30,13,17,10,4,6,20,9,11
22209,ñuble,16,punilla,163,san fabián,16304,74,31,13,18,13,5,8,18,8,10
22210,ñuble,16,punilla,163,san fabián,16304,75,37,21,16,13,8,5,24,13,11
22211,ñuble,16,punilla,163,san fabián,16304,76,36,16,20,13,6,7,23,10,13
22212,ñuble,16,punilla,163,san fabián,16304,77,35,20,15,15,9,6,20,11,9
22213,ñuble,16,punilla,163,san fabián,16304,78,29,16,13,13,8,5,16,8,8
22214,ñuble,16,punilla,163,san fabián,16304,79,30,12,18,11,2,9,19,10,9
22215,ñuble,16,punilla,163,san fabián,16304,80,19,3,16,10,2,8,9,1,8
22216,ñuble,16,punilla,163,san fabián,16304,81,24,10,14,12,6,6,12,4,8
22217,ñuble,16,punilla,163,san fabián,16304,82,16,12,4,8,5,3,8,7,1
22218,ñuble,16,punilla,163,san fabián,16304,83,13,6,7,5,1,4,8,5,3
22219,ñuble,16,punilla,163,san fabián,16304,84,11,2,9,5,0,5,6,2,4
22220,ñuble,16,punilla,163,san fabián,16304,85,4,3,1,2,2,0,2,1,1
22221,ñuble,16,punilla,163,san fabián,16304,86,11,5,6,5,3,2,6,2,4
22222,ñuble,16,punilla,163,san fabián,16304,87,9,4,5,2,1,1,7,3,4
22223,ñuble,16,punilla,163,san fabián,16304,88,16,8,8,8,4,4,8,4,4
22224,ñuble,16,punilla,163,san fabián,16304,89,9,5,4,3,2,1,6,3,3
22225,ñuble,16,punilla,163,san fabián,16304,90,9,3,6,3,0,3,6,3,3
22226,ñuble,16,punilla,163,san fabián,16304,91,7,3,4,6,2,4,1,1,0
22227,ñuble,16,punilla,163,san fabián,16304,92,4,0,4,2,0,2,2,0,2
22228,ñuble,16,punilla,163,san fabián,16304,93,2,2,0,1,1,0,1,1,0
22229,ñuble,16,punilla,163,san fabián,16304,94,1,0,1,1,0,1,0,0,0
22230,ñuble,16,punilla,163,san fabián,16304,95,1,0,1,1,0,1,0,0,0
22231,ñuble,16,punilla,163,san fabián,16304,96,3,1,2,2,0,2,1,1,0
22232,ñuble,16,punilla,163,san fabián,16304,97,0,0,0,0,0,0,0,0,0
22233,ñuble,16,punilla,163,san fabián,16304,98,0,0,0,0,0,0,0,0,0
22234,ñuble,16,punilla,163,san fabián,16304,99,0,0,0,0,0,0,0,0,0
22235,ñuble,16,punilla,163,san fabián,16304,100 o más,2,0,2,1,0,1,1,0,1
22236,ñuble,16,punilla,163,san nicolás,16305,total comuna,11603,5796,5807,4887,2362,2525,6716,3434,3282
22237,ñuble,16,punilla,163,san nicolás,16305,0,120,53,67,56,25,31,64,28,36
22238,ñuble,16,punilla,163,san nicolás,16305,1,129,64,65,53,25,28,76,39,37
22239,ñuble,16,punilla,163,san nicolás,16305,2,142,73,69,60,32,28,82,41,41
22240,ñuble,16,punilla,163,san nicolás,16305,3,121,61,60,57,28,29,64,33,31
22241,ñuble,16,punilla,163,san nicolás,16305,4,100,41,59,42,21,21,58,20,38
22242,ñuble,16,punilla,163,san nicolás,16305,5,140,72,68,66,32,34,74,40,34
22243,ñuble,16,punilla,163,san nicolás,16305,6,149,82,67,63,33,30,86,49,37
22244,ñuble,16,punilla,163,san nicolás,16305,7,160,73,87,79,38,41,81,35,46
22245,ñuble,16,punilla,163,san nicolás,16305,8,167,86,81,71,36,35,96,50,46
22246,ñuble,16,punilla,163,san nicolás,16305,9,138,80,58,51,31,20,87,49,38
22247,ñuble,16,punilla,163,san nicolás,16305,10,154,87,67,69,39,30,85,48,37
22248,ñuble,16,punilla,163,san nicolás,16305,11,163,70,93,79,31,48,84,39,45
22249,ñuble,16,punilla,163,san nicolás,16305,12,146,86,60,64,37,27,82,49,33
22250,ñuble,16,punilla,163,san nicolás,16305,13,152,88,64,58,36,22,94,52,42
22251,ñuble,16,punilla,163,san nicolás,16305,14,174,97,77,98,53,45,76,44,32
22252,ñuble,16,punilla,163,san nicolás,16305,15,187,108,79,76,46,30,111,62,49
22253,ñuble,16,punilla,163,san nicolás,16305,16,176,99,77,89,46,43,87,53,34
22254,ñuble,16,punilla,163,san nicolás,16305,17,187,96,91,94,46,48,93,50,43
22255,ñuble,16,punilla,163,san nicolás,16305,18,144,70,74,70,29,41,74,41,33
22256,ñuble,16,punilla,163,san nicolás,16305,19,119,55,64,52,20,32,67,35,32
22257,ñuble,16,punilla,163,san nicolás,16305,20,149,73,76,70,33,37,79,40,39
22258,ñuble,16,punilla,163,san nicolás,16305,21,129,54,75,60,24,36,69,30,39
22259,ñuble,16,punilla,163,san nicolás,16305,22,151,74,77,78,39,39,73,35,38
22260,ñuble,16,punilla,163,san nicolás,16305,23,130,67,63,60,29,31,70,38,32
22261,ñuble,16,punilla,163,san nicolás,16305,24,139,64,75,69,30,39,70,34,36
22262,ñuble,16,punilla,163,san nicolás,16305,25,150,73,77,68,37,31,82,36,46
22263,ñuble,16,punilla,163,san nicolás,16305,26,147,70,77,72,37,35,75,33,42
22264,ñuble,16,punilla,163,san nicolás,16305,27,140,64,76,64,29,35,76,35,41
22265,ñuble,16,punilla,163,san nicolás,16305,28,122,63,59,71,36,35,51,27,24
22266,ñuble,16,punilla,163,san nicolás,16305,29,168,84,84,76,39,37,92,45,47
22267,ñuble,16,punilla,163,san nicolás,16305,30,130,58,72,62,27,35,68,31,37
22268,ñuble,16,punilla,163,san nicolás,16305,31,135,69,66,66,34,32,69,35,34
22269,ñuble,16,punilla,163,san nicolás,16305,32,127,58,69,61,30,31,66,28,38
22270,ñuble,16,punilla,163,san nicolás,16305,33,131,67,64,67,40,27,64,27,37
22271,ñuble,16,punilla,163,san nicolás,16305,34,154,75,79,74,34,40,80,41,39
22272,ñuble,16,punilla,163,san nicolás,16305,35,149,61,88,72,31,41,77,30,47
22273,ñuble,16,punilla,163,san nicolás,16305,36,132,55,77,54,21,33,78,34,44
22274,ñuble,16,punilla,163,san nicolás,16305,37,144,69,75,63,30,33,81,39,42
22275,ñuble,16,punilla,163,san nicolás,16305,38,132,68,64,66,34,32,66,34,32
22276,ñuble,16,punilla,163,san nicolás,16305,39,149,74,75,73,36,37,76,38,38
22277,ñuble,16,punilla,163,san nicolás,16305,40,119,61,58,48,28,20,71,33,38
22278,ñuble,16,punilla,163,san nicolás,16305,41,145,63,82,74,30,44,71,33,38
22279,ñuble,16,punilla,163,san nicolás,16305,42,171,85,86,66,30,36,105,55,50
22280,ñuble,16,punilla,163,san nicolás,16305,43,176,81,95,79,36,43,97,45,52
22281,ñuble,16,punilla,163,san nicolás,16305,44,208,100,108,88,41,47,120,59,61
22282,ñuble,16,punilla,163,san nicolás,16305,45,173,85,88,63,32,31,110,53,57
22283,ñuble,16,punilla,163,san nicolás,16305,46,169,66,103,68,25,43,101,41,60
22284,ñuble,16,punilla,163,san nicolás,16305,47,175,92,83,63,32,31,112,60,52
22285,ñuble,16,punilla,163,san nicolás,16305,48,198,109,89,83,43,40,115,66,49
22286,ñuble,16,punilla,163,san nicolás,16305,49,188,107,81,75,40,35,113,67,46
22287,ñuble,16,punilla,163,san nicolás,16305,50,183,92,91,65,33,32,118,59,59
22288,ñuble,16,punilla,163,san nicolás,16305,51,179,94,85,79,42,37,100,52,48
22289,ñuble,16,punilla,163,san nicolás,16305,52,190,101,89,77,42,35,113,59,54
22290,ñuble,16,punilla,163,san nicolás,16305,53,190,96,94,60,29,31,130,67,63
22291,ñuble,16,punilla,163,san nicolás,16305,54,187,102,85,71,34,37,116,68,48
22292,ñuble,16,punilla,163,san nicolás,16305,55,170,87,83,57,23,34,113,64,49
22293,ñuble,16,punilla,163,san nicolás,16305,56,157,82,75,60,27,33,97,55,42
22294,ñuble,16,punilla,163,san nicolás,16305,57,180,85,95,67,30,37,113,55,58
22295,ñuble,16,punilla,163,san nicolás,16305,58,131,68,63,48,24,24,83,44,39
22296,ñuble,16,punilla,163,san nicolás,16305,59,133,69,64,47,25,22,86,44,42
22297,ñuble,16,punilla,163,san nicolás,16305,60,161,84,77,68,34,34,93,50,43
22298,ñuble,16,punilla,163,san nicolás,16305,61,154,92,62,54,27,27,100,65,35
22299,ñuble,16,punilla,163,san nicolás,16305,62,140,65,75,48,16,32,92,49,43
22300,ñuble,16,punilla,163,san nicolás,16305,63,124,59,65,41,12,29,83,47,36
22301,ñuble,16,punilla,163,san nicolás,16305,64,134,67,67,45,22,23,89,45,44
22302,ñuble,16,punilla,163,san nicolás,16305,65,118,55,63,37,11,26,81,44,37
22303,ñuble,16,punilla,163,san nicolás,16305,66,94,53,41,31,16,15,63,37,26
22304,ñuble,16,punilla,163,san nicolás,16305,67,134,67,67,55,30,25,79,37,42
22305,ñuble,16,punilla,163,san nicolás,16305,68,121,60,61,61,30,31,60,30,30
22306,ñuble,16,punilla,163,san nicolás,16305,69,114,57,57,40,19,21,74,38,36
22307,ñuble,16,punilla,163,san nicolás,16305,70,98,52,46,35,14,21,63,38,25
22308,ñuble,16,punilla,163,san nicolás,16305,71,98,48,50,32,11,21,66,37,29
22309,ñuble,16,punilla,163,san nicolás,16305,72,85,45,40,31,14,17,54,31,23
22310,ñuble,16,punilla,163,san nicolás,16305,73,83,41,42,25,14,11,58,27,31
22311,ñuble,16,punilla,163,san nicolás,16305,74,99,50,49,25,12,13,74,38,36
22312,ñuble,16,punilla,163,san nicolás,16305,75,79,40,39,24,14,10,55,26,29
22313,ñuble,16,punilla,163,san nicolás,16305,76,74,37,37,27,13,14,47,24,23
22314,ñuble,16,punilla,163,san nicolás,16305,77,67,30,37,18,7,11,49,23,26
22315,ñuble,16,punilla,163,san nicolás,16305,78,43,21,22,20,11,9,23,10,13
22316,ñuble,16,punilla,163,san nicolás,16305,79,49,21,28,19,8,11,30,13,17
22317,ñuble,16,punilla,163,san nicolás,16305,80,51,25,26,15,6,9,36,19,17
22318,ñuble,16,punilla,163,san nicolás,16305,81,35,10,25,15,4,11,20,6,14
22319,ñuble,16,punilla,163,san nicolás,16305,82,49,23,26,11,5,6,38,18,20
22320,ñuble,16,punilla,163,san nicolás,16305,83,18,8,10,7,4,3,11,4,7
22321,ñuble,16,punilla,163,san nicolás,16305,84,29,12,17,14,8,6,15,4,11
22322,ñuble,16,punilla,163,san nicolás,16305,85,30,12,18,12,3,9,18,9,9
22323,ñuble,16,punilla,163,san nicolás,16305,86,26,13,13,11,4,7,15,9,6
22324,ñuble,16,punilla,163,san nicolás,16305,87,23,12,11,4,2,2,19,10,9
22325,ñuble,16,punilla,163,san nicolás,16305,88,17,9,8,7,3,4,10,6,4
22326,ñuble,16,punilla,163,san nicolás,16305,89,13,6,7,3,2,1,10,4,6
22327,ñuble,16,punilla,163,san nicolás,16305,90,7,2,5,2,0,2,5,2,3
22328,ñuble,16,punilla,163,san nicolás,16305,91,12,4,8,8,2,6,4,2,2
22329,ñuble,16,punilla,163,san nicolás,16305,92,6,2,4,4,0,4,2,2,0
22330,ñuble,16,punilla,163,san nicolás,16305,93,5,2,3,3,1,2,2,1,1
22331,ñuble,16,punilla,163,san nicolás,16305,94,5,2,3,1,0,1,4,2,2
22332,ñuble,16,punilla,163,san nicolás,16305,95,2,1,1,1,1,0,1,0,1
22333,ñuble,16,punilla,163,san nicolás,16305,96,4,1,3,1,1,0,3,0,3
22334,ñuble,16,punilla,163,san nicolás,16305,97,3,2,1,1,1,0,2,1,1
22335,ñuble,16,punilla,163,san nicolás,16305,98,0,0,0,0,0,0,0,0,0
22336,ñuble,16,punilla,163,san nicolás,16305,99,0,0,0,0,0,0,0,0,0
22337,ñuble,16,punilla,163,san nicolás,16305,100 o más,1,0,1,0,0,0,1,0,1
22338,biobío,8,concepción,81,concepción,8101,total comuna,223574,107624,115950,219057,105366,113691,4517,2258,2259
22339,biobío,8,concepción,81,concepción,8101,0,2340,1213,1127,2278,1183,1095,62,30,32
22340,biobío,8,concepción,81,concepción,8101,1,2372,1197,1175,2307,1166,1141,65,31,34
22341,biobío,8,concepción,81,concepción,8101,2,2406,1236,1170,2333,1201,1132,73,35,38
22342,biobío,8,concepción,81,concepción,8101,3,2335,1201,1134,2266,1158,1108,69,43,26
22343,biobío,8,concepción,81,concepción,8101,4,2365,1173,1192,2302,1145,1157,63,28,35
22344,biobío,8,concepción,81,concepción,8101,5,2469,1313,1156,2380,1261,1119,89,52,37
22345,biobío,8,concepción,81,concepción,8101,6,2541,1280,1261,2478,1253,1225,63,27,36
22346,biobío,8,concepción,81,concepción,8101,7,2443,1249,1194,2384,1215,1169,59,34,25
22347,biobío,8,concepción,81,concepción,8101,8,2304,1140,1164,2241,1106,1135,63,34,29
22348,biobío,8,concepción,81,concepción,8101,9,2183,1108,1075,2130,1082,1048,53,26,27
22349,biobío,8,concepción,81,concepción,8101,10,2213,1169,1044,2147,1133,1014,66,36,30
22350,biobío,8,concepción,81,concepción,8101,11,2274,1206,1068,2220,1174,1046,54,32,22
22351,biobío,8,concepción,81,concepción,8101,12,2200,1111,1089,2142,1079,1063,58,32,26
22352,biobío,8,concepción,81,concepción,8101,13,2242,1153,1089,2184,1126,1058,58,27,31
22353,biobío,8,concepción,81,concepción,8101,14,2378,1140,1238,2317,1107,1210,61,33,28
22354,biobío,8,concepción,81,concepción,8101,15,2459,1275,1184,2392,1243,1149,67,32,35
22355,biobío,8,concepción,81,concepción,8101,16,2521,1280,1241,2441,1243,1198,80,37,43
22356,biobío,8,concepción,81,concepción,8101,17,2781,1425,1356,2711,1391,1320,70,34,36
22357,biobío,8,concepción,81,concepción,8101,18,4549,2377,2172,4479,2344,2135,70,33,37
22358,biobío,8,concepción,81,concepción,8101,19,5136,2544,2592,5083,2525,2558,53,19,34
22359,biobío,8,concepción,81,concepción,8101,20,5175,2568,2607,5106,2534,2572,69,34,35
22360,biobío,8,concepción,81,concepción,8101,21,5381,2692,2689,5329,2665,2664,52,27,25
22361,biobío,8,concepción,81,concepción,8101,22,5274,2672,2602,5211,2641,2570,63,31,32
22362,biobío,8,concepción,81,concepción,8101,23,5038,2604,2434,4976,2582,2394,62,22,40
22363,biobío,8,concepción,81,concepción,8101,24,4895,2573,2322,4833,2546,2287,62,27,35
22364,biobío,8,concepción,81,concepción,8101,25,4782,2485,2297,4718,2454,2264,64,31,33
22365,biobío,8,concepción,81,concepción,8101,26,4543,2340,2203,4464,2295,2169,79,45,34
22366,biobío,8,concepción,81,concepción,8101,27,4435,2292,2143,4359,2254,2105,76,38,38
22367,biobío,8,concepción,81,concepción,8101,28,3986,2119,1867,3923,2091,1832,63,28,35
22368,biobío,8,concepción,81,concepción,8101,29,3761,1898,1863,3687,1860,1827,74,38,36
22369,biobío,8,concepción,81,concepción,8101,30,3458,1754,1704,3374,1718,1656,84,36,48
22370,biobío,8,concepción,81,concepción,8101,31,3253,1637,1616,3191,1605,1586,62,32,30
22371,biobío,8,concepción,81,concepción,8101,32,3180,1604,1576,3115,1571,1544,65,33,32
22372,biobío,8,concepción,81,concepción,8101,33,3018,1545,1473,2947,1509,1438,71,36,35
22373,biobío,8,concepción,81,concepción,8101,34,3141,1576,1565,3062,1535,1527,79,41,38
22374,biobío,8,concepción,81,concepción,8101,35,3101,1553,1548,3025,1513,1512,76,40,36
22375,biobío,8,concepción,81,concepción,8101,36,2798,1378,1420,2728,1345,1383,70,33,37
22376,biobío,8,concepción,81,concepción,8101,37,2827,1350,1477,2754,1314,1440,73,36,37
22377,biobío,8,concepción,81,concepción,8101,38,2602,1254,1348,2553,1231,1322,49,23,26
22378,biobío,8,concepción,81,concepción,8101,39,2548,1236,1312,2488,1206,1282,60,30,30
22379,biobío,8,concepción,81,concepción,8101,40,2516,1177,1339,2464,1157,1307,52,20,32
22380,biobío,8,concepción,81,concepción,8101,41,2685,1278,1407,2638,1255,1383,47,23,24
22381,biobío,8,concepción,81,concepción,8101,42,2653,1272,1381,2594,1245,1349,59,27,32
22382,biobío,8,concepción,81,concepción,8101,43,2828,1357,1471,2773,1331,1442,55,26,29
22383,biobío,8,concepción,81,concepción,8101,44,2725,1295,1430,2652,1256,1396,73,39,34
22384,biobío,8,concepción,81,concepción,8101,45,2741,1368,1373,2680,1330,1350,61,38,23
22385,biobío,8,concepción,81,concepción,8101,46,2643,1248,1395,2571,1212,1359,72,36,36
22386,biobío,8,concepción,81,concepción,8101,47,2688,1266,1422,2624,1231,1393,64,35,29
22387,biobío,8,concepción,81,concepción,8101,48,2747,1288,1459,2685,1260,1425,62,28,34
22388,biobío,8,concepción,81,concepción,8101,49,2939,1370,1569,2877,1348,1529,62,22,40
22389,biobío,8,concepción,81,concepción,8101,50,2836,1314,1522,2774,1282,1492,62,32,30
22390,biobío,8,concepción,81,concepción,8101,51,2791,1285,1506,2717,1248,1469,74,37,37
22391,biobío,8,concepción,81,concepción,8101,52,2912,1358,1554,2858,1330,1528,54,28,26
22392,biobío,8,concepción,81,concepción,8101,53,2844,1282,1562,2787,1255,1532,57,27,30
22393,biobío,8,concepción,81,concepción,8101,54,2900,1388,1512,2837,1358,1479,63,30,33
22394,biobío,8,concepción,81,concepción,8101,55,2802,1232,1570,2740,1196,1544,62,36,26
22395,biobío,8,concepción,81,concepción,8101,56,2724,1206,1518,2666,1176,1490,58,30,28
22396,biobío,8,concepción,81,concepción,8101,57,2608,1152,1456,2548,1125,1423,60,27,33
22397,biobío,8,concepción,81,concepción,8101,58,2620,1156,1464,2561,1122,1439,59,34,25
22398,biobío,8,concepción,81,concepción,8101,59,2462,1138,1324,2399,1103,1296,63,35,28
22399,biobío,8,concepción,81,concepción,8101,60,2555,1153,1402,2510,1131,1379,45,22,23
22400,biobío,8,concepción,81,concepción,8101,61,2240,986,1254,2191,961,1230,49,25,24
22401,biobío,8,concepción,81,concepción,8101,62,2213,991,1222,2177,973,1204,36,18,18
22402,biobío,8,concepción,81,concepción,8101,63,2214,991,1223,2163,965,1198,51,26,25
22403,biobío,8,concepción,81,concepción,8101,64,2123,984,1139,2082,959,1123,41,25,16
22404,biobío,8,concepción,81,concepción,8101,65,1922,844,1078,1883,825,1058,39,19,20
22405,biobío,8,concepción,81,concepción,8101,66,1803,805,998,1783,792,991,20,13,7
22406,biobío,8,concepción,81,concepción,8101,67,1766,787,979,1740,777,963,26,10,16
22407,biobío,8,concepción,81,concepción,8101,68,1695,719,976,1657,700,957,38,19,19
22408,biobío,8,concepción,81,concepción,8101,69,1638,709,929,1613,695,918,25,14,11
22409,biobío,8,concepción,81,concepción,8101,70,1643,727,916,1613,709,904,30,18,12
22410,biobío,8,concepción,81,concepción,8101,71,1455,605,850,1435,591,844,20,14,6
22411,biobío,8,concepción,81,concepción,8101,72,1426,610,816,1413,606,807,13,4,9
22412,biobío,8,concepción,81,concepción,8101,73,1298,552,746,1277,542,735,21,10,11
22413,biobío,8,concepción,81,concepción,8101,74,1264,516,748,1247,508,739,17,8,9
22414,biobío,8,concepción,81,concepción,8101,75,1164,450,714,1139,439,700,25,11,14
22415,biobío,8,concepción,81,concepción,8101,76,1069,410,659,1043,399,644,26,11,15
22416,biobío,8,concepción,81,concepción,8101,77,1090,409,681,1075,402,673,15,7,8
22417,biobío,8,concepción,81,concepción,8101,78,919,386,533,901,375,526,18,11,7
22418,biobío,8,concepción,81,concepción,8101,79,830,320,510,825,318,507,5,2,3
22419,biobío,8,concepción,81,concepción,8101,80,801,308,493,791,300,491,10,8,2
22420,biobío,8,concepción,81,concepción,8101,81,726,275,451,719,273,446,7,2,5
22421,biobío,8,concepción,81,concepción,8101,82,704,279,425,693,274,419,11,5,6
22422,biobío,8,concepción,81,concepción,8101,83,609,219,390,599,215,384,10,4,6
22423,biobío,8,concepción,81,concepción,8101,84,592,212,380,584,210,374,8,2,6
22424,biobío,8,concepción,81,concepción,8101,85,538,189,349,534,187,347,4,2,2
22425,biobío,8,concepción,81,concepción,8101,86,509,195,314,496,185,311,13,10,3
22426,biobío,8,concepción,81,concepción,8101,87,425,131,294,420,128,292,5,3,2
22427,biobío,8,concepción,81,concepción,8101,88,360,103,257,354,101,253,6,2,4
22428,biobío,8,concepción,81,concepción,8101,89,354,107,247,350,105,245,4,2,2
22429,biobío,8,concepción,81,concepción,8101,90,253,78,175,249,74,175,4,4,0
22430,biobío,8,concepción,81,concepción,8101,91,212,45,167,210,44,166,2,1,1
22431,biobío,8,concepción,81,concepción,8101,92,217,45,172,215,45,170,2,0,2
22432,biobío,8,concepción,81,concepción,8101,93,128,22,106,126,22,104,2,0,2
22433,biobío,8,concepción,81,concepción,8101,94,100,27,73,99,27,72,1,0,1
22434,biobío,8,concepción,81,concepción,8101,95,102,14,88,102,14,88,0,0,0
22435,biobío,8,concepción,81,concepción,8101,96,64,21,43,64,21,43,0,0,0
22436,biobío,8,concepción,81,concepción,8101,97,53,15,38,53,15,38,0,0,0
22437,biobío,8,concepción,81,concepción,8101,98,32,13,19,32,13,19,0,0,0
22438,biobío,8,concepción,81,concepción,8101,99,29,3,26,29,3,26,0,0,0
22439,biobío,8,concepción,81,concepción,8101,100 o más,68,19,49,68,19,49,0,0,0
22440,biobío,8,concepción,81,coronel,8102,total comuna,116262,55799,60463,113074,54207,58867,3188,1592,1596
22441,biobío,8,concepción,81,coronel,8102,0,1556,791,765,1508,761,747,48,30,18
22442,biobío,8,concepción,81,coronel,8102,1,1704,851,853,1654,825,829,50,26,24
22443,biobío,8,concepción,81,coronel,8102,2,1890,926,964,1834,895,939,56,31,25
22444,biobío,8,concepción,81,coronel,8102,3,1702,854,848,1652,832,820,50,22,28
22445,biobío,8,concepción,81,coronel,8102,4,1812,899,913,1764,883,881,48,16,32
22446,biobío,8,concepción,81,coronel,8102,5,1766,904,862,1723,882,841,43,22,21
22447,biobío,8,concepción,81,coronel,8102,6,1977,991,986,1922,967,955,55,24,31
22448,biobío,8,concepción,81,coronel,8102,7,1865,951,914,1820,928,892,45,23,22
22449,biobío,8,concepción,81,coronel,8102,8,1666,853,813,1617,825,792,49,28,21
22450,biobío,8,concepción,81,coronel,8102,9,1764,884,880,1700,851,849,64,33,31
22451,biobío,8,concepción,81,coronel,8102,10,1724,883,841,1686,861,825,38,22,16
22452,biobío,8,concepción,81,coronel,8102,11,1662,839,823,1606,815,791,56,24,32
22453,biobío,8,concepción,81,coronel,8102,12,1570,791,779,1520,770,750,50,21,29
22454,biobío,8,concepción,81,coronel,8102,13,1678,837,841,1627,805,822,51,32,19
22455,biobío,8,concepción,81,coronel,8102,14,1785,888,897,1742,866,876,43,22,21
22456,biobío,8,concepción,81,coronel,8102,15,1677,847,830,1628,816,812,49,31,18
22457,biobío,8,concepción,81,coronel,8102,16,1796,937,859,1753,916,837,43,21,22
22458,biobío,8,concepción,81,coronel,8102,17,1697,872,825,1666,860,806,31,12,19
22459,biobío,8,concepción,81,coronel,8102,18,1640,808,832,1607,795,812,33,13,20
22460,biobío,8,concepción,81,coronel,8102,19,1687,903,784,1666,888,778,21,15,6
22461,biobío,8,concepción,81,coronel,8102,20,1738,872,866,1716,863,853,22,9,13
22462,biobío,8,concepción,81,coronel,8102,21,1690,849,841,1648,829,819,42,20,22
22463,biobío,8,concepción,81,coronel,8102,22,1744,844,900,1708,828,880,36,16,20
22464,biobío,8,concepción,81,coronel,8102,23,1775,848,927,1740,826,914,35,22,13
22465,biobío,8,concepción,81,coronel,8102,24,1812,885,927,1783,870,913,29,15,14
22466,biobío,8,concepción,81,coronel,8102,25,1884,926,958,1845,906,939,39,20,19
22467,biobío,8,concepción,81,coronel,8102,26,2057,966,1091,2016,948,1068,41,18,23
22468,biobío,8,concepción,81,coronel,8102,27,1917,910,1007,1871,890,981,46,20,26
22469,biobío,8,concepción,81,coronel,8102,28,1867,926,941,1826,903,923,41,23,18
22470,biobío,8,concepción,81,coronel,8102,29,1806,870,936,1774,855,919,32,15,17
22471,biobío,8,concepción,81,coronel,8102,30,1728,799,929,1691,780,911,37,19,18
22472,biobío,8,concepción,81,coronel,8102,31,1606,759,847,1570,749,821,36,10,26
22473,biobío,8,concepción,81,coronel,8102,32,1553,744,809,1516,726,790,37,18,19
22474,biobío,8,concepción,81,coronel,8102,33,1575,760,815,1526,737,789,49,23,26
22475,biobío,8,concepción,81,coronel,8102,34,1632,758,874,1585,737,848,47,21,26
22476,biobío,8,concepción,81,coronel,8102,35,1675,785,890,1625,760,865,50,25,25
22477,biobío,8,concepción,81,coronel,8102,36,1522,718,804,1481,699,782,41,19,22
22478,biobío,8,concepción,81,coronel,8102,37,1473,711,762,1421,688,733,52,23,29
22479,biobío,8,concepción,81,coronel,8102,38,1362,655,707,1327,637,690,35,18,17
22480,biobío,8,concepción,81,coronel,8102,39,1367,675,692,1314,652,662,53,23,30
22481,biobío,8,concepción,81,coronel,8102,40,1330,608,722,1287,586,701,43,22,21
22482,biobío,8,concepción,81,coronel,8102,41,1399,633,766,1349,605,744,50,28,22
22483,biobío,8,concepción,81,coronel,8102,42,1457,660,797,1425,650,775,32,10,22
22484,biobío,8,concepción,81,coronel,8102,43,1610,761,849,1564,738,826,46,23,23
22485,biobío,8,concepción,81,coronel,8102,44,1558,730,828,1516,710,806,42,20,22
22486,biobío,8,concepción,81,coronel,8102,45,1533,713,820,1489,690,799,44,23,21
22487,biobío,8,concepción,81,coronel,8102,46,1615,736,879,1579,717,862,36,19,17
22488,biobío,8,concepción,81,coronel,8102,47,1497,709,788,1446,685,761,51,24,27
22489,biobío,8,concepción,81,coronel,8102,48,1554,716,838,1519,700,819,35,16,19
22490,biobío,8,concepción,81,coronel,8102,49,1711,779,932,1660,750,910,51,29,22
22491,biobío,8,concepción,81,coronel,8102,50,1728,798,930,1683,774,909,45,24,21
22492,biobío,8,concepción,81,coronel,8102,51,1713,809,904,1667,786,881,46,23,23
22493,biobío,8,concepción,81,coronel,8102,52,1702,794,908,1649,773,876,53,21,32
22494,biobío,8,concepción,81,coronel,8102,53,1595,739,856,1548,719,829,47,20,27
22495,biobío,8,concepción,81,coronel,8102,54,1656,795,861,1610,775,835,46,20,26
22496,biobío,8,concepción,81,coronel,8102,55,1649,791,858,1603,767,836,46,24,22
22497,biobío,8,concepción,81,coronel,8102,56,1489,675,814,1451,653,798,38,22,16
22498,biobío,8,concepción,81,coronel,8102,57,1381,670,711,1348,646,702,33,24,9
22499,biobío,8,concepción,81,coronel,8102,58,1417,702,715,1377,685,692,40,17,23
22500,biobío,8,concepción,81,coronel,8102,59,1224,617,607,1193,597,596,31,20,11
22501,biobío,8,concepción,81,coronel,8102,60,1246,608,638,1209,590,619,37,18,19
22502,biobío,8,concepción,81,coronel,8102,61,1178,548,630,1127,524,603,51,24,27
22503,biobío,8,concepción,81,coronel,8102,62,1157,537,620,1113,511,602,44,26,18
22504,biobío,8,concepción,81,coronel,8102,63,1067,498,569,1030,483,547,37,15,22
22505,biobío,8,concepción,81,coronel,8102,64,1018,486,532,983,467,516,35,19,16
22506,biobío,8,concepción,81,coronel,8102,65,915,451,464,888,436,452,27,15,12
22507,biobío,8,concepción,81,coronel,8102,66,817,394,423,794,379,415,23,15,8
22508,biobío,8,concepción,81,coronel,8102,67,788,353,435,757,334,423,31,19,12
22509,biobío,8,concepción,81,coronel,8102,68,720,314,406,696,305,391,24,9,15
22510,biobío,8,concepción,81,coronel,8102,69,708,312,396,680,298,382,28,14,14
22511,biobío,8,concepción,81,coronel,8102,70,641,286,355,623,275,348,18,11,7
22512,biobío,8,concepción,81,coronel,8102,71,609,289,320,586,274,312,23,15,8
22513,biobío,8,concepción,81,coronel,8102,72,597,264,333,570,250,320,27,14,13
22514,biobío,8,concepción,81,coronel,8102,73,550,223,327,527,212,315,23,11,12
22515,biobío,8,concepción,81,coronel,8102,74,535,218,317,512,204,308,23,14,9
22516,biobío,8,concepción,81,coronel,8102,75,500,218,282,488,209,279,12,9,3
22517,biobío,8,concepción,81,coronel,8102,76,452,194,258,434,182,252,18,12,6
22518,biobío,8,concepción,81,coronel,8102,77,412,157,255,397,147,250,15,10,5
22519,biobío,8,concepción,81,coronel,8102,78,349,160,189,331,149,182,18,11,7
22520,biobío,8,concepción,81,coronel,8102,79,348,155,193,339,149,190,9,6,3
22521,biobío,8,concepción,81,coronel,8102,80,280,125,155,265,118,147,15,7,8
22522,biobío,8,concepción,81,coronel,8102,81,272,121,151,264,119,145,8,2,6
22523,biobío,8,concepción,81,coronel,8102,82,253,109,144,246,106,140,7,3,4
22524,biobío,8,concepción,81,coronel,8102,83,230,91,139,227,90,137,3,1,2
22525,biobío,8,concepción,81,coronel,8102,84,230,88,142,221,85,136,9,3,6
22526,biobío,8,concepción,81,coronel,8102,85,201,72,129,196,70,126,5,2,3
22527,biobío,8,concepción,81,coronel,8102,86,205,69,136,194,66,128,11,3,8
22528,biobío,8,concepción,81,coronel,8102,87,171,54,117,164,53,111,7,1,6
22529,biobío,8,concepción,81,coronel,8102,88,137,56,81,132,54,78,5,2,3
22530,biobío,8,concepción,81,coronel,8102,89,107,34,73,103,33,70,4,1,3
22531,biobío,8,concepción,81,coronel,8102,90,82,27,55,80,26,54,2,1,1
22532,biobío,8,concepción,81,coronel,8102,91,54,16,38,53,16,37,1,0,1
22533,biobío,8,concepción,81,coronel,8102,92,60,16,44,56,15,41,4,1,3
22534,biobío,8,concepción,81,coronel,8102,93,40,21,19,37,18,19,3,3,0
22535,biobío,8,concepción,81,coronel,8102,94,25,8,17,24,7,17,1,1,0
22536,biobío,8,concepción,81,coronel,8102,95,28,9,19,27,9,18,1,0,1
22537,biobío,8,concepción,81,coronel,8102,96,15,6,9,15,6,9,0,0,0
22538,biobío,8,concepción,81,coronel,8102,97,8,0,8,7,0,7,1,0,1
22539,biobío,8,concepción,81,coronel,8102,98,9,2,7,9,2,7,0,0,0
22540,biobío,8,concepción,81,coronel,8102,99,6,0,6,6,0,6,0,0,0
22541,biobío,8,concepción,81,coronel,8102,100 o más,23,6,17,23,6,17,0,0,0
22542,biobío,8,concepción,81,chiguayante,8103,total comuna,85938,40505,45433,85863,40468,45395,75,37,38
22543,biobío,8,concepción,81,chiguayante,8103,0,999,520,479,998,520,478,1,0,1
22544,biobío,8,concepción,81,chiguayante,8103,1,1072,533,539,1071,533,538,1,0,1
22545,biobío,8,concepción,81,chiguayante,8103,2,1051,540,511,1048,539,509,3,1,2
22546,biobío,8,concepción,81,chiguayante,8103,3,1065,547,518,1065,547,518,0,0,0
22547,biobío,8,concepción,81,chiguayante,8103,4,1078,550,528,1077,549,528,1,1,0
22548,biobío,8,concepción,81,chiguayante,8103,5,1136,598,538,1134,597,537,2,1,1
22549,biobío,8,concepción,81,chiguayante,8103,6,1302,668,634,1300,667,633,2,1,1
22550,biobío,8,concepción,81,chiguayante,8103,7,1156,582,574,1156,582,574,0,0,0
22551,biobío,8,concepción,81,chiguayante,8103,8,1124,592,532,1119,589,530,5,3,2
22552,biobío,8,concepción,81,chiguayante,8103,9,1165,617,548,1164,617,547,1,0,1
22553,biobío,8,concepción,81,chiguayante,8103,10,1117,567,550,1117,567,550,0,0,0
22554,biobío,8,concepción,81,chiguayante,8103,11,1064,532,532,1062,532,530,2,0,2
22555,biobío,8,concepción,81,chiguayante,8103,12,1130,590,540,1128,588,540,2,2,0
22556,biobío,8,concepción,81,chiguayante,8103,13,1166,586,580,1166,586,580,0,0,0
22557,biobío,8,concepción,81,chiguayante,8103,14,1176,591,585,1171,590,581,5,1,4
22558,biobío,8,concepción,81,chiguayante,8103,15,1310,662,648,1309,662,647,1,0,1
22559,biobío,8,concepción,81,chiguayante,8103,16,1245,608,637,1243,606,637,2,2,0
22560,biobío,8,concepción,81,chiguayante,8103,17,1333,646,687,1332,645,687,1,1,0
22561,biobío,8,concepción,81,chiguayante,8103,18,1361,669,692,1361,669,692,0,0,0
22562,biobío,8,concepción,81,chiguayante,8103,19,1366,697,669,1366,697,669,0,0,0
22563,biobío,8,concepción,81,chiguayante,8103,20,1453,722,731,1449,721,728,4,1,3
22564,biobío,8,concepción,81,chiguayante,8103,21,1421,696,725,1420,696,724,1,0,1
22565,biobío,8,concepción,81,chiguayante,8103,22,1479,750,729,1477,749,728,2,1,1
22566,biobío,8,concepción,81,chiguayante,8103,23,1438,690,748,1438,690,748,0,0,0
22567,biobío,8,concepción,81,chiguayante,8103,24,1469,729,740,1469,729,740,0,0,0
22568,biobío,8,concepción,81,chiguayante,8103,25,1463,726,737,1462,726,736,1,0,1
22569,biobío,8,concepción,81,chiguayante,8103,26,1513,753,760,1512,753,759,1,0,1
22570,biobío,8,concepción,81,chiguayante,8103,27,1442,746,696,1440,746,694,2,0,2
22571,biobío,8,concepción,81,chiguayante,8103,28,1374,671,703,1374,671,703,0,0,0
22572,biobío,8,concepción,81,chiguayante,8103,29,1169,549,620,1168,549,619,1,0,1
22573,biobío,8,concepción,81,chiguayante,8103,30,1118,538,580,1118,538,580,0,0,0
22574,biobío,8,concepción,81,chiguayante,8103,31,1085,536,549,1085,536,549,0,0,0
22575,biobío,8,concepción,81,chiguayante,8103,32,1023,493,530,1022,492,530,1,1,0
22576,biobío,8,concepción,81,chiguayante,8103,33,1029,486,543,1027,484,543,2,2,0
22577,biobío,8,concepción,81,chiguayante,8103,34,1102,489,613,1102,489,613,0,0,0
22578,biobío,8,concepción,81,chiguayante,8103,35,1146,537,609,1145,536,609,1,1,0
22579,biobío,8,concepción,81,chiguayante,8103,36,1066,517,549,1066,517,549,0,0,0
22580,biobío,8,concepción,81,chiguayante,8103,37,1103,504,599,1102,504,598,1,0,1
22581,biobío,8,concepción,81,chiguayante,8103,38,1016,467,549,1015,466,549,1,1,0
22582,biobío,8,concepción,81,chiguayante,8103,39,951,438,513,951,438,513,0,0,0
22583,biobío,8,concepción,81,chiguayante,8103,40,899,440,459,897,440,457,2,0,2
22584,biobío,8,concepción,81,chiguayante,8103,41,1037,442,595,1036,442,594,1,0,1
22585,biobío,8,concepción,81,chiguayante,8103,42,1094,480,614,1092,480,612,2,0,2
22586,biobío,8,concepción,81,chiguayante,8103,43,1134,505,629,1134,505,629,0,0,0
22587,biobío,8,concepción,81,chiguayante,8103,44,1245,568,677,1244,567,677,1,1,0
22588,biobío,8,concepción,81,chiguayante,8103,45,1314,585,729,1314,585,729,0,0,0
22589,biobío,8,concepción,81,chiguayante,8103,46,1172,497,675,1172,497,675,0,0,0
22590,biobío,8,concepción,81,chiguayante,8103,47,1245,545,700,1244,544,700,1,1,0
22591,biobío,8,concepción,81,chiguayante,8103,48,1202,539,663,1201,538,663,1,1,0
22592,biobío,8,concepción,81,chiguayante,8103,49,1306,580,726,1306,580,726,0,0,0
22593,biobío,8,concepción,81,chiguayante,8103,50,1271,588,683,1268,587,681,3,1,2
22594,biobío,8,concepción,81,chiguayante,8103,51,1320,598,722,1317,595,722,3,3,0
22595,biobío,8,concepción,81,chiguayante,8103,52,1310,580,730,1309,579,730,1,1,0
22596,biobío,8,concepción,81,chiguayante,8103,53,1250,575,675,1248,573,675,2,2,0
22597,biobío,8,concepción,81,chiguayante,8103,54,1306,602,704,1305,602,703,1,0,1
22598,biobío,8,concepción,81,chiguayante,8103,55,1170,537,633,1170,537,633,0,0,0
22599,biobío,8,concepción,81,chiguayante,8103,56,1185,521,664,1184,520,664,1,1,0
22600,biobío,8,concepción,81,chiguayante,8103,57,1061,475,586,1061,475,586,0,0,0
22601,biobío,8,concepción,81,chiguayante,8103,58,1019,475,544,1018,475,543,1,0,1
22602,biobío,8,concepción,81,chiguayante,8103,59,1047,486,561,1046,485,561,1,1,0
22603,biobío,8,concepción,81,chiguayante,8103,60,968,443,525,968,443,525,0,0,0
22604,biobío,8,concepción,81,chiguayante,8103,61,932,411,521,931,410,521,1,1,0
22605,biobío,8,concepción,81,chiguayante,8103,62,816,389,427,815,388,427,1,1,0
22606,biobío,8,concepción,81,chiguayante,8103,63,871,383,488,871,383,488,0,0,0
22607,biobío,8,concepción,81,chiguayante,8103,64,782,357,425,782,357,425,0,0,0
22608,biobío,8,concepción,81,chiguayante,8103,65,804,365,439,802,363,439,2,2,0
22609,biobío,8,concepción,81,chiguayante,8103,66,671,320,351,671,320,351,0,0,0
22610,biobío,8,concepción,81,chiguayante,8103,67,683,302,381,683,302,381,0,0,0
22611,biobío,8,concepción,81,chiguayante,8103,68,669,282,387,669,282,387,0,0,0
22612,biobío,8,concepción,81,chiguayante,8103,69,637,256,381,637,256,381,0,0,0
22613,biobío,8,concepción,81,chiguayante,8103,70,570,246,324,570,246,324,0,0,0
22614,biobío,8,concepción,81,chiguayante,8103,71,575,245,330,575,245,330,0,0,0
22615,biobío,8,concepción,81,chiguayante,8103,72,471,206,265,471,206,265,0,0,0
22616,biobío,8,concepción,81,chiguayante,8103,73,413,177,236,413,177,236,0,0,0
22617,biobío,8,concepción,81,chiguayante,8103,74,448,187,261,447,187,260,1,0,1
22618,biobío,8,concepción,81,chiguayante,8103,75,418,157,261,418,157,261,0,0,0
22619,biobío,8,concepción,81,chiguayante,8103,76,364,156,208,364,156,208,0,0,0
22620,biobío,8,concepción,81,chiguayante,8103,77,383,135,248,382,135,247,1,0,1
22621,biobío,8,concepción,81,chiguayante,8103,78,275,117,158,275,117,158,0,0,0
22622,biobío,8,concepción,81,chiguayante,8103,79,293,126,167,293,126,167,0,0,0
22623,biobío,8,concepción,81,chiguayante,8103,80,264,104,160,264,104,160,0,0,0
22624,biobío,8,concepción,81,chiguayante,8103,81,217,87,130,217,87,130,0,0,0
22625,biobío,8,concepción,81,chiguayante,8103,82,198,74,124,198,74,124,0,0,0
22626,biobío,8,concepción,81,chiguayante,8103,83,177,72,105,177,72,105,0,0,0
22627,biobío,8,concepción,81,chiguayante,8103,84,168,60,108,168,60,108,0,0,0
22628,biobío,8,concepción,81,chiguayante,8103,85,155,58,97,155,58,97,0,0,0
22629,biobío,8,concepción,81,chiguayante,8103,86,149,47,102,149,47,102,0,0,0
22630,biobío,8,concepción,81,chiguayante,8103,87,139,40,99,139,40,99,0,0,0
22631,biobío,8,concepción,81,chiguayante,8103,88,95,24,71,95,24,71,0,0,0
22632,biobío,8,concepción,81,chiguayante,8103,89,107,29,78,107,29,78,0,0,0
22633,biobío,8,concepción,81,chiguayante,8103,90,68,21,47,68,21,47,0,0,0
22634,biobío,8,concepción,81,chiguayante,8103,91,58,13,45,58,13,45,0,0,0
22635,biobío,8,concepción,81,chiguayante,8103,92,59,12,47,59,12,47,0,0,0
22636,biobío,8,concepción,81,chiguayante,8103,93,40,12,28,40,12,28,0,0,0
22637,biobío,8,concepción,81,chiguayante,8103,94,33,12,21,33,12,21,0,0,0
22638,biobío,8,concepción,81,chiguayante,8103,95,29,10,19,29,10,19,0,0,0
22639,biobío,8,concepción,81,chiguayante,8103,96,21,6,15,20,5,15,1,1,0
22640,biobío,8,concepción,81,chiguayante,8103,97,24,6,18,24,6,18,0,0,0
22641,biobío,8,concepción,81,chiguayante,8103,98,10,4,6,10,4,6,0,0,0
22642,biobío,8,concepción,81,chiguayante,8103,99,8,1,7,8,1,7,0,0,0
22643,biobío,8,concepción,81,chiguayante,8103,100 o más,13,3,10,13,3,10,0,0,0
22644,biobío,8,concepción,81,florida,8104,total comuna,10624,5386,5238,4560,2183,2377,6064,3203,2861
22645,biobío,8,concepción,81,florida,8104,0,95,46,49,56,28,28,39,18,21
22646,biobío,8,concepción,81,florida,8104,1,102,49,53,52,28,24,50,21,29
22647,biobío,8,concepción,81,florida,8104,2,119,54,65,52,24,28,67,30,37
22648,biobío,8,concepción,81,florida,8104,3,117,58,59,62,31,31,55,27,28
22649,biobío,8,concepción,81,florida,8104,4,120,67,53,61,34,27,59,33,26
22650,biobío,8,concepción,81,florida,8104,5,114,60,54,60,29,31,54,31,23
22651,biobío,8,concepción,81,florida,8104,6,140,74,66,65,38,27,75,36,39
22652,biobío,8,concepción,81,florida,8104,7,129,63,66,62,30,32,67,33,34
22653,biobío,8,concepción,81,florida,8104,8,129,65,64,68,36,32,61,29,32
22654,biobío,8,concepción,81,florida,8104,9,129,59,70,62,22,40,67,37,30
22655,biobío,8,concepción,81,florida,8104,10,113,64,49,55,34,21,58,30,28
22656,biobío,8,concepción,81,florida,8104,11,144,72,72,75,35,40,69,37,32
22657,biobío,8,concepción,81,florida,8104,12,122,63,59,56,27,29,66,36,30
22658,biobío,8,concepción,81,florida,8104,13,124,52,72,57,28,29,67,24,43
22659,biobío,8,concepción,81,florida,8104,14,120,68,52,66,34,32,54,34,20
22660,biobío,8,concepción,81,florida,8104,15,130,75,55,50,27,23,80,48,32
22661,biobío,8,concepción,81,florida,8104,16,115,63,52,59,30,29,56,33,23
22662,biobío,8,concepción,81,florida,8104,17,135,69,66,65,29,36,70,40,30
22663,biobío,8,concepción,81,florida,8104,18,113,55,58,53,23,30,60,32,28
22664,biobío,8,concepción,81,florida,8104,19,101,46,55,49,25,24,52,21,31
22665,biobío,8,concepción,81,florida,8104,20,120,65,55,57,32,25,63,33,30
22666,biobío,8,concepción,81,florida,8104,21,129,79,50,59,32,27,70,47,23
22667,biobío,8,concepción,81,florida,8104,22,128,61,67,59,29,30,69,32,37
22668,biobío,8,concepción,81,florida,8104,23,115,58,57,51,24,27,64,34,30
22669,biobío,8,concepción,81,florida,8104,24,131,73,58,70,39,31,61,34,27
22670,biobío,8,concepción,81,florida,8104,25,170,83,87,85,44,41,85,39,46
22671,biobío,8,concepción,81,florida,8104,26,110,53,57,57,23,34,53,30,23
22672,biobío,8,concepción,81,florida,8104,27,127,58,69,60,26,34,67,32,35
22673,biobío,8,concepción,81,florida,8104,28,146,70,76,74,34,40,72,36,36
22674,biobío,8,concepción,81,florida,8104,29,130,55,75,66,26,40,64,29,35
22675,biobío,8,concepción,81,florida,8104,30,132,65,67,61,33,28,71,32,39
22676,biobío,8,concepción,81,florida,8104,31,137,71,66,70,35,35,67,36,31
22677,biobío,8,concepción,81,florida,8104,32,139,70,69,76,39,37,63,31,32
22678,biobío,8,concepción,81,florida,8104,33,134,72,62,55,25,30,79,47,32
22679,biobío,8,concepción,81,florida,8104,34,120,63,57,55,30,25,65,33,32
22680,biobío,8,concepción,81,florida,8104,35,119,64,55,57,30,27,62,34,28
22681,biobío,8,concepción,81,florida,8104,36,118,62,56,53,25,28,65,37,28
22682,biobío,8,concepción,81,florida,8104,37,103,49,54,49,21,28,54,28,26
22683,biobío,8,concepción,81,florida,8104,38,118,57,61,55,29,26,63,28,35
22684,biobío,8,concepción,81,florida,8104,39,120,63,57,45,19,26,75,44,31
22685,biobío,8,concepción,81,florida,8104,40,99,47,52,47,18,29,52,29,23
22686,biobío,8,concepción,81,florida,8104,41,129,59,70,53,26,27,76,33,43
22687,biobío,8,concepción,81,florida,8104,42,135,72,63,59,34,25,76,38,38
22688,biobío,8,concepción,81,florida,8104,43,158,93,65,59,30,29,99,63,36
22689,biobío,8,concepción,81,florida,8104,44,159,86,73,61,35,26,98,51,47
22690,biobío,8,concepción,81,florida,8104,45,170,90,80,62,35,27,108,55,53
22691,biobío,8,concepción,81,florida,8104,46,170,102,68,65,41,24,105,61,44
22692,biobío,8,concepción,81,florida,8104,47,149,69,80,56,26,30,93,43,50
22693,biobío,8,concepción,81,florida,8104,48,147,77,70,62,28,34,85,49,36
22694,biobío,8,concepción,81,florida,8104,49,173,89,84,70,36,34,103,53,50
22695,biobío,8,concepción,81,florida,8104,50,188,89,99,77,28,49,111,61,50
22696,biobío,8,concepción,81,florida,8104,51,145,73,72,61,27,34,84,46,38
22697,biobío,8,concepción,81,florida,8104,52,191,96,95,86,36,50,105,60,45
22698,biobío,8,concepción,81,florida,8104,53,163,90,73,64,34,30,99,56,43
22699,biobío,8,concepción,81,florida,8104,54,167,85,82,61,26,35,106,59,47
22700,biobío,8,concepción,81,florida,8104,55,177,93,84,73,37,36,104,56,48
22701,biobío,8,concepción,81,florida,8104,56,172,78,94,61,24,37,111,54,57
22702,biobío,8,concepción,81,florida,8104,57,173,84,89,72,35,37,101,49,52
22703,biobío,8,concepción,81,florida,8104,58,165,75,90,70,26,44,95,49,46
22704,biobío,8,concepción,81,florida,8104,59,142,67,75,50,18,32,92,49,43
22705,biobío,8,concepción,81,florida,8104,60,146,87,59,43,25,18,103,62,41
22706,biobío,8,concepción,81,florida,8104,61,154,79,75,55,26,29,99,53,46
22707,biobío,8,concepción,81,florida,8104,62,131,68,63,53,23,30,78,45,33
22708,biobío,8,concepción,81,florida,8104,63,137,72,65,49,26,23,88,46,42
22709,biobío,8,concepción,81,florida,8104,64,131,66,65,41,18,23,90,48,42
22710,biobío,8,concepción,81,florida,8104,65,116,60,56,31,16,15,85,44,41
22711,biobío,8,concepción,81,florida,8104,66,125,55,70,41,16,25,84,39,45
22712,biobío,8,concepción,81,florida,8104,67,114,60,54,30,15,15,84,45,39
22713,biobío,8,concepción,81,florida,8104,68,117,69,48,47,22,25,70,47,23
22714,biobío,8,concepción,81,florida,8104,69,108,56,52,37,15,22,71,41,30
22715,biobío,8,concepción,81,florida,8104,70,98,48,50,35,14,21,63,34,29
22716,biobío,8,concepción,81,florida,8104,71,97,50,47,34,14,20,63,36,27
22717,biobío,8,concepción,81,florida,8104,72,101,58,43,41,18,23,60,40,20
22718,biobío,8,concepción,81,florida,8104,73,85,37,48,28,14,14,57,23,34
22719,biobío,8,concepción,81,florida,8104,74,78,43,35,25,11,14,53,32,21
22720,biobío,8,concepción,81,florida,8104,75,84,43,41,36,20,16,48,23,25
22721,biobío,8,concepción,81,florida,8104,76,84,43,41,39,16,23,45,27,18
22722,biobío,8,concepción,81,florida,8104,77,65,33,32,21,12,9,44,21,23
22723,biobío,8,concepción,81,florida,8104,78,70,32,38,32,12,20,38,20,18
22724,biobío,8,concepción,81,florida,8104,79,46,23,23,19,8,11,27,15,12
22725,biobío,8,concepción,81,florida,8104,80,51,20,31,17,4,13,34,16,18
22726,biobío,8,concepción,81,florida,8104,81,36,18,18,12,3,9,24,15,9
22727,biobío,8,concepción,81,florida,8104,82,60,30,30,18,7,11,42,23,19
22728,biobío,8,concepción,81,florida,8104,83,21,8,13,8,2,6,13,6,7
22729,biobío,8,concepción,81,florida,8104,84,31,15,16,9,5,4,22,10,12
22730,biobío,8,concepción,81,florida,8104,85,37,19,18,16,6,10,21,13,8
22731,biobío,8,concepción,81,florida,8104,86,35,14,21,14,3,11,21,11,10
22732,biobío,8,concepción,81,florida,8104,87,29,12,17,15,8,7,14,4,10
22733,biobío,8,concepción,81,florida,8104,88,25,10,15,12,3,9,13,7,6
22734,biobío,8,concepción,81,florida,8104,89,22,12,10,10,7,3,12,5,7
22735,biobío,8,concepción,81,florida,8104,90,11,4,7,5,1,4,6,3,3
22736,biobío,8,concepción,81,florida,8104,91,11,2,9,3,0,3,8,2,6
22737,biobío,8,concepción,81,florida,8104,92,12,6,6,5,3,2,7,3,4
22738,biobío,8,concepción,81,florida,8104,93,11,2,9,2,0,2,9,2,7
22739,biobío,8,concepción,81,florida,8104,94,4,3,1,2,2,0,2,1,1
22740,biobío,8,concepción,81,florida,8104,95,4,1,3,2,0,2,2,1,1
22741,biobío,8,concepción,81,florida,8104,96,2,1,1,1,1,0,1,0,1
22742,biobío,8,concepción,81,florida,8104,97,1,0,1,0,0,0,1,0,1
22743,biobío,8,concepción,81,florida,8104,98,3,0,3,3,0,3,0,0,0
22744,biobío,8,concepción,81,florida,8104,99,1,0,1,1,0,1,0,0,0
22745,biobío,8,concepción,81,florida,8104,100 o más,1,0,1,0,0,0,1,0,1
22746,biobío,8,concepción,81,hualqui,8105,total comuna,24333,11843,12490,20889,10030,10859,3444,1813,1631
22747,biobío,8,concepción,81,hualqui,8105,0,314,171,143,283,158,125,31,13,18
22748,biobío,8,concepción,81,hualqui,8105,1,325,176,149,294,160,134,31,16,15
22749,biobío,8,concepción,81,hualqui,8105,2,350,183,167,319,165,154,31,18,13
22750,biobío,8,concepción,81,hualqui,8105,3,328,157,171,291,136,155,37,21,16
22751,biobío,8,concepción,81,hualqui,8105,4,333,167,166,298,145,153,35,22,13
22752,biobío,8,concepción,81,hualqui,8105,5,381,211,170,348,193,155,33,18,15
22753,biobío,8,concepción,81,hualqui,8105,6,429,223,206,378,201,177,51,22,29
22754,biobío,8,concepción,81,hualqui,8105,7,394,216,178,349,189,160,45,27,18
22755,biobío,8,concepción,81,hualqui,8105,8,358,185,173,315,157,158,43,28,15
22756,biobío,8,concepción,81,hualqui,8105,9,351,193,158,311,171,140,40,22,18
22757,biobío,8,concepción,81,hualqui,8105,10,323,156,167,288,136,152,35,20,15
22758,biobío,8,concepción,81,hualqui,8105,11,328,168,160,292,150,142,36,18,18
22759,biobío,8,concepción,81,hualqui,8105,12,358,183,175,319,162,157,39,21,18
22760,biobío,8,concepción,81,hualqui,8105,13,365,211,154,328,184,144,37,27,10
22761,biobío,8,concepción,81,hualqui,8105,14,374,166,208,337,151,186,37,15,22
22762,biobío,8,concepción,81,hualqui,8105,15,390,190,200,351,168,183,39,22,17
22763,biobío,8,concepción,81,hualqui,8105,16,362,180,182,324,168,156,38,12,26
22764,biobío,8,concepción,81,hualqui,8105,17,364,173,191,335,155,180,29,18,11
22765,biobío,8,concepción,81,hualqui,8105,18,341,175,166,310,161,149,31,14,17
22766,biobío,8,concepción,81,hualqui,8105,19,318,177,141,281,164,117,37,13,24
22767,biobío,8,concepción,81,hualqui,8105,20,358,174,184,322,151,171,36,23,13
22768,biobío,8,concepción,81,hualqui,8105,21,387,196,191,353,178,175,34,18,16
22769,biobío,8,concepción,81,hualqui,8105,22,374,171,203,339,153,186,35,18,17
22770,biobío,8,concepción,81,hualqui,8105,23,389,188,201,353,170,183,36,18,18
22771,biobío,8,concepción,81,hualqui,8105,24,351,168,183,316,149,167,35,19,16
22772,biobío,8,concepción,81,hualqui,8105,25,387,196,191,358,184,174,29,12,17
22773,biobío,8,concepción,81,hualqui,8105,26,343,159,184,310,143,167,33,16,17
22774,biobío,8,concepción,81,hualqui,8105,27,390,180,210,359,166,193,31,14,17
22775,biobío,8,concepción,81,hualqui,8105,28,382,181,201,337,159,178,45,22,23
22776,biobío,8,concepción,81,hualqui,8105,29,347,178,169,310,156,154,37,22,15
22777,biobío,8,concepción,81,hualqui,8105,30,282,146,136,258,134,124,24,12,12
22778,biobío,8,concepción,81,hualqui,8105,31,305,148,157,275,129,146,30,19,11
22779,biobío,8,concepción,81,hualqui,8105,32,300,130,170,272,114,158,28,16,12
22780,biobío,8,concepción,81,hualqui,8105,33,327,148,179,297,136,161,30,12,18
22781,biobío,8,concepción,81,hualqui,8105,34,342,179,163,304,163,141,38,16,22
22782,biobío,8,concepción,81,hualqui,8105,35,367,183,184,327,161,166,40,22,18
22783,biobío,8,concepción,81,hualqui,8105,36,314,143,171,276,122,154,38,21,17
22784,biobío,8,concepción,81,hualqui,8105,37,343,174,169,286,143,143,57,31,26
22785,biobío,8,concepción,81,hualqui,8105,38,304,136,168,270,117,153,34,19,15
22786,biobío,8,concepción,81,hualqui,8105,39,272,127,145,230,101,129,42,26,16
22787,biobío,8,concepción,81,hualqui,8105,40,228,121,107,202,103,99,26,18,8
22788,biobío,8,concepción,81,hualqui,8105,41,325,139,186,282,121,161,43,18,25
22789,biobío,8,concepción,81,hualqui,8105,42,277,138,139,243,122,121,34,16,18
22790,biobío,8,concepción,81,hualqui,8105,43,307,153,154,261,130,131,46,23,23
22791,biobío,8,concepción,81,hualqui,8105,44,360,164,196,314,142,172,46,22,24
22792,biobío,8,concepción,81,hualqui,8105,45,360,152,208,308,124,184,52,28,24
22793,biobío,8,concepción,81,hualqui,8105,46,304,137,167,260,115,145,44,22,22
22794,biobío,8,concepción,81,hualqui,8105,47,322,139,183,265,113,152,57,26,31
22795,biobío,8,concepción,81,hualqui,8105,48,337,160,177,271,127,144,66,33,33
22796,biobío,8,concepción,81,hualqui,8105,49,384,197,187,322,159,163,62,38,24
22797,biobío,8,concepción,81,hualqui,8105,50,360,175,185,305,144,161,55,31,24
22798,biobío,8,concepción,81,hualqui,8105,51,373,176,197,303,136,167,70,40,30
22799,biobío,8,concepción,81,hualqui,8105,52,365,179,186,308,144,164,57,35,22
22800,biobío,8,concepción,81,hualqui,8105,53,351,179,172,292,142,150,59,37,22
22801,biobío,8,concepción,81,hualqui,8105,54,339,164,175,288,141,147,51,23,28
22802,biobío,8,concepción,81,hualqui,8105,55,342,161,181,273,127,146,69,34,35
22803,biobío,8,concepción,81,hualqui,8105,56,311,148,163,252,122,130,59,26,33
22804,biobío,8,concepción,81,hualqui,8105,57,300,143,157,237,110,127,63,33,30
22805,biobío,8,concepción,81,hualqui,8105,58,270,137,133,216,102,114,54,35,19
22806,biobío,8,concepción,81,hualqui,8105,59,273,131,142,214,103,111,59,28,31
22807,biobío,8,concepción,81,hualqui,8105,60,280,134,146,218,102,116,62,32,30
22808,biobío,8,concepción,81,hualqui,8105,61,230,110,120,192,85,107,38,25,13
22809,biobío,8,concepción,81,hualqui,8105,62,255,132,123,195,99,96,60,33,27
22810,biobío,8,concepción,81,hualqui,8105,63,218,107,111,181,82,99,37,25,12
22811,biobío,8,concepción,81,hualqui,8105,64,203,98,105,160,75,85,43,23,20
22812,biobío,8,concepción,81,hualqui,8105,65,166,83,83,129,64,65,37,19,18
22813,biobío,8,concepción,81,hualqui,8105,66,213,105,108,162,78,84,51,27,24
22814,biobío,8,concepción,81,hualqui,8105,67,161,73,88,112,50,62,49,23,26
22815,biobío,8,concepción,81,hualqui,8105,68,171,76,95,132,56,76,39,20,19
22816,biobío,8,concepción,81,hualqui,8105,69,165,75,90,116,56,60,49,19,30
22817,biobío,8,concepción,81,hualqui,8105,70,142,63,79,104,43,61,38,20,18
22818,biobío,8,concepción,81,hualqui,8105,71,148,75,73,100,49,51,48,26,22
22819,biobío,8,concepción,81,hualqui,8105,72,125,58,67,93,43,50,32,15,17
22820,biobío,8,concepción,81,hualqui,8105,73,156,75,81,116,53,63,40,22,18
22821,biobío,8,concepción,81,hualqui,8105,74,119,52,67,90,35,55,29,17,12
22822,biobío,8,concepción,81,hualqui,8105,75,125,51,74,97,33,64,28,18,10
22823,biobío,8,concepción,81,hualqui,8105,76,113,47,66,81,30,51,32,17,15
22824,biobío,8,concepción,81,hualqui,8105,77,110,47,63,84,35,49,26,12,14
22825,biobío,8,concepción,81,hualqui,8105,78,84,40,44,66,29,37,18,11,7
22826,biobío,8,concepción,81,hualqui,8105,79,63,30,33,49,24,25,14,6,8
22827,biobío,8,concepción,81,hualqui,8105,80,89,46,43,60,30,30,29,16,13
22828,biobío,8,concepción,81,hualqui,8105,81,73,37,36,55,29,26,18,8,10
22829,biobío,8,concepción,81,hualqui,8105,82,66,34,32,51,24,27,15,10,5
22830,biobío,8,concepción,81,hualqui,8105,83,65,26,39,51,17,34,14,9,5
22831,biobío,8,concepción,81,hualqui,8105,84,51,16,35,38,11,27,13,5,8
22832,biobío,8,concepción,81,hualqui,8105,85,64,29,35,55,23,32,9,6,3
22833,biobío,8,concepción,81,hualqui,8105,86,47,12,35,35,8,27,12,4,8
22834,biobío,8,concepción,81,hualqui,8105,87,35,12,23,28,9,19,7,3,4
22835,biobío,8,concepción,81,hualqui,8105,88,29,10,19,23,9,14,6,1,5
22836,biobío,8,concepción,81,hualqui,8105,89,25,9,16,20,7,13,5,2,3
22837,biobío,8,concepción,81,hualqui,8105,90,20,6,14,17,4,13,3,2,1
22838,biobío,8,concepción,81,hualqui,8105,91,12,3,9,8,1,7,4,2,2
22839,biobío,8,concepción,81,hualqui,8105,92,17,4,13,12,1,11,5,3,2
22840,biobío,8,concepción,81,hualqui,8105,93,9,3,6,5,1,4,4,2,2
22841,biobío,8,concepción,81,hualqui,8105,94,12,3,9,10,3,7,2,0,2
22842,biobío,8,concepción,81,hualqui,8105,95,6,0,6,4,0,4,2,0,2
22843,biobío,8,concepción,81,hualqui,8105,96,10,0,10,8,0,8,2,0,2
22844,biobío,8,concepción,81,hualqui,8105,97,4,1,3,3,1,2,1,0,1
22845,biobío,8,concepción,81,hualqui,8105,98,4,0,4,3,0,3,1,0,1
22846,biobío,8,concepción,81,hualqui,8105,99,4,1,3,2,0,2,2,1,1
22847,biobío,8,concepción,81,hualqui,8105,100 o más,6,1,5,5,1,4,1,0,1
22848,biobío,8,concepción,81,lota,8106,total comuna,43535,20950,22585,43427,20898,22529,108,52,56
22849,biobío,8,concepción,81,lota,8106,0,499,250,249,498,250,248,1,0,1
22850,biobío,8,concepción,81,lota,8106,1,644,317,327,643,317,326,1,0,1
22851,biobío,8,concepción,81,lota,8106,2,590,305,285,589,304,285,1,1,0
22852,biobío,8,concepción,81,lota,8106,3,550,290,260,547,288,259,3,2,1
22853,biobío,8,concepción,81,lota,8106,4,591,311,280,591,311,280,0,0,0
22854,biobío,8,concepción,81,lota,8106,5,603,310,293,601,309,292,2,1,1
22855,biobío,8,concepción,81,lota,8106,6,641,301,340,638,300,338,3,1,2
22856,biobío,8,concepción,81,lota,8106,7,600,311,289,597,310,287,3,1,2
22857,biobío,8,concepción,81,lota,8106,8,511,266,245,511,266,245,0,0,0
22858,biobío,8,concepción,81,lota,8106,9,567,288,279,567,288,279,0,0,0
22859,biobío,8,concepción,81,lota,8106,10,600,328,272,599,328,271,1,0,1
22860,biobío,8,concepción,81,lota,8106,11,577,291,286,575,291,284,2,0,2
22861,biobío,8,concepción,81,lota,8106,12,600,311,289,599,311,288,1,0,1
22862,biobío,8,concepción,81,lota,8106,13,557,267,290,556,267,289,1,0,1
22863,biobío,8,concepción,81,lota,8106,14,632,327,305,632,327,305,0,0,0
22864,biobío,8,concepción,81,lota,8106,15,610,311,299,609,310,299,1,1,0
22865,biobío,8,concepción,81,lota,8106,16,606,304,302,605,304,301,1,0,1
22866,biobío,8,concepción,81,lota,8106,17,629,309,320,628,309,319,1,0,1
22867,biobío,8,concepción,81,lota,8106,18,570,264,306,569,263,306,1,1,0
22868,biobío,8,concepción,81,lota,8106,19,667,322,345,667,322,345,0,0,0
22869,biobío,8,concepción,81,lota,8106,20,682,349,333,680,349,331,2,0,2
22870,biobío,8,concepción,81,lota,8106,21,694,347,347,693,347,346,1,0,1
22871,biobío,8,concepción,81,lota,8106,22,643,292,351,642,291,351,1,1,0
22872,biobío,8,concepción,81,lota,8106,23,648,328,320,648,328,320,0,0,0
22873,biobío,8,concepción,81,lota,8106,24,707,332,375,707,332,375,0,0,0
22874,biobío,8,concepción,81,lota,8106,25,725,334,391,723,333,390,2,1,1
22875,biobío,8,concepción,81,lota,8106,26,682,347,335,680,346,334,2,1,1
22876,biobío,8,concepción,81,lota,8106,27,658,342,316,657,342,315,1,0,1
22877,biobío,8,concepción,81,lota,8106,28,618,315,303,617,314,303,1,1,0
22878,biobío,8,concepción,81,lota,8106,29,580,282,298,579,282,297,1,0,1
22879,biobío,8,concepción,81,lota,8106,30,506,250,256,505,250,255,1,0,1
22880,biobío,8,concepción,81,lota,8106,31,535,273,262,534,272,262,1,1,0
22881,biobío,8,concepción,81,lota,8106,32,462,230,232,461,230,231,1,0,1
22882,biobío,8,concepción,81,lota,8106,33,460,219,241,459,219,240,1,0,1
22883,biobío,8,concepción,81,lota,8106,34,483,227,256,481,226,255,2,1,1
22884,biobío,8,concepción,81,lota,8106,35,516,226,290,516,226,290,0,0,0
22885,biobío,8,concepción,81,lota,8106,36,464,234,230,461,234,227,3,0,3
22886,biobío,8,concepción,81,lota,8106,37,425,205,220,425,205,220,0,0,0
22887,biobío,8,concepción,81,lota,8106,38,429,178,251,426,176,250,3,2,1
22888,biobío,8,concepción,81,lota,8106,39,437,206,231,436,205,231,1,1,0
22889,biobío,8,concepción,81,lota,8106,40,474,234,240,473,233,240,1,1,0
22890,biobío,8,concepción,81,lota,8106,41,539,282,257,539,282,257,0,0,0
22891,biobío,8,concepción,81,lota,8106,42,537,269,268,537,269,268,0,0,0
22892,biobío,8,concepción,81,lota,8106,43,559,244,315,558,244,314,1,0,1
22893,biobío,8,concepción,81,lota,8106,44,614,279,335,614,279,335,0,0,0
22894,biobío,8,concepción,81,lota,8106,45,610,286,324,607,285,322,3,1,2
22895,biobío,8,concepción,81,lota,8106,46,615,299,316,612,297,315,3,2,1
22896,biobío,8,concepción,81,lota,8106,47,667,327,340,664,325,339,3,2,1
22897,biobío,8,concepción,81,lota,8106,48,657,300,357,656,300,356,1,0,1
22898,biobío,8,concepción,81,lota,8106,49,662,305,357,660,303,357,2,2,0
22899,biobío,8,concepción,81,lota,8106,50,668,312,356,667,312,355,1,0,1
22900,biobío,8,concepción,81,lota,8106,51,680,335,345,679,334,345,1,1,0
22901,biobío,8,concepción,81,lota,8106,52,692,319,373,692,319,373,0,0,0
22902,biobío,8,concepción,81,lota,8106,53,686,319,367,681,315,366,5,4,1
22903,biobío,8,concepción,81,lota,8106,54,685,319,366,684,319,365,1,0,1
22904,biobío,8,concepción,81,lota,8106,55,623,306,317,623,306,317,0,0,0
22905,biobío,8,concepción,81,lota,8106,56,628,302,326,627,301,326,1,1,0
22906,biobío,8,concepción,81,lota,8106,57,593,296,297,592,295,297,1,1,0
22907,biobío,8,concepción,81,lota,8106,58,575,283,292,575,283,292,0,0,0
22908,biobío,8,concepción,81,lota,8106,59,552,272,280,549,272,277,3,0,3
22909,biobío,8,concepción,81,lota,8106,60,547,259,288,543,256,287,4,3,1
22910,biobío,8,concepción,81,lota,8106,61,499,231,268,499,231,268,0,0,0
22911,biobío,8,concepción,81,lota,8106,62,492,221,271,491,220,271,1,1,0
22912,biobío,8,concepción,81,lota,8106,63,474,228,246,471,227,244,3,1,2
22913,biobío,8,concepción,81,lota,8106,64,474,213,261,470,212,258,4,1,3
22914,biobío,8,concepción,81,lota,8106,65,451,208,243,447,205,242,4,3,1
22915,biobío,8,concepción,81,lota,8106,66,374,178,196,374,178,196,0,0,0
22916,biobío,8,concepción,81,lota,8106,67,390,191,199,388,190,198,2,1,1
22917,biobío,8,concepción,81,lota,8106,68,333,155,178,332,155,177,1,0,1
22918,biobío,8,concepción,81,lota,8106,69,325,150,175,322,149,173,3,1,2
22919,biobío,8,concepción,81,lota,8106,70,312,144,168,311,143,168,1,1,0
22920,biobío,8,concepción,81,lota,8106,71,334,173,161,331,171,160,3,2,1
22921,biobío,8,concepción,81,lota,8106,72,304,130,174,303,129,174,1,1,0
22922,biobío,8,concepción,81,lota,8106,73,291,140,151,291,140,151,0,0,0
22923,biobío,8,concepción,81,lota,8106,74,261,98,163,261,98,163,0,0,0
22924,biobío,8,concepción,81,lota,8106,75,260,116,144,258,114,144,2,2,0
22925,biobío,8,concepción,81,lota,8106,76,239,96,143,236,95,141,3,1,2
22926,biobío,8,concepción,81,lota,8106,77,196,85,111,196,85,111,0,0,0
22927,biobío,8,concepción,81,lota,8106,78,178,72,106,178,72,106,0,0,0
22928,biobío,8,concepción,81,lota,8106,79,157,57,100,157,57,100,0,0,0
22929,biobío,8,concepción,81,lota,8106,80,127,52,75,127,52,75,0,0,0
22930,biobío,8,concepción,81,lota,8106,81,141,57,84,141,57,84,0,0,0
22931,biobío,8,concepción,81,lota,8106,82,115,49,66,115,49,66,0,0,0
22932,biobío,8,concepción,81,lota,8106,83,112,40,72,112,40,72,0,0,0
22933,biobío,8,concepción,81,lota,8106,84,96,38,58,96,38,58,0,0,0
22934,biobío,8,concepción,81,lota,8106,85,83,34,49,83,34,49,0,0,0
22935,biobío,8,concepción,81,lota,8106,86,99,35,64,99,35,64,0,0,0
22936,biobío,8,concepción,81,lota,8106,87,80,32,48,79,31,48,1,1,0
22937,biobío,8,concepción,81,lota,8106,88,57,12,45,57,12,45,0,0,0
22938,biobío,8,concepción,81,lota,8106,89,46,11,35,45,10,35,1,1,0
22939,biobío,8,concepción,81,lota,8106,90,38,14,24,38,14,24,0,0,0
22940,biobío,8,concepción,81,lota,8106,91,29,5,24,29,5,24,0,0,0
22941,biobío,8,concepción,81,lota,8106,92,31,10,21,31,10,21,0,0,0
22942,biobío,8,concepción,81,lota,8106,93,23,8,15,23,8,15,0,0,0
22943,biobío,8,concepción,81,lota,8106,94,15,6,9,15,6,9,0,0,0
22944,biobío,8,concepción,81,lota,8106,95,7,4,3,7,4,3,0,0,0
22945,biobío,8,concepción,81,lota,8106,96,10,5,5,10,5,5,0,0,0
22946,biobío,8,concepción,81,lota,8106,97,9,2,7,9,2,7,0,0,0
22947,biobío,8,concepción,81,lota,8106,98,3,1,2,3,1,2,0,0,0
22948,biobío,8,concepción,81,lota,8106,99,3,1,2,3,1,2,0,0,0
22949,biobío,8,concepción,81,lota,8106,100 o más,6,2,4,6,2,4,0,0,0
22950,biobío,8,concepción,81,penco,8107,total comuna,47367,22617,24750,46900,22361,24539,467,256,211
22951,biobío,8,concepción,81,penco,8107,0,579,276,303,575,275,300,4,1,3
22952,biobío,8,concepción,81,penco,8107,1,615,308,307,611,308,303,4,0,4
22953,biobío,8,concepción,81,penco,8107,2,645,320,325,640,317,323,5,3,2
22954,biobío,8,concepción,81,penco,8107,3,590,313,277,584,308,276,6,5,1
22955,biobío,8,concepción,81,penco,8107,4,634,315,319,628,311,317,6,4,2
22956,biobío,8,concepción,81,penco,8107,5,696,355,341,693,353,340,3,2,1
22957,biobío,8,concepción,81,penco,8107,6,681,335,346,676,333,343,5,2,3
22958,biobío,8,concepción,81,penco,8107,7,666,332,334,658,330,328,8,2,6
22959,biobío,8,concepción,81,penco,8107,8,655,337,318,645,332,313,10,5,5
22960,biobío,8,concepción,81,penco,8107,9,635,336,299,629,331,298,6,5,1
22961,biobío,8,concepción,81,penco,8107,10,602,312,290,596,309,287,6,3,3
22962,biobío,8,concepción,81,penco,8107,11,637,317,320,628,311,317,9,6,3
22963,biobío,8,concepción,81,penco,8107,12,610,339,271,604,336,268,6,3,3
22964,biobío,8,concepción,81,penco,8107,13,625,311,314,622,311,311,3,0,3
22965,biobío,8,concepción,81,penco,8107,14,649,323,326,641,320,321,8,3,5
22966,biobío,8,concepción,81,penco,8107,15,639,324,315,631,321,310,8,3,5
22967,biobío,8,concepción,81,penco,8107,16,698,337,361,688,331,357,10,6,4
22968,biobío,8,concepción,81,penco,8107,17,717,369,348,708,365,343,9,4,5
22969,biobío,8,concepción,81,penco,8107,18,723,347,376,717,342,375,6,5,1
22970,biobío,8,concepción,81,penco,8107,19,690,360,330,683,356,327,7,4,3
22971,biobío,8,concepción,81,penco,8107,20,688,332,356,678,328,350,10,4,6
22972,biobío,8,concepción,81,penco,8107,21,699,357,342,696,355,341,3,2,1
22973,biobío,8,concepción,81,penco,8107,22,731,352,379,726,349,377,5,3,2
22974,biobío,8,concepción,81,penco,8107,23,700,358,342,695,355,340,5,3,2
22975,biobío,8,concepción,81,penco,8107,24,724,370,354,723,369,354,1,1,0
22976,biobío,8,concepción,81,penco,8107,25,717,322,395,715,322,393,2,0,2
22977,biobío,8,concepción,81,penco,8107,26,781,397,384,779,397,382,2,0,2
22978,biobío,8,concepción,81,penco,8107,27,808,452,356,803,450,353,5,2,3
22979,biobío,8,concepción,81,penco,8107,28,720,337,383,712,331,381,8,6,2
22980,biobío,8,concepción,81,penco,8107,29,737,324,413,729,320,409,8,4,4
22981,biobío,8,concepción,81,penco,8107,30,686,337,349,679,334,345,7,3,4
22982,biobío,8,concepción,81,penco,8107,31,625,299,326,619,295,324,6,4,2
22983,biobío,8,concepción,81,penco,8107,32,587,289,298,579,286,293,8,3,5
22984,biobío,8,concepción,81,penco,8107,33,581,279,302,576,276,300,5,3,2
22985,biobío,8,concepción,81,penco,8107,34,604,292,312,599,289,310,5,3,2
22986,biobío,8,concepción,81,penco,8107,35,650,319,331,643,314,329,7,5,2
22987,biobío,8,concepción,81,penco,8107,36,562,254,308,556,251,305,6,3,3
22988,biobío,8,concepción,81,penco,8107,37,593,277,316,585,274,311,8,3,5
22989,biobío,8,concepción,81,penco,8107,38,532,228,304,523,224,299,9,4,5
22990,biobío,8,concepción,81,penco,8107,39,536,263,273,529,257,272,7,6,1
22991,biobío,8,concepción,81,penco,8107,40,555,275,280,546,271,275,9,4,5
22992,biobío,8,concepción,81,penco,8107,41,627,292,335,620,287,333,7,5,2
22993,biobío,8,concepción,81,penco,8107,42,666,290,376,658,285,373,8,5,3
22994,biobío,8,concepción,81,penco,8107,43,607,283,324,602,281,321,5,2,3
22995,biobío,8,concepción,81,penco,8107,44,634,313,321,630,310,320,4,3,1
22996,biobío,8,concepción,81,penco,8107,45,609,279,330,603,275,328,6,4,2
22997,biobío,8,concepción,81,penco,8107,46,602,290,312,593,283,310,9,7,2
22998,biobío,8,concepción,81,penco,8107,47,637,301,336,634,300,334,3,1,2
22999,biobío,8,concepción,81,penco,8107,48,686,331,355,679,327,352,7,4,3
23000,biobío,8,concepción,81,penco,8107,49,709,326,383,703,323,380,6,3,3
23001,biobío,8,concepción,81,penco,8107,50,643,290,353,633,284,349,10,6,4
23002,biobío,8,concepción,81,penco,8107,51,751,340,411,741,335,406,10,5,5
23003,biobío,8,concepción,81,penco,8107,52,693,340,353,686,334,352,7,6,1
23004,biobío,8,concepción,81,penco,8107,53,709,334,375,703,330,373,6,4,2
23005,biobío,8,concepción,81,penco,8107,54,705,327,378,701,323,378,4,4,0
23006,biobío,8,concepción,81,penco,8107,55,667,320,347,660,318,342,7,2,5
23007,biobío,8,concepción,81,penco,8107,56,656,305,351,652,304,348,4,1,3
23008,biobío,8,concepción,81,penco,8107,57,606,271,335,597,269,328,9,2,7
23009,biobío,8,concepción,81,penco,8107,58,597,289,308,594,286,308,3,3,0
23010,biobío,8,concepción,81,penco,8107,59,632,308,324,625,303,322,7,5,2
23011,biobío,8,concepción,81,penco,8107,60,542,258,284,534,253,281,8,5,3
23012,biobío,8,concepción,81,penco,8107,61,536,245,291,534,245,289,2,0,2
23013,biobío,8,concepción,81,penco,8107,62,470,210,260,467,207,260,3,3,0
23014,biobío,8,concepción,81,penco,8107,63,495,227,268,492,226,266,3,1,2
23015,biobío,8,concepción,81,penco,8107,64,434,203,231,431,202,229,3,1,2
23016,biobío,8,concepción,81,penco,8107,65,458,211,247,456,209,247,2,2,0
23017,biobío,8,concepción,81,penco,8107,66,412,200,212,405,194,211,7,6,1
23018,biobío,8,concepción,81,penco,8107,67,413,177,236,408,174,234,5,3,2
23019,biobío,8,concepción,81,penco,8107,68,386,182,204,380,178,202,6,4,2
23020,biobío,8,concepción,81,penco,8107,69,347,169,178,342,167,175,5,2,3
23021,biobío,8,concepción,81,penco,8107,70,366,144,222,361,141,220,5,3,2
23022,biobío,8,concepción,81,penco,8107,71,332,153,179,329,150,179,3,3,0
23023,biobío,8,concepción,81,penco,8107,72,278,119,159,274,116,158,4,3,1
23024,biobío,8,concepción,81,penco,8107,73,256,112,144,252,111,141,4,1,3
23025,biobío,8,concepción,81,penco,8107,74,280,112,168,273,110,163,7,2,5
23026,biobío,8,concepción,81,penco,8107,75,276,120,156,270,116,154,6,4,2
23027,biobío,8,concepción,81,penco,8107,76,227,82,145,225,81,144,2,1,1
23028,biobío,8,concepción,81,penco,8107,77,203,90,113,202,89,113,1,1,0
23029,biobío,8,concepción,81,penco,8107,78,176,74,102,175,73,102,1,1,0
23030,biobío,8,concepción,81,penco,8107,79,154,56,98,152,56,96,2,0,2
23031,biobío,8,concepción,81,penco,8107,80,125,51,74,124,51,73,1,0,1
23032,biobío,8,concepción,81,penco,8107,81,134,56,78,131,54,77,3,2,1
23033,biobío,8,concepción,81,penco,8107,82,113,44,69,112,43,69,1,1,0
23034,biobío,8,concepción,81,penco,8107,83,100,29,71,99,29,70,1,0,1
23035,biobío,8,concepción,81,penco,8107,84,86,29,57,86,29,57,0,0,0
23036,biobío,8,concepción,81,penco,8107,85,82,27,55,80,26,54,2,1,1
23037,biobío,8,concepción,81,penco,8107,86,95,30,65,95,30,65,0,0,0
23038,biobío,8,concepción,81,penco,8107,87,77,22,55,76,21,55,1,1,0
23039,biobío,8,concepción,81,penco,8107,88,60,16,44,58,15,43,2,1,1
23040,biobío,8,concepción,81,penco,8107,89,42,12,30,42,12,30,0,0,0
23041,biobío,8,concepción,81,penco,8107,90,36,13,23,36,13,23,0,0,0
23042,biobío,8,concepción,81,penco,8107,91,26,7,19,26,7,19,0,0,0
23043,biobío,8,concepción,81,penco,8107,92,32,10,22,32,10,22,0,0,0
23044,biobío,8,concepción,81,penco,8107,93,17,5,12,17,5,12,0,0,0
23045,biobío,8,concepción,81,penco,8107,94,11,2,9,11,2,9,0,0,0
23046,biobío,8,concepción,81,penco,8107,95,17,3,14,17,3,14,0,0,0
23047,biobío,8,concepción,81,penco,8107,96,15,2,13,15,2,13,0,0,0
23048,biobío,8,concepción,81,penco,8107,97,4,1,3,4,1,3,0,0,0
23049,biobío,8,concepción,81,penco,8107,98,4,1,3,4,1,3,0,0,0
23050,biobío,8,concepción,81,penco,8107,99,3,0,3,3,0,3,0,0,0
23051,biobío,8,concepción,81,penco,8107,100 o más,9,5,4,9,5,4,0,0,0
23052,biobío,8,concepción,81,san pedro de la paz,8108,total comuna,131808,62941,68867,131684,62890,68794,124,51,73
23053,biobío,8,concepción,81,san pedro de la paz,8108,0,1711,923,788,1710,922,788,1,1,0
23054,biobío,8,concepción,81,san pedro de la paz,8108,1,1967,986,981,1967,986,981,0,0,0
23055,biobío,8,concepción,81,san pedro de la paz,8108,2,2156,1093,1063,2154,1093,1061,2,0,2
23056,biobío,8,concepción,81,san pedro de la paz,8108,3,1982,1026,956,1980,1026,954,2,0,2
23057,biobío,8,concepción,81,san pedro de la paz,8108,4,2141,1087,1054,2141,1087,1054,0,0,0
23058,biobío,8,concepción,81,san pedro de la paz,8108,5,2060,1045,1015,2059,1044,1015,1,1,0
23059,biobío,8,concepción,81,san pedro de la paz,8108,6,2273,1131,1142,2272,1131,1141,1,0,1
23060,biobío,8,concepción,81,san pedro de la paz,8108,7,2097,1049,1048,2096,1048,1048,1,1,0
23061,biobío,8,concepción,81,san pedro de la paz,8108,8,2041,1084,957,2040,1083,957,1,1,0
23062,biobío,8,concepción,81,san pedro de la paz,8108,9,2074,1067,1007,2073,1067,1006,1,0,1
23063,biobío,8,concepción,81,san pedro de la paz,8108,10,2024,1033,991,2021,1031,990,3,2,1
23064,biobío,8,concepción,81,san pedro de la paz,8108,11,1986,1047,939,1985,1046,939,1,1,0
23065,biobío,8,concepción,81,san pedro de la paz,8108,12,1863,915,948,1863,915,948,0,0,0
23066,biobío,8,concepción,81,san pedro de la paz,8108,13,1921,976,945,1920,976,944,1,0,1
23067,biobío,8,concepción,81,san pedro de la paz,8108,14,1970,1036,934,1968,1036,932,2,0,2
23068,biobío,8,concepción,81,san pedro de la paz,8108,15,2008,1019,989,2008,1019,989,0,0,0
23069,biobío,8,concepción,81,san pedro de la paz,8108,16,2017,1054,963,2017,1054,963,0,0,0
23070,biobío,8,concepción,81,san pedro de la paz,8108,17,1889,958,931,1889,958,931,0,0,0
23071,biobío,8,concepción,81,san pedro de la paz,8108,18,1980,998,982,1979,998,981,1,0,1
23072,biobío,8,concepción,81,san pedro de la paz,8108,19,1993,991,1002,1992,991,1001,1,0,1
23073,biobío,8,concepción,81,san pedro de la paz,8108,20,2076,1021,1055,2075,1020,1055,1,1,0
23074,biobío,8,concepción,81,san pedro de la paz,8108,21,1974,957,1017,1974,957,1017,0,0,0
23075,biobío,8,concepción,81,san pedro de la paz,8108,22,1940,984,956,1939,983,956,1,1,0
23076,biobío,8,concepción,81,san pedro de la paz,8108,23,1989,1001,988,1984,998,986,5,3,2
23077,biobío,8,concepción,81,san pedro de la paz,8108,24,2010,997,1013,2008,996,1012,2,1,1
23078,biobío,8,concepción,81,san pedro de la paz,8108,25,2002,972,1030,2002,972,1030,0,0,0
23079,biobío,8,concepción,81,san pedro de la paz,8108,26,2018,996,1022,2017,996,1021,1,0,1
23080,biobío,8,concepción,81,san pedro de la paz,8108,27,2104,969,1135,2102,968,1134,2,1,1
23081,biobío,8,concepción,81,san pedro de la paz,8108,28,2025,969,1056,2024,968,1056,1,1,0
23082,biobío,8,concepción,81,san pedro de la paz,8108,29,1994,931,1063,1993,930,1063,1,1,0
23083,biobío,8,concepción,81,san pedro de la paz,8108,30,1983,931,1052,1980,930,1050,3,1,2
23084,biobío,8,concepción,81,san pedro de la paz,8108,31,1824,835,989,1822,833,989,2,2,0
23085,biobío,8,concepción,81,san pedro de la paz,8108,32,1868,846,1022,1866,845,1021,2,1,1
23086,biobío,8,concepción,81,san pedro de la paz,8108,33,1988,925,1063,1986,924,1062,2,1,1
23087,biobío,8,concepción,81,san pedro de la paz,8108,34,2090,1007,1083,2089,1007,1082,1,0,1
23088,biobío,8,concepción,81,san pedro de la paz,8108,35,2141,992,1149,2137,991,1146,4,1,3
23089,biobío,8,concepción,81,san pedro de la paz,8108,36,2102,1004,1098,2101,1003,1098,1,1,0
23090,biobío,8,concepción,81,san pedro de la paz,8108,37,2084,961,1123,2082,961,1121,2,0,2
23091,biobío,8,concepción,81,san pedro de la paz,8108,38,2017,924,1093,2016,923,1093,1,1,0
23092,biobío,8,concepción,81,san pedro de la paz,8108,39,1926,887,1039,1923,887,1036,3,0,3
23093,biobío,8,concepción,81,san pedro de la paz,8108,40,1996,937,1059,1994,936,1058,2,1,1
23094,biobío,8,concepción,81,san pedro de la paz,8108,41,2083,968,1115,2081,967,1114,2,1,1
23095,biobío,8,concepción,81,san pedro de la paz,8108,42,2171,1048,1123,2170,1048,1122,1,0,1
23096,biobío,8,concepción,81,san pedro de la paz,8108,43,2122,1052,1070,2119,1050,1069,3,2,1
23097,biobío,8,concepción,81,san pedro de la paz,8108,44,1996,943,1053,1994,943,1051,2,0,2
23098,biobío,8,concepción,81,san pedro de la paz,8108,45,1968,911,1057,1966,910,1056,2,1,1
23099,biobío,8,concepción,81,san pedro de la paz,8108,46,1845,841,1004,1844,841,1003,1,0,1
23100,biobío,8,concepción,81,san pedro de la paz,8108,47,1719,816,903,1717,816,901,2,0,2
23101,biobío,8,concepción,81,san pedro de la paz,8108,48,1749,827,922,1748,827,921,1,0,1
23102,biobío,8,concepción,81,san pedro de la paz,8108,49,1682,786,896,1678,784,894,4,2,2
23103,biobío,8,concepción,81,san pedro de la paz,8108,50,1765,808,957,1762,807,955,3,1,2
23104,biobío,8,concepción,81,san pedro de la paz,8108,51,1718,798,920,1715,797,918,3,1,2
23105,biobío,8,concepción,81,san pedro de la paz,8108,52,1670,806,864,1668,805,863,2,1,1
23106,biobío,8,concepción,81,san pedro de la paz,8108,53,1556,722,834,1553,721,832,3,1,2
23107,biobío,8,concepción,81,san pedro de la paz,8108,54,1561,732,829,1559,731,828,2,1,1
23108,biobío,8,concepción,81,san pedro de la paz,8108,55,1470,660,810,1467,657,810,3,3,0
23109,biobío,8,concepción,81,san pedro de la paz,8108,56,1385,617,768,1381,616,765,4,1,3
23110,biobío,8,concepción,81,san pedro de la paz,8108,57,1354,627,727,1351,625,726,3,2,1
23111,biobío,8,concepción,81,san pedro de la paz,8108,58,1342,608,734,1339,607,732,3,1,2
23112,biobío,8,concepción,81,san pedro de la paz,8108,59,1233,562,671,1233,562,671,0,0,0
23113,biobío,8,concepción,81,san pedro de la paz,8108,60,1243,538,705,1241,536,705,2,2,0
23114,biobío,8,concepción,81,san pedro de la paz,8108,61,1148,512,636,1146,511,635,2,1,1
23115,biobío,8,concepción,81,san pedro de la paz,8108,62,1082,473,609,1080,471,609,2,2,0
23116,biobío,8,concepción,81,san pedro de la paz,8108,63,1071,448,623,1071,448,623,0,0,0
23117,biobío,8,concepción,81,san pedro de la paz,8108,64,1037,470,567,1036,470,566,1,0,1
23118,biobío,8,concepción,81,san pedro de la paz,8108,65,916,408,508,914,408,506,2,0,2
23119,biobío,8,concepción,81,san pedro de la paz,8108,66,945,426,519,945,426,519,0,0,0
23120,biobío,8,concepción,81,san pedro de la paz,8108,67,845,363,482,845,363,482,0,0,0
23121,biobío,8,concepción,81,san pedro de la paz,8108,68,798,350,448,796,349,447,2,1,1
23122,biobío,8,concepción,81,san pedro de la paz,8108,69,772,358,414,771,357,414,1,1,0
23123,biobío,8,concepción,81,san pedro de la paz,8108,70,734,338,396,734,338,396,0,0,0
23124,biobío,8,concepción,81,san pedro de la paz,8108,71,617,260,357,615,260,355,2,0,2
23125,biobío,8,concepción,81,san pedro de la paz,8108,72,578,269,309,576,268,308,2,1,1
23126,biobío,8,concepción,81,san pedro de la paz,8108,73,523,238,285,523,238,285,0,0,0
23127,biobío,8,concepción,81,san pedro de la paz,8108,74,557,240,317,557,240,317,0,0,0
23128,biobío,8,concepción,81,san pedro de la paz,8108,75,497,198,299,497,198,299,0,0,0
23129,biobío,8,concepción,81,san pedro de la paz,8108,76,441,194,247,441,194,247,0,0,0
23130,biobío,8,concepción,81,san pedro de la paz,8108,77,408,160,248,408,160,248,0,0,0
23131,biobío,8,concepción,81,san pedro de la paz,8108,78,351,135,216,351,135,216,0,0,0
23132,biobío,8,concepción,81,san pedro de la paz,8108,79,288,109,179,288,109,179,0,0,0
23133,biobío,8,concepción,81,san pedro de la paz,8108,80,260,109,151,259,109,150,1,0,1
23134,biobío,8,concepción,81,san pedro de la paz,8108,81,255,100,155,254,100,154,1,0,1
23135,biobío,8,concepción,81,san pedro de la paz,8108,82,249,83,166,247,83,164,2,0,2
23136,biobío,8,concepción,81,san pedro de la paz,8108,83,230,87,143,230,87,143,0,0,0
23137,biobío,8,concepción,81,san pedro de la paz,8108,84,205,68,137,205,68,137,0,0,0
23138,biobío,8,concepción,81,san pedro de la paz,8108,85,169,59,110,168,59,109,1,0,1
23139,biobío,8,concepción,81,san pedro de la paz,8108,86,173,51,122,171,51,120,2,0,2
23140,biobío,8,concepción,81,san pedro de la paz,8108,87,146,45,101,146,45,101,0,0,0
23141,biobío,8,concepción,81,san pedro de la paz,8108,88,112,25,87,112,25,87,0,0,0
23142,biobío,8,concepción,81,san pedro de la paz,8108,89,100,35,65,100,35,65,0,0,0
23143,biobío,8,concepción,81,san pedro de la paz,8108,90,82,18,64,82,18,64,0,0,0
23144,biobío,8,concepción,81,san pedro de la paz,8108,91,58,12,46,58,12,46,0,0,0
23145,biobío,8,concepción,81,san pedro de la paz,8108,92,47,11,36,47,11,36,0,0,0
23146,biobío,8,concepción,81,san pedro de la paz,8108,93,48,11,37,47,11,36,1,0,1
23147,biobío,8,concepción,81,san pedro de la paz,8108,94,34,13,21,34,13,21,0,0,0
23148,biobío,8,concepción,81,san pedro de la paz,8108,95,24,9,15,24,9,15,0,0,0
23149,biobío,8,concepción,81,san pedro de la paz,8108,96,16,7,9,16,7,9,0,0,0
23150,biobío,8,concepción,81,san pedro de la paz,8108,97,15,3,12,15,3,12,0,0,0
23151,biobío,8,concepción,81,san pedro de la paz,8108,98,7,1,6,7,1,6,0,0,0
23152,biobío,8,concepción,81,san pedro de la paz,8108,99,9,0,9,9,0,9,0,0,0
23153,biobío,8,concepción,81,san pedro de la paz,8108,100 o más,25,11,14,25,11,14,0,0,0
23154,biobío,8,concepción,81,santa juana,8109,total comuna,13749,6751,6998,9594,4522,5072,4155,2229,1926
23155,biobío,8,concepción,81,santa juana,8109,0,150,80,70,124,67,57,26,13,13
23156,biobío,8,concepción,81,santa juana,8109,1,197,102,95,162,82,80,35,20,15
23157,biobío,8,concepción,81,santa juana,8109,2,167,79,88,141,65,76,26,14,12
23158,biobío,8,concepción,81,santa juana,8109,3,171,82,89,136,63,73,35,19,16
23159,biobío,8,concepción,81,santa juana,8109,4,190,105,85,152,86,66,38,19,19
23160,biobío,8,concepción,81,santa juana,8109,5,206,109,97,174,89,85,32,20,12
23161,biobío,8,concepción,81,santa juana,8109,6,220,112,108,184,90,94,36,22,14
23162,biobío,8,concepción,81,santa juana,8109,7,215,119,96,180,95,85,35,24,11
23163,biobío,8,concepción,81,santa juana,8109,8,196,100,96,158,83,75,38,17,21
23164,biobío,8,concepción,81,santa juana,8109,9,187,100,87,152,79,73,35,21,14
23165,biobío,8,concepción,81,santa juana,8109,10,189,88,101,152,67,85,37,21,16
23166,biobío,8,concepción,81,santa juana,8109,11,179,81,98,136,63,73,43,18,25
23167,biobío,8,concepción,81,santa juana,8109,12,191,97,94,151,74,77,40,23,17
23168,biobío,8,concepción,81,santa juana,8109,13,158,88,70,126,70,56,32,18,14
23169,biobío,8,concepción,81,santa juana,8109,14,183,104,79,147,80,67,36,24,12
23170,biobío,8,concepción,81,santa juana,8109,15,189,102,87,148,76,72,41,26,15
23171,biobío,8,concepción,81,santa juana,8109,16,186,103,83,149,79,70,37,24,13
23172,biobío,8,concepción,81,santa juana,8109,17,166,80,86,122,59,63,44,21,23
23173,biobío,8,concepción,81,santa juana,8109,18,165,78,87,122,57,65,43,21,22
23174,biobío,8,concepción,81,santa juana,8109,19,195,91,104,156,70,86,39,21,18
23175,biobío,8,concepción,81,santa juana,8109,20,208,93,115,163,72,91,45,21,24
23176,biobío,8,concepción,81,santa juana,8109,21,182,101,81,152,83,69,30,18,12
23177,biobío,8,concepción,81,santa juana,8109,22,187,99,88,149,81,68,38,18,20
23178,biobío,8,concepción,81,santa juana,8109,23,173,78,95,141,63,78,32,15,17
23179,biobío,8,concepción,81,santa juana,8109,24,198,89,109,157,69,88,41,20,21
23180,biobío,8,concepción,81,santa juana,8109,25,192,96,96,163,80,83,29,16,13
23181,biobío,8,concepción,81,santa juana,8109,26,198,87,111,158,67,91,40,20,20
23182,biobío,8,concepción,81,santa juana,8109,27,212,107,105,165,78,87,47,29,18
23183,biobío,8,concepción,81,santa juana,8109,28,198,94,104,162,76,86,36,18,18
23184,biobío,8,concepción,81,santa juana,8109,29,172,78,94,134,61,73,38,17,21
23185,biobío,8,concepción,81,santa juana,8109,30,194,84,110,159,65,94,35,19,16
23186,biobío,8,concepción,81,santa juana,8109,31,158,84,74,133,67,66,25,17,8
23187,biobío,8,concepción,81,santa juana,8109,32,173,81,92,144,63,81,29,18,11
23188,biobío,8,concepción,81,santa juana,8109,33,152,71,81,126,59,67,26,12,14
23189,biobío,8,concepción,81,santa juana,8109,34,149,63,86,113,43,70,36,20,16
23190,biobío,8,concepción,81,santa juana,8109,35,177,86,91,143,69,74,34,17,17
23191,biobío,8,concepción,81,santa juana,8109,36,168,74,94,130,53,77,38,21,17
23192,biobío,8,concepción,81,santa juana,8109,37,183,72,111,141,51,90,42,21,21
23193,biobío,8,concepción,81,santa juana,8109,38,127,60,67,92,44,48,35,16,19
23194,biobío,8,concepción,81,santa juana,8109,39,148,68,80,99,43,56,49,25,24
23195,biobío,8,concepción,81,santa juana,8109,40,151,66,85,103,47,56,48,19,29
23196,biobío,8,concepción,81,santa juana,8109,41,167,86,81,119,56,63,48,30,18
23197,biobío,8,concepción,81,santa juana,8109,42,171,70,101,113,41,72,58,29,29
23198,biobío,8,concepción,81,santa juana,8109,43,200,97,103,144,71,73,56,26,30
23199,biobío,8,concepción,81,santa juana,8109,44,195,100,95,122,56,66,73,44,29
23200,biobío,8,concepción,81,santa juana,8109,45,181,75,106,129,50,79,52,25,27
23201,biobío,8,concepción,81,santa juana,8109,46,174,84,90,117,54,63,57,30,27
23202,biobío,8,concepción,81,santa juana,8109,47,197,93,104,120,50,70,77,43,34
23203,biobío,8,concepción,81,santa juana,8109,48,209,121,88,123,63,60,86,58,28
23204,biobío,8,concepción,81,santa juana,8109,49,194,97,97,130,63,67,64,34,30
23205,biobío,8,concepción,81,santa juana,8109,50,198,97,101,129,63,66,69,34,35
23206,biobío,8,concepción,81,santa juana,8109,51,197,91,106,112,48,64,85,43,42
23207,biobío,8,concepción,81,santa juana,8109,52,233,135,98,139,69,70,94,66,28
23208,biobío,8,concepción,81,santa juana,8109,53,204,97,107,120,51,69,84,46,38
23209,biobío,8,concepción,81,santa juana,8109,54,183,91,92,119,53,66,64,38,26
23210,biobío,8,concepción,81,santa juana,8109,55,205,101,104,121,57,64,84,44,40
23211,biobío,8,concepción,81,santa juana,8109,56,187,90,97,115,53,62,72,37,35
23212,biobío,8,concepción,81,santa juana,8109,57,181,89,92,104,44,60,77,45,32
23213,biobío,8,concepción,81,santa juana,8109,58,167,79,88,93,42,51,74,37,37
23214,biobío,8,concepción,81,santa juana,8109,59,168,87,81,87,43,44,81,44,37
23215,biobío,8,concepción,81,santa juana,8109,60,167,93,74,98,53,45,69,40,29
23216,biobío,8,concepción,81,santa juana,8109,61,136,70,66,79,41,38,57,29,28
23217,biobío,8,concepción,81,santa juana,8109,62,137,71,66,69,34,35,68,37,31
23218,biobío,8,concepción,81,santa juana,8109,63,142,61,81,88,35,53,54,26,28
23219,biobío,8,concepción,81,santa juana,8109,64,138,71,67,76,45,31,62,26,36
23220,biobío,8,concepción,81,santa juana,8109,65,141,83,58,84,45,39,57,38,19
23221,biobío,8,concepción,81,santa juana,8109,66,137,70,67,72,36,36,65,34,31
23222,biobío,8,concepción,81,santa juana,8109,67,108,48,60,50,20,30,58,28,30
23223,biobío,8,concepción,81,santa juana,8109,68,105,47,58,51,22,29,54,25,29
23224,biobío,8,concepción,81,santa juana,8109,69,119,59,60,67,33,34,52,26,26
23225,biobío,8,concepción,81,santa juana,8109,70,114,56,58,59,25,34,55,31,24
23226,biobío,8,concepción,81,santa juana,8109,71,117,63,54,50,25,25,67,38,29
23227,biobío,8,concepción,81,santa juana,8109,72,115,56,59,64,26,38,51,30,21
23228,biobío,8,concepción,81,santa juana,8109,73,100,47,53,48,19,29,52,28,24
23229,biobío,8,concepción,81,santa juana,8109,74,95,42,53,39,18,21,56,24,32
23230,biobío,8,concepción,81,santa juana,8109,75,94,48,46,44,23,21,50,25,25
23231,biobío,8,concepción,81,santa juana,8109,76,85,50,35,37,17,20,48,33,15
23232,biobío,8,concepción,81,santa juana,8109,77,83,39,44,46,21,25,37,18,19
23233,biobío,8,concepción,81,santa juana,8109,78,78,38,40,40,19,21,38,19,19
23234,biobío,8,concepción,81,santa juana,8109,79,52,24,28,27,9,18,25,15,10
23235,biobío,8,concepción,81,santa juana,8109,80,61,22,39,37,15,22,24,7,17
23236,biobío,8,concepción,81,santa juana,8109,81,41,14,27,19,6,13,22,8,14
23237,biobío,8,concepción,81,santa juana,8109,82,65,37,28,26,13,13,39,24,15
23238,biobío,8,concepción,81,santa juana,8109,83,47,20,27,24,8,16,23,12,11
23239,biobío,8,concepción,81,santa juana,8109,84,40,17,23,22,9,13,18,8,10
23240,biobío,8,concepción,81,santa juana,8109,85,37,15,22,25,10,15,12,5,7
23241,biobío,8,concepción,81,santa juana,8109,86,28,15,13,13,10,3,15,5,10
23242,biobío,8,concepción,81,santa juana,8109,87,24,9,15,9,3,6,15,6,9
23243,biobío,8,concepción,81,santa juana,8109,88,26,14,12,9,4,5,17,10,7
23244,biobío,8,concepción,81,santa juana,8109,89,24,9,15,16,6,10,8,3,5
23245,biobío,8,concepción,81,santa juana,8109,90,18,5,13,12,2,10,6,3,3
23246,biobío,8,concepción,81,santa juana,8109,91,22,13,9,12,7,5,10,6,4
23247,biobío,8,concepción,81,santa juana,8109,92,9,2,7,6,2,4,3,0,3
23248,biobío,8,concepción,81,santa juana,8109,93,10,1,9,9,1,8,1,0,1
23249,biobío,8,concepción,81,santa juana,8109,94,7,4,3,4,1,3,3,3,0
23250,biobío,8,concepción,81,santa juana,8109,95,4,1,3,1,0,1,3,1,2
23251,biobío,8,concepción,81,santa juana,8109,96,2,2,0,1,1,0,1,1,0
23252,biobío,8,concepción,81,santa juana,8109,97,3,2,1,1,1,0,2,1,1
23253,biobío,8,concepción,81,santa juana,8109,98,2,1,1,1,1,0,1,0,1
23254,biobío,8,concepción,81,santa juana,8109,99,0,0,0,0,0,0,0,0,0
23255,biobío,8,concepción,81,santa juana,8109,100 o más,5,1,4,4,1,3,1,0,1
23256,biobío,8,concepción,81,talcahuano,8110,total comuna,151749,72993,78756,150320,71950,78370,1429,1043,386
23257,biobío,8,concepción,81,talcahuano,8110,0,1710,900,810,1700,895,805,10,5,5
23258,biobío,8,concepción,81,talcahuano,8110,1,1849,950,899,1838,946,892,11,4,7
23259,biobío,8,concepción,81,talcahuano,8110,2,1965,991,974,1957,986,971,8,5,3
23260,biobío,8,concepción,81,talcahuano,8110,3,1937,1007,930,1921,997,924,16,10,6
23261,biobío,8,concepción,81,talcahuano,8110,4,1934,967,967,1925,961,964,9,6,3
23262,biobío,8,concepción,81,talcahuano,8110,5,1955,1000,955,1943,995,948,12,5,7
23263,biobío,8,concepción,81,talcahuano,8110,6,2029,1044,985,2017,1041,976,12,3,9
23264,biobío,8,concepción,81,talcahuano,8110,7,1996,1019,977,1986,1015,971,10,4,6
23265,biobío,8,concepción,81,talcahuano,8110,8,2011,1008,1003,2003,1004,999,8,4,4
23266,biobío,8,concepción,81,talcahuano,8110,9,1916,1004,912,1909,1002,907,7,2,5
23267,biobío,8,concepción,81,talcahuano,8110,10,1951,949,1002,1946,947,999,5,2,3
23268,biobío,8,concepción,81,talcahuano,8110,11,1785,944,841,1776,942,834,9,2,7
23269,biobío,8,concepción,81,talcahuano,8110,12,1858,949,909,1849,945,904,9,4,5
23270,biobío,8,concepción,81,talcahuano,8110,13,1918,977,941,1906,971,935,12,6,6
23271,biobío,8,concepción,81,talcahuano,8110,14,1958,1008,950,1953,1004,949,5,4,1
23272,biobío,8,concepción,81,talcahuano,8110,15,1945,996,949,1939,992,947,6,4,2
23273,biobío,8,concepción,81,talcahuano,8110,16,2040,1067,973,2034,1063,971,6,4,2
23274,biobío,8,concepción,81,talcahuano,8110,17,2182,1122,1060,2126,1075,1051,56,47,9
23275,biobío,8,concepción,81,talcahuano,8110,18,2804,1599,1205,2437,1290,1147,367,309,58
23276,biobío,8,concepción,81,talcahuano,8110,19,2530,1359,1171,2275,1166,1109,255,193,62
23277,biobío,8,concepción,81,talcahuano,8110,20,2531,1388,1143,2383,1265,1118,148,123,25
23278,biobío,8,concepción,81,talcahuano,8110,21,2417,1226,1191,2342,1164,1178,75,62,13
23279,biobío,8,concepción,81,talcahuano,8110,22,2551,1317,1234,2497,1273,1224,54,44,10
23280,biobío,8,concepción,81,talcahuano,8110,23,2501,1255,1246,2472,1234,1238,29,21,8
23281,biobío,8,concepción,81,talcahuano,8110,24,2619,1324,1295,2612,1320,1292,7,4,3
23282,biobío,8,concepción,81,talcahuano,8110,25,2547,1294,1253,2539,1288,1251,8,6,2
23283,biobío,8,concepción,81,talcahuano,8110,26,2544,1277,1267,2536,1273,1263,8,4,4
23284,biobío,8,concepción,81,talcahuano,8110,27,2507,1256,1251,2498,1250,1248,9,6,3
23285,biobío,8,concepción,81,talcahuano,8110,28,2356,1159,1197,2349,1156,1193,7,3,4
23286,biobío,8,concepción,81,talcahuano,8110,29,2144,1032,1112,2129,1024,1105,15,8,7
23287,biobío,8,concepción,81,talcahuano,8110,30,2138,1028,1110,2122,1017,1105,16,11,5
23288,biobío,8,concepción,81,talcahuano,8110,31,2105,1039,1066,2091,1034,1057,14,5,9
23289,biobío,8,concepción,81,talcahuano,8110,32,2008,951,1057,1997,943,1054,11,8,3
23290,biobío,8,concepción,81,talcahuano,8110,33,2009,1012,997,1991,1004,987,18,8,10
23291,biobío,8,concepción,81,talcahuano,8110,34,1975,921,1054,1962,914,1048,13,7,6
23292,biobío,8,concepción,81,talcahuano,8110,35,2069,950,1119,2056,942,1114,13,8,5
23293,biobío,8,concepción,81,talcahuano,8110,36,1945,959,986,1930,950,980,15,9,6
23294,biobío,8,concepción,81,talcahuano,8110,37,1865,868,997,1855,864,991,10,4,6
23295,biobío,8,concepción,81,talcahuano,8110,38,1774,846,928,1762,837,925,12,9,3
23296,biobío,8,concepción,81,talcahuano,8110,39,1665,829,836,1659,823,836,6,6,0
23297,biobío,8,concepción,81,talcahuano,8110,40,1685,816,869,1676,808,868,9,8,1
23298,biobío,8,concepción,81,talcahuano,8110,41,1878,888,990,1866,880,986,12,8,4
23299,biobío,8,concepción,81,talcahuano,8110,42,1887,867,1020,1881,864,1017,6,3,3
23300,biobío,8,concepción,81,talcahuano,8110,43,1985,919,1066,1970,909,1061,15,10,5
23301,biobío,8,concepción,81,talcahuano,8110,44,1993,936,1057,1988,932,1056,5,4,1
23302,biobío,8,concepción,81,talcahuano,8110,45,1924,875,1049,1919,874,1045,5,1,4
23303,biobío,8,concepción,81,talcahuano,8110,46,1874,903,971,1870,901,969,4,2,2
23304,biobío,8,concepción,81,talcahuano,8110,47,1810,833,977,1803,829,974,7,4,3
23305,biobío,8,concepción,81,talcahuano,8110,48,1884,900,984,1882,898,984,2,2,0
23306,biobío,8,concepción,81,talcahuano,8110,49,2070,951,1119,2066,950,1116,4,1,3
23307,biobío,8,concepción,81,talcahuano,8110,50,2123,956,1167,2120,955,1165,3,1,2
23308,biobío,8,concepción,81,talcahuano,8110,51,2193,972,1221,2192,972,1220,1,0,1
23309,biobío,8,concepción,81,talcahuano,8110,52,2162,986,1176,2160,984,1176,2,2,0
23310,biobío,8,concepción,81,talcahuano,8110,53,2081,979,1102,2079,978,1101,2,1,1
23311,biobío,8,concepción,81,talcahuano,8110,54,2212,1035,1177,2211,1034,1177,1,1,0
23312,biobío,8,concepción,81,talcahuano,8110,55,2215,1052,1163,2214,1052,1162,1,0,1
23313,biobío,8,concepción,81,talcahuano,8110,56,2141,950,1191,2141,950,1191,0,0,0
23314,biobío,8,concepción,81,talcahuano,8110,57,2101,979,1122,2097,977,1120,4,2,2
23315,biobío,8,concepción,81,talcahuano,8110,58,1971,932,1039,1968,930,1038,3,2,1
23316,biobío,8,concepción,81,talcahuano,8110,59,2050,904,1146,2049,904,1145,1,0,1
23317,biobío,8,concepción,81,talcahuano,8110,60,1862,853,1009,1861,853,1008,1,0,1
23318,biobío,8,concepción,81,talcahuano,8110,61,1790,810,980,1788,808,980,2,2,0
23319,biobío,8,concepción,81,talcahuano,8110,62,1735,779,956,1735,779,956,0,0,0
23320,biobío,8,concepción,81,talcahuano,8110,63,1695,779,916,1694,779,915,1,0,1
23321,biobío,8,concepción,81,talcahuano,8110,64,1598,753,845,1595,750,845,3,3,0
23322,biobío,8,concepción,81,talcahuano,8110,65,1439,673,766,1439,673,766,0,0,0
23323,biobío,8,concepción,81,talcahuano,8110,66,1309,629,680,1307,628,679,2,1,1
23324,biobío,8,concepción,81,talcahuano,8110,67,1160,517,643,1157,515,642,3,2,1
23325,biobío,8,concepción,81,talcahuano,8110,68,1130,546,584,1129,545,584,1,1,0
23326,biobío,8,concepción,81,talcahuano,8110,69,1150,542,608,1148,541,607,2,1,1
23327,biobío,8,concepción,81,talcahuano,8110,70,1069,475,594,1068,475,593,1,0,1
23328,biobío,8,concepción,81,talcahuano,8110,71,928,400,528,927,400,527,1,0,1
23329,biobío,8,concepción,81,talcahuano,8110,72,904,400,504,904,400,504,0,0,0
23330,biobío,8,concepción,81,talcahuano,8110,73,817,319,498,817,319,498,0,0,0
23331,biobío,8,concepción,81,talcahuano,8110,74,763,320,443,763,320,443,0,0,0
23332,biobío,8,concepción,81,talcahuano,8110,75,786,315,471,785,315,470,1,0,1
23333,biobío,8,concepción,81,talcahuano,8110,76,721,277,444,720,276,444,1,1,0
23334,biobío,8,concepción,81,talcahuano,8110,77,670,274,396,670,274,396,0,0,0
23335,biobío,8,concepción,81,talcahuano,8110,78,547,199,348,547,199,348,0,0,0
23336,biobío,8,concepción,81,talcahuano,8110,79,500,186,314,500,186,314,0,0,0
23337,biobío,8,concepción,81,talcahuano,8110,80,503,195,308,503,195,308,0,0,0
23338,biobío,8,concepción,81,talcahuano,8110,81,479,174,305,479,174,305,0,0,0
23339,biobío,8,concepción,81,talcahuano,8110,82,436,155,281,435,154,281,1,1,0
23340,biobío,8,concepción,81,talcahuano,8110,83,410,150,260,410,150,260,0,0,0
23341,biobío,8,concepción,81,talcahuano,8110,84,403,163,240,403,163,240,0,0,0
23342,biobío,8,concepción,81,talcahuano,8110,85,340,114,226,340,114,226,0,0,0
23343,biobío,8,concepción,81,talcahuano,8110,86,345,129,216,345,129,216,0,0,0
23344,biobío,8,concepción,81,talcahuano,8110,87,282,91,191,282,91,191,0,0,0
23345,biobío,8,concepción,81,talcahuano,8110,88,264,84,180,264,84,180,0,0,0
23346,biobío,8,concepción,81,talcahuano,8110,89,223,79,144,222,79,143,1,0,1
23347,biobío,8,concepción,81,talcahuano,8110,90,170,52,118,170,52,118,0,0,0
23348,biobío,8,concepción,81,talcahuano,8110,91,127,31,96,127,31,96,0,0,0
23349,biobío,8,concepción,81,talcahuano,8110,92,100,29,71,100,29,71,0,0,0
23350,biobío,8,concepción,81,talcahuano,8110,93,69,9,60,69,9,60,0,0,0
23351,biobío,8,concepción,81,talcahuano,8110,94,76,18,58,76,18,58,0,0,0
23352,biobío,8,concepción,81,talcahuano,8110,95,43,11,32,43,11,32,0,0,0
23353,biobío,8,concepción,81,talcahuano,8110,96,32,13,19,32,13,19,0,0,0
23354,biobío,8,concepción,81,talcahuano,8110,97,29,7,22,29,7,22,0,0,0
23355,biobío,8,concepción,81,talcahuano,8110,98,15,4,11,15,4,11,0,0,0
23356,biobío,8,concepción,81,talcahuano,8110,99,8,1,7,8,1,7,0,0,0
23357,biobío,8,concepción,81,talcahuano,8110,100 o más,40,14,26,40,14,26,0,0,0
23358,biobío,8,concepción,81,tomé,8111,total comuna,54946,25919,29027,49540,23132,26408,5406,2787,2619
23359,biobío,8,concepción,81,tomé,8111,0,603,296,307,541,264,277,62,32,30
23360,biobío,8,concepción,81,tomé,8111,1,695,363,332,625,329,296,70,34,36
23361,biobío,8,concepción,81,tomé,8111,2,738,361,377,672,329,343,66,32,34
23362,biobío,8,concepción,81,tomé,8111,3,728,350,378,658,323,335,70,27,43
23363,biobío,8,concepción,81,tomé,8111,4,699,342,357,619,299,320,80,43,37
23364,biobío,8,concepción,81,tomé,8111,5,739,383,356,670,352,318,69,31,38
23365,biobío,8,concepción,81,tomé,8111,6,709,354,355,635,314,321,74,40,34
23366,biobío,8,concepción,81,tomé,8111,7,750,397,353,686,363,323,64,34,30
23367,biobío,8,concepción,81,tomé,8111,8,729,387,342,653,347,306,76,40,36
23368,biobío,8,concepción,81,tomé,8111,9,682,346,336,613,314,299,69,32,37
23369,biobío,8,concepción,81,tomé,8111,10,666,351,315,593,304,289,73,47,26
23370,biobío,8,concepción,81,tomé,8111,11,705,374,331,634,334,300,71,40,31
23371,biobío,8,concepción,81,tomé,8111,12,699,347,352,624,309,315,75,38,37
23372,biobío,8,concepción,81,tomé,8111,13,671,353,318,603,312,291,68,41,27
23373,biobío,8,concepción,81,tomé,8111,14,748,374,374,685,339,346,63,35,28
23374,biobío,8,concepción,81,tomé,8111,15,765,408,357,703,377,326,62,31,31
23375,biobío,8,concepción,81,tomé,8111,16,708,373,335,628,332,296,80,41,39
23376,biobío,8,concepción,81,tomé,8111,17,747,386,361,690,350,340,57,36,21
23377,biobío,8,concepción,81,tomé,8111,18,747,383,364,674,348,326,73,35,38
23378,biobío,8,concepción,81,tomé,8111,19,793,400,393,734,372,362,59,28,31
23379,biobío,8,concepción,81,tomé,8111,20,783,395,388,719,364,355,64,31,33
23380,biobío,8,concepción,81,tomé,8111,21,762,378,384,708,350,358,54,28,26
23381,biobío,8,concepción,81,tomé,8111,22,793,384,409,734,354,380,59,30,29
23382,biobío,8,concepción,81,tomé,8111,23,779,368,411,715,335,380,64,33,31
23383,biobío,8,concepción,81,tomé,8111,24,806,390,416,731,359,372,75,31,44
23384,biobío,8,concepción,81,tomé,8111,25,830,408,422,768,380,388,62,28,34
23385,biobío,8,concepción,81,tomé,8111,26,856,393,463,803,362,441,53,31,22
23386,biobío,8,concepción,81,tomé,8111,27,816,378,438,749,348,401,67,30,37
23387,biobío,8,concepción,81,tomé,8111,28,792,376,416,726,344,382,66,32,34
23388,biobío,8,concepción,81,tomé,8111,29,756,348,408,689,320,369,67,28,39
23389,biobío,8,concepción,81,tomé,8111,30,722,350,372,650,313,337,72,37,35
23390,biobío,8,concepción,81,tomé,8111,31,731,324,407,663,290,373,68,34,34
23391,biobío,8,concepción,81,tomé,8111,32,656,329,327,594,302,292,62,27,35
23392,biobío,8,concepción,81,tomé,8111,33,694,331,363,628,295,333,66,36,30
23393,biobío,8,concepción,81,tomé,8111,34,681,306,375,623,277,346,58,29,29
23394,biobío,8,concepción,81,tomé,8111,35,692,336,356,617,294,323,75,42,33
23395,biobío,8,concepción,81,tomé,8111,36,699,312,387,622,279,343,77,33,44
23396,biobío,8,concepción,81,tomé,8111,37,710,313,397,613,269,344,97,44,53
23397,biobío,8,concepción,81,tomé,8111,38,680,324,356,611,294,317,69,30,39
23398,biobío,8,concepción,81,tomé,8111,39,629,273,356,565,237,328,64,36,28
23399,biobío,8,concepción,81,tomé,8111,40,632,295,337,573,269,304,59,26,33
23400,biobío,8,concepción,81,tomé,8111,41,681,330,351,615,293,322,66,37,29
23401,biobío,8,concepción,81,tomé,8111,42,737,338,399,662,294,368,75,44,31
23402,biobío,8,concepción,81,tomé,8111,43,675,323,352,602,286,316,73,37,36
23403,biobío,8,concepción,81,tomé,8111,44,729,346,383,655,305,350,74,41,33
23404,biobío,8,concepción,81,tomé,8111,45,750,351,399,663,302,361,87,49,38
23405,biobío,8,concepción,81,tomé,8111,46,779,356,423,711,322,389,68,34,34
23406,biobío,8,concepción,81,tomé,8111,47,822,371,451,742,327,415,80,44,36
23407,biobío,8,concepción,81,tomé,8111,48,739,325,414,678,290,388,61,35,26
23408,biobío,8,concepción,81,tomé,8111,49,793,375,418,701,322,379,92,53,39
23409,biobío,8,concepción,81,tomé,8111,50,747,351,396,669,316,353,78,35,43
23410,biobío,8,concepción,81,tomé,8111,51,812,373,439,721,320,401,91,53,38
23411,biobío,8,concepción,81,tomé,8111,52,771,344,427,704,310,394,67,34,33
23412,biobío,8,concepción,81,tomé,8111,53,771,360,411,675,319,356,96,41,55
23413,biobío,8,concepción,81,tomé,8111,54,821,367,454,741,335,406,80,32,48
23414,biobío,8,concepción,81,tomé,8111,55,774,383,391,711,344,367,63,39,24
23415,biobío,8,concepción,81,tomé,8111,56,743,340,403,662,302,360,81,38,43
23416,biobío,8,concepción,81,tomé,8111,57,748,356,392,667,306,361,81,50,31
23417,biobío,8,concepción,81,tomé,8111,58,686,320,366,608,277,331,78,43,35
23418,biobío,8,concepción,81,tomé,8111,59,690,332,358,626,290,336,64,42,22
23419,biobío,8,concepción,81,tomé,8111,60,674,314,360,582,266,316,92,48,44
23420,biobío,8,concepción,81,tomé,8111,61,570,268,302,505,241,264,65,27,38
23421,biobío,8,concepción,81,tomé,8111,62,581,251,330,519,218,301,62,33,29
23422,biobío,8,concepción,81,tomé,8111,63,563,242,321,503,212,291,60,30,30
23423,biobío,8,concepción,81,tomé,8111,64,582,257,325,519,219,300,63,38,25
23424,biobío,8,concepción,81,tomé,8111,65,545,231,314,481,198,283,64,33,31
23425,biobío,8,concepción,81,tomé,8111,66,492,222,270,434,189,245,58,33,25
23426,biobío,8,concepción,81,tomé,8111,67,511,241,270,445,202,243,66,39,27
23427,biobío,8,concepción,81,tomé,8111,68,470,193,277,421,170,251,49,23,26
23428,biobío,8,concepción,81,tomé,8111,69,463,217,246,420,191,229,43,26,17
23429,biobío,8,concepción,81,tomé,8111,70,433,187,246,389,167,222,44,20,24
23430,biobío,8,concepción,81,tomé,8111,71,458,215,243,412,190,222,46,25,21
23431,biobío,8,concepción,81,tomé,8111,72,400,176,224,357,149,208,43,27,16
23432,biobío,8,concepción,81,tomé,8111,73,404,159,245,360,138,222,44,21,23
23433,biobío,8,concepción,81,tomé,8111,74,370,157,213,327,132,195,43,25,18
23434,biobío,8,concepción,81,tomé,8111,75,374,155,219,324,129,195,50,26,24
23435,biobío,8,concepción,81,tomé,8111,76,353,149,204,308,123,185,45,26,19
23436,biobío,8,concepción,81,tomé,8111,77,280,113,167,254,99,155,26,14,12
23437,biobío,8,concepción,81,tomé,8111,78,258,102,156,236,89,147,22,13,9
23438,biobío,8,concepción,81,tomé,8111,79,195,85,110,177,73,104,18,12,6
23439,biobío,8,concepción,81,tomé,8111,80,237,95,142,211,83,128,26,12,14
23440,biobío,8,concepción,81,tomé,8111,81,230,92,138,216,87,129,14,5,9
23441,biobío,8,concepción,81,tomé,8111,82,188,77,111,176,72,104,12,5,7
23442,biobío,8,concepción,81,tomé,8111,83,179,69,110,160,59,101,19,10,9
23443,biobío,8,concepción,81,tomé,8111,84,139,42,97,125,37,88,14,5,9
23444,biobío,8,concepción,81,tomé,8111,85,142,57,85,128,50,78,14,7,7
23445,biobío,8,concepción,81,tomé,8111,86,134,61,73,120,54,66,14,7,7
23446,biobío,8,concepción,81,tomé,8111,87,124,42,82,108,36,72,16,6,10
23447,biobío,8,concepción,81,tomé,8111,88,88,26,62,79,22,57,9,4,5
23448,biobío,8,concepción,81,tomé,8111,89,81,34,47,75,32,43,6,2,4
23449,biobío,8,concepción,81,tomé,8111,90,65,19,46,57,17,40,8,2,6
23450,biobío,8,concepción,81,tomé,8111,91,52,15,37,50,14,36,2,1,1
23451,biobío,8,concepción,81,tomé,8111,92,56,22,34,51,19,32,5,3,2
23452,biobío,8,concepción,81,tomé,8111,93,38,12,26,36,12,24,2,0,2
23453,biobío,8,concepción,81,tomé,8111,94,39,10,29,35,8,27,4,2,2
23454,biobío,8,concepción,81,tomé,8111,95,23,7,16,23,7,16,0,0,0
23455,biobío,8,concepción,81,tomé,8111,96,16,5,11,14,3,11,2,2,0
23456,biobío,8,concepción,81,tomé,8111,97,10,3,7,10,3,7,0,0,0
23457,biobío,8,concepción,81,tomé,8111,98,12,5,7,12,5,7,0,0,0
23458,biobío,8,concepción,81,tomé,8111,99,6,2,4,5,2,3,1,0,1
23459,biobío,8,concepción,81,tomé,8111,100 o más,23,10,13,22,9,13,1,1,0
23460,biobío,8,concepción,81,hualpén,8112,total comuna,91773,43488,48285,90985,43086,47899,788,402,386
23461,biobío,8,concepción,81,hualpén,8112,0,996,521,475,987,515,472,9,6,3
23462,biobío,8,concepción,81,hualpén,8112,1,1167,601,566,1151,591,560,16,10,6
23463,biobío,8,concepción,81,hualpén,8112,2,1174,588,586,1152,577,575,22,11,11
23464,biobío,8,concepción,81,hualpén,8112,3,1230,624,606,1216,615,601,14,9,5
23465,biobío,8,concepción,81,hualpén,8112,4,1165,622,543,1156,615,541,9,7,2
23466,biobío,8,concepción,81,hualpén,8112,5,1229,641,588,1216,634,582,13,7,6
23467,biobío,8,concepción,81,hualpén,8112,6,1210,615,595,1196,610,586,14,5,9
23468,biobío,8,concepción,81,hualpén,8112,7,1223,635,588,1213,625,588,10,10,0
23469,biobío,8,concepción,81,hualpén,8112,8,1148,573,575,1135,568,567,13,5,8
23470,biobío,8,concepción,81,hualpén,8112,9,1238,646,592,1226,641,585,12,5,7
23471,biobío,8,concepción,81,hualpén,8112,10,1135,591,544,1131,590,541,4,1,3
23472,biobío,8,concepción,81,hualpén,8112,11,1080,555,525,1069,551,518,11,4,7
23473,biobío,8,concepción,81,hualpén,8112,12,1114,559,555,1101,553,548,13,6,7
23474,biobío,8,concepción,81,hualpén,8112,13,1172,579,593,1161,571,590,11,8,3
23475,biobío,8,concepción,81,hualpén,8112,14,1221,623,598,1211,619,592,10,4,6
23476,biobío,8,concepción,81,hualpén,8112,15,1157,594,563,1149,590,559,8,4,4
23477,biobío,8,concepción,81,hualpén,8112,16,1218,597,621,1212,594,618,6,3,3
23478,biobío,8,concepción,81,hualpén,8112,17,1281,655,626,1275,653,622,6,2,4
23479,biobío,8,concepción,81,hualpén,8112,18,1358,675,683,1350,670,680,8,5,3
23480,biobío,8,concepción,81,hualpén,8112,19,1458,760,698,1448,755,693,10,5,5
23481,biobío,8,concepción,81,hualpén,8112,20,1571,815,756,1556,805,751,15,10,5
23482,biobío,8,concepción,81,hualpén,8112,21,1497,753,744,1486,751,735,11,2,9
23483,biobío,8,concepción,81,hualpén,8112,22,1512,760,752,1500,754,746,12,6,6
23484,biobío,8,concepción,81,hualpén,8112,23,1541,777,764,1524,770,754,17,7,10
23485,biobío,8,concepción,81,hualpén,8112,24,1530,778,752,1517,771,746,13,7,6
23486,biobío,8,concepción,81,hualpén,8112,25,1547,761,786,1531,756,775,16,5,11
23487,biobío,8,concepción,81,hualpén,8112,26,1606,787,819,1591,779,812,15,8,7
23488,biobío,8,concepción,81,hualpén,8112,27,1475,715,760,1458,706,752,17,9,8
23489,biobío,8,concepción,81,hualpén,8112,28,1407,665,742,1398,660,738,9,5,4
23490,biobío,8,concepción,81,hualpén,8112,29,1341,618,723,1329,612,717,12,6,6
23491,biobío,8,concepción,81,hualpén,8112,30,1261,601,660,1247,596,651,14,5,9
23492,biobío,8,concepción,81,hualpén,8112,31,1226,598,628,1212,592,620,14,6,8
23493,biobío,8,concepción,81,hualpén,8112,32,1161,562,599,1152,557,595,9,5,4
23494,biobío,8,concepción,81,hualpén,8112,33,1090,536,554,1082,532,550,8,4,4
23495,biobío,8,concepción,81,hualpén,8112,34,1199,592,607,1194,589,605,5,3,2
23496,biobío,8,concepción,81,hualpén,8112,35,1233,585,648,1226,582,644,7,3,4
23497,biobío,8,concepción,81,hualpén,8112,36,1264,599,665,1254,595,659,10,4,6
23498,biobío,8,concepción,81,hualpén,8112,37,1120,541,579,1110,538,572,10,3,7
23499,biobío,8,concepción,81,hualpén,8112,38,1059,475,584,1053,473,580,6,2,4
23500,biobío,8,concepción,81,hualpén,8112,39,1085,492,593,1077,490,587,8,2,6
23501,biobío,8,concepción,81,hualpén,8112,40,1183,569,614,1177,566,611,6,3,3
23502,biobío,8,concepción,81,hualpén,8112,41,1159,547,612,1149,540,609,10,7,3
23503,biobío,8,concepción,81,hualpén,8112,42,1197,541,656,1193,538,655,4,3,1
23504,biobío,8,concepción,81,hualpén,8112,43,1275,588,687,1261,583,678,14,5,9
23505,biobío,8,concepción,81,hualpén,8112,44,1310,597,713,1297,587,710,13,10,3
23506,biobío,8,concepción,81,hualpén,8112,45,1274,586,688,1263,582,681,11,4,7
23507,biobío,8,concepción,81,hualpén,8112,46,1193,543,650,1181,536,645,12,7,5
23508,biobío,8,concepción,81,hualpén,8112,47,1224,568,656,1214,564,650,10,4,6
23509,biobío,8,concepción,81,hualpén,8112,48,1223,588,635,1214,582,632,9,6,3
23510,biobío,8,concepción,81,hualpén,8112,49,1384,658,726,1368,651,717,16,7,9
23511,biobío,8,concepción,81,hualpén,8112,50,1394,650,744,1376,639,737,18,11,7
23512,biobío,8,concepción,81,hualpén,8112,51,1391,642,749,1381,637,744,10,5,5
23513,biobío,8,concepción,81,hualpén,8112,52,1394,638,756,1379,632,747,15,6,9
23514,biobío,8,concepción,81,hualpén,8112,53,1275,567,708,1262,561,701,13,6,7
23515,biobío,8,concepción,81,hualpén,8112,54,1337,640,697,1326,633,693,11,7,4
23516,biobío,8,concepción,81,hualpén,8112,55,1313,613,700,1301,609,692,12,4,8
23517,biobío,8,concepción,81,hualpén,8112,56,1187,558,629,1181,555,626,6,3,3
23518,biobío,8,concepción,81,hualpén,8112,57,1194,561,633,1178,552,626,16,9,7
23519,biobío,8,concepción,81,hualpén,8112,58,1061,475,586,1054,473,581,7,2,5
23520,biobío,8,concepción,81,hualpén,8112,59,1008,435,573,998,428,570,10,7,3
23521,biobío,8,concepción,81,hualpén,8112,60,966,399,567,955,390,565,11,9,2
23522,biobío,8,concepción,81,hualpén,8112,61,941,398,543,932,396,536,9,2,7
23523,biobío,8,concepción,81,hualpén,8112,62,913,419,494,907,416,491,6,3,3
23524,biobío,8,concepción,81,hualpén,8112,63,914,412,502,912,410,502,2,2,0
23525,biobío,8,concepción,81,hualpén,8112,64,865,383,482,856,378,478,9,5,4
23526,biobío,8,concepción,81,hualpén,8112,65,779,381,398,775,377,398,4,4,0
23527,biobío,8,concepción,81,hualpén,8112,66,754,353,401,748,349,399,6,4,2
23528,biobío,8,concepción,81,hualpén,8112,67,695,305,390,687,298,389,8,7,1
23529,biobío,8,concepción,81,hualpén,8112,68,657,270,387,650,265,385,7,5,2
23530,biobío,8,concepción,81,hualpén,8112,69,665,283,382,663,281,382,2,2,0
23531,biobío,8,concepción,81,hualpén,8112,70,676,277,399,671,275,396,5,2,3
23532,biobío,8,concepción,81,hualpén,8112,71,642,271,371,639,270,369,3,1,2
23533,biobío,8,concepción,81,hualpén,8112,72,645,255,390,642,254,388,3,1,2
23534,biobío,8,concepción,81,hualpén,8112,73,533,224,309,524,219,305,9,5,4
23535,biobío,8,concepción,81,hualpén,8112,74,530,208,322,529,207,322,1,1,0
23536,biobío,8,concepción,81,hualpén,8112,75,560,217,343,555,215,340,5,2,3
23537,biobío,8,concepción,81,hualpén,8112,76,513,197,316,510,195,315,3,2,1
23538,biobío,8,concepción,81,hualpén,8112,77,484,205,279,480,202,278,4,3,1
23539,biobío,8,concepción,81,hualpén,8112,78,400,168,232,396,167,229,4,1,3
23540,biobío,8,concepción,81,hualpén,8112,79,372,152,220,369,151,218,3,1,2
23541,biobío,8,concepción,81,hualpén,8112,80,335,137,198,333,136,197,2,1,1
23542,biobío,8,concepción,81,hualpén,8112,81,311,122,189,311,122,189,0,0,0
23543,biobío,8,concepción,81,hualpén,8112,82,283,88,195,282,87,195,1,1,0
23544,biobío,8,concepción,81,hualpén,8112,83,242,97,145,242,97,145,0,0,0
23545,biobío,8,concepción,81,hualpén,8112,84,247,82,165,244,82,162,3,0,3
23546,biobío,8,concepción,81,hualpén,8112,85,212,77,135,207,75,132,5,2,3
23547,biobío,8,concepción,81,hualpén,8112,86,190,76,114,190,76,114,0,0,0
23548,biobío,8,concepción,81,hualpén,8112,87,187,52,135,186,52,134,1,0,1
23549,biobío,8,concepción,81,hualpén,8112,88,140,36,104,139,35,104,1,1,0
23550,biobío,8,concepción,81,hualpén,8112,89,116,40,76,115,40,75,1,0,1
23551,biobío,8,concepción,81,hualpén,8112,90,86,20,66,86,20,66,0,0,0
23552,biobío,8,concepción,81,hualpén,8112,91,48,16,32,48,16,32,0,0,0
23553,biobío,8,concepción,81,hualpén,8112,92,52,9,43,52,9,43,0,0,0
23554,biobío,8,concepción,81,hualpén,8112,93,51,12,39,51,12,39,0,0,0
23555,biobío,8,concepción,81,hualpén,8112,94,22,4,18,22,4,18,0,0,0
23556,biobío,8,concepción,81,hualpén,8112,95,21,5,16,21,5,16,0,0,0
23557,biobío,8,concepción,81,hualpén,8112,96,14,2,12,14,2,12,0,0,0
23558,biobío,8,concepción,81,hualpén,8112,97,10,3,7,10,3,7,0,0,0
23559,biobío,8,concepción,81,hualpén,8112,98,9,0,9,9,0,9,0,0,0
23560,biobío,8,concepción,81,hualpén,8112,99,2,1,1,2,1,1,0,0,0
23561,biobío,8,concepción,81,hualpén,8112,100 o más,16,4,12,16,4,12,0,0,0
23562,biobío,8,arauco,82,lebu,8201,total comuna,25522,12441,13081,23477,11374,12103,2045,1067,978
23563,biobío,8,arauco,82,lebu,8201,0,358,195,163,332,182,150,26,13,13
23564,biobío,8,arauco,82,lebu,8201,1,412,195,217,390,183,207,22,12,10
23565,biobío,8,arauco,82,lebu,8201,2,358,179,179,338,165,173,20,14,6
23566,biobío,8,arauco,82,lebu,8201,3,379,188,191,356,176,180,23,12,11
23567,biobío,8,arauco,82,lebu,8201,4,419,220,199,389,204,185,30,16,14
23568,biobío,8,arauco,82,lebu,8201,5,392,203,189,373,189,184,19,14,5
23569,biobío,8,arauco,82,lebu,8201,6,392,195,197,366,182,184,26,13,13
23570,biobío,8,arauco,82,lebu,8201,7,381,197,184,357,186,171,24,11,13
23571,biobío,8,arauco,82,lebu,8201,8,378,209,169,352,195,157,26,14,12
23572,biobío,8,arauco,82,lebu,8201,9,342,168,174,324,159,165,18,9,9
23573,biobío,8,arauco,82,lebu,8201,10,381,194,187,356,179,177,25,15,10
23574,biobío,8,arauco,82,lebu,8201,11,381,194,187,353,180,173,28,14,14
23575,biobío,8,arauco,82,lebu,8201,12,368,176,192,339,161,178,29,15,14
23576,biobío,8,arauco,82,lebu,8201,13,389,186,203,359,171,188,30,15,15
23577,biobío,8,arauco,82,lebu,8201,14,392,185,207,367,175,192,25,10,15
23578,biobío,8,arauco,82,lebu,8201,15,457,228,229,416,204,212,41,24,17
23579,biobío,8,arauco,82,lebu,8201,16,442,242,200,420,227,193,22,15,7
23580,biobío,8,arauco,82,lebu,8201,17,430,225,205,409,211,198,21,14,7
23581,biobío,8,arauco,82,lebu,8201,18,274,130,144,257,123,134,17,7,10
23582,biobío,8,arauco,82,lebu,8201,19,281,144,137,270,138,132,11,6,5
23583,biobío,8,arauco,82,lebu,8201,20,295,145,150,283,141,142,12,4,8
23584,biobío,8,arauco,82,lebu,8201,21,289,132,157,267,121,146,22,11,11
23585,biobío,8,arauco,82,lebu,8201,22,299,141,158,284,136,148,15,5,10
23586,biobío,8,arauco,82,lebu,8201,23,315,160,155,298,155,143,17,5,12
23587,biobío,8,arauco,82,lebu,8201,24,366,169,197,341,157,184,25,12,13
23588,biobío,8,arauco,82,lebu,8201,25,411,195,216,387,182,205,24,13,11
23589,biobío,8,arauco,82,lebu,8201,26,405,181,224,382,169,213,23,12,11
23590,biobío,8,arauco,82,lebu,8201,27,386,180,206,365,170,195,21,10,11
23591,biobío,8,arauco,82,lebu,8201,28,328,154,174,310,147,163,18,7,11
23592,biobío,8,arauco,82,lebu,8201,29,387,196,191,365,187,178,22,9,13
23593,biobío,8,arauco,82,lebu,8201,30,400,185,215,374,176,198,26,9,17
23594,biobío,8,arauco,82,lebu,8201,31,357,180,177,337,171,166,20,9,11
23595,biobío,8,arauco,82,lebu,8201,32,334,160,174,307,145,162,27,15,12
23596,biobío,8,arauco,82,lebu,8201,33,342,154,188,313,141,172,29,13,16
23597,biobío,8,arauco,82,lebu,8201,34,379,199,180,351,187,164,28,12,16
23598,biobío,8,arauco,82,lebu,8201,35,357,161,196,328,149,179,29,12,17
23599,biobío,8,arauco,82,lebu,8201,36,352,158,194,323,147,176,29,11,18
23600,biobío,8,arauco,82,lebu,8201,37,339,158,181,302,139,163,37,19,18
23601,biobío,8,arauco,82,lebu,8201,38,315,149,166,290,137,153,25,12,13
23602,biobío,8,arauco,82,lebu,8201,39,343,181,162,329,175,154,14,6,8
23603,biobío,8,arauco,82,lebu,8201,40,338,155,183,310,140,170,28,15,13
23604,biobío,8,arauco,82,lebu,8201,41,342,171,171,319,155,164,23,16,7
23605,biobío,8,arauco,82,lebu,8201,42,353,168,185,322,150,172,31,18,13
23606,biobío,8,arauco,82,lebu,8201,43,393,177,216,363,164,199,30,13,17
23607,biobío,8,arauco,82,lebu,8201,44,377,186,191,340,165,175,37,21,16
23608,biobío,8,arauco,82,lebu,8201,45,365,181,184,338,160,178,27,21,6
23609,biobío,8,arauco,82,lebu,8201,46,338,162,176,311,150,161,27,12,15
23610,biobío,8,arauco,82,lebu,8201,47,383,181,202,353,166,187,30,15,15
23611,biobío,8,arauco,82,lebu,8201,48,353,160,193,318,144,174,35,16,19
23612,biobío,8,arauco,82,lebu,8201,49,362,188,174,330,173,157,32,15,17
23613,biobío,8,arauco,82,lebu,8201,50,377,186,191,339,170,169,38,16,22
23614,biobío,8,arauco,82,lebu,8201,51,339,166,173,308,145,163,31,21,10
23615,biobío,8,arauco,82,lebu,8201,52,348,176,172,310,155,155,38,21,17
23616,biobío,8,arauco,82,lebu,8201,53,330,160,170,293,137,156,37,23,14
23617,biobío,8,arauco,82,lebu,8201,54,318,162,156,280,137,143,38,25,13
23618,biobío,8,arauco,82,lebu,8201,55,320,165,155,284,145,139,36,20,16
23619,biobío,8,arauco,82,lebu,8201,56,299,149,150,275,136,139,24,13,11
23620,biobío,8,arauco,82,lebu,8201,57,280,118,162,244,99,145,36,19,17
23621,biobío,8,arauco,82,lebu,8201,58,301,151,150,264,133,131,37,18,19
23622,biobío,8,arauco,82,lebu,8201,59,272,130,142,249,121,128,23,9,14
23623,biobío,8,arauco,82,lebu,8201,60,281,140,141,248,119,129,33,21,12
23624,biobío,8,arauco,82,lebu,8201,61,278,132,146,252,118,134,26,14,12
23625,biobío,8,arauco,82,lebu,8201,62,266,125,141,237,108,129,29,17,12
23626,biobío,8,arauco,82,lebu,8201,63,251,123,128,231,112,119,20,11,9
23627,biobío,8,arauco,82,lebu,8201,64,263,109,154,233,98,135,30,11,19
23628,biobío,8,arauco,82,lebu,8201,65,204,95,109,181,83,98,23,12,11
23629,biobío,8,arauco,82,lebu,8201,66,201,91,110,180,79,101,21,12,9
23630,biobío,8,arauco,82,lebu,8201,67,166,81,85,146,74,72,20,7,13
23631,biobío,8,arauco,82,lebu,8201,68,198,87,111,169,70,99,29,17,12
23632,biobío,8,arauco,82,lebu,8201,69,152,90,62,133,81,52,19,9,10
23633,biobío,8,arauco,82,lebu,8201,70,162,81,81,136,62,74,26,19,7
23634,biobío,8,arauco,82,lebu,8201,71,154,72,82,141,68,73,13,4,9
23635,biobío,8,arauco,82,lebu,8201,72,132,60,72,125,56,69,7,4,3
23636,biobío,8,arauco,82,lebu,8201,73,141,62,79,123,53,70,18,9,9
23637,biobío,8,arauco,82,lebu,8201,74,122,62,60,109,54,55,13,8,5
23638,biobío,8,arauco,82,lebu,8201,75,125,58,67,104,47,57,21,11,10
23639,biobío,8,arauco,82,lebu,8201,76,115,60,55,99,51,48,16,9,7
23640,biobío,8,arauco,82,lebu,8201,77,102,45,57,92,40,52,10,5,5
23641,biobío,8,arauco,82,lebu,8201,78,81,39,42,73,33,40,8,6,2
23642,biobío,8,arauco,82,lebu,8201,79,85,35,50,75,30,45,10,5,5
23643,biobío,8,arauco,82,lebu,8201,80,77,38,39,68,34,34,9,4,5
23644,biobío,8,arauco,82,lebu,8201,81,70,42,28,65,38,27,5,4,1
23645,biobío,8,arauco,82,lebu,8201,82,80,46,34,73,40,33,7,6,1
23646,biobío,8,arauco,82,lebu,8201,83,54,23,31,52,23,29,2,0,2
23647,biobío,8,arauco,82,lebu,8201,84,49,25,24,41,21,20,8,4,4
23648,biobío,8,arauco,82,lebu,8201,85,53,23,30,48,21,27,5,2,3
23649,biobío,8,arauco,82,lebu,8201,86,60,26,34,52,20,32,8,6,2
23650,biobío,8,arauco,82,lebu,8201,87,48,24,24,41,19,22,7,5,2
23651,biobío,8,arauco,82,lebu,8201,88,36,18,18,30,14,16,6,4,2
23652,biobío,8,arauco,82,lebu,8201,89,23,6,17,20,5,15,3,1,2
23653,biobío,8,arauco,82,lebu,8201,90,25,9,16,23,8,15,2,1,1
23654,biobío,8,arauco,82,lebu,8201,91,13,4,9,12,3,9,1,1,0
23655,biobío,8,arauco,82,lebu,8201,92,18,5,13,17,4,13,1,1,0
23656,biobío,8,arauco,82,lebu,8201,93,15,6,9,13,5,8,2,1,1
23657,biobío,8,arauco,82,lebu,8201,94,7,3,4,6,3,3,1,0,1
23658,biobío,8,arauco,82,lebu,8201,95,6,3,3,4,3,1,2,0,2
23659,biobío,8,arauco,82,lebu,8201,96,4,4,0,4,4,0,0,0,0
23660,biobío,8,arauco,82,lebu,8201,97,5,3,2,5,3,2,0,0,0
23661,biobío,8,arauco,82,lebu,8201,98,1,1,0,1,1,0,0,0,0
23662,biobío,8,arauco,82,lebu,8201,99,2,1,1,2,1,1,0,0,0
23663,biobío,8,arauco,82,lebu,8201,100 o más,4,1,3,4,1,3,0,0,0
23664,biobío,8,arauco,82,arauco,8202,total comuna,36257,17875,18382,27320,13306,14014,8937,4569,4368
23665,biobío,8,arauco,82,arauco,8202,0,396,219,177,321,175,146,75,44,31
23666,biobío,8,arauco,82,arauco,8202,1,493,249,244,370,189,181,123,60,63
23667,biobío,8,arauco,82,arauco,8202,2,537,277,260,412,210,202,125,67,58
23668,biobío,8,arauco,82,arauco,8202,3,536,272,264,402,205,197,134,67,67
23669,biobío,8,arauco,82,arauco,8202,4,492,256,236,376,197,179,116,59,57
23670,biobío,8,arauco,82,arauco,8202,5,524,269,255,405,211,194,119,58,61
23671,biobío,8,arauco,82,arauco,8202,6,556,260,296,425,197,228,131,63,68
23672,biobío,8,arauco,82,arauco,8202,7,584,320,264,434,234,200,150,86,64
23673,biobío,8,arauco,82,arauco,8202,8,509,261,248,387,199,188,122,62,60
23674,biobío,8,arauco,82,arauco,8202,9,511,266,245,393,203,190,118,63,55
23675,biobío,8,arauco,82,arauco,8202,10,545,267,278,416,207,209,129,60,69
23676,biobío,8,arauco,82,arauco,8202,11,539,276,263,420,218,202,119,58,61
23677,biobío,8,arauco,82,arauco,8202,12,518,271,247,393,207,186,125,64,61
23678,biobío,8,arauco,82,arauco,8202,13,494,260,234,366,184,182,128,76,52
23679,biobío,8,arauco,82,arauco,8202,14,532,277,255,381,191,190,151,86,65
23680,biobío,8,arauco,82,arauco,8202,15,587,313,274,458,243,215,129,70,59
23681,biobío,8,arauco,82,arauco,8202,16,581,323,258,431,243,188,150,80,70
23682,biobío,8,arauco,82,arauco,8202,17,509,274,235,383,202,181,126,72,54
23683,biobío,8,arauco,82,arauco,8202,18,480,240,240,380,191,189,100,49,51
23684,biobío,8,arauco,82,arauco,8202,19,477,233,244,347,169,178,130,64,66
23685,biobío,8,arauco,82,arauco,8202,20,495,254,241,395,206,189,100,48,52
23686,biobío,8,arauco,82,arauco,8202,21,432,190,242,330,146,184,102,44,58
23687,biobío,8,arauco,82,arauco,8202,22,458,220,238,336,172,164,122,48,74
23688,biobío,8,arauco,82,arauco,8202,23,451,233,218,330,177,153,121,56,65
23689,biobío,8,arauco,82,arauco,8202,24,531,270,261,404,197,207,127,73,54
23690,biobío,8,arauco,82,arauco,8202,25,597,277,320,453,207,246,144,70,74
23691,biobío,8,arauco,82,arauco,8202,26,583,291,292,457,226,231,126,65,61
23692,biobío,8,arauco,82,arauco,8202,27,553,271,282,429,207,222,124,64,60
23693,biobío,8,arauco,82,arauco,8202,28,573,297,276,428,227,201,145,70,75
23694,biobío,8,arauco,82,arauco,8202,29,533,271,262,435,223,212,98,48,50
23695,biobío,8,arauco,82,arauco,8202,30,504,240,264,397,185,212,107,55,52
23696,biobío,8,arauco,82,arauco,8202,31,491,226,265,392,176,216,99,50,49
23697,biobío,8,arauco,82,arauco,8202,32,505,247,258,402,195,207,103,52,51
23698,biobío,8,arauco,82,arauco,8202,33,511,254,257,394,195,199,117,59,58
23699,biobío,8,arauco,82,arauco,8202,34,514,265,249,423,215,208,91,50,41
23700,biobío,8,arauco,82,arauco,8202,35,545,247,298,424,188,236,121,59,62
23701,biobío,8,arauco,82,arauco,8202,36,467,237,230,366,184,182,101,53,48
23702,biobío,8,arauco,82,arauco,8202,37,521,240,281,408,176,232,113,64,49
23703,biobío,8,arauco,82,arauco,8202,38,432,209,223,345,167,178,87,42,45
23704,biobío,8,arauco,82,arauco,8202,39,503,248,255,385,190,195,118,58,60
23705,biobío,8,arauco,82,arauco,8202,40,422,199,223,311,148,163,111,51,60
23706,biobío,8,arauco,82,arauco,8202,41,455,206,249,350,157,193,105,49,56
23707,biobío,8,arauco,82,arauco,8202,42,542,249,293,413,193,220,129,56,73
23708,biobío,8,arauco,82,arauco,8202,43,546,281,265,412,208,204,134,73,61
23709,biobío,8,arauco,82,arauco,8202,44,552,257,295,409,194,215,143,63,80
23710,biobío,8,arauco,82,arauco,8202,45,522,249,273,367,178,189,155,71,84
23711,biobío,8,arauco,82,arauco,8202,46,536,264,272,401,194,207,135,70,65
23712,biobío,8,arauco,82,arauco,8202,47,514,248,266,384,173,211,130,75,55
23713,biobío,8,arauco,82,arauco,8202,48,514,236,278,377,171,206,137,65,72
23714,biobío,8,arauco,82,arauco,8202,49,540,271,269,422,204,218,118,67,51
23715,biobío,8,arauco,82,arauco,8202,50,540,248,292,402,185,217,138,63,75
23716,biobío,8,arauco,82,arauco,8202,51,520,263,257,396,194,202,124,69,55
23717,biobío,8,arauco,82,arauco,8202,52,526,268,258,386,188,198,140,80,60
23718,biobío,8,arauco,82,arauco,8202,53,509,259,250,385,186,199,124,73,51
23719,biobío,8,arauco,82,arauco,8202,54,483,246,237,347,173,174,136,73,63
23720,biobío,8,arauco,82,arauco,8202,55,480,237,243,353,169,184,127,68,59
23721,biobío,8,arauco,82,arauco,8202,56,470,218,252,340,152,188,130,66,64
23722,biobío,8,arauco,82,arauco,8202,57,417,201,216,318,140,178,99,61,38
23723,biobío,8,arauco,82,arauco,8202,58,417,223,194,299,154,145,118,69,49
23724,biobío,8,arauco,82,arauco,8202,59,379,166,213,281,130,151,98,36,62
23725,biobío,8,arauco,82,arauco,8202,60,385,186,199,273,133,140,112,53,59
23726,biobío,8,arauco,82,arauco,8202,61,369,194,175,257,137,120,112,57,55
23727,biobío,8,arauco,82,arauco,8202,62,349,158,191,271,122,149,78,36,42
23728,biobío,8,arauco,82,arauco,8202,63,346,179,167,236,123,113,110,56,54
23729,biobío,8,arauco,82,arauco,8202,64,335,160,175,248,117,131,87,43,44
23730,biobío,8,arauco,82,arauco,8202,65,280,121,159,202,80,122,78,41,37
23731,biobío,8,arauco,82,arauco,8202,66,261,126,135,192,86,106,69,40,29
23732,biobío,8,arauco,82,arauco,8202,67,284,132,152,191,84,107,93,48,45
23733,biobío,8,arauco,82,arauco,8202,68,261,132,129,201,97,104,60,35,25
23734,biobío,8,arauco,82,arauco,8202,69,237,113,124,169,77,92,68,36,32
23735,biobío,8,arauco,82,arauco,8202,70,231,113,118,158,76,82,73,37,36
23736,biobío,8,arauco,82,arauco,8202,71,210,105,105,144,68,76,66,37,29
23737,biobío,8,arauco,82,arauco,8202,72,194,94,100,136,60,76,58,34,24
23738,biobío,8,arauco,82,arauco,8202,73,206,103,103,147,75,72,59,28,31
23739,biobío,8,arauco,82,arauco,8202,74,166,80,86,114,47,67,52,33,19
23740,biobío,8,arauco,82,arauco,8202,75,172,87,85,124,60,64,48,27,21
23741,biobío,8,arauco,82,arauco,8202,76,152,73,79,106,49,57,46,24,22
23742,biobío,8,arauco,82,arauco,8202,77,154,77,77,113,55,58,41,22,19
23743,biobío,8,arauco,82,arauco,8202,78,130,60,70,102,46,56,28,14,14
23744,biobío,8,arauco,82,arauco,8202,79,134,63,71,84,41,43,50,22,28
23745,biobío,8,arauco,82,arauco,8202,80,108,41,67,75,27,48,33,14,19
23746,biobío,8,arauco,82,arauco,8202,81,109,45,64,89,35,54,20,10,10
23747,biobío,8,arauco,82,arauco,8202,82,98,37,61,68,24,44,30,13,17
23748,biobío,8,arauco,82,arauco,8202,83,67,28,39,45,17,28,22,11,11
23749,biobío,8,arauco,82,arauco,8202,84,81,35,46,60,27,33,21,8,13
23750,biobío,8,arauco,82,arauco,8202,85,71,31,40,51,24,27,20,7,13
23751,biobío,8,arauco,82,arauco,8202,86,71,28,43,48,18,30,23,10,13
23752,biobío,8,arauco,82,arauco,8202,87,54,22,32,38,14,24,16,8,8
23753,biobío,8,arauco,82,arauco,8202,88,48,19,29,35,14,21,13,5,8
23754,biobío,8,arauco,82,arauco,8202,89,49,14,35,36,7,29,13,7,6
23755,biobío,8,arauco,82,arauco,8202,90,34,14,20,26,10,16,8,4,4
23756,biobío,8,arauco,82,arauco,8202,91,31,14,17,21,10,11,10,4,6
23757,biobío,8,arauco,82,arauco,8202,92,22,8,14,18,5,13,4,3,1
23758,biobío,8,arauco,82,arauco,8202,93,19,8,11,14,6,8,5,2,3
23759,biobío,8,arauco,82,arauco,8202,94,16,4,12,9,2,7,7,2,5
23760,biobío,8,arauco,82,arauco,8202,95,9,4,5,7,2,5,2,2,0
23761,biobío,8,arauco,82,arauco,8202,96,7,1,6,7,1,6,0,0,0
23762,biobío,8,arauco,82,arauco,8202,97,4,1,3,3,0,3,1,1,0
23763,biobío,8,arauco,82,arauco,8202,98,6,2,4,5,2,3,1,0,1
23764,biobío,8,arauco,82,arauco,8202,99,3,0,3,2,0,2,1,0,1
23765,biobío,8,arauco,82,arauco,8202,100 o más,11,4,7,9,3,6,2,1,1
23766,biobío,8,arauco,82,cañete,8203,total comuna,34537,16641,17896,19494,9087,10407,15043,7554,7489
23767,biobío,8,arauco,82,cañete,8203,0,448,218,230,252,127,125,196,91,105
23768,biobío,8,arauco,82,cañete,8203,1,575,305,270,320,167,153,255,138,117
23769,biobío,8,arauco,82,cañete,8203,2,501,241,260,289,139,150,212,102,110
23770,biobío,8,arauco,82,cañete,8203,3,543,252,291,297,135,162,246,117,129
23771,biobío,8,arauco,82,cañete,8203,4,502,257,245,314,158,156,188,99,89
23772,biobío,8,arauco,82,cañete,8203,5,573,303,270,329,173,156,244,130,114
23773,biobío,8,arauco,82,cañete,8203,6,556,274,282,320,162,158,236,112,124
23774,biobío,8,arauco,82,cañete,8203,7,562,301,261,306,165,141,256,136,120
23775,biobío,8,arauco,82,cañete,8203,8,539,267,272,316,158,158,223,109,114
23776,biobío,8,arauco,82,cañete,8203,9,519,268,251,265,135,130,254,133,121
23777,biobío,8,arauco,82,cañete,8203,10,522,271,251,282,142,140,240,129,111
23778,biobío,8,arauco,82,cañete,8203,11,552,291,261,320,167,153,232,124,108
23779,biobío,8,arauco,82,cañete,8203,12,482,238,244,289,131,158,193,107,86
23780,biobío,8,arauco,82,cañete,8203,13,607,300,307,350,171,179,257,129,128
23781,biobío,8,arauco,82,cañete,8203,14,573,266,307,333,148,185,240,118,122
23782,biobío,8,arauco,82,cañete,8203,15,549,266,283,328,157,171,221,109,112
23783,biobío,8,arauco,82,cañete,8203,16,577,307,270,357,193,164,220,114,106
23784,biobío,8,arauco,82,cañete,8203,17,535,265,270,321,155,166,214,110,104
23785,biobío,8,arauco,82,cañete,8203,18,389,210,179,227,119,108,162,91,71
23786,biobío,8,arauco,82,cañete,8203,19,357,179,178,205,101,104,152,78,74
23787,biobío,8,arauco,82,cañete,8203,20,407,212,195,222,119,103,185,93,92
23788,biobío,8,arauco,82,cañete,8203,21,408,179,229,237,105,132,171,74,97
23789,biobío,8,arauco,82,cañete,8203,22,449,197,252,265,115,150,184,82,102
23790,biobío,8,arauco,82,cañete,8203,23,481,225,256,290,136,154,191,89,102
23791,biobío,8,arauco,82,cañete,8203,24,436,189,247,262,107,155,174,82,92
23792,biobío,8,arauco,82,cañete,8203,25,495,235,260,288,121,167,207,114,93
23793,biobío,8,arauco,82,cañete,8203,26,519,263,256,316,156,160,203,107,96
23794,biobío,8,arauco,82,cañete,8203,27,519,238,281,326,145,181,193,93,100
23795,biobío,8,arauco,82,cañete,8203,28,499,232,267,300,148,152,199,84,115
23796,biobío,8,arauco,82,cañete,8203,29,475,224,251,296,131,165,179,93,86
23797,biobío,8,arauco,82,cañete,8203,30,477,230,247,299,144,155,178,86,92
23798,biobío,8,arauco,82,cañete,8203,31,438,204,234,264,116,148,174,88,86
23799,biobío,8,arauco,82,cañete,8203,32,478,205,273,279,116,163,199,89,110
23800,biobío,8,arauco,82,cañete,8203,33,467,211,256,282,140,142,185,71,114
23801,biobío,8,arauco,82,cañete,8203,34,483,208,275,279,122,157,204,86,118
23802,biobío,8,arauco,82,cañete,8203,35,488,232,256,292,126,166,196,106,90
23803,biobío,8,arauco,82,cañete,8203,36,498,236,262,263,123,140,235,113,122
23804,biobío,8,arauco,82,cañete,8203,37,461,199,262,273,113,160,188,86,102
23805,biobío,8,arauco,82,cañete,8203,38,476,222,254,260,119,141,216,103,113
23806,biobío,8,arauco,82,cañete,8203,39,475,217,258,286,124,162,189,93,96
23807,biobío,8,arauco,82,cañete,8203,40,462,193,269,270,114,156,192,79,113
23808,biobío,8,arauco,82,cañete,8203,41,449,211,238,243,112,131,206,99,107
23809,biobío,8,arauco,82,cañete,8203,42,471,228,243,254,118,136,217,110,107
23810,biobío,8,arauco,82,cañete,8203,43,494,241,253,281,137,144,213,104,109
23811,biobío,8,arauco,82,cañete,8203,44,502,265,237,276,136,140,226,129,97
23812,biobío,8,arauco,82,cañete,8203,45,487,224,263,267,118,149,220,106,114
23813,biobío,8,arauco,82,cañete,8203,46,450,209,241,232,107,125,218,102,116
23814,biobío,8,arauco,82,cañete,8203,47,466,221,245,246,112,134,220,109,111
23815,biobío,8,arauco,82,cañete,8203,48,456,230,226,240,109,131,216,121,95
23816,biobío,8,arauco,82,cañete,8203,49,437,194,243,245,106,139,192,88,104
23817,biobío,8,arauco,82,cañete,8203,50,436,207,229,244,105,139,192,102,90
23818,biobío,8,arauco,82,cañete,8203,51,484,228,256,257,120,137,227,108,119
23819,biobío,8,arauco,82,cañete,8203,52,417,204,213,224,107,117,193,97,96
23820,biobío,8,arauco,82,cañete,8203,53,436,201,235,237,100,137,199,101,98
23821,biobío,8,arauco,82,cañete,8203,54,423,195,228,245,106,139,178,89,89
23822,biobío,8,arauco,82,cañete,8203,55,434,224,210,236,116,120,198,108,90
23823,biobío,8,arauco,82,cañete,8203,56,385,211,174,206,103,103,179,108,71
23824,biobío,8,arauco,82,cañete,8203,57,380,186,194,205,91,114,175,95,80
23825,biobío,8,arauco,82,cañete,8203,58,395,192,203,205,100,105,190,92,98
23826,biobío,8,arauco,82,cañete,8203,59,390,184,206,214,91,123,176,93,83
23827,biobío,8,arauco,82,cañete,8203,60,381,192,189,195,89,106,186,103,83
23828,biobío,8,arauco,82,cañete,8203,61,326,180,146,189,105,84,137,75,62
23829,biobío,8,arauco,82,cañete,8203,62,315,155,160,172,81,91,143,74,69
23830,biobío,8,arauco,82,cañete,8203,63,342,162,180,181,75,106,161,87,74
23831,biobío,8,arauco,82,cañete,8203,64,300,141,159,157,72,85,143,69,74
23832,biobío,8,arauco,82,cañete,8203,65,332,173,159,191,104,87,141,69,72
23833,biobío,8,arauco,82,cañete,8203,66,279,138,141,139,68,71,140,70,70
23834,biobío,8,arauco,82,cañete,8203,67,268,136,132,140,62,78,128,74,54
23835,biobío,8,arauco,82,cañete,8203,68,227,115,112,120,48,72,107,67,40
23836,biobío,8,arauco,82,cañete,8203,69,269,122,147,138,50,88,131,72,59
23837,biobío,8,arauco,82,cañete,8203,70,219,101,118,116,49,67,103,52,51
23838,biobío,8,arauco,82,cañete,8203,71,232,98,134,137,61,76,95,37,58
23839,biobío,8,arauco,82,cañete,8203,72,204,88,116,97,42,55,107,46,61
23840,biobío,8,arauco,82,cañete,8203,73,197,95,102,106,49,57,91,46,45
23841,biobío,8,arauco,82,cañete,8203,74,194,108,86,100,52,48,94,56,38
23842,biobío,8,arauco,82,cañete,8203,75,170,91,79,67,35,32,103,56,47
23843,biobío,8,arauco,82,cañete,8203,76,172,73,99,87,30,57,85,43,42
23844,biobío,8,arauco,82,cañete,8203,77,147,57,90,81,28,53,66,29,37
23845,biobío,8,arauco,82,cañete,8203,78,133,64,69,64,25,39,69,39,30
23846,biobío,8,arauco,82,cañete,8203,79,107,49,58,63,27,36,44,22,22
23847,biobío,8,arauco,82,cañete,8203,80,132,61,71,73,28,45,59,33,26
23848,biobío,8,arauco,82,cañete,8203,81,112,50,62,70,30,40,42,20,22
23849,biobío,8,arauco,82,cañete,8203,82,88,35,53,45,17,28,43,18,25
23850,biobío,8,arauco,82,cañete,8203,83,102,51,51,56,27,29,46,24,22
23851,biobío,8,arauco,82,cañete,8203,84,99,47,52,47,17,30,52,30,22
23852,biobío,8,arauco,82,cañete,8203,85,76,32,44,34,9,25,42,23,19
23853,biobío,8,arauco,82,cañete,8203,86,67,33,34,34,16,18,33,17,16
23854,biobío,8,arauco,82,cañete,8203,87,74,37,37,45,21,24,29,16,13
23855,biobío,8,arauco,82,cañete,8203,88,43,19,24,17,6,11,26,13,13
23856,biobío,8,arauco,82,cañete,8203,89,30,14,16,17,9,8,13,5,8
23857,biobío,8,arauco,82,cañete,8203,90,38,16,22,24,9,15,14,7,7
23858,biobío,8,arauco,82,cañete,8203,91,31,7,24,17,3,14,14,4,10
23859,biobío,8,arauco,82,cañete,8203,92,21,4,17,13,2,11,8,2,6
23860,biobío,8,arauco,82,cañete,8203,93,13,3,10,5,0,5,8,3,5
23861,biobío,8,arauco,82,cañete,8203,94,16,2,14,9,1,8,7,1,6
23862,biobío,8,arauco,82,cañete,8203,95,10,2,8,6,0,6,4,2,2
23863,biobío,8,arauco,82,cañete,8203,96,7,0,7,4,0,4,3,0,3
23864,biobío,8,arauco,82,cañete,8203,97,3,1,2,2,1,1,1,0,1
23865,biobío,8,arauco,82,cañete,8203,98,3,0,3,2,0,2,1,0,1
23866,biobío,8,arauco,82,cañete,8203,99,5,2,3,3,1,2,2,1,1
23867,biobío,8,arauco,82,cañete,8203,100 o más,9,2,7,5,1,4,4,1,3
23868,biobío,8,arauco,82,contulmo,8204,total comuna,6031,3028,3003,3061,1460,1601,2970,1568,1402
23869,biobío,8,arauco,82,contulmo,8204,0,86,42,44,45,22,23,41,20,21
23870,biobío,8,arauco,82,contulmo,8204,1,62,34,28,30,18,12,32,16,16
23871,biobío,8,arauco,82,contulmo,8204,2,78,35,43,40,16,24,38,19,19
23872,biobío,8,arauco,82,contulmo,8204,3,82,39,43,46,20,26,36,19,17
23873,biobío,8,arauco,82,contulmo,8204,4,66,34,32,40,19,21,26,15,11
23874,biobío,8,arauco,82,contulmo,8204,5,72,36,36,44,18,26,28,18,10
23875,biobío,8,arauco,82,contulmo,8204,6,78,47,31,40,24,16,38,23,15
23876,biobío,8,arauco,82,contulmo,8204,7,90,46,44,40,21,19,50,25,25
23877,biobío,8,arauco,82,contulmo,8204,8,86,43,43,46,20,26,40,23,17
23878,biobío,8,arauco,82,contulmo,8204,9,83,45,38,47,22,25,36,23,13
23879,biobío,8,arauco,82,contulmo,8204,10,85,42,43,37,16,21,48,26,22
23880,biobío,8,arauco,82,contulmo,8204,11,97,49,48,51,26,25,46,23,23
23881,biobío,8,arauco,82,contulmo,8204,12,80,39,41,44,23,21,36,16,20
23882,biobío,8,arauco,82,contulmo,8204,13,91,50,41,47,26,21,44,24,20
23883,biobío,8,arauco,82,contulmo,8204,14,102,50,52,55,28,27,47,22,25
23884,biobío,8,arauco,82,contulmo,8204,15,95,47,48,45,19,26,50,28,22
23885,biobío,8,arauco,82,contulmo,8204,16,85,49,36,50,31,19,35,18,17
23886,biobío,8,arauco,82,contulmo,8204,17,97,52,45,50,25,25,47,27,20
23887,biobío,8,arauco,82,contulmo,8204,18,54,30,24,27,14,13,27,16,11
23888,biobío,8,arauco,82,contulmo,8204,19,50,27,23,25,15,10,25,12,13
23889,biobío,8,arauco,82,contulmo,8204,20,62,34,28,34,19,15,28,15,13
23890,biobío,8,arauco,82,contulmo,8204,21,61,29,32,36,16,20,25,13,12
23891,biobío,8,arauco,82,contulmo,8204,22,63,29,34,38,16,22,25,13,12
23892,biobío,8,arauco,82,contulmo,8204,23,79,38,41,38,23,15,41,15,26
23893,biobío,8,arauco,82,contulmo,8204,24,86,38,48,43,21,22,43,17,26
23894,biobío,8,arauco,82,contulmo,8204,25,88,44,44,58,27,31,30,17,13
23895,biobío,8,arauco,82,contulmo,8204,26,83,44,39,37,18,19,46,26,20
23896,biobío,8,arauco,82,contulmo,8204,27,76,38,38,51,21,30,25,17,8
23897,biobío,8,arauco,82,contulmo,8204,28,79,37,42,41,20,21,38,17,21
23898,biobío,8,arauco,82,contulmo,8204,29,79,31,48,50,22,28,29,9,20
23899,biobío,8,arauco,82,contulmo,8204,30,65,26,39,30,12,18,35,14,21
23900,biobío,8,arauco,82,contulmo,8204,31,89,40,49,54,23,31,35,17,18
23901,biobío,8,arauco,82,contulmo,8204,32,86,42,44,47,27,20,39,15,24
23902,biobío,8,arauco,82,contulmo,8204,33,75,31,44,47,17,30,28,14,14
23903,biobío,8,arauco,82,contulmo,8204,34,62,35,27,32,17,15,30,18,12
23904,biobío,8,arauco,82,contulmo,8204,35,95,45,50,46,19,27,49,26,23
23905,biobío,8,arauco,82,contulmo,8204,36,87,42,45,43,18,25,44,24,20
23906,biobío,8,arauco,82,contulmo,8204,37,81,39,42,38,16,22,43,23,20
23907,biobío,8,arauco,82,contulmo,8204,38,82,41,41,34,11,23,48,30,18
23908,biobío,8,arauco,82,contulmo,8204,39,82,29,53,50,17,33,32,12,20
23909,biobío,8,arauco,82,contulmo,8204,40,68,36,32,38,19,19,30,17,13
23910,biobío,8,arauco,82,contulmo,8204,41,89,38,51,48,23,25,41,15,26
23911,biobío,8,arauco,82,contulmo,8204,42,77,46,31,38,25,13,39,21,18
23912,biobío,8,arauco,82,contulmo,8204,43,82,41,41,51,25,26,31,16,15
23913,biobío,8,arauco,82,contulmo,8204,44,81,42,39,42,20,22,39,22,17
23914,biobío,8,arauco,82,contulmo,8204,45,79,31,48,41,17,24,38,14,24
23915,biobío,8,arauco,82,contulmo,8204,46,85,43,42,50,26,24,35,17,18
23916,biobío,8,arauco,82,contulmo,8204,47,92,49,43,40,18,22,52,31,21
23917,biobío,8,arauco,82,contulmo,8204,48,89,43,46,47,21,26,42,22,20
23918,biobío,8,arauco,82,contulmo,8204,49,84,45,39,34,17,17,50,28,22
23919,biobío,8,arauco,82,contulmo,8204,50,83,47,36,31,18,13,52,29,23
23920,biobío,8,arauco,82,contulmo,8204,51,88,41,47,33,15,18,55,26,29
23921,biobío,8,arauco,82,contulmo,8204,52,79,45,34,39,23,16,40,22,18
23922,biobío,8,arauco,82,contulmo,8204,53,77,40,37,31,14,17,46,26,20
23923,biobío,8,arauco,82,contulmo,8204,54,90,41,49,44,19,25,46,22,24
23924,biobío,8,arauco,82,contulmo,8204,55,86,38,48,34,12,22,52,26,26
23925,biobío,8,arauco,82,contulmo,8204,56,82,48,34,37,22,15,45,26,19
23926,biobío,8,arauco,82,contulmo,8204,57,101,64,37,49,33,16,52,31,21
23927,biobío,8,arauco,82,contulmo,8204,58,69,35,34,36,16,20,33,19,14
23928,biobío,8,arauco,82,contulmo,8204,59,68,28,40,28,9,19,40,19,21
23929,biobío,8,arauco,82,contulmo,8204,60,75,34,41,41,15,26,34,19,15
23930,biobío,8,arauco,82,contulmo,8204,61,68,38,30,35,18,17,33,20,13
23931,biobío,8,arauco,82,contulmo,8204,62,67,38,29,36,18,18,31,20,11
23932,biobío,8,arauco,82,contulmo,8204,63,65,26,39,29,10,19,36,16,20
23933,biobío,8,arauco,82,contulmo,8204,64,61,30,31,29,13,16,32,17,15
23934,biobío,8,arauco,82,contulmo,8204,65,61,34,27,33,16,17,28,18,10
23935,biobío,8,arauco,82,contulmo,8204,66,52,32,20,27,15,12,25,17,8
23936,biobío,8,arauco,82,contulmo,8204,67,47,28,19,22,11,11,25,17,8
23937,biobío,8,arauco,82,contulmo,8204,68,47,22,25,21,9,12,26,13,13
23938,biobío,8,arauco,82,contulmo,8204,69,51,29,22,25,13,12,26,16,10
23939,biobío,8,arauco,82,contulmo,8204,70,44,22,22,12,7,5,32,15,17
23940,biobío,8,arauco,82,contulmo,8204,71,39,19,20,11,4,7,28,15,13
23941,biobío,8,arauco,82,contulmo,8204,72,50,24,26,31,16,15,19,8,11
23942,biobío,8,arauco,82,contulmo,8204,73,42,21,21,23,12,11,19,9,10
23943,biobío,8,arauco,82,contulmo,8204,74,45,25,20,16,6,10,29,19,10
23944,biobío,8,arauco,82,contulmo,8204,75,51,28,23,20,10,10,31,18,13
23945,biobío,8,arauco,82,contulmo,8204,76,52,25,27,30,14,16,22,11,11
23946,biobío,8,arauco,82,contulmo,8204,77,27,12,15,15,7,8,12,5,7
23947,biobío,8,arauco,82,contulmo,8204,78,34,18,16,16,6,10,18,12,6
23948,biobío,8,arauco,82,contulmo,8204,79,21,12,9,8,5,3,13,7,6
23949,biobío,8,arauco,82,contulmo,8204,80,24,12,12,13,7,6,11,5,6
23950,biobío,8,arauco,82,contulmo,8204,81,24,12,12,12,6,6,12,6,6
23951,biobío,8,arauco,82,contulmo,8204,82,22,11,11,6,3,3,16,8,8
23952,biobío,8,arauco,82,contulmo,8204,83,21,10,11,13,5,8,8,5,3
23953,biobío,8,arauco,82,contulmo,8204,84,17,8,9,8,2,6,9,6,3
23954,biobío,8,arauco,82,contulmo,8204,85,22,14,8,7,4,3,15,10,5
23955,biobío,8,arauco,82,contulmo,8204,86,13,7,6,7,4,3,6,3,3
23956,biobío,8,arauco,82,contulmo,8204,87,13,5,8,6,2,4,7,3,4
23957,biobío,8,arauco,82,contulmo,8204,88,10,6,4,4,2,2,6,4,2
23958,biobío,8,arauco,82,contulmo,8204,89,6,2,4,2,1,1,4,1,3
23959,biobío,8,arauco,82,contulmo,8204,90,8,2,6,4,0,4,4,2,2
23960,biobío,8,arauco,82,contulmo,8204,91,5,4,1,1,0,1,4,4,0
23961,biobío,8,arauco,82,contulmo,8204,92,8,4,4,3,1,2,5,3,2
23962,biobío,8,arauco,82,contulmo,8204,93,3,2,1,3,2,1,0,0,0
23963,biobío,8,arauco,82,contulmo,8204,94,1,0,1,1,0,1,0,0,0
23964,biobío,8,arauco,82,contulmo,8204,95,1,0,1,1,0,1,0,0,0
23965,biobío,8,arauco,82,contulmo,8204,96,1,1,0,0,0,0,1,1,0
23966,biobío,8,arauco,82,contulmo,8204,97,2,0,2,2,0,2,0,0,0
23967,biobío,8,arauco,82,contulmo,8204,98,3,2,1,1,1,0,2,1,1
23968,biobío,8,arauco,82,contulmo,8204,99,0,0,0,0,0,0,0,0,0
23969,biobío,8,arauco,82,contulmo,8204,100 o más,0,0,0,0,0,0,0,0,0
23970,biobío,8,arauco,82,curanilahue,8205,total comuna,32288,15828,16460,30174,14667,15507,2114,1161,953
23971,biobío,8,arauco,82,curanilahue,8205,0,426,223,203,412,215,197,14,8,6
23972,biobío,8,arauco,82,curanilahue,8205,1,449,219,230,428,211,217,21,8,13
23973,biobío,8,arauco,82,curanilahue,8205,2,496,263,233,463,241,222,33,22,11
23974,biobío,8,arauco,82,curanilahue,8205,3,444,221,223,422,212,210,22,9,13
23975,biobío,8,arauco,82,curanilahue,8205,4,458,228,230,426,213,213,32,15,17
23976,biobío,8,arauco,82,curanilahue,8205,5,485,237,248,454,221,233,31,16,15
23977,biobío,8,arauco,82,curanilahue,8205,6,480,252,228,452,238,214,28,14,14
23978,biobío,8,arauco,82,curanilahue,8205,7,515,291,224,487,274,213,28,17,11
23979,biobío,8,arauco,82,curanilahue,8205,8,445,240,205,408,217,191,37,23,14
23980,biobío,8,arauco,82,curanilahue,8205,9,460,248,212,436,228,208,24,20,4
23981,biobío,8,arauco,82,curanilahue,8205,10,445,238,207,422,223,199,23,15,8
23982,biobío,8,arauco,82,curanilahue,8205,11,422,208,214,396,188,208,26,20,6
23983,biobío,8,arauco,82,curanilahue,8205,12,456,234,222,429,216,213,27,18,9
23984,biobío,8,arauco,82,curanilahue,8205,13,445,229,216,417,215,202,28,14,14
23985,biobío,8,arauco,82,curanilahue,8205,14,538,271,267,506,257,249,32,14,18
23986,biobío,8,arauco,82,curanilahue,8205,15,489,258,231,469,247,222,20,11,9
23987,biobío,8,arauco,82,curanilahue,8205,16,534,273,261,499,249,250,35,24,11
23988,biobío,8,arauco,82,curanilahue,8205,17,521,266,255,491,244,247,30,22,8
23989,biobío,8,arauco,82,curanilahue,8205,18,430,204,226,407,189,218,23,15,8
23990,biobío,8,arauco,82,curanilahue,8205,19,391,204,187,370,193,177,21,11,10
23991,biobío,8,arauco,82,curanilahue,8205,20,387,170,217,361,156,205,26,14,12
23992,biobío,8,arauco,82,curanilahue,8205,21,402,195,207,383,181,202,19,14,5
23993,biobío,8,arauco,82,curanilahue,8205,22,400,195,205,364,175,189,36,20,16
23994,biobío,8,arauco,82,curanilahue,8205,23,468,217,251,439,203,236,29,14,15
23995,biobío,8,arauco,82,curanilahue,8205,24,418,194,224,390,181,209,28,13,15
23996,biobío,8,arauco,82,curanilahue,8205,25,454,208,246,424,196,228,30,12,18
23997,biobío,8,arauco,82,curanilahue,8205,26,469,228,241,435,211,224,34,17,17
23998,biobío,8,arauco,82,curanilahue,8205,27,448,212,236,410,191,219,38,21,17
23999,biobío,8,arauco,82,curanilahue,8205,28,489,224,265,466,209,257,23,15,8
24000,biobío,8,arauco,82,curanilahue,8205,29,440,221,219,410,205,205,30,16,14
24001,biobío,8,arauco,82,curanilahue,8205,30,448,217,231,428,204,224,20,13,7
24002,biobío,8,arauco,82,curanilahue,8205,31,434,207,227,415,195,220,19,12,7
24003,biobío,8,arauco,82,curanilahue,8205,32,384,182,202,350,170,180,34,12,22
24004,biobío,8,arauco,82,curanilahue,8205,33,381,186,195,356,173,183,25,13,12
24005,biobío,8,arauco,82,curanilahue,8205,34,451,213,238,425,194,231,26,19,7
24006,biobío,8,arauco,82,curanilahue,8205,35,489,229,260,455,210,245,34,19,15
24007,biobío,8,arauco,82,curanilahue,8205,36,447,207,240,414,194,220,33,13,20
24008,biobío,8,arauco,82,curanilahue,8205,37,446,219,227,417,201,216,29,18,11
24009,biobío,8,arauco,82,curanilahue,8205,38,432,216,216,403,202,201,29,14,15
24010,biobío,8,arauco,82,curanilahue,8205,39,432,189,243,401,177,224,31,12,19
24011,biobío,8,arauco,82,curanilahue,8205,40,457,227,230,421,206,215,36,21,15
24012,biobío,8,arauco,82,curanilahue,8205,41,445,216,229,420,202,218,25,14,11
24013,biobío,8,arauco,82,curanilahue,8205,42,443,231,212,416,223,193,27,8,19
24014,biobío,8,arauco,82,curanilahue,8205,43,480,211,269,447,196,251,33,15,18
24015,biobío,8,arauco,82,curanilahue,8205,44,471,227,244,433,207,226,38,20,18
24016,biobío,8,arauco,82,curanilahue,8205,45,466,218,248,438,210,228,28,8,20
24017,biobío,8,arauco,82,curanilahue,8205,46,458,202,256,431,190,241,27,12,15
24018,biobío,8,arauco,82,curanilahue,8205,47,397,211,186,372,192,180,25,19,6
24019,biobío,8,arauco,82,curanilahue,8205,48,412,215,197,375,189,186,37,26,11
24020,biobío,8,arauco,82,curanilahue,8205,49,457,224,233,435,214,221,22,10,12
24021,biobío,8,arauco,82,curanilahue,8205,50,464,216,248,431,201,230,33,15,18
24022,biobío,8,arauco,82,curanilahue,8205,51,455,211,244,424,194,230,31,17,14
24023,biobío,8,arauco,82,curanilahue,8205,52,437,207,230,406,190,216,31,17,14
24024,biobío,8,arauco,82,curanilahue,8205,53,444,235,209,423,220,203,21,15,6
24025,biobío,8,arauco,82,curanilahue,8205,54,504,274,230,469,248,221,35,26,9
24026,biobío,8,arauco,82,curanilahue,8205,55,402,200,202,386,190,196,16,10,6
24027,biobío,8,arauco,82,curanilahue,8205,56,429,211,218,405,199,206,24,12,12
24028,biobío,8,arauco,82,curanilahue,8205,57,410,200,210,386,188,198,24,12,12
24029,biobío,8,arauco,82,curanilahue,8205,58,400,187,213,378,175,203,22,12,10
24030,biobío,8,arauco,82,curanilahue,8205,59,373,186,187,345,173,172,28,13,15
24031,biobío,8,arauco,82,curanilahue,8205,60,397,203,194,364,186,178,33,17,16
24032,biobío,8,arauco,82,curanilahue,8205,61,370,171,199,347,158,189,23,13,10
24033,biobío,8,arauco,82,curanilahue,8205,62,350,170,180,324,157,167,26,13,13
24034,biobío,8,arauco,82,curanilahue,8205,63,340,176,164,317,166,151,23,10,13
24035,biobío,8,arauco,82,curanilahue,8205,64,314,155,159,289,142,147,25,13,12
24036,biobío,8,arauco,82,curanilahue,8205,65,300,142,158,276,131,145,24,11,13
24037,biobío,8,arauco,82,curanilahue,8205,66,265,129,136,240,116,124,25,13,12
24038,biobío,8,arauco,82,curanilahue,8205,67,263,137,126,243,124,119,20,13,7
24039,biobío,8,arauco,82,curanilahue,8205,68,213,112,101,202,106,96,11,6,5
24040,biobío,8,arauco,82,curanilahue,8205,69,216,108,108,199,99,100,17,9,8
24041,biobío,8,arauco,82,curanilahue,8205,70,230,124,106,207,111,96,23,13,10
24042,biobío,8,arauco,82,curanilahue,8205,71,174,78,96,158,68,90,16,10,6
24043,biobío,8,arauco,82,curanilahue,8205,72,191,87,104,169,72,97,22,15,7
24044,biobío,8,arauco,82,curanilahue,8205,73,177,92,85,160,83,77,17,9,8
24045,biobío,8,arauco,82,curanilahue,8205,74,157,74,83,140,63,77,17,11,6
24046,biobío,8,arauco,82,curanilahue,8205,75,157,68,89,139,56,83,18,12,6
24047,biobío,8,arauco,82,curanilahue,8205,76,144,58,86,126,49,77,18,9,9
24048,biobío,8,arauco,82,curanilahue,8205,77,116,52,64,110,50,60,6,2,4
24049,biobío,8,arauco,82,curanilahue,8205,78,109,51,58,98,44,54,11,7,4
24050,biobío,8,arauco,82,curanilahue,8205,79,106,45,61,98,40,58,8,5,3
24051,biobío,8,arauco,82,curanilahue,8205,80,91,45,46,85,41,44,6,4,2
24052,biobío,8,arauco,82,curanilahue,8205,81,107,40,67,100,37,63,7,3,4
24053,biobío,8,arauco,82,curanilahue,8205,82,86,40,46,81,38,43,5,2,3
24054,biobío,8,arauco,82,curanilahue,8205,83,82,35,47,76,32,44,6,3,3
24055,biobío,8,arauco,82,curanilahue,8205,84,78,33,45,74,30,44,4,3,1
24056,biobío,8,arauco,82,curanilahue,8205,85,68,32,36,59,28,31,9,4,5
24057,biobío,8,arauco,82,curanilahue,8205,86,55,21,34,52,19,33,3,2,1
24058,biobío,8,arauco,82,curanilahue,8205,87,51,18,33,47,15,32,4,3,1
24059,biobío,8,arauco,82,curanilahue,8205,88,60,22,38,54,19,35,6,3,3
24060,biobío,8,arauco,82,curanilahue,8205,89,41,18,23,40,17,23,1,1,0
24061,biobío,8,arauco,82,curanilahue,8205,90,26,13,13,21,11,10,5,2,3
24062,biobío,8,arauco,82,curanilahue,8205,91,25,7,18,24,6,18,1,1,0
24063,biobío,8,arauco,82,curanilahue,8205,92,19,10,9,19,10,9,0,0,0
24064,biobío,8,arauco,82,curanilahue,8205,93,15,5,10,15,5,10,0,0,0
24065,biobío,8,arauco,82,curanilahue,8205,94,15,6,9,14,6,8,1,0,1
24066,biobío,8,arauco,82,curanilahue,8205,95,6,1,5,6,1,5,0,0,0
24067,biobío,8,arauco,82,curanilahue,8205,96,8,4,4,8,4,4,0,0,0
24068,biobío,8,arauco,82,curanilahue,8205,97,5,1,4,4,1,3,1,0,1
24069,biobío,8,arauco,82,curanilahue,8205,98,2,0,2,2,0,2,0,0,0
24070,biobío,8,arauco,82,curanilahue,8205,99,0,0,0,0,0,0,0,0,0
24071,biobío,8,arauco,82,curanilahue,8205,100 o más,7,0,7,6,0,6,1,0,1
24072,biobío,8,arauco,82,los álamos,8206,total comuna,21035,10203,10832,18726,9046,9680,2309,1157,1152
24073,biobío,8,arauco,82,los álamos,8206,0,263,133,130,235,122,113,28,11,17
24074,biobío,8,arauco,82,los álamos,8206,1,306,137,169,274,121,153,32,16,16
24075,biobío,8,arauco,82,los álamos,8206,2,348,165,183,317,151,166,31,14,17
24076,biobío,8,arauco,82,los álamos,8206,3,338,165,173,301,149,152,37,16,21
24077,biobío,8,arauco,82,los álamos,8206,4,362,166,196,325,150,175,37,16,21
24078,biobío,8,arauco,82,los álamos,8206,5,341,185,156,312,169,143,29,16,13
24079,biobío,8,arauco,82,los álamos,8206,6,373,191,182,336,171,165,37,20,17
24080,biobío,8,arauco,82,los álamos,8206,7,327,169,158,298,149,149,29,20,9
24081,biobío,8,arauco,82,los álamos,8206,8,355,186,169,315,170,145,40,16,24
24082,biobío,8,arauco,82,los álamos,8206,9,388,198,190,351,183,168,37,15,22
24083,biobío,8,arauco,82,los álamos,8206,10,347,162,185,319,153,166,28,9,19
24084,biobío,8,arauco,82,los álamos,8206,11,318,176,142,282,160,122,36,16,20
24085,biobío,8,arauco,82,los álamos,8206,12,339,189,150,296,159,137,43,30,13
24086,biobío,8,arauco,82,los álamos,8206,13,357,201,156,318,183,135,39,18,21
24087,biobío,8,arauco,82,los álamos,8206,14,360,184,176,334,171,163,26,13,13
24088,biobío,8,arauco,82,los álamos,8206,15,340,173,167,317,163,154,23,10,13
24089,biobío,8,arauco,82,los álamos,8206,16,337,175,162,310,166,144,27,9,18
24090,biobío,8,arauco,82,los álamos,8206,17,324,152,172,297,137,160,27,15,12
24091,biobío,8,arauco,82,los álamos,8206,18,255,127,128,234,117,117,21,10,11
24092,biobío,8,arauco,82,los álamos,8206,19,259,126,133,230,106,124,29,20,9
24093,biobío,8,arauco,82,los álamos,8206,20,249,104,145,212,87,125,37,17,20
24094,biobío,8,arauco,82,los álamos,8206,21,227,97,130,196,82,114,31,15,16
24095,biobío,8,arauco,82,los álamos,8206,22,262,120,142,237,109,128,25,11,14
24096,biobío,8,arauco,82,los álamos,8206,23,277,130,147,255,120,135,22,10,12
24097,biobío,8,arauco,82,los álamos,8206,24,301,129,172,270,111,159,31,18,13
24098,biobío,8,arauco,82,los álamos,8206,25,282,139,143,261,126,135,21,13,8
24099,biobío,8,arauco,82,los álamos,8206,26,341,165,176,314,149,165,27,16,11
24100,biobío,8,arauco,82,los álamos,8206,27,291,132,159,271,124,147,20,8,12
24101,biobío,8,arauco,82,los álamos,8206,28,328,151,177,300,140,160,28,11,17
24102,biobío,8,arauco,82,los álamos,8206,29,260,121,139,242,112,130,18,9,9
24103,biobío,8,arauco,82,los álamos,8206,30,286,141,145,263,128,135,23,13,10
24104,biobío,8,arauco,82,los álamos,8206,31,270,119,151,250,109,141,20,10,10
24105,biobío,8,arauco,82,los álamos,8206,32,270,111,159,251,103,148,19,8,11
24106,biobío,8,arauco,82,los álamos,8206,33,257,110,147,228,97,131,29,13,16
24107,biobío,8,arauco,82,los álamos,8206,34,296,139,157,267,121,146,29,18,11
24108,biobío,8,arauco,82,los álamos,8206,35,318,144,174,290,130,160,28,14,14
24109,biobío,8,arauco,82,los álamos,8206,36,314,149,165,282,133,149,32,16,16
24110,biobío,8,arauco,82,los álamos,8206,37,278,142,136,255,135,120,23,7,16
24111,biobío,8,arauco,82,los álamos,8206,38,255,131,124,227,120,107,28,11,17
24112,biobío,8,arauco,82,los álamos,8206,39,286,126,160,258,110,148,28,16,12
24113,biobío,8,arauco,82,los álamos,8206,40,255,131,124,227,121,106,28,10,18
24114,biobío,8,arauco,82,los álamos,8206,41,288,156,132,253,136,117,35,20,15
24115,biobío,8,arauco,82,los álamos,8206,42,287,147,140,249,127,122,38,20,18
24116,biobío,8,arauco,82,los álamos,8206,43,311,150,161,262,127,135,49,23,26
24117,biobío,8,arauco,82,los álamos,8206,44,324,139,185,286,121,165,38,18,20
24118,biobío,8,arauco,82,los álamos,8206,45,289,141,148,255,120,135,34,21,13
24119,biobío,8,arauco,82,los álamos,8206,46,325,151,174,284,133,151,41,18,23
24120,biobío,8,arauco,82,los álamos,8206,47,298,141,157,260,124,136,38,17,21
24121,biobío,8,arauco,82,los álamos,8206,48,270,124,146,238,107,131,32,17,15
24122,biobío,8,arauco,82,los álamos,8206,49,283,145,138,252,126,126,31,19,12
24123,biobío,8,arauco,82,los álamos,8206,50,270,123,147,233,102,131,37,21,16
24124,biobío,8,arauco,82,los álamos,8206,51,277,127,150,238,106,132,39,21,18
24125,biobío,8,arauco,82,los álamos,8206,52,310,155,155,268,138,130,42,17,25
24126,biobío,8,arauco,82,los álamos,8206,53,245,132,113,210,109,101,35,23,12
24127,biobío,8,arauco,82,los álamos,8206,54,275,145,130,238,124,114,37,21,16
24128,biobío,8,arauco,82,los álamos,8206,55,255,117,138,226,104,122,29,13,16
24129,biobío,8,arauco,82,los álamos,8206,56,287,140,147,249,118,131,38,22,16
24130,biobío,8,arauco,82,los álamos,8206,57,248,108,140,216,92,124,32,16,16
24131,biobío,8,arauco,82,los álamos,8206,58,214,116,98,188,103,85,26,13,13
24132,biobío,8,arauco,82,los álamos,8206,59,205,102,103,182,89,93,23,13,10
24133,biobío,8,arauco,82,los álamos,8206,60,192,96,96,155,71,84,37,25,12
24134,biobío,8,arauco,82,los álamos,8206,61,213,94,119,182,84,98,31,10,21
24135,biobío,8,arauco,82,los álamos,8206,62,215,98,117,194,85,109,21,13,8
24136,biobío,8,arauco,82,los álamos,8206,63,208,101,107,177,86,91,31,15,16
24137,biobío,8,arauco,82,los álamos,8206,64,194,87,107,165,72,93,29,15,14
24138,biobío,8,arauco,82,los álamos,8206,65,169,89,80,146,80,66,23,9,14
24139,biobío,8,arauco,82,los álamos,8206,66,160,79,81,134,65,69,26,14,12
24140,biobío,8,arauco,82,los álamos,8206,67,157,65,92,139,57,82,18,8,10
24141,biobío,8,arauco,82,los álamos,8206,68,138,73,65,119,62,57,19,11,8
24142,biobío,8,arauco,82,los álamos,8206,69,134,74,60,110,58,52,24,16,8
24143,biobío,8,arauco,82,los álamos,8206,70,133,59,74,120,54,66,13,5,8
24144,biobío,8,arauco,82,los álamos,8206,71,115,59,56,93,48,45,22,11,11
24145,biobío,8,arauco,82,los álamos,8206,72,113,51,62,92,41,51,21,10,11
24146,biobío,8,arauco,82,los álamos,8206,73,87,48,39,76,43,33,11,5,6
24147,biobío,8,arauco,82,los álamos,8206,74,102,39,63,93,35,58,9,4,5
24148,biobío,8,arauco,82,los álamos,8206,75,78,37,41,62,27,35,16,10,6
24149,biobío,8,arauco,82,los álamos,8206,76,88,46,42,78,40,38,10,6,4
24150,biobío,8,arauco,82,los álamos,8206,77,72,43,29,63,39,24,9,4,5
24151,biobío,8,arauco,82,los álamos,8206,78,63,35,28,57,33,24,6,2,4
24152,biobío,8,arauco,82,los álamos,8206,79,75,38,37,67,34,33,8,4,4
24153,biobío,8,arauco,82,los álamos,8206,80,50,24,26,44,21,23,6,3,3
24154,biobío,8,arauco,82,los álamos,8206,81,54,32,22,46,26,20,8,6,2
24155,biobío,8,arauco,82,los álamos,8206,82,53,20,33,46,19,27,7,1,6
24156,biobío,8,arauco,82,los álamos,8206,83,60,21,39,51,17,34,9,4,5
24157,biobío,8,arauco,82,los álamos,8206,84,49,24,25,41,19,22,8,5,3
24158,biobío,8,arauco,82,los álamos,8206,85,29,11,18,27,10,17,2,1,1
24159,biobío,8,arauco,82,los álamos,8206,86,48,25,23,43,22,21,5,3,2
24160,biobío,8,arauco,82,los álamos,8206,87,39,18,21,34,17,17,5,1,4
24161,biobío,8,arauco,82,los álamos,8206,88,29,18,11,25,16,9,4,2,2
24162,biobío,8,arauco,82,los álamos,8206,89,26,8,18,24,8,16,2,0,2
24163,biobío,8,arauco,82,los álamos,8206,90,19,8,11,19,8,11,0,0,0
24164,biobío,8,arauco,82,los álamos,8206,91,14,6,8,10,4,6,4,2,2
24165,biobío,8,arauco,82,los álamos,8206,92,11,4,7,8,2,6,3,2,1
24166,biobío,8,arauco,82,los álamos,8206,93,14,6,8,12,5,7,2,1,1
24167,biobío,8,arauco,82,los álamos,8206,94,8,4,4,7,3,4,1,1,0
24168,biobío,8,arauco,82,los álamos,8206,95,8,4,4,7,4,3,1,0,1
24169,biobío,8,arauco,82,los álamos,8206,96,4,2,2,4,2,2,0,0,0
24170,biobío,8,arauco,82,los álamos,8206,97,2,2,0,2,2,0,0,0,0
24171,biobío,8,arauco,82,los álamos,8206,98,1,1,0,1,1,0,0,0,0
24172,biobío,8,arauco,82,los álamos,8206,99,3,1,2,2,0,2,1,1,0
24173,biobío,8,arauco,82,los álamos,8206,100 o más,7,3,4,7,3,4,0,0,0
24174,biobío,8,arauco,82,tirúa,8207,total comuna,10417,5195,5222,3738,1817,1921,6679,3378,3301
24175,biobío,8,arauco,82,tirúa,8207,0,133,54,79,58,27,31,75,27,48
24176,biobío,8,arauco,82,tirúa,8207,1,178,90,88,61,27,34,117,63,54
24177,biobío,8,arauco,82,tirúa,8207,2,162,85,77,54,33,21,108,52,56
24178,biobío,8,arauco,82,tirúa,8207,3,172,82,90,57,26,31,115,56,59
24179,biobío,8,arauco,82,tirúa,8207,4,165,78,87,56,26,30,109,52,57
24180,biobío,8,arauco,82,tirúa,8207,5,171,88,83,59,26,33,112,62,50
24181,biobío,8,arauco,82,tirúa,8207,6,184,96,88,60,40,20,124,56,68
24182,biobío,8,arauco,82,tirúa,8207,7,195,97,98,70,38,32,125,59,66
24183,biobío,8,arauco,82,tirúa,8207,8,173,78,95,50,22,28,123,56,67
24184,biobío,8,arauco,82,tirúa,8207,9,155,84,71,44,26,18,111,58,53
24185,biobío,8,arauco,82,tirúa,8207,10,194,84,110,57,27,30,137,57,80
24186,biobío,8,arauco,82,tirúa,8207,11,153,79,74,57,30,27,96,49,47
24187,biobío,8,arauco,82,tirúa,8207,12,173,82,91,52,22,30,121,60,61
24188,biobío,8,arauco,82,tirúa,8207,13,164,78,86,61,28,33,103,50,53
24189,biobío,8,arauco,82,tirúa,8207,14,168,83,85,54,26,28,114,57,57
24190,biobío,8,arauco,82,tirúa,8207,15,180,88,92,61,28,33,119,60,59
24191,biobío,8,arauco,82,tirúa,8207,16,158,72,86,53,23,30,105,49,56
24192,biobío,8,arauco,82,tirúa,8207,17,178,99,79,69,42,27,109,57,52
24193,biobío,8,arauco,82,tirúa,8207,18,132,64,68,43,20,23,89,44,45
24194,biobío,8,arauco,82,tirúa,8207,19,125,61,64,40,20,20,85,41,44
24195,biobío,8,arauco,82,tirúa,8207,20,145,74,71,57,29,28,88,45,43
24196,biobío,8,arauco,82,tirúa,8207,21,169,87,82,66,34,32,103,53,50
24197,biobío,8,arauco,82,tirúa,8207,22,156,73,83,67,34,33,89,39,50
24198,biobío,8,arauco,82,tirúa,8207,23,144,68,76,60,24,36,84,44,40
24199,biobío,8,arauco,82,tirúa,8207,24,142,58,84,57,23,34,85,35,50
24200,biobío,8,arauco,82,tirúa,8207,25,171,82,89,66,31,35,105,51,54
24201,biobío,8,arauco,82,tirúa,8207,26,154,66,88,67,27,40,87,39,48
24202,biobío,8,arauco,82,tirúa,8207,27,166,79,87,77,36,41,89,43,46
24203,biobío,8,arauco,82,tirúa,8207,28,147,76,71,56,27,29,91,49,42
24204,biobío,8,arauco,82,tirúa,8207,29,128,69,59,48,25,23,80,44,36
24205,biobío,8,arauco,82,tirúa,8207,30,145,71,74,65,31,34,80,40,40
24206,biobío,8,arauco,82,tirúa,8207,31,169,83,86,64,36,28,105,47,58
24207,biobío,8,arauco,82,tirúa,8207,32,156,65,91,66,32,34,90,33,57
24208,biobío,8,arauco,82,tirúa,8207,33,152,80,72,56,24,32,96,56,40
24209,biobío,8,arauco,82,tirúa,8207,34,133,71,62,57,31,26,76,40,36
24210,biobío,8,arauco,82,tirúa,8207,35,183,93,90,74,34,40,109,59,50
24211,biobío,8,arauco,82,tirúa,8207,36,160,80,80,61,29,32,99,51,48
24212,biobío,8,arauco,82,tirúa,8207,37,177,82,95,68,38,30,109,44,65
24213,biobío,8,arauco,82,tirúa,8207,38,152,81,71,58,31,27,94,50,44
24214,biobío,8,arauco,82,tirúa,8207,39,134,67,67,43,21,22,91,46,45
24215,biobío,8,arauco,82,tirúa,8207,40,147,81,66,46,22,24,101,59,42
24216,biobío,8,arauco,82,tirúa,8207,41,141,70,71,47,21,26,94,49,45
24217,biobío,8,arauco,82,tirúa,8207,42,128,65,63,46,24,22,82,41,41
24218,biobío,8,arauco,82,tirúa,8207,43,137,70,67,46,24,22,91,46,45
24219,biobío,8,arauco,82,tirúa,8207,44,157,80,77,52,22,30,105,58,47
24220,biobío,8,arauco,82,tirúa,8207,45,127,57,70,42,17,25,85,40,45
24221,biobío,8,arauco,82,tirúa,8207,46,122,63,59,38,18,20,84,45,39
24222,biobío,8,arauco,82,tirúa,8207,47,142,67,75,57,29,28,85,38,47
24223,biobío,8,arauco,82,tirúa,8207,48,133,68,65,63,29,34,70,39,31
24224,biobío,8,arauco,82,tirúa,8207,49,142,75,67,56,29,27,86,46,40
24225,biobío,8,arauco,82,tirúa,8207,50,150,76,74,49,24,25,101,52,49
24226,biobío,8,arauco,82,tirúa,8207,51,111,58,53,39,19,20,72,39,33
24227,biobío,8,arauco,82,tirúa,8207,52,114,58,56,45,26,19,69,32,37
24228,biobío,8,arauco,82,tirúa,8207,53,126,56,70,51,17,34,75,39,36
24229,biobío,8,arauco,82,tirúa,8207,54,122,66,56,47,26,21,75,40,35
24230,biobío,8,arauco,82,tirúa,8207,55,123,66,57,47,22,25,76,44,32
24231,biobío,8,arauco,82,tirúa,8207,56,107,54,53,45,20,25,62,34,28
24232,biobío,8,arauco,82,tirúa,8207,57,106,60,46,22,13,9,84,47,37
24233,biobío,8,arauco,82,tirúa,8207,58,99,51,48,35,18,17,64,33,31
24234,biobío,8,arauco,82,tirúa,8207,59,109,54,55,34,13,21,75,41,34
24235,biobío,8,arauco,82,tirúa,8207,60,103,53,50,31,16,15,72,37,35
24236,biobío,8,arauco,82,tirúa,8207,61,109,61,48,46,23,23,63,38,25
24237,biobío,8,arauco,82,tirúa,8207,62,85,45,40,31,17,14,54,28,26
24238,biobío,8,arauco,82,tirúa,8207,63,104,51,53,37,16,21,67,35,32
24239,biobío,8,arauco,82,tirúa,8207,64,74,31,43,31,11,20,43,20,23
24240,biobío,8,arauco,82,tirúa,8207,65,80,42,38,27,16,11,53,26,27
24241,biobío,8,arauco,82,tirúa,8207,66,65,33,32,30,14,16,35,19,16
24242,biobío,8,arauco,82,tirúa,8207,67,76,44,32,19,11,8,57,33,24
24243,biobío,8,arauco,82,tirúa,8207,68,67,28,39,23,7,16,44,21,23
24244,biobío,8,arauco,82,tirúa,8207,69,53,27,26,17,9,8,36,18,18
24245,biobío,8,arauco,82,tirúa,8207,70,61,34,27,13,8,5,48,26,22
24246,biobío,8,arauco,82,tirúa,8207,71,60,34,26,17,9,8,43,25,18
24247,biobío,8,arauco,82,tirúa,8207,72,46,27,19,14,7,7,32,20,12
24248,biobío,8,arauco,82,tirúa,8207,73,50,28,22,11,3,8,39,25,14
24249,biobío,8,arauco,82,tirúa,8207,74,53,30,23,16,9,7,37,21,16
24250,biobío,8,arauco,82,tirúa,8207,75,37,18,19,12,3,9,25,15,10
24251,biobío,8,arauco,82,tirúa,8207,76,41,19,22,12,3,9,29,16,13
24252,biobío,8,arauco,82,tirúa,8207,77,34,19,15,10,5,5,24,14,10
24253,biobío,8,arauco,82,tirúa,8207,78,27,18,9,8,6,2,19,12,7
24254,biobío,8,arauco,82,tirúa,8207,79,28,15,13,2,1,1,26,14,12
24255,biobío,8,arauco,82,tirúa,8207,80,30,21,9,6,3,3,24,18,6
24256,biobío,8,arauco,82,tirúa,8207,81,31,17,14,12,7,5,19,10,9
24257,biobío,8,arauco,82,tirúa,8207,82,21,12,9,8,2,6,13,10,3
24258,biobío,8,arauco,82,tirúa,8207,83,20,8,12,5,1,4,15,7,8
24259,biobío,8,arauco,82,tirúa,8207,84,16,6,10,6,3,3,10,3,7
24260,biobío,8,arauco,82,tirúa,8207,85,16,8,8,5,3,2,11,5,6
24261,biobío,8,arauco,82,tirúa,8207,86,17,10,7,7,3,4,10,7,3
24262,biobío,8,arauco,82,tirúa,8207,87,12,6,6,9,6,3,3,0,3
24263,biobío,8,arauco,82,tirúa,8207,88,13,4,9,3,1,2,10,3,7
24264,biobío,8,arauco,82,tirúa,8207,89,14,9,5,4,2,2,10,7,3
24265,biobío,8,arauco,82,tirúa,8207,90,11,6,5,3,1,2,8,5,3
24266,biobío,8,arauco,82,tirúa,8207,91,8,2,6,2,1,1,6,1,5
24267,biobío,8,arauco,82,tirúa,8207,92,2,1,1,0,0,0,2,1,1
24268,biobío,8,arauco,82,tirúa,8207,93,4,2,2,0,0,0,4,2,2
24269,biobío,8,arauco,82,tirúa,8207,94,2,1,1,2,1,1,0,0,0
24270,biobío,8,arauco,82,tirúa,8207,95,2,2,0,2,2,0,0,0,0
24271,biobío,8,arauco,82,tirúa,8207,96,2,0,2,0,0,0,2,0,2
24272,biobío,8,arauco,82,tirúa,8207,97,0,0,0,0,0,0,0,0,0
24273,biobío,8,arauco,82,tirúa,8207,98,1,0,1,0,0,0,1,0,1
24274,biobío,8,arauco,82,tirúa,8207,99,1,0,1,0,0,0,1,0,1
24275,biobío,8,arauco,82,tirúa,8207,100 o más,2,1,1,1,0,1,1,1,0
24276,biobío,8,biobío,83,los ángeles,8301,total comuna,202331,97980,104351,151087,71925,79162,51244,26055,25189
24277,biobío,8,biobío,83,los ángeles,8301,0,2760,1473,1287,2131,1128,1003,629,345,284
24278,biobío,8,biobío,83,los ángeles,8301,1,2862,1452,1410,2211,1124,1087,651,328,323
24279,biobío,8,biobío,83,los ángeles,8301,2,2917,1485,1432,2257,1147,1110,660,338,322
24280,biobío,8,biobío,83,los ángeles,8301,3,2873,1517,1356,2223,1182,1041,650,335,315
24281,biobío,8,biobío,83,los ángeles,8301,4,2988,1519,1469,2255,1147,1108,733,372,361
24282,biobío,8,biobío,83,los ángeles,8301,5,2927,1462,1465,2245,1115,1130,682,347,335
24283,biobío,8,biobío,83,los ángeles,8301,6,2937,1494,1443,2250,1158,1092,687,336,351
24284,biobío,8,biobío,83,los ángeles,8301,7,3161,1667,1494,2397,1270,1127,764,397,367
24285,biobío,8,biobío,83,los ángeles,8301,8,3114,1604,1510,2364,1209,1155,750,395,355
24286,biobío,8,biobío,83,los ángeles,8301,9,2989,1519,1470,2291,1161,1130,698,358,340
24287,biobío,8,biobío,83,los ángeles,8301,10,3015,1564,1451,2275,1166,1109,740,398,342
24288,biobío,8,biobío,83,los ángeles,8301,11,3020,1574,1446,2307,1203,1104,713,371,342
24289,biobío,8,biobío,83,los ángeles,8301,12,2904,1496,1408,2175,1102,1073,729,394,335
24290,biobío,8,biobío,83,los ángeles,8301,13,2955,1523,1432,2234,1150,1084,721,373,348
24291,biobío,8,biobío,83,los ángeles,8301,14,3001,1512,1489,2234,1116,1118,767,396,371
24292,biobío,8,biobío,83,los ángeles,8301,15,3067,1563,1504,2270,1172,1098,797,391,406
24293,biobío,8,biobío,83,los ángeles,8301,16,3095,1535,1560,2323,1163,1160,772,372,400
24294,biobío,8,biobío,83,los ángeles,8301,17,3188,1637,1551,2395,1232,1163,793,405,388
24295,biobío,8,biobío,83,los ángeles,8301,18,2829,1431,1398,2175,1086,1089,654,345,309
24296,biobío,8,biobío,83,los ángeles,8301,19,2720,1360,1360,2094,1054,1040,626,306,320
24297,biobío,8,biobío,83,los ángeles,8301,20,2764,1367,1397,2162,1047,1115,602,320,282
24298,biobío,8,biobío,83,los ángeles,8301,21,2755,1372,1383,2124,1050,1074,631,322,309
24299,biobío,8,biobío,83,los ángeles,8301,22,2883,1403,1480,2203,1096,1107,680,307,373
24300,biobío,8,biobío,83,los ángeles,8301,23,2914,1390,1524,2239,1071,1168,675,319,356
24301,biobío,8,biobío,83,los ángeles,8301,24,3056,1445,1611,2364,1101,1263,692,344,348
24302,biobío,8,biobío,83,los ángeles,8301,25,3290,1560,1730,2539,1214,1325,751,346,405
24303,biobío,8,biobío,83,los ángeles,8301,26,3185,1508,1677,2526,1184,1342,659,324,335
24304,biobío,8,biobío,83,los ángeles,8301,27,3314,1543,1771,2599,1194,1405,715,349,366
24305,biobío,8,biobío,83,los ángeles,8301,28,3012,1460,1552,2422,1162,1260,590,298,292
24306,biobío,8,biobío,83,los ángeles,8301,29,2878,1395,1483,2321,1105,1216,557,290,267
24307,biobío,8,biobío,83,los ángeles,8301,30,2924,1380,1544,2296,1089,1207,628,291,337
24308,biobío,8,biobío,83,los ángeles,8301,31,2810,1380,1430,2212,1073,1139,598,307,291
24309,biobío,8,biobío,83,los ángeles,8301,32,2573,1222,1351,2005,941,1064,568,281,287
24310,biobío,8,biobío,83,los ángeles,8301,33,2810,1358,1452,2262,1063,1199,548,295,253
24311,biobío,8,biobío,83,los ángeles,8301,34,2812,1366,1446,2230,1074,1156,582,292,290
24312,biobío,8,biobío,83,los ángeles,8301,35,2961,1393,1568,2366,1116,1250,595,277,318
24313,biobío,8,biobío,83,los ángeles,8301,36,2758,1276,1482,2156,990,1166,602,286,316
24314,biobío,8,biobío,83,los ángeles,8301,37,2721,1229,1492,2092,940,1152,629,289,340
24315,biobío,8,biobío,83,los ángeles,8301,38,2684,1249,1435,2058,937,1121,626,312,314
24316,biobío,8,biobío,83,los ángeles,8301,39,2593,1219,1374,1986,933,1053,607,286,321
24317,biobío,8,biobío,83,los ángeles,8301,40,2639,1247,1392,2029,944,1085,610,303,307
24318,biobío,8,biobío,83,los ángeles,8301,41,2744,1325,1419,2110,1007,1103,634,318,316
24319,biobío,8,biobío,83,los ángeles,8301,42,2939,1397,1542,2259,1065,1194,680,332,348
24320,biobío,8,biobío,83,los ángeles,8301,43,2979,1435,1544,2203,1032,1171,776,403,373
24321,biobío,8,biobío,83,los ángeles,8301,44,2991,1384,1607,2190,959,1231,801,425,376
24322,biobío,8,biobío,83,los ángeles,8301,45,3018,1443,1575,2205,1031,1174,813,412,401
24323,biobío,8,biobío,83,los ángeles,8301,46,2888,1346,1542,2079,942,1137,809,404,405
24324,biobío,8,biobío,83,los ángeles,8301,47,2891,1351,1540,2127,966,1161,764,385,379
24325,biobío,8,biobío,83,los ángeles,8301,48,2839,1408,1431,2103,1022,1081,736,386,350
24326,biobío,8,biobío,83,los ángeles,8301,49,2958,1448,1510,2096,1004,1092,862,444,418
24327,biobío,8,biobío,83,los ángeles,8301,50,2822,1320,1502,2052,939,1113,770,381,389
24328,biobío,8,biobío,83,los ángeles,8301,51,2817,1372,1445,2030,959,1071,787,413,374
24329,biobío,8,biobío,83,los ángeles,8301,52,2721,1295,1426,1918,898,1020,803,397,406
24330,biobío,8,biobío,83,los ángeles,8301,53,2636,1276,1360,1885,888,997,751,388,363
24331,biobío,8,biobío,83,los ángeles,8301,54,2668,1317,1351,1885,902,983,783,415,368
24332,biobío,8,biobío,83,los ángeles,8301,55,2504,1192,1312,1781,833,948,723,359,364
24333,biobío,8,biobío,83,los ángeles,8301,56,2449,1190,1259,1719,793,926,730,397,333
24334,biobío,8,biobío,83,los ángeles,8301,57,2314,1092,1222,1550,694,856,764,398,366
24335,biobío,8,biobío,83,los ángeles,8301,58,2149,1061,1088,1513,727,786,636,334,302
24336,biobío,8,biobío,83,los ángeles,8301,59,2114,1011,1103,1488,669,819,626,342,284
24337,biobío,8,biobío,83,los ángeles,8301,60,2072,991,1081,1419,647,772,653,344,309
24338,biobío,8,biobío,83,los ángeles,8301,61,1868,881,987,1304,583,721,564,298,266
24339,biobío,8,biobío,83,los ángeles,8301,62,1783,876,907,1216,572,644,567,304,263
24340,biobío,8,biobío,83,los ángeles,8301,63,1802,866,936,1277,590,687,525,276,249
24341,biobío,8,biobío,83,los ángeles,8301,64,1648,771,877,1132,509,623,516,262,254
24342,biobío,8,biobío,83,los ángeles,8301,65,1564,751,813,1116,516,600,448,235,213
24343,biobío,8,biobío,83,los ángeles,8301,66,1529,721,808,1052,459,593,477,262,215
24344,biobío,8,biobío,83,los ángeles,8301,67,1431,644,787,988,413,575,443,231,212
24345,biobío,8,biobío,83,los ángeles,8301,68,1345,635,710,912,415,497,433,220,213
24346,biobío,8,biobío,83,los ángeles,8301,69,1270,574,696,859,357,502,411,217,194
24347,biobío,8,biobío,83,los ángeles,8301,70,1294,605,689,856,358,498,438,247,191
24348,biobío,8,biobío,83,los ángeles,8301,71,1243,571,672,869,381,488,374,190,184
24349,biobío,8,biobío,83,los ángeles,8301,72,1147,540,607,768,347,421,379,193,186
24350,biobío,8,biobío,83,los ángeles,8301,73,1116,532,584,766,344,422,350,188,162
24351,biobío,8,biobío,83,los ángeles,8301,74,1025,443,582,748,305,443,277,138,139
24352,biobío,8,biobío,83,los ángeles,8301,75,937,421,516,638,256,382,299,165,134
24353,biobío,8,biobío,83,los ángeles,8301,76,902,415,487,608,258,350,294,157,137
24354,biobío,8,biobío,83,los ángeles,8301,77,816,375,441,550,222,328,266,153,113
24355,biobío,8,biobío,83,los ángeles,8301,78,655,261,394,457,164,293,198,97,101
24356,biobío,8,biobío,83,los ángeles,8301,79,684,309,375,470,194,276,214,115,99
24357,biobío,8,biobío,83,los ángeles,8301,80,638,266,372,448,166,282,190,100,90
24358,biobío,8,biobío,83,los ángeles,8301,81,554,238,316,379,152,227,175,86,89
24359,biobío,8,biobío,83,los ángeles,8301,82,559,222,337,394,148,246,165,74,91
24360,biobío,8,biobío,83,los ángeles,8301,83,496,199,297,336,115,221,160,84,76
24361,biobío,8,biobío,83,los ángeles,8301,84,450,179,271,321,124,197,129,55,74
24362,biobío,8,biobío,83,los ángeles,8301,85,395,155,240,286,107,179,109,48,61
24363,biobío,8,biobío,83,los ángeles,8301,86,349,131,218,242,83,159,107,48,59
24364,biobío,8,biobío,83,los ángeles,8301,87,315,114,201,224,76,148,91,38,53
24365,biobío,8,biobío,83,los ángeles,8301,88,284,102,182,195,66,129,89,36,53
24366,biobío,8,biobío,83,los ángeles,8301,89,223,99,124,163,66,97,60,33,27
24367,biobío,8,biobío,83,los ángeles,8301,90,187,76,111,136,54,82,51,22,29
24368,biobío,8,biobío,83,los ángeles,8301,91,133,38,95,97,30,67,36,8,28
24369,biobío,8,biobío,83,los ángeles,8301,92,144,51,93,97,29,68,47,22,25
24370,biobío,8,biobío,83,los ángeles,8301,93,83,18,65,62,11,51,21,7,14
24371,biobío,8,biobío,83,los ángeles,8301,94,87,29,58,57,19,38,30,10,20
24372,biobío,8,biobío,83,los ángeles,8301,95,47,15,32,36,10,26,11,5,6
24373,biobío,8,biobío,83,los ángeles,8301,96,49,17,32,34,11,23,15,6,9
24374,biobío,8,biobío,83,los ángeles,8301,97,27,9,18,21,5,16,6,4,2
24375,biobío,8,biobío,83,los ángeles,8301,98,19,6,13,15,4,11,4,2,2
24376,biobío,8,biobío,83,los ángeles,8301,99,14,4,10,13,4,9,1,0,1
24377,biobío,8,biobío,83,los ángeles,8301,100 o más,48,18,30,36,16,20,12,2,10
24378,biobío,8,biobío,83,antuco,8302,total comuna,4073,1975,2098,2077,953,1124,1996,1022,974
24379,biobío,8,biobío,83,antuco,8302,0,47,32,15,26,16,10,21,16,5
24380,biobío,8,biobío,83,antuco,8302,1,48,30,18,22,11,11,26,19,7
24381,biobío,8,biobío,83,antuco,8302,2,68,42,26,40,23,17,28,19,9
24382,biobío,8,biobío,83,antuco,8302,3,54,25,29,29,11,18,25,14,11
24383,biobío,8,biobío,83,antuco,8302,4,35,20,15,21,10,11,14,10,4
24384,biobío,8,biobío,83,antuco,8302,5,48,21,27,26,14,12,22,7,15
24385,biobío,8,biobío,83,antuco,8302,6,48,20,28,27,11,16,21,9,12
24386,biobío,8,biobío,83,antuco,8302,7,59,38,21,28,19,9,31,19,12
24387,biobío,8,biobío,83,antuco,8302,8,51,24,27,27,10,17,24,14,10
24388,biobío,8,biobío,83,antuco,8302,9,61,27,34,29,14,15,32,13,19
24389,biobío,8,biobío,83,antuco,8302,10,52,31,21,36,21,15,16,10,6
24390,biobío,8,biobío,83,antuco,8302,11,61,25,36,39,12,27,22,13,9
24391,biobío,8,biobío,83,antuco,8302,12,55,32,23,27,14,13,28,18,10
24392,biobío,8,biobío,83,antuco,8302,13,67,38,29,36,20,16,31,18,13
24393,biobío,8,biobío,83,antuco,8302,14,57,27,30,29,13,16,28,14,14
24394,biobío,8,biobío,83,antuco,8302,15,57,30,27,32,15,17,25,15,10
24395,biobío,8,biobío,83,antuco,8302,16,55,30,25,27,13,14,28,17,11
24396,biobío,8,biobío,83,antuco,8302,17,46,23,23,33,16,17,13,7,6
24397,biobío,8,biobío,83,antuco,8302,18,68,33,35,40,20,20,28,13,15
24398,biobío,8,biobío,83,antuco,8302,19,49,27,22,19,12,7,30,15,15
24399,biobío,8,biobío,83,antuco,8302,20,48,30,18,24,16,8,24,14,10
24400,biobío,8,biobío,83,antuco,8302,21,40,19,21,22,9,13,18,10,8
24401,biobío,8,biobío,83,antuco,8302,22,59,24,35,34,15,19,25,9,16
24402,biobío,8,biobío,83,antuco,8302,23,64,35,29,32,16,16,32,19,13
24403,biobío,8,biobío,83,antuco,8302,24,58,26,32,32,16,16,26,10,16
24404,biobío,8,biobío,83,antuco,8302,25,57,20,37,34,11,23,23,9,14
24405,biobío,8,biobío,83,antuco,8302,26,51,24,27,31,13,18,20,11,9
24406,biobío,8,biobío,83,antuco,8302,27,58,21,37,29,10,19,29,11,18
24407,biobío,8,biobío,83,antuco,8302,28,44,22,22,23,13,10,21,9,12
24408,biobío,8,biobío,83,antuco,8302,29,49,26,23,25,13,12,24,13,11
24409,biobío,8,biobío,83,antuco,8302,30,40,18,22,21,12,9,19,6,13
24410,biobío,8,biobío,83,antuco,8302,31,51,18,33,30,12,18,21,6,15
24411,biobío,8,biobío,83,antuco,8302,32,45,23,22,26,15,11,19,8,11
24412,biobío,8,biobío,83,antuco,8302,33,45,21,24,23,9,14,22,12,10
24413,biobío,8,biobío,83,antuco,8302,34,56,24,32,29,12,17,27,12,15
24414,biobío,8,biobío,83,antuco,8302,35,48,24,24,20,9,11,28,15,13
24415,biobío,8,biobío,83,antuco,8302,36,71,33,38,36,15,21,35,18,17
24416,biobío,8,biobío,83,antuco,8302,37,41,15,26,21,5,16,20,10,10
24417,biobío,8,biobío,83,antuco,8302,38,50,19,31,26,8,18,24,11,13
24418,biobío,8,biobío,83,antuco,8302,39,37,17,20,17,8,9,20,9,11
24419,biobío,8,biobío,83,antuco,8302,40,32,16,16,18,10,8,14,6,8
24420,biobío,8,biobío,83,antuco,8302,41,47,20,27,17,6,11,30,14,16
24421,biobío,8,biobío,83,antuco,8302,42,50,24,26,26,12,14,24,12,12
24422,biobío,8,biobío,83,antuco,8302,43,54,26,28,26,13,13,28,13,15
24423,biobío,8,biobío,83,antuco,8302,44,56,26,30,29,13,16,27,13,14
24424,biobío,8,biobío,83,antuco,8302,45,54,29,25,35,17,18,19,12,7
24425,biobío,8,biobío,83,antuco,8302,46,53,29,24,28,12,16,25,17,8
24426,biobío,8,biobío,83,antuco,8302,47,72,30,42,37,19,18,35,11,24
24427,biobío,8,biobío,83,antuco,8302,48,51,24,27,26,11,15,25,13,12
24428,biobío,8,biobío,83,antuco,8302,49,53,29,24,21,9,12,32,20,12
24429,biobío,8,biobío,83,antuco,8302,50,51,23,28,21,7,14,30,16,14
24430,biobío,8,biobío,83,antuco,8302,51,70,35,35,39,17,22,31,18,13
24431,biobío,8,biobío,83,antuco,8302,52,53,23,30,25,9,16,28,14,14
24432,biobío,8,biobío,83,antuco,8302,53,65,33,32,31,15,16,34,18,16
24433,biobío,8,biobío,83,antuco,8302,54,60,33,27,30,14,16,30,19,11
24434,biobío,8,biobío,83,antuco,8302,55,57,34,23,33,16,17,24,18,6
24435,biobío,8,biobío,83,antuco,8302,56,46,22,24,19,9,10,27,13,14
24436,biobío,8,biobío,83,antuco,8302,57,47,19,28,24,10,14,23,9,14
24437,biobío,8,biobío,83,antuco,8302,58,52,26,26,24,10,14,28,16,12
24438,biobío,8,biobío,83,antuco,8302,59,55,19,36,23,8,15,32,11,21
24439,biobío,8,biobío,83,antuco,8302,60,41,16,25,19,8,11,22,8,14
24440,biobío,8,biobío,83,antuco,8302,61,53,26,27,21,8,13,32,18,14
24441,biobío,8,biobío,83,antuco,8302,62,56,35,21,30,21,9,26,14,12
24442,biobío,8,biobío,83,antuco,8302,63,44,20,24,16,4,12,28,16,12
24443,biobío,8,biobío,83,antuco,8302,64,46,24,22,22,12,10,24,12,12
24444,biobío,8,biobío,83,antuco,8302,65,40,14,26,23,9,14,17,5,12
24445,biobío,8,biobío,83,antuco,8302,66,33,18,15,14,8,6,19,10,9
24446,biobío,8,biobío,83,antuco,8302,67,30,11,19,14,5,9,16,6,10
24447,biobío,8,biobío,83,antuco,8302,68,45,19,26,19,9,10,26,10,16
24448,biobío,8,biobío,83,antuco,8302,69,32,18,14,12,6,6,20,12,8
24449,biobío,8,biobío,83,antuco,8302,70,34,17,17,15,6,9,19,11,8
24450,biobío,8,biobío,83,antuco,8302,71,42,19,23,16,7,9,26,12,14
24451,biobío,8,biobío,83,antuco,8302,72,32,16,16,14,8,6,18,8,10
24452,biobío,8,biobío,83,antuco,8302,73,27,12,15,15,4,11,12,8,4
24453,biobío,8,biobío,83,antuco,8302,74,38,20,18,19,12,7,19,8,11
24454,biobío,8,biobío,83,antuco,8302,75,33,14,19,19,11,8,14,3,11
24455,biobío,8,biobío,83,antuco,8302,76,29,15,14,13,6,7,16,9,7
24456,biobío,8,biobío,83,antuco,8302,77,29,13,16,10,2,8,19,11,8
24457,biobío,8,biobío,83,antuco,8302,78,20,12,8,9,6,3,11,6,5
24458,biobío,8,biobío,83,antuco,8302,79,23,11,12,9,1,8,14,10,4
24459,biobío,8,biobío,83,antuco,8302,80,27,10,17,15,5,10,12,5,7
24460,biobío,8,biobío,83,antuco,8302,81,18,7,11,11,5,6,7,2,5
24461,biobío,8,biobío,83,antuco,8302,82,12,8,4,2,1,1,10,7,3
24462,biobío,8,biobío,83,antuco,8302,83,12,7,5,7,3,4,5,4,1
24463,biobío,8,biobío,83,antuco,8302,84,18,10,8,10,6,4,8,4,4
24464,biobío,8,biobío,83,antuco,8302,85,13,5,8,5,1,4,8,4,4
24465,biobío,8,biobío,83,antuco,8302,86,16,4,12,9,0,9,7,4,3
24466,biobío,8,biobío,83,antuco,8302,87,11,4,7,9,4,5,2,0,2
24467,biobío,8,biobío,83,antuco,8302,88,9,4,5,3,1,2,6,3,3
24468,biobío,8,biobío,83,antuco,8302,89,5,4,1,2,2,0,3,2,1
24469,biobío,8,biobío,83,antuco,8302,90,9,1,8,4,0,4,5,1,4
24470,biobío,8,biobío,83,antuco,8302,91,5,1,4,2,0,2,3,1,2
24471,biobío,8,biobío,83,antuco,8302,92,4,2,2,2,1,1,2,1,1
24472,biobío,8,biobío,83,antuco,8302,93,3,1,2,0,0,0,3,1,2
24473,biobío,8,biobío,83,antuco,8302,94,0,0,0,0,0,0,0,0,0
24474,biobío,8,biobío,83,antuco,8302,95,2,0,2,2,0,2,0,0,0
24475,biobío,8,biobío,83,antuco,8302,96,3,2,1,2,1,1,1,1,0
24476,biobío,8,biobío,83,antuco,8302,97,0,0,0,0,0,0,0,0,0
24477,biobío,8,biobío,83,antuco,8302,98,0,0,0,0,0,0,0,0,0
24478,biobío,8,biobío,83,antuco,8302,99,1,1,0,1,1,0,0,0,0
24479,biobío,8,biobío,83,antuco,8302,100 o más,2,0,2,2,0,2,0,0,0
24480,biobío,8,biobío,83,cabrero,8303,total comuna,28573,14174,14399,21564,10480,11084,7009,3694,3315
24481,biobío,8,biobío,83,cabrero,8303,0,356,173,183,277,137,140,79,36,43
24482,biobío,8,biobío,83,cabrero,8303,1,370,192,178,298,152,146,72,40,32
24483,biobío,8,biobío,83,cabrero,8303,2,392,224,168,311,176,135,81,48,33
24484,biobío,8,biobío,83,cabrero,8303,3,369,195,174,306,158,148,63,37,26
24485,biobío,8,biobío,83,cabrero,8303,4,372,194,178,292,152,140,80,42,38
24486,biobío,8,biobío,83,cabrero,8303,5,364,190,174,286,150,136,78,40,38
24487,biobío,8,biobío,83,cabrero,8303,6,416,219,197,315,166,149,101,53,48
24488,biobío,8,biobío,83,cabrero,8303,7,355,182,173,282,139,143,73,43,30
24489,biobío,8,biobío,83,cabrero,8303,8,386,189,197,303,150,153,83,39,44
24490,biobío,8,biobío,83,cabrero,8303,9,414,220,194,344,187,157,70,33,37
24491,biobío,8,biobío,83,cabrero,8303,10,431,223,208,340,168,172,91,55,36
24492,biobío,8,biobío,83,cabrero,8303,11,433,228,205,347,177,170,86,51,35
24493,biobío,8,biobío,83,cabrero,8303,12,405,211,194,316,168,148,89,43,46
24494,biobío,8,biobío,83,cabrero,8303,13,391,195,196,312,157,155,79,38,41
24495,biobío,8,biobío,83,cabrero,8303,14,421,204,217,346,164,182,75,40,35
24496,biobío,8,biobío,83,cabrero,8303,15,423,210,213,333,159,174,90,51,39
24497,biobío,8,biobío,83,cabrero,8303,16,455,222,233,381,181,200,74,41,33
24498,biobío,8,biobío,83,cabrero,8303,17,437,224,213,358,186,172,79,38,41
24499,biobío,8,biobío,83,cabrero,8303,18,406,204,202,346,171,175,60,33,27
24500,biobío,8,biobío,83,cabrero,8303,19,331,162,169,270,134,136,61,28,33
24501,biobío,8,biobío,83,cabrero,8303,20,386,215,171,307,170,137,79,45,34
24502,biobío,8,biobío,83,cabrero,8303,21,395,184,211,314,142,172,81,42,39
24503,biobío,8,biobío,83,cabrero,8303,22,409,203,206,332,166,166,77,37,40
24504,biobío,8,biobío,83,cabrero,8303,23,408,212,196,323,165,158,85,47,38
24505,biobío,8,biobío,83,cabrero,8303,24,400,205,195,319,160,159,81,45,36
24506,biobío,8,biobío,83,cabrero,8303,25,428,209,219,344,169,175,84,40,44
24507,biobío,8,biobío,83,cabrero,8303,26,449,204,245,360,162,198,89,42,47
24508,biobío,8,biobío,83,cabrero,8303,27,409,209,200,324,170,154,85,39,46
24509,biobío,8,biobío,83,cabrero,8303,28,415,184,231,319,146,173,96,38,58
24510,biobío,8,biobío,83,cabrero,8303,29,378,177,201,297,131,166,81,46,35
24511,biobío,8,biobío,83,cabrero,8303,30,367,175,192,300,147,153,67,28,39
24512,biobío,8,biobío,83,cabrero,8303,31,369,169,200,285,129,156,84,40,44
24513,biobío,8,biobío,83,cabrero,8303,32,342,177,165,266,136,130,76,41,35
24514,biobío,8,biobío,83,cabrero,8303,33,355,169,186,281,134,147,74,35,39
24515,biobío,8,biobío,83,cabrero,8303,34,403,192,211,308,141,167,95,51,44
24516,biobío,8,biobío,83,cabrero,8303,35,401,184,217,320,137,183,81,47,34
24517,biobío,8,biobío,83,cabrero,8303,36,375,161,214,283,114,169,92,47,45
24518,biobío,8,biobío,83,cabrero,8303,37,381,176,205,290,130,160,91,46,45
24519,biobío,8,biobío,83,cabrero,8303,38,359,162,197,285,126,159,74,36,38
24520,biobío,8,biobío,83,cabrero,8303,39,392,207,185,296,151,145,96,56,40
24521,biobío,8,biobío,83,cabrero,8303,40,367,169,198,295,136,159,72,33,39
24522,biobío,8,biobío,83,cabrero,8303,41,398,201,197,303,152,151,95,49,46
24523,biobío,8,biobío,83,cabrero,8303,42,395,193,202,297,139,158,98,54,44
24524,biobío,8,biobío,83,cabrero,8303,43,423,206,217,342,166,176,81,40,41
24525,biobío,8,biobío,83,cabrero,8303,44,397,185,212,309,136,173,88,49,39
24526,biobío,8,biobío,83,cabrero,8303,45,450,222,228,334,159,175,116,63,53
24527,biobío,8,biobío,83,cabrero,8303,46,410,192,218,304,138,166,106,54,52
24528,biobío,8,biobío,83,cabrero,8303,47,448,199,249,338,146,192,110,53,57
24529,biobío,8,biobío,83,cabrero,8303,48,445,231,214,332,169,163,113,62,51
24530,biobío,8,biobío,83,cabrero,8303,49,427,204,223,330,163,167,97,41,56
24531,biobío,8,biobío,83,cabrero,8303,50,412,212,200,308,156,152,104,56,48
24532,biobío,8,biobío,83,cabrero,8303,51,442,223,219,337,165,172,105,58,47
24533,biobío,8,biobío,83,cabrero,8303,52,448,244,204,335,185,150,113,59,54
24534,biobío,8,biobío,83,cabrero,8303,53,408,206,202,282,138,144,126,68,58
24535,biobío,8,biobío,83,cabrero,8303,54,398,215,183,280,147,133,118,68,50
24536,biobío,8,biobío,83,cabrero,8303,55,385,194,191,267,129,138,118,65,53
24537,biobío,8,biobío,83,cabrero,8303,56,361,191,170,246,124,122,115,67,48
24538,biobío,8,biobío,83,cabrero,8303,57,345,187,158,229,121,108,116,66,50
24539,biobío,8,biobío,83,cabrero,8303,58,318,161,157,214,108,106,104,53,51
24540,biobío,8,biobío,83,cabrero,8303,59,295,146,149,198,102,96,97,44,53
24541,biobío,8,biobío,83,cabrero,8303,60,301,156,145,208,106,102,93,50,43
24542,biobío,8,biobío,83,cabrero,8303,61,277,153,124,191,104,87,86,49,37
24543,biobío,8,biobío,83,cabrero,8303,62,292,153,139,197,99,98,95,54,41
24544,biobío,8,biobío,83,cabrero,8303,63,273,144,129,179,87,92,94,57,37
24545,biobío,8,biobío,83,cabrero,8303,64,268,133,135,158,75,83,110,58,52
24546,biobío,8,biobío,83,cabrero,8303,65,229,108,121,148,62,86,81,46,35
24547,biobío,8,biobío,83,cabrero,8303,66,214,117,97,135,73,62,79,44,35
24548,biobío,8,biobío,83,cabrero,8303,67,241,124,117,153,71,82,88,53,35
24549,biobío,8,biobío,83,cabrero,8303,68,207,104,103,123,57,66,84,47,37
24550,biobío,8,biobío,83,cabrero,8303,69,215,104,111,144,59,85,71,45,26
24551,biobío,8,biobío,83,cabrero,8303,70,222,104,118,147,70,77,75,34,41
24552,biobío,8,biobío,83,cabrero,8303,71,185,87,98,109,46,63,76,41,35
24553,biobío,8,biobío,83,cabrero,8303,72,199,93,106,127,55,72,72,38,34
24554,biobío,8,biobío,83,cabrero,8303,73,166,78,88,102,41,61,64,37,27
24555,biobío,8,biobío,83,cabrero,8303,74,150,76,74,81,41,40,69,35,34
24556,biobío,8,biobío,83,cabrero,8303,75,148,64,84,101,41,60,47,23,24
24557,biobío,8,biobío,83,cabrero,8303,76,155,74,81,114,56,58,41,18,23
24558,biobío,8,biobío,83,cabrero,8303,77,118,47,71,74,27,47,44,20,24
24559,biobío,8,biobío,83,cabrero,8303,78,105,44,61,67,24,43,38,20,18
24560,biobío,8,biobío,83,cabrero,8303,79,118,56,62,78,35,43,40,21,19
24561,biobío,8,biobío,83,cabrero,8303,80,109,47,62,77,30,47,32,17,15
24562,biobío,8,biobío,83,cabrero,8303,81,86,43,43,62,28,34,24,15,9
24563,biobío,8,biobío,83,cabrero,8303,82,76,31,45,46,13,33,30,18,12
24564,biobío,8,biobío,83,cabrero,8303,83,66,36,30,40,20,20,26,16,10
24565,biobío,8,biobío,83,cabrero,8303,84,55,23,32,39,17,22,16,6,10
24566,biobío,8,biobío,83,cabrero,8303,85,72,41,31,48,25,23,24,16,8
24567,biobío,8,biobío,83,cabrero,8303,86,53,17,36,41,15,26,12,2,10
24568,biobío,8,biobío,83,cabrero,8303,87,60,20,40,43,11,32,17,9,8
24569,biobío,8,biobío,83,cabrero,8303,88,42,19,23,30,13,17,12,6,6
24570,biobío,8,biobío,83,cabrero,8303,89,26,7,19,22,7,15,4,0,4
24571,biobío,8,biobío,83,cabrero,8303,90,26,15,11,17,8,9,9,7,2
24572,biobío,8,biobío,83,cabrero,8303,91,24,14,10,14,8,6,10,6,4
24573,biobío,8,biobío,83,cabrero,8303,92,22,14,8,14,9,5,8,5,3
24574,biobío,8,biobío,83,cabrero,8303,93,19,7,12,14,6,8,5,1,4
24575,biobío,8,biobío,83,cabrero,8303,94,13,3,10,9,3,6,4,0,4
24576,biobío,8,biobío,83,cabrero,8303,95,7,1,6,6,1,5,1,0,1
24577,biobío,8,biobío,83,cabrero,8303,96,5,0,5,4,0,4,1,0,1
24578,biobío,8,biobío,83,cabrero,8303,97,1,0,1,1,0,1,0,0,0
24579,biobío,8,biobío,83,cabrero,8303,98,5,1,4,4,0,4,1,1,0
24580,biobío,8,biobío,83,cabrero,8303,99,1,0,1,1,0,1,0,0,0
24581,biobío,8,biobío,83,cabrero,8303,100 o más,2,0,2,0,0,0,2,0,2
24582,biobío,8,biobío,83,laja,8304,total comuna,22389,10744,11645,16222,7645,8577,6167,3099,3068
24583,biobío,8,biobío,83,laja,8304,0,284,140,144,217,105,112,67,35,32
24584,biobío,8,biobío,83,laja,8304,1,313,162,151,229,117,112,84,45,39
24585,biobío,8,biobío,83,laja,8304,2,312,175,137,227,131,96,85,44,41
24586,biobío,8,biobío,83,laja,8304,3,315,168,147,229,125,104,86,43,43
24587,biobío,8,biobío,83,laja,8304,4,333,155,178,248,117,131,85,38,47
24588,biobío,8,biobío,83,laja,8304,5,322,160,162,239,117,122,83,43,40
24589,biobío,8,biobío,83,laja,8304,6,333,190,143,253,149,104,80,41,39
24590,biobío,8,biobío,83,laja,8304,7,342,186,156,262,142,120,80,44,36
24591,biobío,8,biobío,83,laja,8304,8,337,180,157,249,131,118,88,49,39
24592,biobío,8,biobío,83,laja,8304,9,303,157,146,225,116,109,78,41,37
24593,biobío,8,biobío,83,laja,8304,10,326,163,163,242,125,117,84,38,46
24594,biobío,8,biobío,83,laja,8304,11,328,169,159,253,133,120,75,36,39
24595,biobío,8,biobío,83,laja,8304,12,301,136,165,218,96,122,83,40,43
24596,biobío,8,biobío,83,laja,8304,13,309,142,167,224,102,122,85,40,45
24597,biobío,8,biobío,83,laja,8304,14,357,187,170,282,154,128,75,33,42
24598,biobío,8,biobío,83,laja,8304,15,353,191,162,246,136,110,107,55,52
24599,biobío,8,biobío,83,laja,8304,16,362,182,180,278,134,144,84,48,36
24600,biobío,8,biobío,83,laja,8304,17,355,179,176,277,139,138,78,40,38
24601,biobío,8,biobío,83,laja,8304,18,306,149,157,232,114,118,74,35,39
24602,biobío,8,biobío,83,laja,8304,19,273,144,129,207,109,98,66,35,31
24603,biobío,8,biobío,83,laja,8304,20,282,160,122,211,114,97,71,46,25
24604,biobío,8,biobío,83,laja,8304,21,272,124,148,200,90,110,72,34,38
24605,biobío,8,biobío,83,laja,8304,22,293,153,140,216,110,106,77,43,34
24606,biobío,8,biobío,83,laja,8304,23,248,104,144,190,79,111,58,25,33
24607,biobío,8,biobío,83,laja,8304,24,321,161,160,263,130,133,58,31,27
24608,biobío,8,biobío,83,laja,8304,25,318,140,178,247,106,141,71,34,37
24609,biobío,8,biobío,83,laja,8304,26,323,158,165,243,115,128,80,43,37
24610,biobío,8,biobío,83,laja,8304,27,330,145,185,253,107,146,77,38,39
24611,biobío,8,biobío,83,laja,8304,28,310,147,163,231,113,118,79,34,45
24612,biobío,8,biobío,83,laja,8304,29,249,109,140,188,84,104,61,25,36
24613,biobío,8,biobío,83,laja,8304,30,253,121,132,193,96,97,60,25,35
24614,biobío,8,biobío,83,laja,8304,31,242,105,137,166,72,94,76,33,43
24615,biobío,8,biobío,83,laja,8304,32,236,95,141,173,69,104,63,26,37
24616,biobío,8,biobío,83,laja,8304,33,238,101,137,170,71,99,68,30,38
24617,biobío,8,biobío,83,laja,8304,34,259,118,141,196,89,107,63,29,34
24618,biobío,8,biobío,83,laja,8304,35,315,138,177,222,97,125,93,41,52
24619,biobío,8,biobío,83,laja,8304,36,282,110,172,213,76,137,69,34,35
24620,biobío,8,biobío,83,laja,8304,37,293,139,154,209,96,113,84,43,41
24621,biobío,8,biobío,83,laja,8304,38,266,118,148,201,91,110,65,27,38
24622,biobío,8,biobío,83,laja,8304,39,251,112,139,195,87,108,56,25,31
24623,biobío,8,biobío,83,laja,8304,40,251,107,144,179,72,107,72,35,37
24624,biobío,8,biobío,83,laja,8304,41,269,120,149,199,87,112,70,33,37
24625,biobío,8,biobío,83,laja,8304,42,303,144,159,230,97,133,73,47,26
24626,biobío,8,biobío,83,laja,8304,43,278,132,146,193,89,104,85,43,42
24627,biobío,8,biobío,83,laja,8304,44,309,145,164,223,103,120,86,42,44
24628,biobío,8,biobío,83,laja,8304,45,285,113,172,209,84,125,76,29,47
24629,biobío,8,biobío,83,laja,8304,46,331,153,178,229,102,127,102,51,51
24630,biobío,8,biobío,83,laja,8304,47,321,157,164,230,107,123,91,50,41
24631,biobío,8,biobío,83,laja,8304,48,352,186,166,260,135,125,92,51,41
24632,biobío,8,biobío,83,laja,8304,49,338,157,181,248,113,135,90,44,46
24633,biobío,8,biobío,83,laja,8304,50,336,169,167,245,122,123,91,47,44
24634,biobío,8,biobío,83,laja,8304,51,346,160,186,251,116,135,95,44,51
24635,biobío,8,biobío,83,laja,8304,52,327,158,169,233,105,128,94,53,41
24636,biobío,8,biobío,83,laja,8304,53,315,151,164,208,99,109,107,52,55
24637,biobío,8,biobío,83,laja,8304,54,313,150,163,226,109,117,87,41,46
24638,biobío,8,biobío,83,laja,8304,55,297,154,143,198,101,97,99,53,46
24639,biobío,8,biobío,83,laja,8304,56,310,143,167,233,102,131,77,41,36
24640,biobío,8,biobío,83,laja,8304,57,302,148,154,219,103,116,83,45,38
24641,biobío,8,biobío,83,laja,8304,58,242,120,122,180,86,94,62,34,28
24642,biobío,8,biobío,83,laja,8304,59,254,119,135,167,74,93,87,45,42
24643,biobío,8,biobío,83,laja,8304,60,275,134,141,182,87,95,93,47,46
24644,biobío,8,biobío,83,laja,8304,61,237,104,133,155,65,90,82,39,43
24645,biobío,8,biobío,83,laja,8304,62,226,102,124,153,70,83,73,32,41
24646,biobío,8,biobío,83,laja,8304,63,271,130,141,181,82,99,90,48,42
24647,biobío,8,biobío,83,laja,8304,64,238,108,130,162,62,100,76,46,30
24648,biobío,8,biobío,83,laja,8304,65,209,91,118,145,61,84,64,30,34
24649,biobío,8,biobío,83,laja,8304,66,205,97,108,123,49,74,82,48,34
24650,biobío,8,biobío,83,laja,8304,67,211,95,116,139,57,82,72,38,34
24651,biobío,8,biobío,83,laja,8304,68,186,90,96,130,65,65,56,25,31
24652,biobío,8,biobío,83,laja,8304,69,191,92,99,121,52,69,70,40,30
24653,biobío,8,biobío,83,laja,8304,70,200,95,105,139,65,74,61,30,31
24654,biobío,8,biobío,83,laja,8304,71,182,92,90,116,56,60,66,36,30
24655,biobío,8,biobío,83,laja,8304,72,135,68,67,97,46,51,38,22,16
24656,biobío,8,biobío,83,laja,8304,73,152,85,67,95,53,42,57,32,25
24657,biobío,8,biobío,83,laja,8304,74,149,69,80,100,43,57,49,26,23
24658,biobío,8,biobío,83,laja,8304,75,141,70,71,97,47,50,44,23,21
24659,biobío,8,biobío,83,laja,8304,76,125,55,70,87,36,51,38,19,19
24660,biobío,8,biobío,83,laja,8304,77,129,57,72,91,37,54,38,20,18
24661,biobío,8,biobío,83,laja,8304,78,102,45,57,74,29,45,28,16,12
24662,biobío,8,biobío,83,laja,8304,79,86,34,52,55,21,34,31,13,18
24663,biobío,8,biobío,83,laja,8304,80,75,37,38,57,28,29,18,9,9
24664,biobío,8,biobío,83,laja,8304,81,91,45,46,61,24,37,30,21,9
24665,biobío,8,biobío,83,laja,8304,82,58,29,29,43,20,23,15,9,6
24666,biobío,8,biobío,83,laja,8304,83,51,25,26,35,18,17,16,7,9
24667,biobío,8,biobío,83,laja,8304,84,52,23,29,34,15,19,18,8,10
24668,biobío,8,biobío,83,laja,8304,85,46,25,21,32,17,15,14,8,6
24669,biobío,8,biobío,83,laja,8304,86,49,19,30,30,12,18,19,7,12
24670,biobío,8,biobío,83,laja,8304,87,36,16,20,24,10,14,12,6,6
24671,biobío,8,biobío,83,laja,8304,88,41,16,25,20,7,13,21,9,12
24672,biobío,8,biobío,83,laja,8304,89,27,9,18,12,4,8,15,5,10
24673,biobío,8,biobío,83,laja,8304,90,23,9,14,13,4,9,10,5,5
24674,biobío,8,biobío,83,laja,8304,91,13,4,9,7,2,5,6,2,4
24675,biobío,8,biobío,83,laja,8304,92,12,4,8,8,2,6,4,2,2
24676,biobío,8,biobío,83,laja,8304,93,13,2,11,9,2,7,4,0,4
24677,biobío,8,biobío,83,laja,8304,94,5,3,2,5,3,2,0,0,0
24678,biobío,8,biobío,83,laja,8304,95,11,2,9,5,1,4,6,1,5
24679,biobío,8,biobío,83,laja,8304,96,5,2,3,3,1,2,2,1,1
24680,biobío,8,biobío,83,laja,8304,97,0,0,0,0,0,0,0,0,0
24681,biobío,8,biobío,83,laja,8304,98,0,0,0,0,0,0,0,0,0
24682,biobío,8,biobío,83,laja,8304,99,3,0,3,2,0,2,1,0,1
24683,biobío,8,biobío,83,laja,8304,100 o más,4,2,2,3,2,1,1,0,1
24684,biobío,8,biobío,83,mulchén,8305,total comuna,29627,14597,15030,24149,11643,12506,5478,2954,2524
24685,biobío,8,biobío,83,mulchén,8305,0,335,159,176,298,145,153,37,14,23
24686,biobío,8,biobío,83,mulchén,8305,1,396,200,196,336,172,164,60,28,32
24687,biobío,8,biobío,83,mulchén,8305,2,395,202,193,339,176,163,56,26,30
24688,biobío,8,biobío,83,mulchén,8305,3,409,203,206,349,171,178,60,32,28
24689,biobío,8,biobío,83,mulchén,8305,4,417,218,199,354,187,167,63,31,32
24690,biobío,8,biobío,83,mulchén,8305,5,433,229,204,372,197,175,61,32,29
24691,biobío,8,biobío,83,mulchén,8305,6,490,240,250,409,197,212,81,43,38
24692,biobío,8,biobío,83,mulchén,8305,7,465,215,250,402,180,222,63,35,28
24693,biobío,8,biobío,83,mulchén,8305,8,427,213,214,375,185,190,52,28,24
24694,biobío,8,biobío,83,mulchén,8305,9,414,212,202,356,184,172,58,28,30
24695,biobío,8,biobío,83,mulchén,8305,10,452,237,215,378,194,184,74,43,31
24696,biobío,8,biobío,83,mulchén,8305,11,438,215,223,367,175,192,71,40,31
24697,biobío,8,biobío,83,mulchén,8305,12,439,212,227,357,167,190,82,45,37
24698,biobío,8,biobío,83,mulchén,8305,13,409,206,203,335,168,167,74,38,36
24699,biobío,8,biobío,83,mulchén,8305,14,427,212,215,355,177,178,72,35,37
24700,biobío,8,biobío,83,mulchén,8305,15,425,229,196,351,190,161,74,39,35
24701,biobío,8,biobío,83,mulchén,8305,16,473,233,240,389,187,202,84,46,38
24702,biobío,8,biobío,83,mulchén,8305,17,472,235,237,415,202,213,57,33,24
24703,biobío,8,biobío,83,mulchén,8305,18,399,206,193,343,172,171,56,34,22
24704,biobío,8,biobío,83,mulchén,8305,19,397,213,184,343,188,155,54,25,29
24705,biobío,8,biobío,83,mulchén,8305,20,409,201,208,352,163,189,57,38,19
24706,biobío,8,biobío,83,mulchén,8305,21,389,179,210,333,156,177,56,23,33
24707,biobío,8,biobío,83,mulchén,8305,22,426,204,222,372,170,202,54,34,20
24708,biobío,8,biobío,83,mulchén,8305,23,428,217,211,374,188,186,54,29,25
24709,biobío,8,biobío,83,mulchén,8305,24,445,230,215,384,202,182,61,28,33
24710,biobío,8,biobío,83,mulchén,8305,25,492,241,251,424,211,213,68,30,38
24711,biobío,8,biobío,83,mulchén,8305,26,445,228,217,381,196,185,64,32,32
24712,biobío,8,biobío,83,mulchén,8305,27,436,220,216,365,186,179,71,34,37
24713,biobío,8,biobío,83,mulchén,8305,28,421,202,219,359,171,188,62,31,31
24714,biobío,8,biobío,83,mulchén,8305,29,412,178,234,357,155,202,55,23,32
24715,biobío,8,biobío,83,mulchén,8305,30,408,208,200,355,181,174,53,27,26
24716,biobío,8,biobío,83,mulchén,8305,31,395,198,197,355,178,177,40,20,20
24717,biobío,8,biobío,83,mulchén,8305,32,387,164,223,331,134,197,56,30,26
24718,biobío,8,biobío,83,mulchén,8305,33,367,168,199,309,139,170,58,29,29
24719,biobío,8,biobío,83,mulchén,8305,34,341,166,175,304,147,157,37,19,18
24720,biobío,8,biobío,83,mulchén,8305,35,398,190,208,331,154,177,67,36,31
24721,biobío,8,biobío,83,mulchén,8305,36,379,188,191,318,157,161,61,31,30
24722,biobío,8,biobío,83,mulchén,8305,37,378,199,179,329,172,157,49,27,22
24723,biobío,8,biobío,83,mulchén,8305,38,338,166,172,277,138,139,61,28,33
24724,biobío,8,biobío,83,mulchén,8305,39,349,174,175,281,137,144,68,37,31
24725,biobío,8,biobío,83,mulchén,8305,40,351,168,183,280,126,154,71,42,29
24726,biobío,8,biobío,83,mulchén,8305,41,361,168,193,292,140,152,69,28,41
24727,biobío,8,biobío,83,mulchén,8305,42,370,188,182,291,144,147,79,44,35
24728,biobío,8,biobío,83,mulchén,8305,43,409,209,200,322,158,164,87,51,36
24729,biobío,8,biobío,83,mulchén,8305,44,406,186,220,330,145,185,76,41,35
24730,biobío,8,biobío,83,mulchén,8305,45,411,196,215,331,158,173,80,38,42
24731,biobío,8,biobío,83,mulchén,8305,46,419,208,211,320,159,161,99,49,50
24732,biobío,8,biobío,83,mulchén,8305,47,365,197,168,289,152,137,76,45,31
24733,biobío,8,biobío,83,mulchén,8305,48,394,204,190,312,157,155,82,47,35
24734,biobío,8,biobío,83,mulchén,8305,49,426,218,208,335,168,167,91,50,41
24735,biobío,8,biobío,83,mulchén,8305,50,444,214,230,353,163,190,91,51,40
24736,biobío,8,biobío,83,mulchén,8305,51,392,207,185,315,163,152,77,44,33
24737,biobío,8,biobío,83,mulchén,8305,52,398,205,193,312,149,163,86,56,30
24738,biobío,8,biobío,83,mulchén,8305,53,426,217,209,312,142,170,114,75,39
24739,biobío,8,biobío,83,mulchén,8305,54,415,211,204,318,166,152,97,45,52
24740,biobío,8,biobío,83,mulchén,8305,55,356,186,170,269,131,138,87,55,32
24741,biobío,8,biobío,83,mulchén,8305,56,368,179,189,288,137,151,80,42,38
24742,biobío,8,biobío,83,mulchén,8305,57,326,150,176,254,119,135,72,31,41
24743,biobío,8,biobío,83,mulchén,8305,58,311,169,142,238,128,110,73,41,32
24744,biobío,8,biobío,83,mulchén,8305,59,365,185,180,278,136,142,87,49,38
24745,biobío,8,biobío,83,mulchén,8305,60,297,142,155,233,110,123,64,32,32
24746,biobío,8,biobío,83,mulchén,8305,61,320,157,163,233,111,122,87,46,41
24747,biobío,8,biobío,83,mulchén,8305,62,286,142,144,205,92,113,81,50,31
24748,biobío,8,biobío,83,mulchén,8305,63,314,140,174,242,99,143,72,41,31
24749,biobío,8,biobío,83,mulchén,8305,64,278,143,135,201,97,104,77,46,31
24750,biobío,8,biobío,83,mulchén,8305,65,241,118,123,179,81,98,62,37,25
24751,biobío,8,biobío,83,mulchén,8305,66,235,107,128,172,75,97,63,32,31
24752,biobío,8,biobío,83,mulchén,8305,67,231,119,112,161,74,87,70,45,25
24753,biobío,8,biobío,83,mulchén,8305,68,213,98,115,159,65,94,54,33,21
24754,biobío,8,biobío,83,mulchén,8305,69,237,132,105,176,93,83,61,39,22
24755,biobío,8,biobío,83,mulchén,8305,70,244,112,132,184,80,104,60,32,28
24756,biobío,8,biobío,83,mulchén,8305,71,226,123,103,166,80,86,60,43,17
24757,biobío,8,biobío,83,mulchén,8305,72,192,101,91,132,72,60,60,29,31
24758,biobío,8,biobío,83,mulchén,8305,73,178,93,85,126,63,63,52,30,22
24759,biobío,8,biobío,83,mulchén,8305,74,158,71,87,120,51,69,38,20,18
24760,biobío,8,biobío,83,mulchén,8305,75,181,88,93,136,63,73,45,25,20
24761,biobío,8,biobío,83,mulchén,8305,76,160,70,90,114,44,70,46,26,20
24762,biobío,8,biobío,83,mulchén,8305,77,141,66,75,95,40,55,46,26,20
24763,biobío,8,biobío,83,mulchén,8305,78,147,61,86,109,44,65,38,17,21
24764,biobío,8,biobío,83,mulchén,8305,79,138,53,85,113,44,69,25,9,16
24765,biobío,8,biobío,83,mulchén,8305,80,115,48,67,83,30,53,32,18,14
24766,biobío,8,biobío,83,mulchén,8305,81,106,43,63,79,29,50,27,14,13
24767,biobío,8,biobío,83,mulchén,8305,82,89,39,50,68,27,41,21,12,9
24768,biobío,8,biobío,83,mulchén,8305,83,69,30,39,55,23,32,14,7,7
24769,biobío,8,biobío,83,mulchén,8305,84,87,36,51,67,22,45,20,14,6
24770,biobío,8,biobío,83,mulchén,8305,85,80,36,44,61,28,33,19,8,11
24771,biobío,8,biobío,83,mulchén,8305,86,72,30,42,56,21,35,16,9,7
24772,biobío,8,biobío,83,mulchén,8305,87,74,22,52,61,15,46,13,7,6
24773,biobío,8,biobío,83,mulchén,8305,88,42,20,22,34,13,21,8,7,1
24774,biobío,8,biobío,83,mulchén,8305,89,49,17,32,42,14,28,7,3,4
24775,biobío,8,biobío,83,mulchén,8305,90,33,16,17,27,12,15,6,4,2
24776,biobío,8,biobío,83,mulchén,8305,91,29,13,16,25,12,13,4,1,3
24777,biobío,8,biobío,83,mulchén,8305,92,25,10,15,21,7,14,4,3,1
24778,biobío,8,biobío,83,mulchén,8305,93,20,10,10,16,7,9,4,3,1
24779,biobío,8,biobío,83,mulchén,8305,94,18,5,13,15,4,11,3,1,2
24780,biobío,8,biobío,83,mulchén,8305,95,12,4,8,11,4,7,1,0,1
24781,biobío,8,biobío,83,mulchén,8305,96,7,1,6,6,1,5,1,0,1
24782,biobío,8,biobío,83,mulchén,8305,97,5,1,4,4,1,3,1,0,1
24783,biobío,8,biobío,83,mulchén,8305,98,3,2,1,3,2,1,0,0,0
24784,biobío,8,biobío,83,mulchén,8305,99,4,1,3,3,1,2,1,0,1
24785,biobío,8,biobío,83,mulchén,8305,100 o más,3,2,1,3,2,1,0,0,0
24786,biobío,8,biobío,83,nacimiento,8306,total comuna,26315,12962,13353,23031,11122,11909,3284,1840,1444
24787,biobío,8,biobío,83,nacimiento,8306,0,309,157,152,288,148,140,21,9,12
24788,biobío,8,biobío,83,nacimiento,8306,1,387,184,203,361,174,187,26,10,16
24789,biobío,8,biobío,83,nacimiento,8306,2,344,170,174,319,155,164,25,15,10
24790,biobío,8,biobío,83,nacimiento,8306,3,375,172,203,345,155,190,30,17,13
24791,biobío,8,biobío,83,nacimiento,8306,4,352,180,172,328,169,159,24,11,13
24792,biobío,8,biobío,83,nacimiento,8306,5,380,192,188,357,182,175,23,10,13
24793,biobío,8,biobío,83,nacimiento,8306,6,385,205,180,363,189,174,22,16,6
24794,biobío,8,biobío,83,nacimiento,8306,7,434,208,226,397,186,211,37,22,15
24795,biobío,8,biobío,83,nacimiento,8306,8,404,197,207,372,179,193,32,18,14
24796,biobío,8,biobío,83,nacimiento,8306,9,375,201,174,353,186,167,22,15,7
24797,biobío,8,biobío,83,nacimiento,8306,10,439,226,213,399,201,198,40,25,15
24798,biobío,8,biobío,83,nacimiento,8306,11,392,216,176,353,190,163,39,26,13
24799,biobío,8,biobío,83,nacimiento,8306,12,373,210,163,340,192,148,33,18,15
24800,biobío,8,biobío,83,nacimiento,8306,13,394,195,199,359,179,180,35,16,19
24801,biobío,8,biobío,83,nacimiento,8306,14,396,197,199,371,182,189,25,15,10
24802,biobío,8,biobío,83,nacimiento,8306,15,389,194,195,367,182,185,22,12,10
24803,biobío,8,biobío,83,nacimiento,8306,16,411,204,207,386,187,199,25,17,8
24804,biobío,8,biobío,83,nacimiento,8306,17,439,242,197,417,228,189,22,14,8
24805,biobío,8,biobío,83,nacimiento,8306,18,316,163,153,296,155,141,20,8,12
24806,biobío,8,biobío,83,nacimiento,8306,19,333,174,159,314,164,150,19,10,9
24807,biobío,8,biobío,83,nacimiento,8306,20,349,175,174,320,159,161,29,16,13
24808,biobío,8,biobío,83,nacimiento,8306,21,331,173,158,310,160,150,21,13,8
24809,biobío,8,biobío,83,nacimiento,8306,22,364,179,185,336,162,174,28,17,11
24810,biobío,8,biobío,83,nacimiento,8306,23,378,181,197,340,162,178,38,19,19
24811,biobío,8,biobío,83,nacimiento,8306,24,386,192,194,364,181,183,22,11,11
24812,biobío,8,biobío,83,nacimiento,8306,25,408,176,232,379,161,218,29,15,14
24813,biobío,8,biobío,83,nacimiento,8306,26,422,212,210,399,201,198,23,11,12
24814,biobío,8,biobío,83,nacimiento,8306,27,363,167,196,341,153,188,22,14,8
24815,biobío,8,biobío,83,nacimiento,8306,28,356,166,190,337,156,181,19,10,9
24816,biobío,8,biobío,83,nacimiento,8306,29,338,163,175,311,143,168,27,20,7
24817,biobío,8,biobío,83,nacimiento,8306,30,342,176,166,305,150,155,37,26,11
24818,biobío,8,biobío,83,nacimiento,8306,31,302,137,165,282,129,153,20,8,12
24819,biobío,8,biobío,83,nacimiento,8306,32,297,145,152,271,131,140,26,14,12
24820,biobío,8,biobío,83,nacimiento,8306,33,304,131,173,284,121,163,20,10,10
24821,biobío,8,biobío,83,nacimiento,8306,34,377,181,196,348,164,184,29,17,12
24822,biobío,8,biobío,83,nacimiento,8306,35,312,146,166,290,134,156,22,12,10
24823,biobío,8,biobío,83,nacimiento,8306,36,354,161,193,326,146,180,28,15,13
24824,biobío,8,biobío,83,nacimiento,8306,37,368,183,185,335,162,173,33,21,12
24825,biobío,8,biobío,83,nacimiento,8306,38,316,134,182,286,121,165,30,13,17
24826,biobío,8,biobío,83,nacimiento,8306,39,335,162,173,300,144,156,35,18,17
24827,biobío,8,biobío,83,nacimiento,8306,40,337,159,178,309,147,162,28,12,16
24828,biobío,8,biobío,83,nacimiento,8306,41,345,157,188,305,134,171,40,23,17
24829,biobío,8,biobío,83,nacimiento,8306,42,367,148,219,321,129,192,46,19,27
24830,biobío,8,biobío,83,nacimiento,8306,43,371,164,207,329,141,188,42,23,19
24831,biobío,8,biobío,83,nacimiento,8306,44,375,184,191,327,158,169,48,26,22
24832,biobío,8,biobío,83,nacimiento,8306,45,334,156,178,286,129,157,48,27,21
24833,biobío,8,biobío,83,nacimiento,8306,46,343,151,192,302,128,174,41,23,18
24834,biobío,8,biobío,83,nacimiento,8306,47,386,199,187,333,161,172,53,38,15
24835,biobío,8,biobío,83,nacimiento,8306,48,370,186,184,317,154,163,53,32,21
24836,biobío,8,biobío,83,nacimiento,8306,49,374,193,181,323,162,161,51,31,20
24837,biobío,8,biobío,83,nacimiento,8306,50,352,174,178,306,149,157,46,25,21
24838,biobío,8,biobío,83,nacimiento,8306,51,406,205,201,347,174,173,59,31,28
24839,biobío,8,biobío,83,nacimiento,8306,52,377,196,181,315,153,162,62,43,19
24840,biobío,8,biobío,83,nacimiento,8306,53,379,199,180,316,159,157,63,40,23
24841,biobío,8,biobío,83,nacimiento,8306,54,357,164,193,296,140,156,61,24,37
24842,biobío,8,biobío,83,nacimiento,8306,55,352,173,179,301,142,159,51,31,20
24843,biobío,8,biobío,83,nacimiento,8306,56,352,180,172,279,139,140,73,41,32
24844,biobío,8,biobío,83,nacimiento,8306,57,349,175,174,288,141,147,61,34,27
24845,biobío,8,biobío,83,nacimiento,8306,58,326,173,153,268,146,122,58,27,31
24846,biobío,8,biobío,83,nacimiento,8306,59,303,174,129,231,126,105,72,48,24
24847,biobío,8,biobío,83,nacimiento,8306,60,309,168,141,246,134,112,63,34,29
24848,biobío,8,biobío,83,nacimiento,8306,61,288,145,143,226,113,113,62,32,30
24849,biobío,8,biobío,83,nacimiento,8306,62,267,132,135,208,101,107,59,31,28
24850,biobío,8,biobío,83,nacimiento,8306,63,269,135,134,204,97,107,65,38,27
24851,biobío,8,biobío,83,nacimiento,8306,64,249,123,126,188,86,102,61,37,24
24852,biobío,8,biobío,83,nacimiento,8306,65,216,116,100,178,88,90,38,28,10
24853,biobío,8,biobío,83,nacimiento,8306,66,191,92,99,137,59,78,54,33,21
24854,biobío,8,biobío,83,nacimiento,8306,67,191,93,98,140,67,73,51,26,25
24855,biobío,8,biobío,83,nacimiento,8306,68,182,89,93,138,64,74,44,25,19
24856,biobío,8,biobío,83,nacimiento,8306,69,192,88,104,132,53,79,60,35,25
24857,biobío,8,biobío,83,nacimiento,8306,70,166,86,80,121,61,60,45,25,20
24858,biobío,8,biobío,83,nacimiento,8306,71,190,85,105,126,47,79,64,38,26
24859,biobío,8,biobío,83,nacimiento,8306,72,162,87,75,107,53,54,55,34,21
24860,biobío,8,biobío,83,nacimiento,8306,73,173,93,80,128,61,67,45,32,13
24861,biobío,8,biobío,83,nacimiento,8306,74,157,85,72,112,61,51,45,24,21
24862,biobío,8,biobío,83,nacimiento,8306,75,137,67,70,104,52,52,33,15,18
24863,biobío,8,biobío,83,nacimiento,8306,76,131,63,68,89,40,49,42,23,19
24864,biobío,8,biobío,83,nacimiento,8306,77,117,60,57,87,47,40,30,13,17
24865,biobío,8,biobío,83,nacimiento,8306,78,100,45,55,78,32,46,22,13,9
24866,biobío,8,biobío,83,nacimiento,8306,79,88,45,43,64,33,31,24,12,12
24867,biobío,8,biobío,83,nacimiento,8306,80,107,47,60,77,36,41,30,11,19
24868,biobío,8,biobío,83,nacimiento,8306,81,91,36,55,77,30,47,14,6,8
24869,biobío,8,biobío,83,nacimiento,8306,82,94,40,54,68,24,44,26,16,10
24870,biobío,8,biobío,83,nacimiento,8306,83,77,41,36,58,32,26,19,9,10
24871,biobío,8,biobío,83,nacimiento,8306,84,55,28,27,44,23,21,11,5,6
24872,biobío,8,biobío,83,nacimiento,8306,85,36,18,18,25,12,13,11,6,5
24873,biobío,8,biobío,83,nacimiento,8306,86,52,25,27,38,18,20,14,7,7
24874,biobío,8,biobío,83,nacimiento,8306,87,53,29,24,30,17,13,23,12,11
24875,biobío,8,biobío,83,nacimiento,8306,88,38,13,25,33,11,22,5,2,3
24876,biobío,8,biobío,83,nacimiento,8306,89,27,11,16,20,6,14,7,5,2
24877,biobío,8,biobío,83,nacimiento,8306,90,31,11,20,25,9,16,6,2,4
24878,biobío,8,biobío,83,nacimiento,8306,91,20,6,14,17,5,12,3,1,2
24879,biobío,8,biobío,83,nacimiento,8306,92,22,10,12,16,5,11,6,5,1
24880,biobío,8,biobío,83,nacimiento,8306,93,10,1,9,8,0,8,2,1,1
24881,biobío,8,biobío,83,nacimiento,8306,94,17,5,12,15,5,10,2,0,2
24882,biobío,8,biobío,83,nacimiento,8306,95,5,2,3,2,1,1,3,1,2
24883,biobío,8,biobío,83,nacimiento,8306,96,4,1,3,4,1,3,0,0,0
24884,biobío,8,biobío,83,nacimiento,8306,97,1,1,0,1,1,0,0,0,0
24885,biobío,8,biobío,83,nacimiento,8306,98,5,1,4,4,1,3,1,0,1
24886,biobío,8,biobío,83,nacimiento,8306,99,2,0,2,1,0,1,1,0,1
24887,biobío,8,biobío,83,nacimiento,8306,100 o más,9,2,7,7,1,6,2,1,1
24888,biobío,8,biobío,83,negrete,8307,total comuna,9737,4813,4924,6055,2939,3116,3682,1874,1808
24889,biobío,8,biobío,83,negrete,8307,0,132,66,66,79,43,36,53,23,30
24890,biobío,8,biobío,83,negrete,8307,1,125,55,70,90,40,50,35,15,20
24891,biobío,8,biobío,83,negrete,8307,2,157,84,73,108,58,50,49,26,23
24892,biobío,8,biobío,83,negrete,8307,3,135,72,63,92,45,47,43,27,16
24893,biobío,8,biobío,83,negrete,8307,4,145,79,66,94,52,42,51,27,24
24894,biobío,8,biobío,83,negrete,8307,5,129,67,62,78,42,36,51,25,26
24895,biobío,8,biobío,83,negrete,8307,6,140,74,66,86,44,42,54,30,24
24896,biobío,8,biobío,83,negrete,8307,7,158,85,73,101,54,47,57,31,26
24897,biobío,8,biobío,83,negrete,8307,8,153,85,68,104,60,44,49,25,24
24898,biobío,8,biobío,83,negrete,8307,9,139,68,71,99,48,51,40,20,20
24899,biobío,8,biobío,83,negrete,8307,10,131,58,73,84,35,49,47,23,24
24900,biobío,8,biobío,83,negrete,8307,11,148,82,66,93,54,39,55,28,27
24901,biobío,8,biobío,83,negrete,8307,12,145,76,69,96,47,49,49,29,20
24902,biobío,8,biobío,83,negrete,8307,13,168,85,83,114,58,56,54,27,27
24903,biobío,8,biobío,83,negrete,8307,14,133,65,68,91,44,47,42,21,21
24904,biobío,8,biobío,83,negrete,8307,15,132,65,67,85,36,49,47,29,18
24905,biobío,8,biobío,83,negrete,8307,16,131,67,64,85,41,44,46,26,20
24906,biobío,8,biobío,83,negrete,8307,17,144,83,61,84,49,35,60,34,26
24907,biobío,8,biobío,83,negrete,8307,18,121,56,65,81,36,45,40,20,20
24908,biobío,8,biobío,83,negrete,8307,19,126,60,66,80,37,43,46,23,23
24909,biobío,8,biobío,83,negrete,8307,20,126,65,61,90,47,43,36,18,18
24910,biobío,8,biobío,83,negrete,8307,21,133,51,82,83,31,52,50,20,30
24911,biobío,8,biobío,83,negrete,8307,22,136,73,63,78,46,32,58,27,31
24912,biobío,8,biobío,83,negrete,8307,23,139,69,70,90,43,47,49,26,23
24913,biobío,8,biobío,83,negrete,8307,24,139,69,70,88,45,43,51,24,27
24914,biobío,8,biobío,83,negrete,8307,25,169,68,101,103,42,61,66,26,40
24915,biobío,8,biobío,83,negrete,8307,26,159,71,88,103,46,57,56,25,31
24916,biobío,8,biobío,83,negrete,8307,27,143,62,81,89,39,50,54,23,31
24917,biobío,8,biobío,83,negrete,8307,28,145,76,69,105,53,52,40,23,17
24918,biobío,8,biobío,83,negrete,8307,29,120,63,57,72,35,37,48,28,20
24919,biobío,8,biobío,83,negrete,8307,30,120,57,63,64,31,33,56,26,30
24920,biobío,8,biobío,83,negrete,8307,31,119,45,74,76,28,48,43,17,26
24921,biobío,8,biobío,83,negrete,8307,32,99,49,50,66,34,32,33,15,18
24922,biobío,8,biobío,83,negrete,8307,33,105,49,56,73,36,37,32,13,19
24923,biobío,8,biobío,83,negrete,8307,34,132,55,77,100,41,59,32,14,18
24924,biobío,8,biobío,83,negrete,8307,35,125,57,68,82,34,48,43,23,20
24925,biobío,8,biobío,83,negrete,8307,36,112,54,58,75,34,41,37,20,17
24926,biobío,8,biobío,83,negrete,8307,37,108,58,50,68,34,34,40,24,16
24927,biobío,8,biobío,83,negrete,8307,38,116,52,64,66,28,38,50,24,26
24928,biobío,8,biobío,83,negrete,8307,39,123,61,62,76,36,40,47,25,22
24929,biobío,8,biobío,83,negrete,8307,40,118,53,65,67,32,35,51,21,30
24930,biobío,8,biobío,83,negrete,8307,41,121,53,68,77,34,43,44,19,25
24931,biobío,8,biobío,83,negrete,8307,42,105,56,49,65,34,31,40,22,18
24932,biobío,8,biobío,83,negrete,8307,43,143,65,78,102,41,61,41,24,17
24933,biobío,8,biobío,83,negrete,8307,44,139,55,84,81,31,50,58,24,34
24934,biobío,8,biobío,83,negrete,8307,45,152,73,79,94,44,50,58,29,29
24935,biobío,8,biobío,83,negrete,8307,46,135,72,63,79,41,38,56,31,25
24936,biobío,8,biobío,83,negrete,8307,47,140,74,66,86,44,42,54,30,24
24937,biobío,8,biobío,83,negrete,8307,48,126,64,62,73,32,41,53,32,21
24938,biobío,8,biobío,83,negrete,8307,49,140,67,73,89,40,49,51,27,24
24939,biobío,8,biobío,83,negrete,8307,50,152,80,72,95,51,44,57,29,28
24940,biobío,8,biobío,83,negrete,8307,51,132,62,70,82,42,40,50,20,30
24941,biobío,8,biobío,83,negrete,8307,52,140,72,68,81,38,43,59,34,25
24942,biobío,8,biobío,83,negrete,8307,53,130,60,70,76,33,43,54,27,27
24943,biobío,8,biobío,83,negrete,8307,54,133,67,66,69,42,27,64,25,39
24944,biobío,8,biobío,83,negrete,8307,55,147,84,63,90,56,34,57,28,29
24945,biobío,8,biobío,83,negrete,8307,56,130,65,65,74,32,42,56,33,23
24946,biobío,8,biobío,83,negrete,8307,57,128,65,63,78,39,39,50,26,24
24947,biobío,8,biobío,83,negrete,8307,58,114,64,50,66,34,32,48,30,18
24948,biobío,8,biobío,83,negrete,8307,59,129,65,64,69,34,35,60,31,29
24949,biobío,8,biobío,83,negrete,8307,60,79,46,33,40,23,17,39,23,16
24950,biobío,8,biobío,83,negrete,8307,61,116,69,47,57,29,28,59,40,19
24951,biobío,8,biobío,83,negrete,8307,62,104,46,58,62,24,38,42,22,20
24952,biobío,8,biobío,83,negrete,8307,63,93,55,38,50,32,18,43,23,20
24953,biobío,8,biobío,83,negrete,8307,64,90,46,44,55,26,29,35,20,15
24954,biobío,8,biobío,83,negrete,8307,65,95,48,47,49,26,23,46,22,24
24955,biobío,8,biobío,83,negrete,8307,66,84,45,39,46,26,20,38,19,19
24956,biobío,8,biobío,83,negrete,8307,67,74,39,35,49,24,25,25,15,10
24957,biobío,8,biobío,83,negrete,8307,68,66,29,37,39,17,22,27,12,15
24958,biobío,8,biobío,83,negrete,8307,69,66,28,38,35,12,23,31,16,15
24959,biobío,8,biobío,83,negrete,8307,70,74,45,29,37,24,13,37,21,16
24960,biobío,8,biobío,83,negrete,8307,71,70,30,40,42,19,23,28,11,17
24961,biobío,8,biobío,83,negrete,8307,72,66,30,36,41,18,23,25,12,13
24962,biobío,8,biobío,83,negrete,8307,73,57,32,25,31,15,16,26,17,9
24963,biobío,8,biobío,83,negrete,8307,74,67,37,30,39,19,20,28,18,10
24964,biobío,8,biobío,83,negrete,8307,75,55,26,29,36,16,20,19,10,9
24965,biobío,8,biobío,83,negrete,8307,76,45,26,19,24,15,9,21,11,10
24966,biobío,8,biobío,83,negrete,8307,77,54,22,32,32,16,16,22,6,16
24967,biobío,8,biobío,83,negrete,8307,78,52,23,29,31,14,17,21,9,12
24968,biobío,8,biobío,83,negrete,8307,79,35,9,26,19,7,12,16,2,14
24969,biobío,8,biobío,83,negrete,8307,80,33,15,18,25,11,14,8,4,4
24970,biobío,8,biobío,83,negrete,8307,81,31,19,12,17,10,7,14,9,5
24971,biobío,8,biobío,83,negrete,8307,82,36,18,18,24,12,12,12,6,6
24972,biobío,8,biobío,83,negrete,8307,83,26,11,15,15,6,9,11,5,6
24973,biobío,8,biobío,83,negrete,8307,84,23,10,13,10,5,5,13,5,8
24974,biobío,8,biobío,83,negrete,8307,85,21,10,11,13,6,7,8,4,4
24975,biobío,8,biobío,83,negrete,8307,86,23,6,17,18,4,14,5,2,3
24976,biobío,8,biobío,83,negrete,8307,87,24,13,11,14,6,8,10,7,3
24977,biobío,8,biobío,83,negrete,8307,88,10,4,6,6,1,5,4,3,1
24978,biobío,8,biobío,83,negrete,8307,89,13,7,6,11,6,5,2,1,1
24979,biobío,8,biobío,83,negrete,8307,90,5,3,2,1,1,0,4,2,2
24980,biobío,8,biobío,83,negrete,8307,91,9,3,6,5,2,3,4,1,3
24981,biobío,8,biobío,83,negrete,8307,92,11,4,7,9,3,6,2,1,1
24982,biobío,8,biobío,83,negrete,8307,93,5,2,3,3,0,3,2,2,0
24983,biobío,8,biobío,83,negrete,8307,94,3,1,2,1,1,0,2,0,2
24984,biobío,8,biobío,83,negrete,8307,95,3,3,0,2,2,0,1,1,0
24985,biobío,8,biobío,83,negrete,8307,96,1,0,1,1,0,1,0,0,0
24986,biobío,8,biobío,83,negrete,8307,97,1,1,0,1,1,0,0,0,0
24987,biobío,8,biobío,83,negrete,8307,98,0,0,0,0,0,0,0,0,0
24988,biobío,8,biobío,83,negrete,8307,99,0,0,0,0,0,0,0,0,0
24989,biobío,8,biobío,83,negrete,8307,100 o más,3,0,3,1,0,1,2,0,2
24990,biobío,8,biobío,83,quilaco,8308,total comuna,3988,2001,1987,1870,906,964,2118,1095,1023
24991,biobío,8,biobío,83,quilaco,8308,0,41,20,21,23,8,15,18,12,6
24992,biobío,8,biobío,83,quilaco,8308,1,52,28,24,24,14,10,28,14,14
24993,biobío,8,biobío,83,quilaco,8308,2,40,16,24,21,10,11,19,6,13
24994,biobío,8,biobío,83,quilaco,8308,3,49,18,31,25,7,18,24,11,13
24995,biobío,8,biobío,83,quilaco,8308,4,51,23,28,30,17,13,21,6,15
24996,biobío,8,biobío,83,quilaco,8308,5,53,28,25,34,20,14,19,8,11
24997,biobío,8,biobío,83,quilaco,8308,6,48,15,33,28,4,24,20,11,9
24998,biobío,8,biobío,83,quilaco,8308,7,40,24,16,16,9,7,24,15,9
24999,biobío,8,biobío,83,quilaco,8308,8,63,42,21,29,18,11,34,24,10
25000,biobío,8,biobío,83,quilaco,8308,9,54,26,28,32,15,17,22,11,11
25001,biobío,8,biobío,83,quilaco,8308,10,48,27,21,23,11,12,25,16,9
25002,biobío,8,biobío,83,quilaco,8308,11,47,28,19,21,12,9,26,16,10
25003,biobío,8,biobío,83,quilaco,8308,12,41,16,25,18,10,8,23,6,17
25004,biobío,8,biobío,83,quilaco,8308,13,45,22,23,21,9,12,24,13,11
25005,biobío,8,biobío,83,quilaco,8308,14,45,24,21,27,14,13,18,10,8
25006,biobío,8,biobío,83,quilaco,8308,15,52,28,24,27,16,11,25,12,13
25007,biobío,8,biobío,83,quilaco,8308,16,46,27,19,27,15,12,19,12,7
25008,biobío,8,biobío,83,quilaco,8308,17,41,25,16,22,14,8,19,11,8
25009,biobío,8,biobío,83,quilaco,8308,18,47,30,17,24,14,10,23,16,7
25010,biobío,8,biobío,83,quilaco,8308,19,56,29,27,30,18,12,26,11,15
25011,biobío,8,biobío,83,quilaco,8308,20,48,24,24,25,10,15,23,14,9
25012,biobío,8,biobío,83,quilaco,8308,21,41,17,24,28,12,16,13,5,8
25013,biobío,8,biobío,83,quilaco,8308,22,52,23,29,32,13,19,20,10,10
25014,biobío,8,biobío,83,quilaco,8308,23,53,26,27,36,17,19,17,9,8
25015,biobío,8,biobío,83,quilaco,8308,24,52,20,32,25,13,12,27,7,20
25016,biobío,8,biobío,83,quilaco,8308,25,39,21,18,21,11,10,18,10,8
25017,biobío,8,biobío,83,quilaco,8308,26,48,25,23,23,10,13,25,15,10
25018,biobío,8,biobío,83,quilaco,8308,27,58,29,29,35,22,13,23,7,16
25019,biobío,8,biobío,83,quilaco,8308,28,54,29,25,27,14,13,27,15,12
25020,biobío,8,biobío,83,quilaco,8308,29,51,24,27,32,15,17,19,9,10
25021,biobío,8,biobío,83,quilaco,8308,30,52,28,24,31,15,16,21,13,8
25022,biobío,8,biobío,83,quilaco,8308,31,34,22,12,20,10,10,14,12,2
25023,biobío,8,biobío,83,quilaco,8308,32,35,17,18,17,9,8,18,8,10
25024,biobío,8,biobío,83,quilaco,8308,33,34,14,20,15,7,8,19,7,12
25025,biobío,8,biobío,83,quilaco,8308,34,36,16,20,19,7,12,17,9,8
25026,biobío,8,biobío,83,quilaco,8308,35,44,23,21,21,13,8,23,10,13
25027,biobío,8,biobío,83,quilaco,8308,36,40,23,17,19,10,9,21,13,8
25028,biobío,8,biobío,83,quilaco,8308,37,41,18,23,15,8,7,26,10,16
25029,biobío,8,biobío,83,quilaco,8308,38,50,23,27,28,10,18,22,13,9
25030,biobío,8,biobío,83,quilaco,8308,39,50,19,31,25,7,18,25,12,13
25031,biobío,8,biobío,83,quilaco,8308,40,41,17,24,27,10,17,14,7,7
25032,biobío,8,biobío,83,quilaco,8308,41,36,16,20,23,8,15,13,8,5
25033,biobío,8,biobío,83,quilaco,8308,42,42,18,24,21,12,9,21,6,15
25034,biobío,8,biobío,83,quilaco,8308,43,50,28,22,25,10,15,25,18,7
25035,biobío,8,biobío,83,quilaco,8308,44,66,30,36,35,14,21,31,16,15
25036,biobío,8,biobío,83,quilaco,8308,45,44,18,26,22,10,12,22,8,14
25037,biobío,8,biobío,83,quilaco,8308,46,45,16,29,19,6,13,26,10,16
25038,biobío,8,biobío,83,quilaco,8308,47,50,31,19,16,10,6,34,21,13
25039,biobío,8,biobío,83,quilaco,8308,48,63,34,29,26,17,9,37,17,20
25040,biobío,8,biobío,83,quilaco,8308,49,53,24,29,24,7,17,29,17,12
25041,biobío,8,biobío,83,quilaco,8308,50,54,33,21,25,16,9,29,17,12
25042,biobío,8,biobío,83,quilaco,8308,51,67,29,38,33,12,21,34,17,17
25043,biobío,8,biobío,83,quilaco,8308,52,54,32,22,22,14,8,32,18,14
25044,biobío,8,biobío,83,quilaco,8308,53,65,36,29,28,15,13,37,21,16
25045,biobío,8,biobío,83,quilaco,8308,54,58,31,27,26,18,8,32,13,19
25046,biobío,8,biobío,83,quilaco,8308,55,55,31,24,18,11,7,37,20,17
25047,biobío,8,biobío,83,quilaco,8308,56,58,34,24,20,8,12,38,26,12
25048,biobío,8,biobío,83,quilaco,8308,57,47,22,25,20,12,8,27,10,17
25049,biobío,8,biobío,83,quilaco,8308,58,65,31,34,21,11,10,44,20,24
25050,biobío,8,biobío,83,quilaco,8308,59,58,29,29,25,10,15,33,19,14
25051,biobío,8,biobío,83,quilaco,8308,60,49,23,26,13,6,7,36,17,19
25052,biobío,8,biobío,83,quilaco,8308,61,50,30,20,16,7,9,34,23,11
25053,biobío,8,biobío,83,quilaco,8308,62,45,21,24,19,10,9,26,11,15
25054,biobío,8,biobío,83,quilaco,8308,63,54,23,31,19,3,16,35,20,15
25055,biobío,8,biobío,83,quilaco,8308,64,47,23,24,17,9,8,30,14,16
25056,biobío,8,biobío,83,quilaco,8308,65,52,27,25,15,8,7,37,19,18
25057,biobío,8,biobío,83,quilaco,8308,66,47,26,21,15,7,8,32,19,13
25058,biobío,8,biobío,83,quilaco,8308,67,49,26,23,19,8,11,30,18,12
25059,biobío,8,biobío,83,quilaco,8308,68,54,29,25,24,13,11,30,16,14
25060,biobío,8,biobío,83,quilaco,8308,69,39,17,22,18,7,11,21,10,11
25061,biobío,8,biobío,83,quilaco,8308,70,30,15,15,9,4,5,21,11,10
25062,biobío,8,biobío,83,quilaco,8308,71,44,26,18,16,11,5,28,15,13
25063,biobío,8,biobío,83,quilaco,8308,72,46,25,21,14,8,6,32,17,15
25064,biobío,8,biobío,83,quilaco,8308,73,39,18,21,15,5,10,24,13,11
25065,biobío,8,biobío,83,quilaco,8308,74,53,18,35,27,7,20,26,11,15
25066,biobío,8,biobío,83,quilaco,8308,75,37,18,19,15,7,8,22,11,11
25067,biobío,8,biobío,83,quilaco,8308,76,31,20,11,8,4,4,23,16,7
25068,biobío,8,biobío,83,quilaco,8308,77,30,11,19,12,5,7,18,6,12
25069,biobío,8,biobío,83,quilaco,8308,78,35,20,15,16,10,6,19,10,9
25070,biobío,8,biobío,83,quilaco,8308,79,27,17,10,12,8,4,15,9,6
25071,biobío,8,biobío,83,quilaco,8308,80,33,15,18,14,9,5,19,6,13
25072,biobío,8,biobío,83,quilaco,8308,81,17,11,6,5,3,2,12,8,4
25073,biobío,8,biobío,83,quilaco,8308,82,18,11,7,6,4,2,12,7,5
25074,biobío,8,biobío,83,quilaco,8308,83,21,10,11,9,2,7,12,8,4
25075,biobío,8,biobío,83,quilaco,8308,84,18,8,10,6,2,4,12,6,6
25076,biobío,8,biobío,83,quilaco,8308,85,14,6,8,6,2,4,8,4,4
25077,biobío,8,biobío,83,quilaco,8308,86,15,8,7,10,6,4,5,2,3
25078,biobío,8,biobío,83,quilaco,8308,87,11,5,6,2,2,0,9,3,6
25079,biobío,8,biobío,83,quilaco,8308,88,7,2,5,2,1,1,5,1,4
25080,biobío,8,biobío,83,quilaco,8308,89,10,7,3,6,5,1,4,2,2
25081,biobío,8,biobío,83,quilaco,8308,90,6,1,5,4,0,4,2,1,1
25082,biobío,8,biobío,83,quilaco,8308,91,2,1,1,1,0,1,1,1,0
25083,biobío,8,biobío,83,quilaco,8308,92,6,2,4,2,2,0,4,0,4
25084,biobío,8,biobío,83,quilaco,8308,93,1,0,1,0,0,0,1,0,1
25085,biobío,8,biobío,83,quilaco,8308,94,1,1,0,1,1,0,0,0,0
25086,biobío,8,biobío,83,quilaco,8308,95,4,3,1,1,1,0,3,2,1
25087,biobío,8,biobío,83,quilaco,8308,96,1,0,1,1,0,1,0,0,0
25088,biobío,8,biobío,83,quilaco,8308,97,1,0,1,1,0,1,0,0,0
25089,biobío,8,biobío,83,quilaco,8308,98,1,0,1,1,0,1,0,0,0
25090,biobío,8,biobío,83,quilaco,8308,99,1,0,1,1,0,1,0,0,0
25091,biobío,8,biobío,83,quilaco,8308,100 o más,0,0,0,0,0,0,0,0,0
25092,biobío,8,biobío,83,quilleco,8309,total comuna,9587,4720,4867,5586,2708,2878,4001,2012,1989
25093,biobío,8,biobío,83,quilleco,8309,0,86,36,50,51,24,27,35,12,23
25094,biobío,8,biobío,83,quilleco,8309,1,109,52,57,68,32,36,41,20,21
25095,biobío,8,biobío,83,quilleco,8309,2,98,48,50,63,35,28,35,13,22
25096,biobío,8,biobío,83,quilleco,8309,3,130,67,63,82,41,41,48,26,22
25097,biobío,8,biobío,83,quilleco,8309,4,108,51,57,64,29,35,44,22,22
25098,biobío,8,biobío,83,quilleco,8309,5,109,67,42,69,46,23,40,21,19
25099,biobío,8,biobío,83,quilleco,8309,6,115,62,53,76,42,34,39,20,19
25100,biobío,8,biobío,83,quilleco,8309,7,122,64,58,75,42,33,47,22,25
25101,biobío,8,biobío,83,quilleco,8309,8,136,69,67,78,38,40,58,31,27
25102,biobío,8,biobío,83,quilleco,8309,9,146,72,74,79,43,36,67,29,38
25103,biobío,8,biobío,83,quilleco,8309,10,140,72,68,82,41,41,58,31,27
25104,biobío,8,biobío,83,quilleco,8309,11,131,69,62,79,40,39,52,29,23
25105,biobío,8,biobío,83,quilleco,8309,12,131,55,76,72,30,42,59,25,34
25106,biobío,8,biobío,83,quilleco,8309,13,139,74,65,90,49,41,49,25,24
25107,biobío,8,biobío,83,quilleco,8309,14,137,72,65,82,47,35,55,25,30
25108,biobío,8,biobío,83,quilleco,8309,15,135,74,61,75,43,32,60,31,29
25109,biobío,8,biobío,83,quilleco,8309,16,145,74,71,94,47,47,51,27,24
25110,biobío,8,biobío,83,quilleco,8309,17,121,57,64,81,39,42,40,18,22
25111,biobío,8,biobío,83,quilleco,8309,18,136,71,65,88,47,41,48,24,24
25112,biobío,8,biobío,83,quilleco,8309,19,117,57,60,77,39,38,40,18,22
25113,biobío,8,biobío,83,quilleco,8309,20,106,49,57,63,26,37,43,23,20
25114,biobío,8,biobío,83,quilleco,8309,21,129,70,59,87,47,40,42,23,19
25115,biobío,8,biobío,83,quilleco,8309,22,138,67,71,84,38,46,54,29,25
25116,biobío,8,biobío,83,quilleco,8309,23,154,78,76,88,49,39,66,29,37
25117,biobío,8,biobío,83,quilleco,8309,24,121,65,56,81,47,34,40,18,22
25118,biobío,8,biobío,83,quilleco,8309,25,146,73,73,103,51,52,43,22,21
25119,biobío,8,biobío,83,quilleco,8309,26,122,51,71,85,35,50,37,16,21
25120,biobío,8,biobío,83,quilleco,8309,27,137,57,80,88,39,49,49,18,31
25121,biobío,8,biobío,83,quilleco,8309,28,114,45,69,73,27,46,41,18,23
25122,biobío,8,biobío,83,quilleco,8309,29,113,57,56,66,34,32,47,23,24
25123,biobío,8,biobío,83,quilleco,8309,30,102,47,55,61,29,32,41,18,23
25124,biobío,8,biobío,83,quilleco,8309,31,105,42,63,59,22,37,46,20,26
25125,biobío,8,biobío,83,quilleco,8309,32,95,43,52,59,24,35,36,19,17
25126,biobío,8,biobío,83,quilleco,8309,33,93,40,53,49,16,33,44,24,20
25127,biobío,8,biobío,83,quilleco,8309,34,94,42,52,58,23,35,36,19,17
25128,biobío,8,biobío,83,quilleco,8309,35,98,50,48,61,30,31,37,20,17
25129,biobío,8,biobío,83,quilleco,8309,36,103,51,52,65,34,31,38,17,21
25130,biobío,8,biobío,83,quilleco,8309,37,95,42,53,66,28,38,29,14,15
25131,biobío,8,biobío,83,quilleco,8309,38,108,48,60,63,30,33,45,18,27
25132,biobío,8,biobío,83,quilleco,8309,39,86,36,50,50,27,23,36,9,27
25133,biobío,8,biobío,83,quilleco,8309,40,114,52,62,68,23,45,46,29,17
25134,biobío,8,biobío,83,quilleco,8309,41,115,58,57,69,33,36,46,25,21
25135,biobío,8,biobío,83,quilleco,8309,42,129,66,63,75,41,34,54,25,29
25136,biobío,8,biobío,83,quilleco,8309,43,134,60,74,80,34,46,54,26,28
25137,biobío,8,biobío,83,quilleco,8309,44,158,65,93,92,36,56,66,29,37
25138,biobío,8,biobío,83,quilleco,8309,45,166,90,76,102,54,48,64,36,28
25139,biobío,8,biobío,83,quilleco,8309,46,131,57,74,77,25,52,54,32,22
25140,biobío,8,biobío,83,quilleco,8309,47,170,82,88,90,44,46,80,38,42
25141,biobío,8,biobío,83,quilleco,8309,48,137,63,74,77,35,42,60,28,32
25142,biobío,8,biobío,83,quilleco,8309,49,129,66,63,76,36,40,53,30,23
25143,biobío,8,biobío,83,quilleco,8309,50,146,65,81,86,44,42,60,21,39
25144,biobío,8,biobío,83,quilleco,8309,51,141,82,59,84,48,36,57,34,23
25145,biobío,8,biobío,83,quilleco,8309,52,123,63,60,67,35,32,56,28,28
25146,biobío,8,biobío,83,quilleco,8309,53,128,59,69,74,33,41,54,26,28
25147,biobío,8,biobío,83,quilleco,8309,54,121,59,62,59,27,32,62,32,30
25148,biobío,8,biobío,83,quilleco,8309,55,144,70,74,66,35,31,78,35,43
25149,biobío,8,biobío,83,quilleco,8309,56,116,63,53,63,34,29,53,29,24
25150,biobío,8,biobío,83,quilleco,8309,57,122,59,63,58,26,32,64,33,31
25151,biobío,8,biobío,83,quilleco,8309,58,119,62,57,61,32,29,58,30,28
25152,biobío,8,biobío,83,quilleco,8309,59,134,81,53,65,33,32,69,48,21
25153,biobío,8,biobío,83,quilleco,8309,60,112,59,53,62,23,39,50,36,14
25154,biobío,8,biobío,83,quilleco,8309,61,95,45,50,46,22,24,49,23,26
25155,biobío,8,biobío,83,quilleco,8309,62,87,40,47,49,22,27,38,18,20
25156,biobío,8,biobío,83,quilleco,8309,63,111,57,54,61,27,34,50,30,20
25157,biobío,8,biobío,83,quilleco,8309,64,93,35,58,52,15,37,41,20,21
25158,biobío,8,biobío,83,quilleco,8309,65,96,48,48,55,24,31,41,24,17
25159,biobío,8,biobío,83,quilleco,8309,66,114,60,54,57,28,29,57,32,25
25160,biobío,8,biobío,83,quilleco,8309,67,91,41,50,50,26,24,41,15,26
25161,biobío,8,biobío,83,quilleco,8309,68,86,49,37,45,28,17,41,21,20
25162,biobío,8,biobío,83,quilleco,8309,69,100,45,55,62,29,33,38,16,22
25163,biobío,8,biobío,83,quilleco,8309,70,110,59,51,53,27,26,57,32,25
25164,biobío,8,biobío,83,quilleco,8309,71,88,45,43,47,21,26,41,24,17
25165,biobío,8,biobío,83,quilleco,8309,72,94,49,45,50,29,21,44,20,24
25166,biobío,8,biobío,83,quilleco,8309,73,79,45,34,42,22,20,37,23,14
25167,biobío,8,biobío,83,quilleco,8309,74,88,42,46,42,16,26,46,26,20
25168,biobío,8,biobío,83,quilleco,8309,75,82,44,38,43,21,22,39,23,16
25169,biobío,8,biobío,83,quilleco,8309,76,78,40,38,41,19,22,37,21,16
25170,biobío,8,biobío,83,quilleco,8309,77,79,38,41,44,23,21,35,15,20
25171,biobío,8,biobío,83,quilleco,8309,78,49,29,20,26,16,10,23,13,10
25172,biobío,8,biobío,83,quilleco,8309,79,54,21,33,29,11,18,25,10,15
25173,biobío,8,biobío,83,quilleco,8309,80,45,23,22,22,7,15,23,16,7
25174,biobío,8,biobío,83,quilleco,8309,81,41,26,15,26,14,12,15,12,3
25175,biobío,8,biobío,83,quilleco,8309,82,51,26,25,32,20,12,19,6,13
25176,biobío,8,biobío,83,quilleco,8309,83,25,14,11,16,8,8,9,6,3
25177,biobío,8,biobío,83,quilleco,8309,84,29,16,13,19,10,9,10,6,4
25178,biobío,8,biobío,83,quilleco,8309,85,34,18,16,16,6,10,18,12,6
25179,biobío,8,biobío,83,quilleco,8309,86,37,20,17,21,11,10,16,9,7
25180,biobío,8,biobío,83,quilleco,8309,87,19,7,12,7,3,4,12,4,8
25181,biobío,8,biobío,83,quilleco,8309,88,19,7,12,10,3,7,9,4,5
25182,biobío,8,biobío,83,quilleco,8309,89,15,11,4,7,7,0,8,4,4
25183,biobío,8,biobío,83,quilleco,8309,90,7,2,5,2,0,2,5,2,3
25184,biobío,8,biobío,83,quilleco,8309,91,15,8,7,9,3,6,6,5,1
25185,biobío,8,biobío,83,quilleco,8309,92,12,5,7,5,3,2,7,2,5
25186,biobío,8,biobío,83,quilleco,8309,93,8,3,5,5,2,3,3,1,2
25187,biobío,8,biobío,83,quilleco,8309,94,6,2,4,5,2,3,1,0,1
25188,biobío,8,biobío,83,quilleco,8309,95,3,2,1,1,1,0,2,1,1
25189,biobío,8,biobío,83,quilleco,8309,96,3,0,3,2,0,2,1,0,1
25190,biobío,8,biobío,83,quilleco,8309,97,1,0,1,0,0,0,1,0,1
25191,biobío,8,biobío,83,quilleco,8309,98,1,0,1,1,0,1,0,0,0
25192,biobío,8,biobío,83,quilleco,8309,99,1,0,1,0,0,0,1,0,1
25193,biobío,8,biobío,83,quilleco,8309,100 o más,2,1,1,1,1,0,1,0,1
25194,biobío,8,biobío,83,san rosendo,8310,total comuna,3412,1661,1751,2907,1392,1515,505,269,236
25195,biobío,8,biobío,83,san rosendo,8310,0,35,22,13,32,19,13,3,3,0
25196,biobío,8,biobío,83,san rosendo,8310,1,50,27,23,50,27,23,0,0,0
25197,biobío,8,biobío,83,san rosendo,8310,2,49,29,20,43,24,19,6,5,1
25198,biobío,8,biobío,83,san rosendo,8310,3,29,14,15,25,12,13,4,2,2
25199,biobío,8,biobío,83,san rosendo,8310,4,42,26,16,40,25,15,2,1,1
25200,biobío,8,biobío,83,san rosendo,8310,5,37,16,21,29,13,16,8,3,5
25201,biobío,8,biobío,83,san rosendo,8310,6,48,21,27,43,20,23,5,1,4
25202,biobío,8,biobío,83,san rosendo,8310,7,40,16,24,38,16,22,2,0,2
25203,biobío,8,biobío,83,san rosendo,8310,8,50,36,14,50,36,14,0,0,0
25204,biobío,8,biobío,83,san rosendo,8310,9,55,26,29,52,24,28,3,2,1
25205,biobío,8,biobío,83,san rosendo,8310,10,53,31,22,50,31,19,3,0,3
25206,biobío,8,biobío,83,san rosendo,8310,11,35,21,14,34,20,14,1,1,0
25207,biobío,8,biobío,83,san rosendo,8310,12,67,38,29,63,36,27,4,2,2
25208,biobío,8,biobío,83,san rosendo,8310,13,51,25,26,45,24,21,6,1,5
25209,biobío,8,biobío,83,san rosendo,8310,14,39,26,13,36,24,12,3,2,1
25210,biobío,8,biobío,83,san rosendo,8310,15,36,18,18,32,15,17,4,3,1
25211,biobío,8,biobío,83,san rosendo,8310,16,59,31,28,50,26,24,9,5,4
25212,biobío,8,biobío,83,san rosendo,8310,17,48,29,19,45,27,18,3,2,1
25213,biobío,8,biobío,83,san rosendo,8310,18,36,18,18,36,18,18,0,0,0
25214,biobío,8,biobío,83,san rosendo,8310,19,45,17,28,42,16,26,3,1,2
25215,biobío,8,biobío,83,san rosendo,8310,20,41,16,25,38,14,24,3,2,1
25216,biobío,8,biobío,83,san rosendo,8310,21,25,14,11,22,12,10,3,2,1
25217,biobío,8,biobío,83,san rosendo,8310,22,42,22,20,39,22,17,3,0,3
25218,biobío,8,biobío,83,san rosendo,8310,23,53,22,31,47,18,29,6,4,2
25219,biobío,8,biobío,83,san rosendo,8310,24,47,22,25,42,20,22,5,2,3
25220,biobío,8,biobío,83,san rosendo,8310,25,52,27,25,45,22,23,7,5,2
25221,biobío,8,biobío,83,san rosendo,8310,26,37,16,21,36,15,21,1,1,0
25222,biobío,8,biobío,83,san rosendo,8310,27,46,30,16,45,30,15,1,0,1
25223,biobío,8,biobío,83,san rosendo,8310,28,48,17,31,45,16,29,3,1,2
25224,biobío,8,biobío,83,san rosendo,8310,29,25,14,11,23,12,11,2,2,0
25225,biobío,8,biobío,83,san rosendo,8310,30,35,18,17,33,18,15,2,0,2
25226,biobío,8,biobío,83,san rosendo,8310,31,35,15,20,32,12,20,3,3,0
25227,biobío,8,biobío,83,san rosendo,8310,32,32,15,17,26,13,13,6,2,4
25228,biobío,8,biobío,83,san rosendo,8310,33,35,13,22,31,12,19,4,1,3
25229,biobío,8,biobío,83,san rosendo,8310,34,35,13,22,33,12,21,2,1,1
25230,biobío,8,biobío,83,san rosendo,8310,35,31,17,14,27,14,13,4,3,1
25231,biobío,8,biobío,83,san rosendo,8310,36,32,17,15,30,15,15,2,2,0
25232,biobío,8,biobío,83,san rosendo,8310,37,42,14,28,36,12,24,6,2,4
25233,biobío,8,biobío,83,san rosendo,8310,38,39,21,18,31,17,14,8,4,4
25234,biobío,8,biobío,83,san rosendo,8310,39,43,19,24,36,15,21,7,4,3
25235,biobío,8,biobío,83,san rosendo,8310,40,43,20,23,37,17,20,6,3,3
25236,biobío,8,biobío,83,san rosendo,8310,41,35,14,21,30,12,18,5,2,3
25237,biobío,8,biobío,83,san rosendo,8310,42,54,21,33,48,16,32,6,5,1
25238,biobío,8,biobío,83,san rosendo,8310,43,44,27,17,39,24,15,5,3,2
25239,biobío,8,biobío,83,san rosendo,8310,44,47,23,24,38,16,22,9,7,2
25240,biobío,8,biobío,83,san rosendo,8310,45,36,13,23,28,8,20,8,5,3
25241,biobío,8,biobío,83,san rosendo,8310,46,42,17,25,37,15,22,5,2,3
25242,biobío,8,biobío,83,san rosendo,8310,47,40,16,24,32,10,22,8,6,2
25243,biobío,8,biobío,83,san rosendo,8310,48,57,29,28,49,23,26,8,6,2
25244,biobío,8,biobío,83,san rosendo,8310,49,62,28,34,53,22,31,9,6,3
25245,biobío,8,biobío,83,san rosendo,8310,50,43,25,18,31,21,10,12,4,8
25246,biobío,8,biobío,83,san rosendo,8310,51,50,20,30,40,15,25,10,5,5
25247,biobío,8,biobío,83,san rosendo,8310,52,42,18,24,36,14,22,6,4,2
25248,biobío,8,biobío,83,san rosendo,8310,53,64,35,29,51,27,24,13,8,5
25249,biobío,8,biobío,83,san rosendo,8310,54,56,31,25,44,23,21,12,8,4
25250,biobío,8,biobío,83,san rosendo,8310,55,47,16,31,36,13,23,11,3,8
25251,biobío,8,biobío,83,san rosendo,8310,56,60,33,27,46,27,19,14,6,8
25252,biobío,8,biobío,83,san rosendo,8310,57,51,21,30,42,15,27,9,6,3
25253,biobío,8,biobío,83,san rosendo,8310,58,45,22,23,40,17,23,5,5,0
25254,biobío,8,biobío,83,san rosendo,8310,59,45,21,24,35,19,16,10,2,8
25255,biobío,8,biobío,83,san rosendo,8310,60,51,26,25,46,23,23,5,3,2
25256,biobío,8,biobío,83,san rosendo,8310,61,39,17,22,34,15,19,5,2,3
25257,biobío,8,biobío,83,san rosendo,8310,62,30,12,18,26,8,18,4,4,0
25258,biobío,8,biobío,83,san rosendo,8310,63,36,16,20,29,13,16,7,3,4
25259,biobío,8,biobío,83,san rosendo,8310,64,51,29,22,42,22,20,9,7,2
25260,biobío,8,biobío,83,san rosendo,8310,65,36,18,18,24,11,13,12,7,5
25261,biobío,8,biobío,83,san rosendo,8310,66,34,17,17,26,12,14,8,5,3
25262,biobío,8,biobío,83,san rosendo,8310,67,32,17,15,28,13,15,4,4,0
25263,biobío,8,biobío,83,san rosendo,8310,68,30,16,14,23,11,12,7,5,2
25264,biobío,8,biobío,83,san rosendo,8310,69,43,25,18,30,15,15,13,10,3
25265,biobío,8,biobío,83,san rosendo,8310,70,31,8,23,20,7,13,11,1,10
25266,biobío,8,biobío,83,san rosendo,8310,71,36,21,15,29,18,11,7,3,4
25267,biobío,8,biobío,83,san rosendo,8310,72,38,16,22,27,11,16,11,5,6
25268,biobío,8,biobío,83,san rosendo,8310,73,32,14,18,24,11,13,8,3,5
25269,biobío,8,biobío,83,san rosendo,8310,74,32,18,14,19,9,10,13,9,4
25270,biobío,8,biobío,83,san rosendo,8310,75,26,16,10,19,12,7,7,4,3
25271,biobío,8,biobío,83,san rosendo,8310,76,26,10,16,17,7,10,9,3,6
25272,biobío,8,biobío,83,san rosendo,8310,77,25,7,18,18,5,13,7,2,5
25273,biobío,8,biobío,83,san rosendo,8310,78,20,8,12,16,8,8,4,0,4
25274,biobío,8,biobío,83,san rosendo,8310,79,23,11,12,12,5,7,11,6,5
25275,biobío,8,biobío,83,san rosendo,8310,80,13,6,7,7,2,5,6,4,2
25276,biobío,8,biobío,83,san rosendo,8310,81,12,4,8,11,4,7,1,0,1
25277,biobío,8,biobío,83,san rosendo,8310,82,14,9,5,10,7,3,4,2,2
25278,biobío,8,biobío,83,san rosendo,8310,83,9,3,6,9,3,6,0,0,0
25279,biobío,8,biobío,83,san rosendo,8310,84,12,5,7,8,3,5,4,2,2
25280,biobío,8,biobío,83,san rosendo,8310,85,3,1,2,2,0,2,1,1,0
25281,biobío,8,biobío,83,san rosendo,8310,86,7,2,5,6,2,4,1,0,1
25282,biobío,8,biobío,83,san rosendo,8310,87,7,4,3,7,4,3,0,0,0
25283,biobío,8,biobío,83,san rosendo,8310,88,5,1,4,3,0,3,2,1,1
25284,biobío,8,biobío,83,san rosendo,8310,89,5,0,5,5,0,5,0,0,0
25285,biobío,8,biobío,83,san rosendo,8310,90,5,4,1,2,2,0,3,2,1
25286,biobío,8,biobío,83,san rosendo,8310,91,1,0,1,0,0,0,1,0,1
25287,biobío,8,biobío,83,san rosendo,8310,92,2,0,2,2,0,2,0,0,0
25288,biobío,8,biobío,83,san rosendo,8310,93,0,0,0,0,0,0,0,0,0
25289,biobío,8,biobío,83,san rosendo,8310,94,1,0,1,1,0,1,0,0,0
25290,biobío,8,biobío,83,san rosendo,8310,95,0,0,0,0,0,0,0,0,0
25291,biobío,8,biobío,83,san rosendo,8310,96,0,0,0,0,0,0,0,0,0
25292,biobío,8,biobío,83,san rosendo,8310,97,1,0,1,0,0,0,1,0,1
25293,biobío,8,biobío,83,san rosendo,8310,98,0,0,0,0,0,0,0,0,0
25294,biobío,8,biobío,83,san rosendo,8310,99,0,0,0,0,0,0,0,0,0
25295,biobío,8,biobío,83,san rosendo,8310,100 o más,2,1,1,1,1,0,1,0,1
25296,biobío,8,biobío,83,santa bárbara,8311,total comuna,13773,6699,7074,7986,3703,4283,5787,2996,2791
25297,biobío,8,biobío,83,santa bárbara,8311,0,184,99,85,115,58,57,69,41,28
25298,biobío,8,biobío,83,santa bárbara,8311,1,210,101,109,118,55,63,92,46,46
25299,biobío,8,biobío,83,santa bárbara,8311,2,192,94,98,128,59,69,64,35,29
25300,biobío,8,biobío,83,santa bárbara,8311,3,192,104,88,121,67,54,71,37,34
25301,biobío,8,biobío,83,santa bárbara,8311,4,180,79,101,108,45,63,72,34,38
25302,biobío,8,biobío,83,santa bárbara,8311,5,186,97,89,121,58,63,65,39,26
25303,biobío,8,biobío,83,santa bárbara,8311,6,206,116,90,118,70,48,88,46,42
25304,biobío,8,biobío,83,santa bárbara,8311,7,217,115,102,134,68,66,83,47,36
25305,biobío,8,biobío,83,santa bárbara,8311,8,187,88,99,119,57,62,68,31,37
25306,biobío,8,biobío,83,santa bárbara,8311,9,211,105,106,131,74,57,80,31,49
25307,biobío,8,biobío,83,santa bárbara,8311,10,191,86,105,119,51,68,72,35,37
25308,biobío,8,biobío,83,santa bárbara,8311,11,216,104,112,121,56,65,95,48,47
25309,biobío,8,biobío,83,santa bárbara,8311,12,212,103,109,135,68,67,77,35,42
25310,biobío,8,biobío,83,santa bárbara,8311,13,203,101,102,137,69,68,66,32,34
25311,biobío,8,biobío,83,santa bárbara,8311,14,212,105,107,115,57,58,97,48,49
25312,biobío,8,biobío,83,santa bárbara,8311,15,194,95,99,128,60,68,66,35,31
25313,biobío,8,biobío,83,santa bárbara,8311,16,191,105,86,123,65,58,68,40,28
25314,biobío,8,biobío,83,santa bárbara,8311,17,208,105,103,134,65,69,74,40,34
25315,biobío,8,biobío,83,santa bárbara,8311,18,173,90,83,120,55,65,53,35,18
25316,biobío,8,biobío,83,santa bárbara,8311,19,185,81,104,115,53,62,70,28,42
25317,biobío,8,biobío,83,santa bárbara,8311,20,211,106,105,138,64,74,73,42,31
25318,biobío,8,biobío,83,santa bárbara,8311,21,177,84,93,121,63,58,56,21,35
25319,biobío,8,biobío,83,santa bárbara,8311,22,205,101,104,131,59,72,74,42,32
25320,biobío,8,biobío,83,santa bárbara,8311,23,178,94,84,114,55,59,64,39,25
25321,biobío,8,biobío,83,santa bárbara,8311,24,216,102,114,150,71,79,66,31,35
25322,biobío,8,biobío,83,santa bárbara,8311,25,197,94,103,138,64,74,59,30,29
25323,biobío,8,biobío,83,santa bárbara,8311,26,190,91,99,126,66,60,64,25,39
25324,biobío,8,biobío,83,santa bárbara,8311,27,220,103,117,153,72,81,67,31,36
25325,biobío,8,biobío,83,santa bárbara,8311,28,200,103,97,128,64,64,72,39,33
25326,biobío,8,biobío,83,santa bárbara,8311,29,180,88,92,119,61,58,61,27,34
25327,biobío,8,biobío,83,santa bárbara,8311,30,152,63,89,98,37,61,54,26,28
25328,biobío,8,biobío,83,santa bárbara,8311,31,199,96,103,109,49,60,90,47,43
25329,biobío,8,biobío,83,santa bárbara,8311,32,178,74,104,124,51,73,54,23,31
25330,biobío,8,biobío,83,santa bárbara,8311,33,167,80,87,107,51,56,60,29,31
25331,biobío,8,biobío,83,santa bárbara,8311,34,186,89,97,105,47,58,81,42,39
25332,biobío,8,biobío,83,santa bárbara,8311,35,217,95,122,138,58,80,79,37,42
25333,biobío,8,biobío,83,santa bárbara,8311,36,174,84,90,101,45,56,73,39,34
25334,biobío,8,biobío,83,santa bárbara,8311,37,165,88,77,95,50,45,70,38,32
25335,biobío,8,biobío,83,santa bárbara,8311,38,167,81,86,94,39,55,73,42,31
25336,biobío,8,biobío,83,santa bárbara,8311,39,142,68,74,77,36,41,65,32,33
25337,biobío,8,biobío,83,santa bárbara,8311,40,151,68,83,92,40,52,59,28,31
25338,biobío,8,biobío,83,santa bárbara,8311,41,172,76,96,100,36,64,72,40,32
25339,biobío,8,biobío,83,santa bárbara,8311,42,131,70,61,76,38,38,55,32,23
25340,biobío,8,biobío,83,santa bárbara,8311,43,178,77,101,104,49,55,74,28,46
25341,biobío,8,biobío,83,santa bárbara,8311,44,163,73,90,99,43,56,64,30,34
25342,biobío,8,biobío,83,santa bárbara,8311,45,179,88,91,89,36,53,90,52,38
25343,biobío,8,biobío,83,santa bárbara,8311,46,186,88,98,112,55,57,74,33,41
25344,biobío,8,biobío,83,santa bárbara,8311,47,164,74,90,83,29,54,81,45,36
25345,biobío,8,biobío,83,santa bárbara,8311,48,172,78,94,94,36,58,78,42,36
25346,biobío,8,biobío,83,santa bárbara,8311,49,167,88,79,105,52,53,62,36,26
25347,biobío,8,biobío,83,santa bárbara,8311,50,207,98,109,107,48,59,100,50,50
25348,biobío,8,biobío,83,santa bárbara,8311,51,186,91,95,114,51,63,72,40,32
25349,biobío,8,biobío,83,santa bárbara,8311,52,194,96,98,99,38,61,95,58,37
25350,biobío,8,biobío,83,santa bárbara,8311,53,174,87,87,85,42,43,89,45,44
25351,biobío,8,biobío,83,santa bárbara,8311,54,188,87,101,87,30,57,101,57,44
25352,biobío,8,biobío,83,santa bárbara,8311,55,200,103,97,90,44,46,110,59,51
25353,biobío,8,biobío,83,santa bárbara,8311,56,140,60,80,68,30,38,72,30,42
25354,biobío,8,biobío,83,santa bárbara,8311,57,170,76,94,86,40,46,84,36,48
25355,biobío,8,biobío,83,santa bárbara,8311,58,169,86,83,85,36,49,84,50,34
25356,biobío,8,biobío,83,santa bárbara,8311,59,160,82,78,78,39,39,82,43,39
25357,biobío,8,biobío,83,santa bárbara,8311,60,157,77,80,67,28,39,90,49,41
25358,biobío,8,biobío,83,santa bárbara,8311,61,179,92,87,87,33,54,92,59,33
25359,biobío,8,biobío,83,santa bárbara,8311,62,138,71,67,78,40,38,60,31,29
25360,biobío,8,biobío,83,santa bárbara,8311,63,126,56,70,59,23,36,67,33,34
25361,biobío,8,biobío,83,santa bárbara,8311,64,131,69,62,65,26,39,66,43,23
25362,biobío,8,biobío,83,santa bárbara,8311,65,136,75,61,63,32,31,73,43,30
25363,biobío,8,biobío,83,santa bárbara,8311,66,127,68,59,58,30,28,69,38,31
25364,biobío,8,biobío,83,santa bárbara,8311,67,136,70,66,63,35,28,73,35,38
25365,biobío,8,biobío,83,santa bárbara,8311,68,101,49,52,50,26,24,51,23,28
25366,biobío,8,biobío,83,santa bárbara,8311,69,90,42,48,53,24,29,37,18,19
25367,biobío,8,biobío,83,santa bárbara,8311,70,106,51,55,46,20,26,60,31,29
25368,biobío,8,biobío,83,santa bárbara,8311,71,137,53,84,71,21,50,66,32,34
25369,biobío,8,biobío,83,santa bárbara,8311,72,98,54,44,36,19,17,62,35,27
25370,biobío,8,biobío,83,santa bárbara,8311,73,93,52,41,39,18,21,54,34,20
25371,biobío,8,biobío,83,santa bárbara,8311,74,77,37,40,42,18,24,35,19,16
25372,biobío,8,biobío,83,santa bárbara,8311,75,93,51,42,48,24,24,45,27,18
25373,biobío,8,biobío,83,santa bárbara,8311,76,74,33,41,37,16,21,37,17,20
25374,biobío,8,biobío,83,santa bárbara,8311,77,78,37,41,46,18,28,32,19,13
25375,biobío,8,biobío,83,santa bárbara,8311,78,56,22,34,23,7,16,33,15,18
25376,biobío,8,biobío,83,santa bárbara,8311,79,70,34,36,29,14,15,41,20,21
25377,biobío,8,biobío,83,santa bárbara,8311,80,65,28,37,35,18,17,30,10,20
25378,biobío,8,biobío,83,santa bárbara,8311,81,43,15,28,27,12,15,16,3,13
25379,biobío,8,biobío,83,santa bárbara,8311,82,29,20,9,9,5,4,20,15,5
25380,biobío,8,biobío,83,santa bárbara,8311,83,46,25,21,26,13,13,20,12,8
25381,biobío,8,biobío,83,santa bárbara,8311,84,25,13,12,13,5,8,12,8,4
25382,biobío,8,biobío,83,santa bárbara,8311,85,34,18,16,21,12,9,13,6,7
25383,biobío,8,biobío,83,santa bárbara,8311,86,45,23,22,20,11,9,25,12,13
25384,biobío,8,biobío,83,santa bárbara,8311,87,27,11,16,12,5,7,15,6,9
25385,biobío,8,biobío,83,santa bárbara,8311,88,27,14,13,18,8,10,9,6,3
25386,biobío,8,biobío,83,santa bárbara,8311,89,30,14,16,19,7,12,11,7,4
25387,biobío,8,biobío,83,santa bárbara,8311,90,17,4,13,11,3,8,6,1,5
25388,biobío,8,biobío,83,santa bárbara,8311,91,12,3,9,6,1,5,6,2,4
25389,biobío,8,biobío,83,santa bárbara,8311,92,11,3,8,9,2,7,2,1,1
25390,biobío,8,biobío,83,santa bárbara,8311,93,6,1,5,3,0,3,3,1,2
25391,biobío,8,biobío,83,santa bárbara,8311,94,11,6,5,5,3,2,6,3,3
25392,biobío,8,biobío,83,santa bárbara,8311,95,4,2,2,3,1,2,1,1,0
25393,biobío,8,biobío,83,santa bárbara,8311,96,2,1,1,0,0,0,2,1,1
25394,biobío,8,biobío,83,santa bárbara,8311,97,1,0,1,1,0,1,0,0,0
25395,biobío,8,biobío,83,santa bárbara,8311,98,3,0,3,3,0,3,0,0,0
25396,biobío,8,biobío,83,santa bárbara,8311,99,3,0,3,2,0,2,1,0,1
25397,biobío,8,biobío,83,santa bárbara,8311,100 o más,7,2,5,4,1,3,3,1,2
25398,biobío,8,biobío,83,tucapel,8312,total comuna,14134,6876,7258,11887,5710,6177,2247,1166,1081
25399,biobío,8,biobío,83,tucapel,8312,0,161,88,73,138,79,59,23,9,14
25400,biobío,8,biobío,83,tucapel,8312,1,180,75,105,161,66,95,19,9,10
25401,biobío,8,biobío,83,tucapel,8312,2,185,99,86,168,87,81,17,12,5
25402,biobío,8,biobío,83,tucapel,8312,3,163,86,77,150,81,69,13,5,8
25403,biobío,8,biobío,83,tucapel,8312,4,182,91,91,155,79,76,27,12,15
25404,biobío,8,biobío,83,tucapel,8312,5,177,86,91,159,77,82,18,9,9
25405,biobío,8,biobío,83,tucapel,8312,6,178,79,99,160,71,89,18,8,10
25406,biobío,8,biobío,83,tucapel,8312,7,216,110,106,190,94,96,26,16,10
25407,biobío,8,biobío,83,tucapel,8312,8,200,108,92,177,99,78,23,9,14
25408,biobío,8,biobío,83,tucapel,8312,9,226,119,107,198,101,97,28,18,10
25409,biobío,8,biobío,83,tucapel,8312,10,212,104,108,192,96,96,20,8,12
25410,biobío,8,biobío,83,tucapel,8312,11,187,99,88,154,79,75,33,20,13
25411,biobío,8,biobío,83,tucapel,8312,12,187,88,99,170,84,86,17,4,13
25412,biobío,8,biobío,83,tucapel,8312,13,192,102,90,170,87,83,22,15,7
25413,biobío,8,biobío,83,tucapel,8312,14,235,127,108,207,110,97,28,17,11
25414,biobío,8,biobío,83,tucapel,8312,15,177,89,88,156,78,78,21,11,10
25415,biobío,8,biobío,83,tucapel,8312,16,208,104,104,183,93,90,25,11,14
25416,biobío,8,biobío,83,tucapel,8312,17,198,105,93,173,90,83,25,15,10
25417,biobío,8,biobío,83,tucapel,8312,18,161,72,89,142,60,82,19,12,7
25418,biobío,8,biobío,83,tucapel,8312,19,160,82,78,146,75,71,14,7,7
25419,biobío,8,biobío,83,tucapel,8312,20,176,93,83,155,79,76,21,14,7
25420,biobío,8,biobío,83,tucapel,8312,21,173,85,88,158,81,77,15,4,11
25421,biobío,8,biobío,83,tucapel,8312,22,195,90,105,167,73,94,28,17,11
25422,biobío,8,biobío,83,tucapel,8312,23,187,92,95,165,80,85,22,12,10
25423,biobío,8,biobío,83,tucapel,8312,24,202,102,100,182,91,91,20,11,9
25424,biobío,8,biobío,83,tucapel,8312,25,193,82,111,170,73,97,23,9,14
25425,biobío,8,biobío,83,tucapel,8312,26,175,75,100,160,67,93,15,8,7
25426,biobío,8,biobío,83,tucapel,8312,27,195,91,104,175,81,94,20,10,10
25427,biobío,8,biobío,83,tucapel,8312,28,180,84,96,160,75,85,20,9,11
25428,biobío,8,biobío,83,tucapel,8312,29,162,67,95,152,65,87,10,2,8
25429,biobío,8,biobío,83,tucapel,8312,30,191,98,93,163,81,82,28,17,11
25430,biobío,8,biobío,83,tucapel,8312,31,188,86,102,158,75,83,30,11,19
25431,biobío,8,biobío,83,tucapel,8312,32,168,83,85,150,72,78,18,11,7
25432,biobío,8,biobío,83,tucapel,8312,33,190,92,98,167,77,90,23,15,8
25433,biobío,8,biobío,83,tucapel,8312,34,188,96,92,172,86,86,16,10,6
25434,biobío,8,biobío,83,tucapel,8312,35,176,97,79,160,86,74,16,11,5
25435,biobío,8,biobío,83,tucapel,8312,36,197,87,110,179,78,101,18,9,9
25436,biobío,8,biobío,83,tucapel,8312,37,169,75,94,154,69,85,15,6,9
25437,biobío,8,biobío,83,tucapel,8312,38,154,79,75,140,69,71,14,10,4
25438,biobío,8,biobío,83,tucapel,8312,39,156,62,94,129,51,78,27,11,16
25439,biobío,8,biobío,83,tucapel,8312,40,161,72,89,140,60,80,21,12,9
25440,biobío,8,biobío,83,tucapel,8312,41,149,71,78,122,57,65,27,14,13
25441,biobío,8,biobío,83,tucapel,8312,42,172,77,95,141,58,83,31,19,12
25442,biobío,8,biobío,83,tucapel,8312,43,188,86,102,163,72,91,25,14,11
25443,biobío,8,biobío,83,tucapel,8312,44,185,81,104,162,74,88,23,7,16
25444,biobío,8,biobío,83,tucapel,8312,45,198,96,102,167,73,94,31,23,8
25445,biobío,8,biobío,83,tucapel,8312,46,213,105,108,170,85,85,43,20,23
25446,biobío,8,biobío,83,tucapel,8312,47,173,81,92,142,64,78,31,17,14
25447,biobío,8,biobío,83,tucapel,8312,48,197,92,105,161,73,88,36,19,17
25448,biobío,8,biobío,83,tucapel,8312,49,212,96,116,177,78,99,35,18,17
25449,biobío,8,biobío,83,tucapel,8312,50,198,94,104,164,78,86,34,16,18
25450,biobío,8,biobío,83,tucapel,8312,51,185,100,85,152,80,72,33,20,13
25451,biobío,8,biobío,83,tucapel,8312,52,202,98,104,166,77,89,36,21,15
25452,biobío,8,biobío,83,tucapel,8312,53,220,115,105,184,100,84,36,15,21
25453,biobío,8,biobío,83,tucapel,8312,54,185,116,69,148,88,60,37,28,9
25454,biobío,8,biobío,83,tucapel,8312,55,203,97,106,162,76,86,41,21,20
25455,biobío,8,biobío,83,tucapel,8312,56,174,96,78,134,72,62,40,24,16
25456,biobío,8,biobío,83,tucapel,8312,57,180,98,82,142,76,66,38,22,16
25457,biobío,8,biobío,83,tucapel,8312,58,170,77,93,127,57,70,43,20,23
25458,biobío,8,biobío,83,tucapel,8312,59,182,94,88,144,71,73,38,23,15
25459,biobío,8,biobío,83,tucapel,8312,60,146,67,79,103,47,56,43,20,23
25460,biobío,8,biobío,83,tucapel,8312,61,171,75,96,136,60,76,35,15,20
25461,biobío,8,biobío,83,tucapel,8312,62,151,69,82,121,57,64,30,12,18
25462,biobío,8,biobío,83,tucapel,8312,63,179,81,98,138,63,75,41,18,23
25463,biobío,8,biobío,83,tucapel,8312,64,132,62,70,98,49,49,34,13,21
25464,biobío,8,biobío,83,tucapel,8312,65,147,75,72,114,56,58,33,19,14
25465,biobío,8,biobío,83,tucapel,8312,66,135,68,67,104,49,55,31,19,12
25466,biobío,8,biobío,83,tucapel,8312,67,149,74,75,107,55,52,42,19,23
25467,biobío,8,biobío,83,tucapel,8312,68,135,78,57,93,49,44,42,29,13
25468,biobío,8,biobío,83,tucapel,8312,69,135,76,59,111,63,48,24,13,11
25469,biobío,8,biobío,83,tucapel,8312,70,106,44,62,76,27,49,30,17,13
25470,biobío,8,biobío,83,tucapel,8312,71,111,48,63,83,37,46,28,11,17
25471,biobío,8,biobío,83,tucapel,8312,72,102,50,52,76,34,42,26,16,10
25472,biobío,8,biobío,83,tucapel,8312,73,103,52,51,75,38,37,28,14,14
25473,biobío,8,biobío,83,tucapel,8312,74,98,46,52,77,34,43,21,12,9
25474,biobío,8,biobío,83,tucapel,8312,75,101,52,49,73,39,34,28,13,15
25475,biobío,8,biobío,83,tucapel,8312,76,108,54,54,85,41,44,23,13,10
25476,biobío,8,biobío,83,tucapel,8312,77,84,36,48,62,25,37,22,11,11
25477,biobío,8,biobío,83,tucapel,8312,78,83,38,45,64,27,37,19,11,8
25478,biobío,8,biobío,83,tucapel,8312,79,70,30,40,52,23,29,18,7,11
25479,biobío,8,biobío,83,tucapel,8312,80,64,23,41,48,13,35,16,10,6
25480,biobío,8,biobío,83,tucapel,8312,81,65,34,31,49,29,20,16,5,11
25481,biobío,8,biobío,83,tucapel,8312,82,51,23,28,38,17,21,13,6,7
25482,biobío,8,biobío,83,tucapel,8312,83,61,30,31,43,22,21,18,8,10
25483,biobío,8,biobío,83,tucapel,8312,84,38,19,19,30,14,16,8,5,3
25484,biobío,8,biobío,83,tucapel,8312,85,31,14,17,25,12,13,6,2,4
25485,biobío,8,biobío,83,tucapel,8312,86,43,19,24,34,15,19,9,4,5
25486,biobío,8,biobío,83,tucapel,8312,87,40,17,23,32,15,17,8,2,6
25487,biobío,8,biobío,83,tucapel,8312,88,34,11,23,25,7,18,9,4,5
25488,biobío,8,biobío,83,tucapel,8312,89,26,10,16,18,6,12,8,4,4
25489,biobío,8,biobío,83,tucapel,8312,90,20,8,12,17,6,11,3,2,1
25490,biobío,8,biobío,83,tucapel,8312,91,14,5,9,11,4,7,3,1,2
25491,biobío,8,biobío,83,tucapel,8312,92,14,6,8,10,5,5,4,1,3
25492,biobío,8,biobío,83,tucapel,8312,93,12,3,9,6,3,3,6,0,6
25493,biobío,8,biobío,83,tucapel,8312,94,7,4,3,4,2,2,3,2,1
25494,biobío,8,biobío,83,tucapel,8312,95,2,1,1,2,1,1,0,0,0
25495,biobío,8,biobío,83,tucapel,8312,96,9,1,8,6,1,5,3,0,3
25496,biobío,8,biobío,83,tucapel,8312,97,3,0,3,3,0,3,0,0,0
25497,biobío,8,biobío,83,tucapel,8312,98,3,0,3,2,0,2,1,0,1
25498,biobío,8,biobío,83,tucapel,8312,99,1,1,0,0,0,0,1,1,0
25499,biobío,8,biobío,83,tucapel,8312,100 o más,3,1,2,3,1,2,0,0,0
25500,biobío,8,biobío,83,yumbel,8313,total comuna,21198,10465,10733,12711,6093,6618,8487,4372,4115
25501,biobío,8,biobío,83,yumbel,8313,0,187,86,101,122,56,66,65,30,35
25502,biobío,8,biobío,83,yumbel,8313,1,258,137,121,173,87,86,85,50,35
25503,biobío,8,biobío,83,yumbel,8313,2,225,113,112,159,85,74,66,28,38
25504,biobío,8,biobío,83,yumbel,8313,3,255,144,111,166,92,74,89,52,37
25505,biobío,8,biobío,83,yumbel,8313,4,252,127,125,157,79,78,95,48,47
25506,biobío,8,biobío,83,yumbel,8313,5,226,118,108,146,71,75,80,47,33
25507,biobío,8,biobío,83,yumbel,8313,6,245,124,121,165,80,85,80,44,36
25508,biobío,8,biobío,83,yumbel,8313,7,291,136,155,194,97,97,97,39,58
25509,biobío,8,biobío,83,yumbel,8313,8,272,142,130,188,94,94,84,48,36
25510,biobío,8,biobío,83,yumbel,8313,9,270,145,125,170,85,85,100,60,40
25511,biobío,8,biobío,83,yumbel,8313,10,272,148,124,187,101,86,85,47,38
25512,biobío,8,biobío,83,yumbel,8313,11,267,144,123,185,101,84,82,43,39
25513,biobío,8,biobío,83,yumbel,8313,12,253,128,125,153,83,70,100,45,55
25514,biobío,8,biobío,83,yumbel,8313,13,266,130,136,179,87,92,87,43,44
25515,biobío,8,biobío,83,yumbel,8313,14,265,133,132,176,86,90,89,47,42
25516,biobío,8,biobío,83,yumbel,8313,15,270,138,132,182,88,94,88,50,38
25517,biobío,8,biobío,83,yumbel,8313,16,295,162,133,189,96,93,106,66,40
25518,biobío,8,biobío,83,yumbel,8313,17,276,146,130,175,92,83,101,54,47
25519,biobío,8,biobío,83,yumbel,8313,18,247,115,132,164,78,86,83,37,46
25520,biobío,8,biobío,83,yumbel,8313,19,280,135,145,184,91,93,96,44,52
25521,biobío,8,biobío,83,yumbel,8313,20,250,123,127,171,83,88,79,40,39
25522,biobío,8,biobío,83,yumbel,8313,21,230,117,113,155,79,76,75,38,37
25523,biobío,8,biobío,83,yumbel,8313,22,204,111,93,146,78,68,58,33,25
25524,biobío,8,biobío,83,yumbel,8313,23,236,120,116,157,82,75,79,38,41
25525,biobío,8,biobío,83,yumbel,8313,24,247,121,126,177,84,93,70,37,33
25526,biobío,8,biobío,83,yumbel,8313,25,267,129,138,186,86,100,81,43,38
25527,biobío,8,biobío,83,yumbel,8313,26,278,120,158,197,88,109,81,32,49
25528,biobío,8,biobío,83,yumbel,8313,27,275,136,139,191,94,97,84,42,42
25529,biobío,8,biobío,83,yumbel,8313,28,252,140,112,186,101,85,66,39,27
25530,biobío,8,biobío,83,yumbel,8313,29,257,114,143,170,77,93,87,37,50
25531,biobío,8,biobío,83,yumbel,8313,30,256,111,145,182,85,97,74,26,48
25532,biobío,8,biobío,83,yumbel,8313,31,249,123,126,165,79,86,84,44,40
25533,biobío,8,biobío,83,yumbel,8313,32,208,93,115,144,69,75,64,24,40
25534,biobío,8,biobío,83,yumbel,8313,33,236,113,123,168,84,84,68,29,39
25535,biobío,8,biobío,83,yumbel,8313,34,291,153,138,193,103,90,98,50,48
25536,biobío,8,biobío,83,yumbel,8313,35,275,114,161,190,82,108,85,32,53
25537,biobío,8,biobío,83,yumbel,8313,36,279,146,133,206,108,98,73,38,35
25538,biobío,8,biobío,83,yumbel,8313,37,275,135,140,195,95,100,80,40,40
25539,biobío,8,biobío,83,yumbel,8313,38,261,125,136,154,66,88,107,59,48
25540,biobío,8,biobío,83,yumbel,8313,39,270,144,126,171,89,82,99,55,44
25541,biobío,8,biobío,83,yumbel,8313,40,268,125,143,171,77,94,97,48,49
25542,biobío,8,biobío,83,yumbel,8313,41,281,140,141,161,81,80,120,59,61
25543,biobío,8,biobío,83,yumbel,8313,42,294,151,143,152,76,76,142,75,67
25544,biobío,8,biobío,83,yumbel,8313,43,281,156,125,168,86,82,113,70,43
25545,biobío,8,biobío,83,yumbel,8313,44,299,150,149,180,91,89,119,59,60
25546,biobío,8,biobío,83,yumbel,8313,45,311,154,157,173,83,90,138,71,67
25547,biobío,8,biobío,83,yumbel,8313,46,317,151,166,172,71,101,145,80,65
25548,biobío,8,biobío,83,yumbel,8313,47,334,160,174,179,86,93,155,74,81
25549,biobío,8,biobío,83,yumbel,8313,48,305,139,166,172,79,93,133,60,73
25550,biobío,8,biobío,83,yumbel,8313,49,333,156,177,184,77,107,149,79,70
25551,biobío,8,biobío,83,yumbel,8313,50,317,163,154,177,89,88,140,74,66
25552,biobío,8,biobío,83,yumbel,8313,51,346,183,163,179,84,95,167,99,68
25553,biobío,8,biobío,83,yumbel,8313,52,303,131,172,171,70,101,132,61,71
25554,biobío,8,biobío,83,yumbel,8313,53,300,144,156,170,85,85,130,59,71
25555,biobío,8,biobío,83,yumbel,8313,54,295,158,137,169,84,85,126,74,52
25556,biobío,8,biobío,83,yumbel,8313,55,300,166,134,175,96,79,125,70,55
25557,biobío,8,biobío,83,yumbel,8313,56,302,157,145,155,76,79,147,81,66
25558,biobío,8,biobío,83,yumbel,8313,57,300,129,171,158,67,91,142,62,80
25559,biobío,8,biobío,83,yumbel,8313,58,308,153,155,172,85,87,136,68,68
25560,biobío,8,biobío,83,yumbel,8313,59,293,147,146,166,73,93,127,74,53
25561,biobío,8,biobío,83,yumbel,8313,60,278,145,133,132,63,69,146,82,64
25562,biobío,8,biobío,83,yumbel,8313,61,255,138,117,137,73,64,118,65,53
25563,biobío,8,biobío,83,yumbel,8313,62,240,123,117,108,47,61,132,76,56
25564,biobío,8,biobío,83,yumbel,8313,63,259,121,138,126,53,73,133,68,65
25565,biobío,8,biobío,83,yumbel,8313,64,220,111,109,111,52,59,109,59,50
25566,biobío,8,biobío,83,yumbel,8313,65,248,113,135,139,48,91,109,65,44
25567,biobío,8,biobío,83,yumbel,8313,66,206,105,101,106,52,54,100,53,47
25568,biobío,8,biobío,83,yumbel,8313,67,229,125,104,120,60,60,109,65,44
25569,biobío,8,biobío,83,yumbel,8313,68,206,104,102,101,48,53,105,56,49
25570,biobío,8,biobío,83,yumbel,8313,69,197,97,100,87,33,54,110,64,46
25571,biobío,8,biobío,83,yumbel,8313,70,193,85,108,104,46,58,89,39,50
25572,biobío,8,biobío,83,yumbel,8313,71,195,95,100,99,43,56,96,52,44
25573,biobío,8,biobío,83,yumbel,8313,72,178,76,102,85,34,51,93,42,51
25574,biobío,8,biobío,83,yumbel,8313,73,167,83,84,91,43,48,76,40,36
25575,biobío,8,biobío,83,yumbel,8313,74,163,85,78,75,37,38,88,48,40
25576,biobío,8,biobío,83,yumbel,8313,75,176,77,99,86,36,50,90,41,49
25577,biobío,8,biobío,83,yumbel,8313,76,174,80,94,85,29,56,89,51,38
25578,biobío,8,biobío,83,yumbel,8313,77,155,77,78,73,33,40,82,44,38
25579,biobío,8,biobío,83,yumbel,8313,78,134,66,68,68,27,41,66,39,27
25580,biobío,8,biobío,83,yumbel,8313,79,140,59,81,64,22,42,76,37,39
25581,biobío,8,biobío,83,yumbel,8313,80,109,54,55,51,23,28,58,31,27
25582,biobío,8,biobío,83,yumbel,8313,81,93,39,54,40,20,20,53,19,34
25583,biobío,8,biobío,83,yumbel,8313,82,80,38,42,33,13,20,47,25,22
25584,biobío,8,biobío,83,yumbel,8313,83,65,22,43,40,13,27,25,9,16
25585,biobío,8,biobío,83,yumbel,8313,84,73,36,37,34,19,15,39,17,22
25586,biobío,8,biobío,83,yumbel,8313,85,67,35,32,30,15,15,37,20,17
25587,biobío,8,biobío,83,yumbel,8313,86,67,25,42,32,11,21,35,14,21
25588,biobío,8,biobío,83,yumbel,8313,87,57,18,39,28,10,18,29,8,21
25589,biobío,8,biobío,83,yumbel,8313,88,41,14,27,23,8,15,18,6,12
25590,biobío,8,biobío,83,yumbel,8313,89,34,11,23,12,2,10,22,9,13
25591,biobío,8,biobío,83,yumbel,8313,90,36,21,15,14,7,7,22,14,8
25592,biobío,8,biobío,83,yumbel,8313,91,24,12,12,13,6,7,11,6,5
25593,biobío,8,biobío,83,yumbel,8313,92,23,7,16,14,4,10,9,3,6
25594,biobío,8,biobío,83,yumbel,8313,93,11,2,9,8,1,7,3,1,2
25595,biobío,8,biobío,83,yumbel,8313,94,16,9,7,7,5,2,9,4,5
25596,biobío,8,biobío,83,yumbel,8313,95,8,2,6,2,0,2,6,2,4
25597,biobío,8,biobío,83,yumbel,8313,96,10,1,9,5,0,5,5,1,4
25598,biobío,8,biobío,83,yumbel,8313,97,6,0,6,3,0,3,3,0,3
25599,biobío,8,biobío,83,yumbel,8313,98,4,2,2,1,0,1,3,2,1
25600,biobío,8,biobío,83,yumbel,8313,99,0,0,0,0,0,0,0,0,0
25601,biobío,8,biobío,83,yumbel,8313,100 o más,6,0,6,2,0,2,4,0,4
25602,biobío,8,biobío,83,alto biobío,8314,total comuna,5923,3036,2887,0,0,0,5923,3036,2887
25603,biobío,8,biobío,83,alto biobío,8314,0,123,61,62,0,0,0,123,61,62
25604,biobío,8,biobío,83,alto biobío,8314,1,108,59,49,0,0,0,108,59,49
25605,biobío,8,biobío,83,alto biobío,8314,2,119,62,57,0,0,0,119,62,57
25606,biobío,8,biobío,83,alto biobío,8314,3,109,51,58,0,0,0,109,51,58
25607,biobío,8,biobío,83,alto biobío,8314,4,113,59,54,0,0,0,113,59,54
25608,biobío,8,biobío,83,alto biobío,8314,5,124,63,61,0,0,0,124,63,61
25609,biobío,8,biobío,83,alto biobío,8314,6,110,61,49,0,0,0,110,61,49
25610,biobío,8,biobío,83,alto biobío,8314,7,126,54,72,0,0,0,126,54,72
25611,biobío,8,biobío,83,alto biobío,8314,8,127,55,72,0,0,0,127,55,72
25612,biobío,8,biobío,83,alto biobío,8314,9,105,58,47,0,0,0,105,58,47
25613,biobío,8,biobío,83,alto biobío,8314,10,131,68,63,0,0,0,131,68,63
25614,biobío,8,biobío,83,alto biobío,8314,11,109,51,58,0,0,0,109,51,58
25615,biobío,8,biobío,83,alto biobío,8314,12,123,60,63,0,0,0,123,60,63
25616,biobío,8,biobío,83,alto biobío,8314,13,91,40,51,0,0,0,91,40,51
25617,biobío,8,biobío,83,alto biobío,8314,14,92,46,46,0,0,0,92,46,46
25618,biobío,8,biobío,83,alto biobío,8314,15,79,36,43,0,0,0,79,36,43
25619,biobío,8,biobío,83,alto biobío,8314,16,70,42,28,0,0,0,70,42,28
25620,biobío,8,biobío,83,alto biobío,8314,17,83,34,49,0,0,0,83,34,49
25621,biobío,8,biobío,83,alto biobío,8314,18,79,27,52,0,0,0,79,27,52
25622,biobío,8,biobío,83,alto biobío,8314,19,76,37,39,0,0,0,76,37,39
25623,biobío,8,biobío,83,alto biobío,8314,20,86,42,44,0,0,0,86,42,44
25624,biobío,8,biobío,83,alto biobío,8314,21,74,35,39,0,0,0,74,35,39
25625,biobío,8,biobío,83,alto biobío,8314,22,93,44,49,0,0,0,93,44,49
25626,biobío,8,biobío,83,alto biobío,8314,23,93,40,53,0,0,0,93,40,53
25627,biobío,8,biobío,83,alto biobío,8314,24,92,43,49,0,0,0,92,43,49
25628,biobío,8,biobío,83,alto biobío,8314,25,100,49,51,0,0,0,100,49,51
25629,biobío,8,biobío,83,alto biobío,8314,26,102,43,59,0,0,0,102,43,59
25630,biobío,8,biobío,83,alto biobío,8314,27,107,63,44,0,0,0,107,63,44
25631,biobío,8,biobío,83,alto biobío,8314,28,99,43,56,0,0,0,99,43,56
25632,biobío,8,biobío,83,alto biobío,8314,29,91,50,41,0,0,0,91,50,41
25633,biobío,8,biobío,83,alto biobío,8314,30,95,54,41,0,0,0,95,54,41
25634,biobío,8,biobío,83,alto biobío,8314,31,103,51,52,0,0,0,103,51,52
25635,biobío,8,biobío,83,alto biobío,8314,32,85,41,44,0,0,0,85,41,44
25636,biobío,8,biobío,83,alto biobío,8314,33,100,56,44,0,0,0,100,56,44
25637,biobío,8,biobío,83,alto biobío,8314,34,95,51,44,0,0,0,95,51,44
25638,biobío,8,biobío,83,alto biobío,8314,35,105,58,47,0,0,0,105,58,47
25639,biobío,8,biobío,83,alto biobío,8314,36,70,39,31,0,0,0,70,39,31
25640,biobío,8,biobío,83,alto biobío,8314,37,89,50,39,0,0,0,89,50,39
25641,biobío,8,biobío,83,alto biobío,8314,38,62,30,32,0,0,0,62,30,32
25642,biobío,8,biobío,83,alto biobío,8314,39,72,37,35,0,0,0,72,37,35
25643,biobío,8,biobío,83,alto biobío,8314,40,75,42,33,0,0,0,75,42,33
25644,biobío,8,biobío,83,alto biobío,8314,41,65,35,30,0,0,0,65,35,30
25645,biobío,8,biobío,83,alto biobío,8314,42,83,50,33,0,0,0,83,50,33
25646,biobío,8,biobío,83,alto biobío,8314,43,75,37,38,0,0,0,75,37,38
25647,biobío,8,biobío,83,alto biobío,8314,44,92,43,49,0,0,0,92,43,49
25648,biobío,8,biobío,83,alto biobío,8314,45,72,41,31,0,0,0,72,41,31
25649,biobío,8,biobío,83,alto biobío,8314,46,78,40,38,0,0,0,78,40,38
25650,biobío,8,biobío,83,alto biobío,8314,47,71,37,34,0,0,0,71,37,34
25651,biobío,8,biobío,83,alto biobío,8314,48,66,38,28,0,0,0,66,38,28
25652,biobío,8,biobío,83,alto biobío,8314,49,57,25,32,0,0,0,57,25,32
25653,biobío,8,biobío,83,alto biobío,8314,50,60,34,26,0,0,0,60,34,26
25654,biobío,8,biobío,83,alto biobío,8314,51,63,34,29,0,0,0,63,34,29
25655,biobío,8,biobío,83,alto biobío,8314,52,69,36,33,0,0,0,69,36,33
25656,biobío,8,biobío,83,alto biobío,8314,53,74,40,34,0,0,0,74,40,34
25657,biobío,8,biobío,83,alto biobío,8314,54,57,37,20,0,0,0,57,37,20
25658,biobío,8,biobío,83,alto biobío,8314,55,54,35,19,0,0,0,54,35,19
25659,biobío,8,biobío,83,alto biobío,8314,56,66,35,31,0,0,0,66,35,31
25660,biobío,8,biobío,83,alto biobío,8314,57,57,25,32,0,0,0,57,25,32
25661,biobío,8,biobío,83,alto biobío,8314,58,55,33,22,0,0,0,55,33,22
25662,biobío,8,biobío,83,alto biobío,8314,59,52,25,27,0,0,0,52,25,27
25663,biobío,8,biobío,83,alto biobío,8314,60,71,41,30,0,0,0,71,41,30
25664,biobío,8,biobío,83,alto biobío,8314,61,46,26,20,0,0,0,46,26,20
25665,biobío,8,biobío,83,alto biobío,8314,62,28,16,12,0,0,0,28,16,12
25666,biobío,8,biobío,83,alto biobío,8314,63,34,18,16,0,0,0,34,18,16
25667,biobío,8,biobío,83,alto biobío,8314,64,38,17,21,0,0,0,38,17,21
25668,biobío,8,biobío,83,alto biobío,8314,65,31,11,20,0,0,0,31,11,20
25669,biobío,8,biobío,83,alto biobío,8314,66,34,23,11,0,0,0,34,23,11
25670,biobío,8,biobío,83,alto biobío,8314,67,37,20,17,0,0,0,37,20,17
25671,biobío,8,biobío,83,alto biobío,8314,68,29,15,14,0,0,0,29,15,14
25672,biobío,8,biobío,83,alto biobío,8314,69,38,22,16,0,0,0,38,22,16
25673,biobío,8,biobío,83,alto biobío,8314,70,22,10,12,0,0,0,22,10,12
25674,biobío,8,biobío,83,alto biobío,8314,71,24,15,9,0,0,0,24,15,9
25675,biobío,8,biobío,83,alto biobío,8314,72,18,11,7,0,0,0,18,11,7
25676,biobío,8,biobío,83,alto biobío,8314,73,25,17,8,0,0,0,25,17,8
25677,biobío,8,biobío,83,alto biobío,8314,74,18,11,7,0,0,0,18,11,7
25678,biobío,8,biobío,83,alto biobío,8314,75,20,14,6,0,0,0,20,14,6
25679,biobío,8,biobío,83,alto biobío,8314,76,21,12,9,0,0,0,21,12,9
25680,biobío,8,biobío,83,alto biobío,8314,77,20,10,10,0,0,0,20,10,10
25681,biobío,8,biobío,83,alto biobío,8314,78,17,8,9,0,0,0,17,8,9
25682,biobío,8,biobío,83,alto biobío,8314,79,13,8,5,0,0,0,13,8,5
25683,biobío,8,biobío,83,alto biobío,8314,80,10,4,6,0,0,0,10,4,6
25684,biobío,8,biobío,83,alto biobío,8314,81,18,12,6,0,0,0,18,12,6
25685,biobío,8,biobío,83,alto biobío,8314,82,13,10,3,0,0,0,13,10,3
25686,biobío,8,biobío,83,alto biobío,8314,83,7,3,4,0,0,0,7,3,4
25687,biobío,8,biobío,83,alto biobío,8314,84,8,5,3,0,0,0,8,5,3
25688,biobío,8,biobío,83,alto biobío,8314,85,3,0,3,0,0,0,3,0,3
25689,biobío,8,biobío,83,alto biobío,8314,86,5,3,2,0,0,0,5,3,2
25690,biobío,8,biobío,83,alto biobío,8314,87,4,2,2,0,0,0,4,2,2
25691,biobío,8,biobío,83,alto biobío,8314,88,4,2,2,0,0,0,4,2,2
25692,biobío,8,biobío,83,alto biobío,8314,89,6,2,4,0,0,0,6,2,4
25693,biobío,8,biobío,83,alto biobío,8314,90,4,1,3,0,0,0,4,1,3
25694,biobío,8,biobío,83,alto biobío,8314,91,1,0,1,0,0,0,1,0,1
25695,biobío,8,biobío,83,alto biobío,8314,92,1,1,0,0,0,0,1,1,0
25696,biobío,8,biobío,83,alto biobío,8314,93,0,0,0,0,0,0,0,0,0
25697,biobío,8,biobío,83,alto biobío,8314,94,1,0,1,0,0,0,1,0,1
25698,biobío,8,biobío,83,alto biobío,8314,95,1,1,0,0,0,0,1,1,0
25699,biobío,8,biobío,83,alto biobío,8314,96,0,0,0,0,0,0,0,0,0
25700,biobío,8,biobío,83,alto biobío,8314,97,0,0,0,0,0,0,0,0,0
25701,biobío,8,biobío,83,alto biobío,8314,98,0,0,0,0,0,0,0,0,0
25702,biobío,8,biobío,83,alto biobío,8314,99,0,0,0,0,0,0,0,0,0
25703,biobío,8,biobío,83,alto biobío,8314,100 o más,2,0,2,0,0,0,2,0,2
25704,la araucanía,9,cautín,91,temuco,9101,total comuna,282415,134289,148126,263165,124523,138642,19250,9766,9484
25705,la araucanía,9,cautín,91,temuco,9101,0,3589,1857,1732,3356,1733,1623,233,124,109
25706,la araucanía,9,cautín,91,temuco,9101,1,3721,1889,1832,3437,1734,1703,284,155,129
25707,la araucanía,9,cautín,91,temuco,9101,2,3855,1953,1902,3563,1803,1760,292,150,142
25708,la araucanía,9,cautín,91,temuco,9101,3,3691,1916,1775,3400,1761,1639,291,155,136
25709,la araucanía,9,cautín,91,temuco,9101,4,3873,1954,1919,3568,1793,1775,305,161,144
25710,la araucanía,9,cautín,91,temuco,9101,5,3759,1909,1850,3485,1766,1719,274,143,131
25711,la araucanía,9,cautín,91,temuco,9101,6,3860,1999,1861,3561,1836,1725,299,163,136
25712,la araucanía,9,cautín,91,temuco,9101,7,3823,1958,1865,3533,1804,1729,290,154,136
25713,la araucanía,9,cautín,91,temuco,9101,8,3668,1881,1787,3381,1732,1649,287,149,138
25714,la araucanía,9,cautín,91,temuco,9101,9,3662,1835,1827,3359,1685,1674,303,150,153
25715,la araucanía,9,cautín,91,temuco,9101,10,3496,1754,1742,3201,1609,1592,295,145,150
25716,la araucanía,9,cautín,91,temuco,9101,11,3481,1812,1669,3214,1661,1553,267,151,116
25717,la araucanía,9,cautín,91,temuco,9101,12,3555,1841,1714,3253,1685,1568,302,156,146
25718,la araucanía,9,cautín,91,temuco,9101,13,3676,1822,1854,3363,1666,1697,313,156,157
25719,la araucanía,9,cautín,91,temuco,9101,14,3732,1931,1801,3459,1793,1666,273,138,135
25720,la araucanía,9,cautín,91,temuco,9101,15,3849,1996,1853,3548,1836,1712,301,160,141
25721,la araucanía,9,cautín,91,temuco,9101,16,4014,2039,1975,3721,1888,1833,293,151,142
25722,la araucanía,9,cautín,91,temuco,9101,17,4252,2130,2122,3951,1981,1970,301,149,152
25723,la araucanía,9,cautín,91,temuco,9101,18,5113,2544,2569,4814,2384,2430,299,160,139
25724,la araucanía,9,cautín,91,temuco,9101,19,5330,2570,2760,5050,2448,2602,280,122,158
25725,la araucanía,9,cautín,91,temuco,9101,20,5334,2605,2729,5053,2462,2591,281,143,138
25726,la araucanía,9,cautín,91,temuco,9101,21,5461,2671,2790,5120,2494,2626,341,177,164
25727,la araucanía,9,cautín,91,temuco,9101,22,5509,2695,2814,5210,2551,2659,299,144,155
25728,la araucanía,9,cautín,91,temuco,9101,23,5429,2666,2763,5136,2533,2603,293,133,160
25729,la araucanía,9,cautín,91,temuco,9101,24,5315,2639,2676,5024,2502,2522,291,137,154
25730,la araucanía,9,cautín,91,temuco,9101,25,5126,2546,2580,4831,2391,2440,295,155,140
25731,la araucanía,9,cautín,91,temuco,9101,26,5224,2628,2596,4944,2488,2456,280,140,140
25732,la araucanía,9,cautín,91,temuco,9101,27,4950,2398,2552,4680,2285,2395,270,113,157
25733,la araucanía,9,cautín,91,temuco,9101,28,4642,2252,2390,4374,2120,2254,268,132,136
25734,la araucanía,9,cautín,91,temuco,9101,29,4372,2150,2222,4126,2026,2100,246,124,122
25735,la araucanía,9,cautín,91,temuco,9101,30,4182,2041,2141,3957,1931,2026,225,110,115
25736,la araucanía,9,cautín,91,temuco,9101,31,4144,2004,2140,3916,1886,2030,228,118,110
25737,la araucanía,9,cautín,91,temuco,9101,32,3944,1881,2063,3713,1775,1938,231,106,125
25738,la araucanía,9,cautín,91,temuco,9101,33,3921,1895,2026,3666,1766,1900,255,129,126
25739,la araucanía,9,cautín,91,temuco,9101,34,4088,1945,2143,3841,1822,2019,247,123,124
25740,la araucanía,9,cautín,91,temuco,9101,35,4199,2062,2137,3914,1910,2004,285,152,133
25741,la araucanía,9,cautín,91,temuco,9101,36,3733,1867,1866,3484,1741,1743,249,126,123
25742,la araucanía,9,cautín,91,temuco,9101,37,3841,1864,1977,3562,1723,1839,279,141,138
25743,la araucanía,9,cautín,91,temuco,9101,38,3552,1633,1919,3302,1528,1774,250,105,145
25744,la araucanía,9,cautín,91,temuco,9101,39,3541,1585,1956,3272,1461,1811,269,124,145
25745,la araucanía,9,cautín,91,temuco,9101,40,3528,1632,1896,3287,1516,1771,241,116,125
25746,la araucanía,9,cautín,91,temuco,9101,41,3807,1810,1997,3532,1651,1881,275,159,116
25747,la araucanía,9,cautín,91,temuco,9101,42,3912,1826,2086,3633,1685,1948,279,141,138
25748,la araucanía,9,cautín,91,temuco,9101,43,4117,1915,2202,3799,1760,2039,318,155,163
25749,la araucanía,9,cautín,91,temuco,9101,44,3898,1830,2068,3597,1684,1913,301,146,155
25750,la araucanía,9,cautín,91,temuco,9101,45,3765,1692,2073,3508,1564,1944,257,128,129
25751,la araucanía,9,cautín,91,temuco,9101,46,3779,1759,2020,3513,1634,1879,266,125,141
25752,la araucanía,9,cautín,91,temuco,9101,47,3604,1686,1918,3341,1551,1790,263,135,128
25753,la araucanía,9,cautín,91,temuco,9101,48,3515,1616,1899,3256,1493,1763,259,123,136
25754,la araucanía,9,cautín,91,temuco,9101,49,3654,1702,1952,3392,1569,1823,262,133,129
25755,la araucanía,9,cautín,91,temuco,9101,50,3665,1693,1972,3416,1557,1859,249,136,113
25756,la araucanía,9,cautín,91,temuco,9101,51,3651,1706,1945,3393,1561,1832,258,145,113
25757,la araucanía,9,cautín,91,temuco,9101,52,3570,1602,1968,3318,1480,1838,252,122,130
25758,la araucanía,9,cautín,91,temuco,9101,53,3559,1654,1905,3305,1524,1781,254,130,124
25759,la araucanía,9,cautín,91,temuco,9101,54,3416,1566,1850,3189,1445,1744,227,121,106
25760,la araucanía,9,cautín,91,temuco,9101,55,3343,1540,1803,3115,1422,1693,228,118,110
25761,la araucanía,9,cautín,91,temuco,9101,56,3212,1509,1703,2994,1396,1598,218,113,105
25762,la araucanía,9,cautín,91,temuco,9101,57,2994,1408,1586,2768,1282,1486,226,126,100
25763,la araucanía,9,cautín,91,temuco,9101,58,2857,1265,1592,2652,1154,1498,205,111,94
25764,la araucanía,9,cautín,91,temuco,9101,59,2963,1340,1623,2743,1225,1518,220,115,105
25765,la araucanía,9,cautín,91,temuco,9101,60,2785,1231,1554,2589,1121,1468,196,110,86
25766,la araucanía,9,cautín,91,temuco,9101,61,2604,1191,1413,2408,1087,1321,196,104,92
25767,la araucanía,9,cautín,91,temuco,9101,62,2434,1128,1306,2263,1037,1226,171,91,80
25768,la araucanía,9,cautín,91,temuco,9101,63,2457,1092,1365,2290,1001,1289,167,91,76
25769,la araucanía,9,cautín,91,temuco,9101,64,2299,1048,1251,2124,952,1172,175,96,79
25770,la araucanía,9,cautín,91,temuco,9101,65,2205,990,1215,2044,909,1135,161,81,80
25771,la araucanía,9,cautín,91,temuco,9101,66,1937,848,1089,1809,778,1031,128,70,58
25772,la araucanía,9,cautín,91,temuco,9101,67,1968,868,1100,1821,786,1035,147,82,65
25773,la araucanía,9,cautín,91,temuco,9101,68,1868,808,1060,1745,748,997,123,60,63
25774,la araucanía,9,cautín,91,temuco,9101,69,1765,750,1015,1637,687,950,128,63,65
25775,la araucanía,9,cautín,91,temuco,9101,70,1755,752,1003,1638,694,944,117,58,59
25776,la araucanía,9,cautín,91,temuco,9101,71,1603,682,921,1499,619,880,104,63,41
25777,la araucanía,9,cautín,91,temuco,9101,72,1515,612,903,1405,549,856,110,63,47
25778,la araucanía,9,cautín,91,temuco,9101,73,1392,569,823,1303,527,776,89,42,47
25779,la araucanía,9,cautín,91,temuco,9101,74,1377,594,783,1293,551,742,84,43,41
25780,la araucanía,9,cautín,91,temuco,9101,75,1271,527,744,1181,483,698,90,44,46
25781,la araucanía,9,cautín,91,temuco,9101,76,1199,478,721,1096,430,666,103,48,55
25782,la araucanía,9,cautín,91,temuco,9101,77,1160,435,725,1085,396,689,75,39,36
25783,la araucanía,9,cautín,91,temuco,9101,78,1005,424,581,913,379,534,92,45,47
25784,la araucanía,9,cautín,91,temuco,9101,79,945,356,589,863,318,545,82,38,44
25785,la araucanía,9,cautín,91,temuco,9101,80,931,373,558,859,337,522,72,36,36
25786,la araucanía,9,cautín,91,temuco,9101,81,774,278,496,725,254,471,49,24,25
25787,la araucanía,9,cautín,91,temuco,9101,82,736,245,491,680,221,459,56,24,32
25788,la araucanía,9,cautín,91,temuco,9101,83,695,268,427,659,251,408,36,17,19
25789,la araucanía,9,cautín,91,temuco,9101,84,641,205,436,595,183,412,46,22,24
25790,la araucanía,9,cautín,91,temuco,9101,85,579,197,382,547,184,363,32,13,19
25791,la araucanía,9,cautín,91,temuco,9101,86,577,184,393,535,167,368,42,17,25
25792,la araucanía,9,cautín,91,temuco,9101,87,513,163,350,472,144,328,41,19,22
25793,la araucanía,9,cautín,91,temuco,9101,88,409,116,293,379,109,270,30,7,23
25794,la araucanía,9,cautín,91,temuco,9101,89,341,103,238,329,99,230,12,4,8
25795,la araucanía,9,cautín,91,temuco,9101,90,288,100,188,272,93,179,16,7,9
25796,la araucanía,9,cautín,91,temuco,9101,91,207,71,136,196,64,132,11,7,4
25797,la araucanía,9,cautín,91,temuco,9101,92,218,62,156,208,60,148,10,2,8
25798,la araucanía,9,cautín,91,temuco,9101,93,155,43,112,149,42,107,6,1,5
25799,la araucanía,9,cautín,91,temuco,9101,94,119,27,92,110,23,87,9,4,5
25800,la araucanía,9,cautín,91,temuco,9101,95,92,29,63,88,27,61,4,2,2
25801,la araucanía,9,cautín,91,temuco,9101,96,76,18,58,72,17,55,4,1,3
25802,la araucanía,9,cautín,91,temuco,9101,97,49,11,38,47,10,37,2,1,1
25803,la araucanía,9,cautín,91,temuco,9101,98,34,5,29,31,3,28,3,2,1
25804,la araucanía,9,cautín,91,temuco,9101,99,36,7,29,34,7,27,2,0,2
25805,la araucanía,9,cautín,91,temuco,9101,100 o más,86,33,53,79,30,49,7,3,4
25806,la araucanía,9,cautín,91,carahue,9102,total comuna,24533,12202,12331,13253,6292,6961,11280,5910,5370
25807,la araucanía,9,cautín,91,carahue,9102,0,344,174,170,196,101,95,148,73,75
25808,la araucanía,9,cautín,91,carahue,9102,1,356,183,173,234,120,114,122,63,59
25809,la araucanía,9,cautín,91,carahue,9102,2,370,195,175,216,111,105,154,84,70
25810,la araucanía,9,cautín,91,carahue,9102,3,350,171,179,213,103,110,137,68,69
25811,la araucanía,9,cautín,91,carahue,9102,4,316,180,136,178,96,82,138,84,54
25812,la araucanía,9,cautín,91,carahue,9102,5,352,171,181,196,95,101,156,76,80
25813,la araucanía,9,cautín,91,carahue,9102,6,395,224,171,242,136,106,153,88,65
25814,la araucanía,9,cautín,91,carahue,9102,7,375,176,199,214,96,118,161,80,81
25815,la araucanía,9,cautín,91,carahue,9102,8,387,188,199,210,107,103,177,81,96
25816,la araucanía,9,cautín,91,carahue,9102,9,312,169,143,164,86,78,148,83,65
25817,la araucanía,9,cautín,91,carahue,9102,10,389,194,195,208,102,106,181,92,89
25818,la araucanía,9,cautín,91,carahue,9102,11,372,194,178,211,112,99,161,82,79
25819,la araucanía,9,cautín,91,carahue,9102,12,372,188,184,206,106,100,166,82,84
25820,la araucanía,9,cautín,91,carahue,9102,13,357,179,178,201,95,106,156,84,72
25821,la araucanía,9,cautín,91,carahue,9102,14,384,194,190,215,106,109,169,88,81
25822,la araucanía,9,cautín,91,carahue,9102,15,400,221,179,232,115,117,168,106,62
25823,la araucanía,9,cautín,91,carahue,9102,16,397,204,193,241,117,124,156,87,69
25824,la araucanía,9,cautín,91,carahue,9102,17,408,230,178,241,129,112,167,101,66
25825,la araucanía,9,cautín,91,carahue,9102,18,287,146,141,190,89,101,97,57,40
25826,la araucanía,9,cautín,91,carahue,9102,19,309,143,166,183,85,98,126,58,68
25827,la araucanía,9,cautín,91,carahue,9102,20,282,135,147,185,88,97,97,47,50
25828,la araucanía,9,cautín,91,carahue,9102,21,291,140,151,178,86,92,113,54,59
25829,la araucanía,9,cautín,91,carahue,9102,22,277,120,157,184,77,107,93,43,50
25830,la araucanía,9,cautín,91,carahue,9102,23,307,151,156,179,87,92,128,64,64
25831,la araucanía,9,cautín,91,carahue,9102,24,299,137,162,184,78,106,115,59,56
25832,la araucanía,9,cautín,91,carahue,9102,25,347,165,182,218,101,117,129,64,65
25833,la araucanía,9,cautín,91,carahue,9102,26,341,153,188,213,98,115,128,55,73
25834,la araucanía,9,cautín,91,carahue,9102,27,322,150,172,201,94,107,121,56,65
25835,la araucanía,9,cautín,91,carahue,9102,28,322,161,161,204,95,109,118,66,52
25836,la araucanía,9,cautín,91,carahue,9102,29,331,132,199,213,89,124,118,43,75
25837,la araucanía,9,cautín,91,carahue,9102,30,271,134,137,171,85,86,100,49,51
25838,la araucanía,9,cautín,91,carahue,9102,31,299,125,174,177,69,108,122,56,66
25839,la araucanía,9,cautín,91,carahue,9102,32,304,160,144,190,94,96,114,66,48
25840,la araucanía,9,cautín,91,carahue,9102,33,318,154,164,186,83,103,132,71,61
25841,la araucanía,9,cautín,91,carahue,9102,34,305,142,163,195,89,106,110,53,57
25842,la araucanía,9,cautín,91,carahue,9102,35,300,143,157,178,84,94,122,59,63
25843,la araucanía,9,cautín,91,carahue,9102,36,291,134,157,163,70,93,128,64,64
25844,la araucanía,9,cautín,91,carahue,9102,37,320,155,165,182,87,95,138,68,70
25845,la araucanía,9,cautín,91,carahue,9102,38,263,122,141,155,69,86,108,53,55
25846,la araucanía,9,cautín,91,carahue,9102,39,294,141,153,156,75,81,138,66,72
25847,la araucanía,9,cautín,91,carahue,9102,40,277,140,137,155,77,78,122,63,59
25848,la araucanía,9,cautín,91,carahue,9102,41,287,141,146,151,76,75,136,65,71
25849,la araucanía,9,cautín,91,carahue,9102,42,309,166,143,170,90,80,139,76,63
25850,la araucanía,9,cautín,91,carahue,9102,43,329,172,157,178,96,82,151,76,75
25851,la araucanía,9,cautín,91,carahue,9102,44,314,165,149,170,82,88,144,83,61
25852,la araucanía,9,cautín,91,carahue,9102,45,325,162,163,168,78,90,157,84,73
25853,la araucanía,9,cautín,91,carahue,9102,46,328,168,160,178,87,91,150,81,69
25854,la araucanía,9,cautín,91,carahue,9102,47,338,164,174,175,80,95,163,84,79
25855,la araucanía,9,cautín,91,carahue,9102,48,321,146,175,151,64,87,170,82,88
25856,la araucanía,9,cautín,91,carahue,9102,49,321,171,150,172,88,84,149,83,66
25857,la araucanía,9,cautín,91,carahue,9102,50,341,190,151,193,106,87,148,84,64
25858,la araucanía,9,cautín,91,carahue,9102,51,323,172,151,165,78,87,158,94,64
25859,la araucanía,9,cautín,91,carahue,9102,52,330,170,160,153,75,78,177,95,82
25860,la araucanía,9,cautín,91,carahue,9102,53,338,169,169,168,76,92,170,93,77
25861,la araucanía,9,cautín,91,carahue,9102,54,297,156,141,147,72,75,150,84,66
25862,la araucanía,9,cautín,91,carahue,9102,55,295,168,127,135,76,59,160,92,68
25863,la araucanía,9,cautín,91,carahue,9102,56,322,182,140,146,75,71,176,107,69
25864,la araucanía,9,cautín,91,carahue,9102,57,307,161,146,135,65,70,172,96,76
25865,la araucanía,9,cautín,91,carahue,9102,58,281,139,142,134,60,74,147,79,68
25866,la araucanía,9,cautín,91,carahue,9102,59,302,156,146,138,62,76,164,94,70
25867,la araucanía,9,cautín,91,carahue,9102,60,280,135,145,132,60,72,148,75,73
25868,la araucanía,9,cautín,91,carahue,9102,61,256,133,123,121,60,61,135,73,62
25869,la araucanía,9,cautín,91,carahue,9102,62,267,129,138,109,51,58,158,78,80
25870,la araucanía,9,cautín,91,carahue,9102,63,250,114,136,101,30,71,149,84,65
25871,la araucanía,9,cautín,91,carahue,9102,64,278,150,128,115,57,58,163,93,70
25872,la araucanía,9,cautín,91,carahue,9102,65,226,108,118,93,44,49,133,64,69
25873,la araucanía,9,cautín,91,carahue,9102,66,214,116,98,96,47,49,118,69,49
25874,la araucanía,9,cautín,91,carahue,9102,67,216,103,113,81,36,45,135,67,68
25875,la araucanía,9,cautín,91,carahue,9102,68,219,112,107,96,43,53,123,69,54
25876,la araucanía,9,cautín,91,carahue,9102,69,210,110,100,95,40,55,115,70,45
25877,la araucanía,9,cautín,91,carahue,9102,70,194,94,100,74,29,45,120,65,55
25878,la araucanía,9,cautín,91,carahue,9102,71,213,103,110,89,39,50,124,64,60
25879,la araucanía,9,cautín,91,carahue,9102,72,173,87,86,65,29,36,108,58,50
25880,la araucanía,9,cautín,91,carahue,9102,73,165,81,84,80,32,48,85,49,36
25881,la araucanía,9,cautín,91,carahue,9102,74,173,86,87,70,34,36,103,52,51
25882,la araucanía,9,cautín,91,carahue,9102,75,162,92,70,62,28,34,100,64,36
25883,la araucanía,9,cautín,91,carahue,9102,76,165,75,90,75,31,44,90,44,46
25884,la araucanía,9,cautín,91,carahue,9102,77,131,60,71,56,20,36,75,40,35
25885,la araucanía,9,cautín,91,carahue,9102,78,133,61,72,70,28,42,63,33,30
25886,la araucanía,9,cautín,91,carahue,9102,79,137,60,77,64,29,35,73,31,42
25887,la araucanía,9,cautín,91,carahue,9102,80,111,52,59,47,19,28,64,33,31
25888,la araucanía,9,cautín,91,carahue,9102,81,103,36,67,57,13,44,46,23,23
25889,la araucanía,9,cautín,91,carahue,9102,82,104,43,61,53,20,33,51,23,28
25890,la araucanía,9,cautín,91,carahue,9102,83,84,36,48,38,20,18,46,16,30
25891,la araucanía,9,cautín,91,carahue,9102,84,65,21,44,31,11,20,34,10,24
25892,la araucanía,9,cautín,91,carahue,9102,85,55,27,28,23,12,11,32,15,17
25893,la araucanía,9,cautín,91,carahue,9102,86,65,31,34,32,15,17,33,16,17
25894,la araucanía,9,cautín,91,carahue,9102,87,61,18,43,32,9,23,29,9,20
25895,la araucanía,9,cautín,91,carahue,9102,88,45,23,22,19,7,12,26,16,10
25896,la araucanía,9,cautín,91,carahue,9102,89,33,14,19,19,8,11,14,6,8
25897,la araucanía,9,cautín,91,carahue,9102,90,29,11,18,16,5,11,13,6,7
25898,la araucanía,9,cautín,91,carahue,9102,91,31,11,20,12,4,8,19,7,12
25899,la araucanía,9,cautín,91,carahue,9102,92,16,6,10,9,2,7,7,4,3
25900,la araucanía,9,cautín,91,carahue,9102,93,11,5,6,7,2,5,4,3,1
25901,la araucanía,9,cautín,91,carahue,9102,94,17,6,11,12,3,9,5,3,2
25902,la araucanía,9,cautín,91,carahue,9102,95,5,3,2,0,0,0,5,3,2
25903,la araucanía,9,cautín,91,carahue,9102,96,7,3,4,3,1,2,4,2,2
25904,la araucanía,9,cautín,91,carahue,9102,97,6,3,3,3,1,2,3,2,1
25905,la araucanía,9,cautín,91,carahue,9102,98,6,1,5,2,0,2,4,1,3
25906,la araucanía,9,cautín,91,carahue,9102,99,6,4,2,4,3,1,2,1,1
25907,la araucanía,9,cautín,91,carahue,9102,100 o más,10,3,7,5,2,3,5,1,4
25908,la araucanía,9,cautín,91,cunco,9103,total comuna,17526,8765,8761,8847,4218,4629,8679,4547,4132
25909,la araucanía,9,cautín,91,cunco,9103,0,213,100,113,126,61,65,87,39,48
25910,la araucanía,9,cautín,91,cunco,9103,1,233,120,113,124,66,58,109,54,55
25911,la araucanía,9,cautín,91,cunco,9103,2,231,113,118,134,65,69,97,48,49
25912,la araucanía,9,cautín,91,cunco,9103,3,216,107,109,127,59,68,89,48,41
25913,la araucanía,9,cautín,91,cunco,9103,4,237,124,113,129,68,61,108,56,52
25914,la araucanía,9,cautín,91,cunco,9103,5,208,100,108,124,57,67,84,43,41
25915,la araucanía,9,cautín,91,cunco,9103,6,240,128,112,141,67,74,99,61,38
25916,la araucanía,9,cautín,91,cunco,9103,7,244,127,117,147,82,65,97,45,52
25917,la araucanía,9,cautín,91,cunco,9103,8,237,113,124,128,55,73,109,58,51
25918,la araucanía,9,cautín,91,cunco,9103,9,206,103,103,111,56,55,95,47,48
25919,la araucanía,9,cautín,91,cunco,9103,10,245,126,119,133,69,64,112,57,55
25920,la araucanía,9,cautín,91,cunco,9103,11,212,111,101,109,54,55,103,57,46
25921,la araucanía,9,cautín,91,cunco,9103,12,247,127,120,144,73,71,103,54,49
25922,la araucanía,9,cautín,91,cunco,9103,13,238,120,118,128,61,67,110,59,51
25923,la araucanía,9,cautín,91,cunco,9103,14,237,128,109,132,64,68,105,64,41
25924,la araucanía,9,cautín,91,cunco,9103,15,221,118,103,131,71,60,90,47,43
25925,la araucanía,9,cautín,91,cunco,9103,16,238,123,115,139,66,73,99,57,42
25926,la araucanía,9,cautín,91,cunco,9103,17,267,127,140,149,64,85,118,63,55
25927,la araucanía,9,cautín,91,cunco,9103,18,245,127,118,142,77,65,103,50,53
25928,la araucanía,9,cautín,91,cunco,9103,19,213,105,108,130,67,63,83,38,45
25929,la araucanía,9,cautín,91,cunco,9103,20,192,91,101,110,54,56,82,37,45
25930,la araucanía,9,cautín,91,cunco,9103,21,195,101,94,122,62,60,73,39,34
25931,la araucanía,9,cautín,91,cunco,9103,22,213,102,111,137,65,72,76,37,39
25932,la araucanía,9,cautín,91,cunco,9103,23,223,105,118,126,56,70,97,49,48
25933,la araucanía,9,cautín,91,cunco,9103,24,224,115,109,135,63,72,89,52,37
25934,la araucanía,9,cautín,91,cunco,9103,25,236,119,117,136,69,67,100,50,50
25935,la araucanía,9,cautín,91,cunco,9103,26,237,118,119,141,66,75,96,52,44
25936,la araucanía,9,cautín,91,cunco,9103,27,223,101,122,135,62,73,88,39,49
25937,la araucanía,9,cautín,91,cunco,9103,28,211,103,108,123,67,56,88,36,52
25938,la araucanía,9,cautín,91,cunco,9103,29,185,87,98,111,47,64,74,40,34
25939,la araucanía,9,cautín,91,cunco,9103,30,196,87,109,114,48,66,82,39,43
25940,la araucanía,9,cautín,91,cunco,9103,31,206,112,94,110,55,55,96,57,39
25941,la araucanía,9,cautín,91,cunco,9103,32,176,88,88,104,54,50,72,34,38
25942,la araucanía,9,cautín,91,cunco,9103,33,174,89,85,99,46,53,75,43,32
25943,la araucanía,9,cautín,91,cunco,9103,34,197,85,112,113,46,67,84,39,45
25944,la araucanía,9,cautín,91,cunco,9103,35,212,105,107,124,55,69,88,50,38
25945,la araucanía,9,cautín,91,cunco,9103,36,179,79,100,94,40,54,85,39,46
25946,la araucanía,9,cautín,91,cunco,9103,37,174,87,87,84,38,46,90,49,41
25947,la araucanía,9,cautín,91,cunco,9103,38,173,84,89,97,48,49,76,36,40
25948,la araucanía,9,cautín,91,cunco,9103,39,179,87,92,86,33,53,93,54,39
25949,la araucanía,9,cautín,91,cunco,9103,40,211,99,112,109,44,65,102,55,47
25950,la araucanía,9,cautín,91,cunco,9103,41,235,114,121,122,64,58,113,50,63
25951,la araucanía,9,cautín,91,cunco,9103,42,231,116,115,111,54,57,120,62,58
25952,la araucanía,9,cautín,91,cunco,9103,43,236,136,100,108,61,47,128,75,53
25953,la araucanía,9,cautín,91,cunco,9103,44,264,118,146,128,53,75,136,65,71
25954,la araucanía,9,cautín,91,cunco,9103,45,233,132,101,106,57,49,127,75,52
25955,la araucanía,9,cautín,91,cunco,9103,46,261,141,120,119,65,54,142,76,66
25956,la araucanía,9,cautín,91,cunco,9103,47,245,118,127,118,55,63,127,63,64
25957,la araucanía,9,cautín,91,cunco,9103,48,246,109,137,128,48,80,118,61,57
25958,la araucanía,9,cautín,91,cunco,9103,49,247,117,130,111,48,63,136,69,67
25959,la araucanía,9,cautín,91,cunco,9103,50,249,139,110,120,62,58,129,77,52
25960,la araucanía,9,cautín,91,cunco,9103,51,249,140,109,120,61,59,129,79,50
25961,la araucanía,9,cautín,91,cunco,9103,52,246,140,106,106,52,54,140,88,52
25962,la araucanía,9,cautín,91,cunco,9103,53,224,125,99,108,54,54,116,71,45
25963,la araucanía,9,cautín,91,cunco,9103,54,237,116,121,96,45,51,141,71,70
25964,la araucanía,9,cautín,91,cunco,9103,55,274,148,126,130,64,66,144,84,60
25965,la araucanía,9,cautín,91,cunco,9103,56,239,129,110,112,54,58,127,75,52
25966,la araucanía,9,cautín,91,cunco,9103,57,217,134,83,95,56,39,122,78,44
25967,la araucanía,9,cautín,91,cunco,9103,58,234,121,113,105,52,53,129,69,60
25968,la araucanía,9,cautín,91,cunco,9103,59,207,109,98,88,40,48,119,69,50
25969,la araucanía,9,cautín,91,cunco,9103,60,213,94,119,102,43,59,111,51,60
25970,la araucanía,9,cautín,91,cunco,9103,61,250,126,124,115,54,61,135,72,63
25971,la araucanía,9,cautín,91,cunco,9103,62,197,97,100,82,33,49,115,64,51
25972,la araucanía,9,cautín,91,cunco,9103,63,178,90,88,67,32,35,111,58,53
25973,la araucanía,9,cautín,91,cunco,9103,64,215,110,105,88,47,41,127,63,64
25974,la araucanía,9,cautín,91,cunco,9103,65,196,83,113,76,25,51,120,58,62
25975,la araucanía,9,cautín,91,cunco,9103,66,189,88,101,75,35,40,114,53,61
25976,la araucanía,9,cautín,91,cunco,9103,67,181,90,91,84,45,39,97,45,52
25977,la araucanía,9,cautín,91,cunco,9103,68,174,90,84,64,33,31,110,57,53
25978,la araucanía,9,cautín,91,cunco,9103,69,158,77,81,64,28,36,94,49,45
25979,la araucanía,9,cautín,91,cunco,9103,70,192,91,101,73,28,45,119,63,56
25980,la araucanía,9,cautín,91,cunco,9103,71,170,88,82,66,28,38,104,60,44
25981,la araucanía,9,cautín,91,cunco,9103,72,163,86,77,64,26,38,99,60,39
25982,la araucanía,9,cautín,91,cunco,9103,73,128,69,59,44,23,21,84,46,38
25983,la araucanía,9,cautín,91,cunco,9103,74,143,76,67,61,29,32,82,47,35
25984,la araucanía,9,cautín,91,cunco,9103,75,135,72,63,61,32,29,74,40,34
25985,la araucanía,9,cautín,91,cunco,9103,76,139,69,70,52,22,30,87,47,40
25986,la araucanía,9,cautín,91,cunco,9103,77,120,56,64,39,19,20,81,37,44
25987,la araucanía,9,cautín,91,cunco,9103,78,124,59,65,56,26,30,68,33,35
25988,la araucanía,9,cautín,91,cunco,9103,79,94,53,41,37,20,17,57,33,24
25989,la araucanía,9,cautín,91,cunco,9103,80,101,50,51,41,22,19,60,28,32
25990,la araucanía,9,cautín,91,cunco,9103,81,79,35,44,31,9,22,48,26,22
25991,la araucanía,9,cautín,91,cunco,9103,82,84,42,42,30,12,18,54,30,24
25992,la araucanía,9,cautín,91,cunco,9103,83,68,28,40,15,5,10,53,23,30
25993,la araucanía,9,cautín,91,cunco,9103,84,63,25,38,32,17,15,31,8,23
25994,la araucanía,9,cautín,91,cunco,9103,85,51,21,30,20,7,13,31,14,17
25995,la araucanía,9,cautín,91,cunco,9103,86,65,29,36,25,12,13,40,17,23
25996,la araucanía,9,cautín,91,cunco,9103,87,32,10,22,13,7,6,19,3,16
25997,la araucanía,9,cautín,91,cunco,9103,88,38,16,22,20,10,10,18,6,12
25998,la araucanía,9,cautín,91,cunco,9103,89,39,13,26,16,5,11,23,8,15
25999,la araucanía,9,cautín,91,cunco,9103,90,23,10,13,11,4,7,12,6,6
26000,la araucanía,9,cautín,91,cunco,9103,91,24,6,18,12,3,9,12,3,9
26001,la araucanía,9,cautín,91,cunco,9103,92,21,5,16,12,2,10,9,3,6
26002,la araucanía,9,cautín,91,cunco,9103,93,13,3,10,8,2,6,5,1,4
26003,la araucanía,9,cautín,91,cunco,9103,94,15,6,9,8,4,4,7,2,5
26004,la araucanía,9,cautín,91,cunco,9103,95,5,4,1,1,1,0,4,3,1
26005,la araucanía,9,cautín,91,cunco,9103,96,10,2,8,5,1,4,5,1,4
26006,la araucanía,9,cautín,91,cunco,9103,97,5,0,5,3,0,3,2,0,2
26007,la araucanía,9,cautín,91,cunco,9103,98,3,0,3,1,0,1,2,0,2
26008,la araucanía,9,cautín,91,cunco,9103,99,2,1,1,1,1,0,1,0,1
26009,la araucanía,9,cautín,91,cunco,9103,100 o más,8,2,6,3,1,2,5,1,4
26010,la araucanía,9,cautín,91,curarrehue,9104,total comuna,7489,3821,3668,2276,1112,1164,5213,2709,2504
26011,la araucanía,9,cautín,91,curarrehue,9104,0,111,60,51,27,12,15,84,48,36
26012,la araucanía,9,cautín,91,curarrehue,9104,1,107,56,51,34,23,11,73,33,40
26013,la araucanía,9,cautín,91,curarrehue,9104,2,112,53,59,45,20,25,67,33,34
26014,la araucanía,9,cautín,91,curarrehue,9104,3,118,56,62,39,18,21,79,38,41
26015,la araucanía,9,cautín,91,curarrehue,9104,4,122,62,60,45,25,20,77,37,40
26016,la araucanía,9,cautín,91,curarrehue,9104,5,122,58,64,42,20,22,80,38,42
26017,la araucanía,9,cautín,91,curarrehue,9104,6,115,62,53,39,20,19,76,42,34
26018,la araucanía,9,cautín,91,curarrehue,9104,7,152,84,68,35,21,14,117,63,54
26019,la araucanía,9,cautín,91,curarrehue,9104,8,123,66,57,27,14,13,96,52,44
26020,la araucanía,9,cautín,91,curarrehue,9104,9,108,56,52,36,19,17,72,37,35
26021,la araucanía,9,cautín,91,curarrehue,9104,10,113,55,58,43,16,27,70,39,31
26022,la araucanía,9,cautín,91,curarrehue,9104,11,102,50,52,34,16,18,68,34,34
26023,la araucanía,9,cautín,91,curarrehue,9104,12,119,63,56,43,19,24,76,44,32
26024,la araucanía,9,cautín,91,curarrehue,9104,13,111,61,50,31,17,14,80,44,36
26025,la araucanía,9,cautín,91,curarrehue,9104,14,110,52,58,39,20,19,71,32,39
26026,la araucanía,9,cautín,91,curarrehue,9104,15,116,65,51,39,26,13,77,39,38
26027,la araucanía,9,cautín,91,curarrehue,9104,16,90,45,45,22,13,9,68,32,36
26028,la araucanía,9,cautín,91,curarrehue,9104,17,108,53,55,42,21,21,66,32,34
26029,la araucanía,9,cautín,91,curarrehue,9104,18,109,54,55,34,16,18,75,38,37
26030,la araucanía,9,cautín,91,curarrehue,9104,19,103,54,49,40,18,22,63,36,27
26031,la araucanía,9,cautín,91,curarrehue,9104,20,87,41,46,24,11,13,63,30,33
26032,la araucanía,9,cautín,91,curarrehue,9104,21,110,51,59,39,15,24,71,36,35
26033,la araucanía,9,cautín,91,curarrehue,9104,22,98,47,51,31,16,15,67,31,36
26034,la araucanía,9,cautín,91,curarrehue,9104,23,103,45,58,35,18,17,68,27,41
26035,la araucanía,9,cautín,91,curarrehue,9104,24,97,45,52,43,18,25,54,27,27
26036,la araucanía,9,cautín,91,curarrehue,9104,25,104,61,43,33,17,16,71,44,27
26037,la araucanía,9,cautín,91,curarrehue,9104,26,103,51,52,42,25,17,61,26,35
26038,la araucanía,9,cautín,91,curarrehue,9104,27,115,51,64,40,20,20,75,31,44
26039,la araucanía,9,cautín,91,curarrehue,9104,28,114,56,58,40,20,20,74,36,38
26040,la araucanía,9,cautín,91,curarrehue,9104,29,113,56,57,37,13,24,76,43,33
26041,la araucanía,9,cautín,91,curarrehue,9104,30,113,53,60,40,20,20,73,33,40
26042,la araucanía,9,cautín,91,curarrehue,9104,31,104,54,50,39,20,19,65,34,31
26043,la araucanía,9,cautín,91,curarrehue,9104,32,107,60,47,33,18,15,74,42,32
26044,la araucanía,9,cautín,91,curarrehue,9104,33,105,46,59,32,13,19,73,33,40
26045,la araucanía,9,cautín,91,curarrehue,9104,34,101,52,49,25,16,9,76,36,40
26046,la araucanía,9,cautín,91,curarrehue,9104,35,106,55,51,29,14,15,77,41,36
26047,la araucanía,9,cautín,91,curarrehue,9104,36,88,47,41,32,18,14,56,29,27
26048,la araucanía,9,cautín,91,curarrehue,9104,37,106,51,55,27,6,21,79,45,34
26049,la araucanía,9,cautín,91,curarrehue,9104,38,96,52,44,35,18,17,61,34,27
26050,la araucanía,9,cautín,91,curarrehue,9104,39,114,68,46,39,21,18,75,47,28
26051,la araucanía,9,cautín,91,curarrehue,9104,40,94,48,46,28,16,12,66,32,34
26052,la araucanía,9,cautín,91,curarrehue,9104,41,78,46,32,28,18,10,50,28,22
26053,la araucanía,9,cautín,91,curarrehue,9104,42,99,50,49,22,12,10,77,38,39
26054,la araucanía,9,cautín,91,curarrehue,9104,43,112,58,54,34,15,19,78,43,35
26055,la araucanía,9,cautín,91,curarrehue,9104,44,98,50,48,28,9,19,70,41,29
26056,la araucanía,9,cautín,91,curarrehue,9104,45,78,34,44,28,13,15,50,21,29
26057,la araucanía,9,cautín,91,curarrehue,9104,46,127,66,61,34,13,21,93,53,40
26058,la araucanía,9,cautín,91,curarrehue,9104,47,107,47,60,34,14,20,73,33,40
26059,la araucanía,9,cautín,91,curarrehue,9104,48,92,50,42,20,11,9,72,39,33
26060,la araucanía,9,cautín,91,curarrehue,9104,49,81,46,35,22,9,13,59,37,22
26061,la araucanía,9,cautín,91,curarrehue,9104,50,101,58,43,28,15,13,73,43,30
26062,la araucanía,9,cautín,91,curarrehue,9104,51,99,51,48,21,11,10,78,40,38
26063,la araucanía,9,cautín,91,curarrehue,9104,52,92,44,48,28,12,16,64,32,32
26064,la araucanía,9,cautín,91,curarrehue,9104,53,84,41,43,17,4,13,67,37,30
26065,la araucanía,9,cautín,91,curarrehue,9104,54,101,48,53,35,18,17,66,30,36
26066,la araucanía,9,cautín,91,curarrehue,9104,55,73,35,38,23,9,14,50,26,24
26067,la araucanía,9,cautín,91,curarrehue,9104,56,84,43,41,28,17,11,56,26,30
26068,la araucanía,9,cautín,91,curarrehue,9104,57,81,43,38,18,8,10,63,35,28
26069,la araucanía,9,cautín,91,curarrehue,9104,58,73,37,36,18,11,7,55,26,29
26070,la araucanía,9,cautín,91,curarrehue,9104,59,66,29,37,23,11,12,43,18,25
26071,la araucanía,9,cautín,91,curarrehue,9104,60,78,40,38,25,11,14,53,29,24
26072,la araucanía,9,cautín,91,curarrehue,9104,61,69,45,24,21,13,8,48,32,16
26073,la araucanía,9,cautín,91,curarrehue,9104,62,73,37,36,18,6,12,55,31,24
26074,la araucanía,9,cautín,91,curarrehue,9104,63,76,43,33,17,8,9,59,35,24
26075,la araucanía,9,cautín,91,curarrehue,9104,64,71,41,30,12,8,4,59,33,26
26076,la araucanía,9,cautín,91,curarrehue,9104,65,65,30,35,13,4,9,52,26,26
26077,la araucanía,9,cautín,91,curarrehue,9104,66,75,32,43,24,10,14,51,22,29
26078,la araucanía,9,cautín,91,curarrehue,9104,67,63,29,34,15,6,9,48,23,25
26079,la araucanía,9,cautín,91,curarrehue,9104,68,52,25,27,16,5,11,36,20,16
26080,la araucanía,9,cautín,91,curarrehue,9104,69,50,27,23,13,8,5,37,19,18
26081,la araucanía,9,cautín,91,curarrehue,9104,70,47,25,22,10,6,4,37,19,18
26082,la araucanía,9,cautín,91,curarrehue,9104,71,52,33,19,9,5,4,43,28,15
26083,la araucanía,9,cautín,91,curarrehue,9104,72,47,18,29,14,7,7,33,11,22
26084,la araucanía,9,cautín,91,curarrehue,9104,73,35,15,20,7,2,5,28,13,15
26085,la araucanía,9,cautín,91,curarrehue,9104,74,44,19,25,11,4,7,33,15,18
26086,la araucanía,9,cautín,91,curarrehue,9104,75,35,20,15,3,2,1,32,18,14
26087,la araucanía,9,cautín,91,curarrehue,9104,76,33,18,15,7,2,5,26,16,10
26088,la araucanía,9,cautín,91,curarrehue,9104,77,56,32,24,14,7,7,42,25,17
26089,la araucanía,9,cautín,91,curarrehue,9104,78,35,19,16,12,6,6,23,13,10
26090,la araucanía,9,cautín,91,curarrehue,9104,79,37,20,17,9,5,4,28,15,13
26091,la araucanía,9,cautín,91,curarrehue,9104,80,31,19,12,6,3,3,25,16,9
26092,la araucanía,9,cautín,91,curarrehue,9104,81,22,12,10,7,4,3,15,8,7
26093,la araucanía,9,cautín,91,curarrehue,9104,82,33,21,12,14,9,5,19,12,7
26094,la araucanía,9,cautín,91,curarrehue,9104,83,24,10,14,4,3,1,20,7,13
26095,la araucanía,9,cautín,91,curarrehue,9104,84,19,10,9,7,1,6,12,9,3
26096,la araucanía,9,cautín,91,curarrehue,9104,85,13,9,4,4,2,2,9,7,2
26097,la araucanía,9,cautín,91,curarrehue,9104,86,17,11,6,3,1,2,14,10,4
26098,la araucanía,9,cautín,91,curarrehue,9104,87,13,9,4,4,3,1,9,6,3
26099,la araucanía,9,cautín,91,curarrehue,9104,88,7,2,5,1,0,1,6,2,4
26100,la araucanía,9,cautín,91,curarrehue,9104,89,9,6,3,2,2,0,7,4,3
26101,la araucanía,9,cautín,91,curarrehue,9104,90,7,2,5,1,0,1,6,2,4
26102,la araucanía,9,cautín,91,curarrehue,9104,91,6,4,2,0,0,0,6,4,2
26103,la araucanía,9,cautín,91,curarrehue,9104,92,7,1,6,1,1,0,6,0,6
26104,la araucanía,9,cautín,91,curarrehue,9104,93,5,1,4,1,0,1,4,1,3
26105,la araucanía,9,cautín,91,curarrehue,9104,94,2,2,0,0,0,0,2,2,0
26106,la araucanía,9,cautín,91,curarrehue,9104,95,1,1,0,0,0,0,1,1,0
26107,la araucanía,9,cautín,91,curarrehue,9104,96,0,0,0,0,0,0,0,0,0
26108,la araucanía,9,cautín,91,curarrehue,9104,97,0,0,0,0,0,0,0,0,0
26109,la araucanía,9,cautín,91,curarrehue,9104,98,1,1,0,0,0,0,1,1,0
26110,la araucanía,9,cautín,91,curarrehue,9104,99,1,0,1,0,0,0,1,0,1
26111,la araucanía,9,cautín,91,curarrehue,9104,100 o más,3,1,2,3,1,2,0,0,0
26112,la araucanía,9,cautín,91,freire,9105,total comuna,24606,12413,12193,7886,3798,4088,16720,8615,8105
26113,la araucanía,9,cautín,91,freire,9105,0,267,145,122,89,40,49,178,105,73
26114,la araucanía,9,cautín,91,freire,9105,1,305,153,152,103,48,55,202,105,97
26115,la araucanía,9,cautín,91,freire,9105,2,308,169,139,117,66,51,191,103,88
26116,la araucanía,9,cautín,91,freire,9105,3,264,150,114,90,59,31,174,91,83
26117,la araucanía,9,cautín,91,freire,9105,4,284,151,133,103,58,45,181,93,88
26118,la araucanía,9,cautín,91,freire,9105,5,316,166,150,114,63,51,202,103,99
26119,la araucanía,9,cautín,91,freire,9105,6,340,185,155,109,50,59,231,135,96
26120,la araucanía,9,cautín,91,freire,9105,7,339,175,164,113,60,53,226,115,111
26121,la araucanía,9,cautín,91,freire,9105,8,376,193,183,119,69,50,257,124,133
26122,la araucanía,9,cautín,91,freire,9105,9,346,176,170,114,60,54,232,116,116
26123,la araucanía,9,cautín,91,freire,9105,10,322,160,162,102,49,53,220,111,109
26124,la araucanía,9,cautín,91,freire,9105,11,323,162,161,102,55,47,221,107,114
26125,la araucanía,9,cautín,91,freire,9105,12,346,183,163,119,68,51,227,115,112
26126,la araucanía,9,cautín,91,freire,9105,13,370,200,170,123,71,52,247,129,118
26127,la araucanía,9,cautín,91,freire,9105,14,421,227,194,136,72,64,285,155,130
26128,la araucanía,9,cautín,91,freire,9105,15,395,223,172,123,65,58,272,158,114
26129,la araucanía,9,cautín,91,freire,9105,16,372,189,183,138,63,75,234,126,108
26130,la araucanía,9,cautín,91,freire,9105,17,374,204,170,129,66,63,245,138,107
26131,la araucanía,9,cautín,91,freire,9105,18,356,171,185,124,50,74,232,121,111
26132,la araucanía,9,cautín,91,freire,9105,19,356,173,183,130,62,68,226,111,115
26133,la araucanía,9,cautín,91,freire,9105,20,371,183,188,140,64,76,231,119,112
26134,la araucanía,9,cautín,91,freire,9105,21,325,159,166,133,66,67,192,93,99
26135,la araucanía,9,cautín,91,freire,9105,22,342,178,164,139,67,72,203,111,92
26136,la araucanía,9,cautín,91,freire,9105,23,299,148,151,121,52,69,178,96,82
26137,la araucanía,9,cautín,91,freire,9105,24,357,175,182,146,70,76,211,105,106
26138,la araucanía,9,cautín,91,freire,9105,25,332,159,173,137,68,69,195,91,104
26139,la araucanía,9,cautín,91,freire,9105,26,360,186,174,155,78,77,205,108,97
26140,la araucanía,9,cautín,91,freire,9105,27,318,158,160,124,61,63,194,97,97
26141,la araucanía,9,cautín,91,freire,9105,28,298,165,133,98,47,51,200,118,82
26142,la araucanía,9,cautín,91,freire,9105,29,301,147,154,95,47,48,206,100,106
26143,la araucanía,9,cautín,91,freire,9105,30,293,145,148,88,42,46,205,103,102
26144,la araucanía,9,cautín,91,freire,9105,31,294,142,152,107,56,51,187,86,101
26145,la araucanía,9,cautín,91,freire,9105,32,259,115,144,94,37,57,165,78,87
26146,la araucanía,9,cautín,91,freire,9105,33,263,122,141,97,47,50,166,75,91
26147,la araucanía,9,cautín,91,freire,9105,34,301,153,148,104,56,48,197,97,100
26148,la araucanía,9,cautín,91,freire,9105,35,314,166,148,104,57,47,210,109,101
26149,la araucanía,9,cautín,91,freire,9105,36,266,130,136,89,40,49,177,90,87
26150,la araucanía,9,cautín,91,freire,9105,37,280,121,159,107,44,63,173,77,96
26151,la araucanía,9,cautín,91,freire,9105,38,263,115,148,83,33,50,180,82,98
26152,la araucanía,9,cautín,91,freire,9105,39,265,134,131,83,35,48,182,99,83
26153,la araucanía,9,cautín,91,freire,9105,40,298,140,158,89,37,52,209,103,106
26154,la araucanía,9,cautín,91,freire,9105,41,309,154,155,105,51,54,204,103,101
26155,la araucanía,9,cautín,91,freire,9105,42,333,180,153,112,60,52,221,120,101
26156,la araucanía,9,cautín,91,freire,9105,43,361,184,177,131,59,72,230,125,105
26157,la araucanía,9,cautín,91,freire,9105,44,387,190,197,121,45,76,266,145,121
26158,la araucanía,9,cautín,91,freire,9105,45,348,178,170,110,53,57,238,125,113
26159,la araucanía,9,cautín,91,freire,9105,46,336,155,181,103,46,57,233,109,124
26160,la araucanía,9,cautín,91,freire,9105,47,333,158,175,103,42,61,230,116,114
26161,la araucanía,9,cautín,91,freire,9105,48,389,192,197,130,70,60,259,122,137
26162,la araucanía,9,cautín,91,freire,9105,49,384,209,175,121,53,68,263,156,107
26163,la araucanía,9,cautín,91,freire,9105,50,364,187,177,107,48,59,257,139,118
26164,la araucanía,9,cautín,91,freire,9105,51,347,171,176,117,53,64,230,118,112
26165,la araucanía,9,cautín,91,freire,9105,52,366,184,182,115,58,57,251,126,125
26166,la araucanía,9,cautín,91,freire,9105,53,338,177,161,114,58,56,224,119,105
26167,la araucanía,9,cautín,91,freire,9105,54,344,175,169,115,56,59,229,119,110
26168,la araucanía,9,cautín,91,freire,9105,55,323,166,157,97,40,57,226,126,100
26169,la araucanía,9,cautín,91,freire,9105,56,379,197,182,114,49,65,265,148,117
26170,la araucanía,9,cautín,91,freire,9105,57,296,156,140,72,38,34,224,118,106
26171,la araucanía,9,cautín,91,freire,9105,58,307,168,139,77,38,39,230,130,100
26172,la araucanía,9,cautín,91,freire,9105,59,320,161,159,93,54,39,227,107,120
26173,la araucanía,9,cautín,91,freire,9105,60,306,159,147,87,45,42,219,114,105
26174,la araucanía,9,cautín,91,freire,9105,61,303,161,142,77,37,40,226,124,102
26175,la araucanía,9,cautín,91,freire,9105,62,267,139,128,57,29,28,210,110,100
26176,la araucanía,9,cautín,91,freire,9105,63,264,128,136,66,26,40,198,102,96
26177,la araucanía,9,cautín,91,freire,9105,64,251,137,114,61,29,32,190,108,82
26178,la araucanía,9,cautín,91,freire,9105,65,210,113,97,55,29,26,155,84,71
26179,la araucanía,9,cautín,91,freire,9105,66,237,115,122,59,24,35,178,91,87
26180,la araucanía,9,cautín,91,freire,9105,67,220,104,116,68,30,38,152,74,78
26181,la araucanía,9,cautín,91,freire,9105,68,205,105,100,40,15,25,165,90,75
26182,la araucanía,9,cautín,91,freire,9105,69,190,109,81,49,27,22,141,82,59
26183,la araucanía,9,cautín,91,freire,9105,70,203,94,109,52,23,29,151,71,80
26184,la araucanía,9,cautín,91,freire,9105,71,187,91,96,43,17,26,144,74,70
26185,la araucanía,9,cautín,91,freire,9105,72,174,84,90,42,22,20,132,62,70
26186,la araucanía,9,cautín,91,freire,9105,73,187,105,82,47,26,21,140,79,61
26187,la araucanía,9,cautín,91,freire,9105,74,160,80,80,40,22,18,120,58,62
26188,la araucanía,9,cautín,91,freire,9105,75,164,80,84,41,15,26,123,65,58
26189,la araucanía,9,cautín,91,freire,9105,76,146,70,76,34,13,21,112,57,55
26190,la araucanía,9,cautín,91,freire,9105,77,134,63,71,31,11,20,103,52,51
26191,la araucanía,9,cautín,91,freire,9105,78,131,59,72,26,11,15,105,48,57
26192,la araucanía,9,cautín,91,freire,9105,79,92,38,54,15,5,10,77,33,44
26193,la araucanía,9,cautín,91,freire,9105,80,110,46,64,25,9,16,85,37,48
26194,la araucanía,9,cautín,91,freire,9105,81,102,48,54,24,8,16,78,40,38
26195,la araucanía,9,cautín,91,freire,9105,82,100,46,54,21,6,15,79,40,39
26196,la araucanía,9,cautín,91,freire,9105,83,82,30,52,15,4,11,67,26,41
26197,la araucanía,9,cautín,91,freire,9105,84,65,25,40,13,6,7,52,19,33
26198,la araucanía,9,cautín,91,freire,9105,85,64,24,40,17,2,15,47,22,25
26199,la araucanía,9,cautín,91,freire,9105,86,62,20,42,20,8,12,42,12,30
26200,la araucanía,9,cautín,91,freire,9105,87,43,19,24,14,6,8,29,13,16
26201,la araucanía,9,cautín,91,freire,9105,88,44,21,23,16,6,10,28,15,13
26202,la araucanía,9,cautín,91,freire,9105,89,37,13,24,16,5,11,21,8,13
26203,la araucanía,9,cautín,91,freire,9105,90,23,12,11,5,5,0,18,7,11
26204,la araucanía,9,cautín,91,freire,9105,91,19,7,12,5,3,2,14,4,10
26205,la araucanía,9,cautín,91,freire,9105,92,22,9,13,6,3,3,16,6,10
26206,la araucanía,9,cautín,91,freire,9105,93,15,6,9,5,0,5,10,6,4
26207,la araucanía,9,cautín,91,freire,9105,94,9,3,6,0,0,0,9,3,6
26208,la araucanía,9,cautín,91,freire,9105,95,10,4,6,1,0,1,9,4,5
26209,la araucanía,9,cautín,91,freire,9105,96,4,3,1,1,1,0,3,2,1
26210,la araucanía,9,cautín,91,freire,9105,97,10,2,8,2,1,1,8,1,7
26211,la araucanía,9,cautín,91,freire,9105,98,2,1,1,0,0,0,2,1,1
26212,la araucanía,9,cautín,91,freire,9105,99,3,0,3,2,0,2,1,0,1
26213,la araucanía,9,cautín,91,freire,9105,100 o más,6,2,4,1,0,1,5,2,3
26214,la araucanía,9,cautín,91,galvarino,9106,total comuna,11996,6032,5964,4149,1956,2193,7847,4076,3771
26215,la araucanía,9,cautín,91,galvarino,9106,0,170,77,93,68,27,41,102,50,52
26216,la araucanía,9,cautín,91,galvarino,9106,1,157,87,70,52,36,16,105,51,54
26217,la araucanía,9,cautín,91,galvarino,9106,2,179,103,76,60,33,27,119,70,49
26218,la araucanía,9,cautín,91,galvarino,9106,3,174,89,85,55,26,29,119,63,56
26219,la araucanía,9,cautín,91,galvarino,9106,4,191,100,91,67,31,36,124,69,55
26220,la araucanía,9,cautín,91,galvarino,9106,5,176,84,92,57,25,32,119,59,60
26221,la araucanía,9,cautín,91,galvarino,9106,6,172,99,73,59,35,24,113,64,49
26222,la araucanía,9,cautín,91,galvarino,9106,7,177,78,99,55,25,30,122,53,69
26223,la araucanía,9,cautín,91,galvarino,9106,8,174,95,79,49,27,22,125,68,57
26224,la araucanía,9,cautín,91,galvarino,9106,9,190,105,85,47,20,27,143,85,58
26225,la araucanía,9,cautín,91,galvarino,9106,10,176,92,84,48,28,20,128,64,64
26226,la araucanía,9,cautín,91,galvarino,9106,11,188,92,96,63,26,37,125,66,59
26227,la araucanía,9,cautín,91,galvarino,9106,12,203,105,98,76,37,39,127,68,59
26228,la araucanía,9,cautín,91,galvarino,9106,13,194,102,92,62,28,34,132,74,58
26229,la araucanía,9,cautín,91,galvarino,9106,14,196,101,95,68,33,35,128,68,60
26230,la araucanía,9,cautín,91,galvarino,9106,15,152,78,74,44,28,16,108,50,58
26231,la araucanía,9,cautín,91,galvarino,9106,16,161,84,77,59,28,31,102,56,46
26232,la araucanía,9,cautín,91,galvarino,9106,17,179,90,89,77,30,47,102,60,42
26233,la araucanía,9,cautín,91,galvarino,9106,18,138,80,58,50,35,15,88,45,43
26234,la araucanía,9,cautín,91,galvarino,9106,19,156,74,82,57,23,34,99,51,48
26235,la araucanía,9,cautín,91,galvarino,9106,20,159,67,92,64,27,37,95,40,55
26236,la araucanía,9,cautín,91,galvarino,9106,21,172,90,82,74,43,31,98,47,51
26237,la araucanía,9,cautín,91,galvarino,9106,22,141,69,72,57,24,33,84,45,39
26238,la araucanía,9,cautín,91,galvarino,9106,23,145,81,64,61,30,31,84,51,33
26239,la araucanía,9,cautín,91,galvarino,9106,24,180,81,99,64,28,36,116,53,63
26240,la araucanía,9,cautín,91,galvarino,9106,25,164,74,90,78,36,42,86,38,48
26241,la araucanía,9,cautín,91,galvarino,9106,26,149,68,81,53,28,25,96,40,56
26242,la araucanía,9,cautín,91,galvarino,9106,27,161,72,89,71,23,48,90,49,41
26243,la araucanía,9,cautín,91,galvarino,9106,28,146,69,77,61,30,31,85,39,46
26244,la araucanía,9,cautín,91,galvarino,9106,29,147,69,78,73,29,44,74,40,34
26245,la araucanía,9,cautín,91,galvarino,9106,30,144,64,80,67,31,36,77,33,44
26246,la araucanía,9,cautín,91,galvarino,9106,31,130,61,69,63,30,33,67,31,36
26247,la araucanía,9,cautín,91,galvarino,9106,32,144,65,79,69,31,38,75,34,41
26248,la araucanía,9,cautín,91,galvarino,9106,33,146,83,63,55,25,30,91,58,33
26249,la araucanía,9,cautín,91,galvarino,9106,34,153,69,84,61,28,33,92,41,51
26250,la araucanía,9,cautín,91,galvarino,9106,35,154,77,77,57,28,29,97,49,48
26251,la araucanía,9,cautín,91,galvarino,9106,36,141,71,70,65,31,34,76,40,36
26252,la araucanía,9,cautín,91,galvarino,9106,37,155,73,82,57,27,30,98,46,52
26253,la araucanía,9,cautín,91,galvarino,9106,38,149,76,73,51,31,20,98,45,53
26254,la araucanía,9,cautín,91,galvarino,9106,39,136,71,65,39,20,19,97,51,46
26255,la araucanía,9,cautín,91,galvarino,9106,40,128,59,69,39,19,20,89,40,49
26256,la araucanía,9,cautín,91,galvarino,9106,41,154,76,78,56,22,34,98,54,44
26257,la araucanía,9,cautín,91,galvarino,9106,42,143,73,70,49,24,25,94,49,45
26258,la araucanía,9,cautín,91,galvarino,9106,43,141,74,67,48,20,28,93,54,39
26259,la araucanía,9,cautín,91,galvarino,9106,44,159,87,72,45,27,18,114,60,54
26260,la araucanía,9,cautín,91,galvarino,9106,45,166,79,87,51,25,26,115,54,61
26261,la araucanía,9,cautín,91,galvarino,9106,46,151,84,67,55,30,25,96,54,42
26262,la araucanía,9,cautín,91,galvarino,9106,47,166,88,78,52,30,22,114,58,56
26263,la araucanía,9,cautín,91,galvarino,9106,48,132,59,73,41,15,26,91,44,47
26264,la araucanía,9,cautín,91,galvarino,9106,49,160,76,84,50,21,29,110,55,55
26265,la araucanía,9,cautín,91,galvarino,9106,50,179,98,81,58,29,29,121,69,52
26266,la araucanía,9,cautín,91,galvarino,9106,51,159,82,77,65,32,33,94,50,44
26267,la araucanía,9,cautín,91,galvarino,9106,52,174,103,71,48,26,22,126,77,49
26268,la araucanía,9,cautín,91,galvarino,9106,53,168,87,81,60,22,38,108,65,43
26269,la araucanía,9,cautín,91,galvarino,9106,54,166,81,85,63,29,34,103,52,51
26270,la araucanía,9,cautín,91,galvarino,9106,55,166,88,78,65,34,31,101,54,47
26271,la araucanía,9,cautín,91,galvarino,9106,56,178,87,91,59,27,32,119,60,59
26272,la araucanía,9,cautín,91,galvarino,9106,57,160,80,80,55,26,29,105,54,51
26273,la araucanía,9,cautín,91,galvarino,9106,58,140,66,74,52,22,30,88,44,44
26274,la araucanía,9,cautín,91,galvarino,9106,59,147,89,58,42,30,12,105,59,46
26275,la araucanía,9,cautín,91,galvarino,9106,60,151,75,76,53,19,34,98,56,42
26276,la araucanía,9,cautín,91,galvarino,9106,61,115,73,42,39,26,13,76,47,29
26277,la araucanía,9,cautín,91,galvarino,9106,62,116,55,61,38,14,24,78,41,37
26278,la araucanía,9,cautín,91,galvarino,9106,63,128,69,59,33,17,16,95,52,43
26279,la araucanía,9,cautín,91,galvarino,9106,64,91,44,47,25,9,16,66,35,31
26280,la araucanía,9,cautín,91,galvarino,9106,65,97,44,53,28,13,15,69,31,38
26281,la araucanía,9,cautín,91,galvarino,9106,66,109,61,48,31,16,15,78,45,33
26282,la araucanía,9,cautín,91,galvarino,9106,67,101,57,44,32,14,18,69,43,26
26283,la araucanía,9,cautín,91,galvarino,9106,68,83,40,43,25,10,15,58,30,28
26284,la araucanía,9,cautín,91,galvarino,9106,69,104,57,47,25,10,15,79,47,32
26285,la araucanía,9,cautín,91,galvarino,9106,70,93,41,52,18,7,11,75,34,41
26286,la araucanía,9,cautín,91,galvarino,9106,71,94,47,47,23,7,16,71,40,31
26287,la araucanía,9,cautín,91,galvarino,9106,72,89,46,43,21,10,11,68,36,32
26288,la araucanía,9,cautín,91,galvarino,9106,73,74,36,38,19,9,10,55,27,28
26289,la araucanía,9,cautín,91,galvarino,9106,74,82,39,43,23,6,17,59,33,26
26290,la araucanía,9,cautín,91,galvarino,9106,75,74,26,48,28,8,20,46,18,28
26291,la araucanía,9,cautín,91,galvarino,9106,76,78,35,43,23,12,11,55,23,32
26292,la araucanía,9,cautín,91,galvarino,9106,77,78,38,40,28,11,17,50,27,23
26293,la araucanía,9,cautín,91,galvarino,9106,78,53,22,31,12,4,8,41,18,23
26294,la araucanía,9,cautín,91,galvarino,9106,79,56,21,35,22,7,15,34,14,20
26295,la araucanía,9,cautín,91,galvarino,9106,80,63,30,33,20,6,14,43,24,19
26296,la araucanía,9,cautín,91,galvarino,9106,81,52,32,20,13,8,5,39,24,15
26297,la araucanía,9,cautín,91,galvarino,9106,82,56,18,38,17,4,13,39,14,25
26298,la araucanía,9,cautín,91,galvarino,9106,83,24,13,11,4,2,2,20,11,9
26299,la araucanía,9,cautín,91,galvarino,9106,84,43,23,20,11,5,6,32,18,14
26300,la araucanía,9,cautín,91,galvarino,9106,85,40,20,20,9,5,4,31,15,16
26301,la araucanía,9,cautín,91,galvarino,9106,86,30,16,14,8,5,3,22,11,11
26302,la araucanía,9,cautín,91,galvarino,9106,87,23,13,10,7,3,4,16,10,6
26303,la araucanía,9,cautín,91,galvarino,9106,88,22,9,13,9,3,6,13,6,7
26304,la araucanía,9,cautín,91,galvarino,9106,89,29,12,17,3,1,2,26,11,15
26305,la araucanía,9,cautín,91,galvarino,9106,90,20,7,13,9,5,4,11,2,9
26306,la araucanía,9,cautín,91,galvarino,9106,91,10,4,6,5,2,3,5,2,3
26307,la araucanía,9,cautín,91,galvarino,9106,92,24,13,11,9,4,5,15,9,6
26308,la araucanía,9,cautín,91,galvarino,9106,93,12,6,6,6,3,3,6,3,3
26309,la araucanía,9,cautín,91,galvarino,9106,94,4,0,4,3,0,3,1,0,1
26310,la araucanía,9,cautín,91,galvarino,9106,95,5,3,2,0,0,0,5,3,2
26311,la araucanía,9,cautín,91,galvarino,9106,96,2,1,1,1,0,1,1,1,0
26312,la araucanía,9,cautín,91,galvarino,9106,97,8,3,5,1,0,1,7,3,4
26313,la araucanía,9,cautín,91,galvarino,9106,98,1,0,1,1,0,1,0,0,0
26314,la araucanía,9,cautín,91,galvarino,9106,99,1,1,0,0,0,0,1,1,0
26315,la araucanía,9,cautín,91,galvarino,9106,100 o más,5,1,4,1,0,1,4,1,3
26316,la araucanía,9,cautín,91,gorbea,9107,total comuna,14414,6945,7469,10160,4758,5402,4254,2187,2067
26317,la araucanía,9,cautín,91,gorbea,9107,0,132,71,61,102,55,47,30,16,14
26318,la araucanía,9,cautín,91,gorbea,9107,1,166,85,81,122,59,63,44,26,18
26319,la araucanía,9,cautín,91,gorbea,9107,2,176,79,97,135,57,78,41,22,19
26320,la araucanía,9,cautín,91,gorbea,9107,3,161,65,96,125,50,75,36,15,21
26321,la araucanía,9,cautín,91,gorbea,9107,4,185,99,86,147,79,68,38,20,18
26322,la araucanía,9,cautín,91,gorbea,9107,5,173,90,83,127,66,61,46,24,22
26323,la araucanía,9,cautín,91,gorbea,9107,6,194,98,96,143,70,73,51,28,23
26324,la araucanía,9,cautín,91,gorbea,9107,7,191,100,91,139,81,58,52,19,33
26325,la araucanía,9,cautín,91,gorbea,9107,8,177,90,87,124,65,59,53,25,28
26326,la araucanía,9,cautín,91,gorbea,9107,9,166,82,84,129,65,64,37,17,20
26327,la araucanía,9,cautín,91,gorbea,9107,10,196,97,99,155,75,80,41,22,19
26328,la araucanía,9,cautín,91,gorbea,9107,11,170,86,84,125,64,61,45,22,23
26329,la araucanía,9,cautín,91,gorbea,9107,12,169,71,98,129,55,74,40,16,24
26330,la araucanía,9,cautín,91,gorbea,9107,13,181,87,94,139,69,70,42,18,24
26331,la araucanía,9,cautín,91,gorbea,9107,14,196,92,104,138,67,71,58,25,33
26332,la araucanía,9,cautín,91,gorbea,9107,15,195,96,99,144,67,77,51,29,22
26333,la araucanía,9,cautín,91,gorbea,9107,16,186,98,88,149,83,66,37,15,22
26334,la araucanía,9,cautín,91,gorbea,9107,17,191,109,82,145,83,62,46,26,20
26335,la araucanía,9,cautín,91,gorbea,9107,18,196,101,95,155,75,80,41,26,15
26336,la araucanía,9,cautín,91,gorbea,9107,19,191,91,100,155,75,80,36,16,20
26337,la araucanía,9,cautín,91,gorbea,9107,20,183,77,106,150,63,87,33,14,19
26338,la araucanía,9,cautín,91,gorbea,9107,21,204,91,113,163,72,91,41,19,22
26339,la araucanía,9,cautín,91,gorbea,9107,22,195,93,102,164,82,82,31,11,20
26340,la araucanía,9,cautín,91,gorbea,9107,23,180,82,98,153,69,84,27,13,14
26341,la araucanía,9,cautín,91,gorbea,9107,24,209,89,120,170,72,98,39,17,22
26342,la araucanía,9,cautín,91,gorbea,9107,25,212,98,114,165,73,92,47,25,22
26343,la araucanía,9,cautín,91,gorbea,9107,26,192,94,98,141,69,72,51,25,26
26344,la araucanía,9,cautín,91,gorbea,9107,27,207,89,118,164,70,94,43,19,24
26345,la araucanía,9,cautín,91,gorbea,9107,28,188,92,96,149,73,76,39,19,20
26346,la araucanía,9,cautín,91,gorbea,9107,29,175,75,100,136,58,78,39,17,22
26347,la araucanía,9,cautín,91,gorbea,9107,30,184,96,88,140,76,64,44,20,24
26348,la araucanía,9,cautín,91,gorbea,9107,31,176,79,97,134,57,77,42,22,20
26349,la araucanía,9,cautín,91,gorbea,9107,32,162,80,82,123,56,67,39,24,15
26350,la araucanía,9,cautín,91,gorbea,9107,33,172,91,81,127,69,58,45,22,23
26351,la araucanía,9,cautín,91,gorbea,9107,34,169,83,86,127,61,66,42,22,20
26352,la araucanía,9,cautín,91,gorbea,9107,35,170,77,93,125,56,69,45,21,24
26353,la araucanía,9,cautín,91,gorbea,9107,36,161,72,89,123,53,70,38,19,19
26354,la araucanía,9,cautín,91,gorbea,9107,37,169,84,85,117,54,63,52,30,22
26355,la araucanía,9,cautín,91,gorbea,9107,38,180,95,85,136,73,63,44,22,22
26356,la araucanía,9,cautín,91,gorbea,9107,39,172,79,93,122,59,63,50,20,30
26357,la araucanía,9,cautín,91,gorbea,9107,40,153,80,73,112,57,55,41,23,18
26358,la araucanía,9,cautín,91,gorbea,9107,41,160,82,78,113,56,57,47,26,21
26359,la araucanía,9,cautín,91,gorbea,9107,42,167,76,91,117,43,74,50,33,17
26360,la araucanía,9,cautín,91,gorbea,9107,43,195,96,99,117,51,66,78,45,33
26361,la araucanía,9,cautín,91,gorbea,9107,44,196,95,101,130,58,72,66,37,29
26362,la araucanía,9,cautín,91,gorbea,9107,45,195,89,106,136,59,77,59,30,29
26363,la araucanía,9,cautín,91,gorbea,9107,46,192,86,106,126,56,70,66,30,36
26364,la araucanía,9,cautín,91,gorbea,9107,47,200,93,107,135,58,77,65,35,30
26365,la araucanía,9,cautín,91,gorbea,9107,48,211,99,112,146,77,69,65,22,43
26366,la araucanía,9,cautín,91,gorbea,9107,49,226,116,110,148,76,72,78,40,38
26367,la araucanía,9,cautín,91,gorbea,9107,50,220,98,122,144,61,83,76,37,39
26368,la araucanía,9,cautín,91,gorbea,9107,51,217,117,100,147,77,70,70,40,30
26369,la araucanía,9,cautín,91,gorbea,9107,52,207,95,112,146,65,81,61,30,31
26370,la araucanía,9,cautín,91,gorbea,9107,53,195,102,93,132,66,66,63,36,27
26371,la araucanía,9,cautín,91,gorbea,9107,54,216,105,111,149,63,86,67,42,25
26372,la araucanía,9,cautín,91,gorbea,9107,55,217,128,89,142,84,58,75,44,31
26373,la araucanía,9,cautín,91,gorbea,9107,56,202,107,95,130,69,61,72,38,34
26374,la araucanía,9,cautín,91,gorbea,9107,57,191,82,109,131,56,75,60,26,34
26375,la araucanía,9,cautín,91,gorbea,9107,58,205,103,102,124,55,69,81,48,33
26376,la araucanía,9,cautín,91,gorbea,9107,59,157,77,80,110,48,62,47,29,18
26377,la araucanía,9,cautín,91,gorbea,9107,60,192,97,95,121,62,59,71,35,36
26378,la araucanía,9,cautín,91,gorbea,9107,61,170,91,79,104,51,53,66,40,26
26379,la araucanía,9,cautín,91,gorbea,9107,62,135,63,72,82,32,50,53,31,22
26380,la araucanía,9,cautín,91,gorbea,9107,63,166,88,78,102,52,50,64,36,28
26381,la araucanía,9,cautín,91,gorbea,9107,64,160,79,81,91,42,49,69,37,32
26382,la araucanía,9,cautín,91,gorbea,9107,65,140,68,72,82,39,43,58,29,29
26383,la araucanía,9,cautín,91,gorbea,9107,66,152,74,78,106,48,58,46,26,20
26384,la araucanía,9,cautín,91,gorbea,9107,67,125,65,60,73,35,38,52,30,22
26385,la araucanía,9,cautín,91,gorbea,9107,68,135,71,64,71,35,36,64,36,28
26386,la araucanía,9,cautín,91,gorbea,9107,69,127,63,64,68,27,41,59,36,23
26387,la araucanía,9,cautín,91,gorbea,9107,70,139,68,71,80,36,44,59,32,27
26388,la araucanía,9,cautín,91,gorbea,9107,71,143,69,74,81,42,39,62,27,35
26389,la araucanía,9,cautín,91,gorbea,9107,72,123,49,74,78,27,51,45,22,23
26390,la araucanía,9,cautín,91,gorbea,9107,73,114,50,64,73,30,43,41,20,21
26391,la araucanía,9,cautín,91,gorbea,9107,74,107,56,51,71,37,34,36,19,17
26392,la araucanía,9,cautín,91,gorbea,9107,75,113,53,60,69,27,42,44,26,18
26393,la araucanía,9,cautín,91,gorbea,9107,76,99,41,58,62,22,40,37,19,18
26394,la araucanía,9,cautín,91,gorbea,9107,77,96,40,56,52,19,33,44,21,23
26395,la araucanía,9,cautín,91,gorbea,9107,78,102,40,62,57,17,40,45,23,22
26396,la araucanía,9,cautín,91,gorbea,9107,79,82,37,45,57,27,30,25,10,15
26397,la araucanía,9,cautín,91,gorbea,9107,80,69,31,38,43,15,28,26,16,10
26398,la araucanía,9,cautín,91,gorbea,9107,81,74,37,37,39,19,20,35,18,17
26399,la araucanía,9,cautín,91,gorbea,9107,82,57,24,33,36,13,23,21,11,10
26400,la araucanía,9,cautín,91,gorbea,9107,83,50,22,28,26,10,16,24,12,12
26401,la araucanía,9,cautín,91,gorbea,9107,84,47,24,23,28,14,14,19,10,9
26402,la araucanía,9,cautín,91,gorbea,9107,85,49,19,30,33,12,21,16,7,9
26403,la araucanía,9,cautín,91,gorbea,9107,86,47,17,30,29,10,19,18,7,11
26404,la araucanía,9,cautín,91,gorbea,9107,87,33,13,20,25,10,15,8,3,5
26405,la araucanía,9,cautín,91,gorbea,9107,88,37,18,19,24,9,15,13,9,4
26406,la araucanía,9,cautín,91,gorbea,9107,89,30,11,19,22,7,15,8,4,4
26407,la araucanía,9,cautín,91,gorbea,9107,90,23,7,16,13,3,10,10,4,6
26408,la araucanía,9,cautín,91,gorbea,9107,91,25,10,15,15,5,10,10,5,5
26409,la araucanía,9,cautín,91,gorbea,9107,92,22,7,15,17,6,11,5,1,4
26410,la araucanía,9,cautín,91,gorbea,9107,93,12,2,10,9,1,8,3,1,2
26411,la araucanía,9,cautín,91,gorbea,9107,94,12,4,8,7,2,5,5,2,3
26412,la araucanía,9,cautín,91,gorbea,9107,95,12,3,9,8,2,6,4,1,3
26413,la araucanía,9,cautín,91,gorbea,9107,96,5,2,3,3,1,2,2,1,1
26414,la araucanía,9,cautín,91,gorbea,9107,97,2,0,2,2,0,2,0,0,0
26415,la araucanía,9,cautín,91,gorbea,9107,98,5,1,4,3,0,3,2,1,1
26416,la araucanía,9,cautín,91,gorbea,9107,99,3,1,2,2,1,1,1,0,1
26417,la araucanía,9,cautín,91,gorbea,9107,100 o más,6,1,5,5,1,4,1,0,1
26418,la araucanía,9,cautín,91,lautaro,9108,total comuna,38013,18448,19565,27321,12916,14405,10692,5532,5160
26419,la araucanía,9,cautín,91,lautaro,9108,0,521,262,259,382,196,186,139,66,73
26420,la araucanía,9,cautín,91,lautaro,9108,1,566,308,258,410,228,182,156,80,76
26421,la araucanía,9,cautín,91,lautaro,9108,2,591,293,298,426,211,215,165,82,83
26422,la araucanía,9,cautín,91,lautaro,9108,3,541,267,274,400,194,206,141,73,68
26423,la araucanía,9,cautín,91,lautaro,9108,4,572,288,284,403,208,195,169,80,89
26424,la araucanía,9,cautín,91,lautaro,9108,5,560,278,282,424,206,218,136,72,64
26425,la araucanía,9,cautín,91,lautaro,9108,6,606,295,311,436,203,233,170,92,78
26426,la araucanía,9,cautín,91,lautaro,9108,7,571,279,292,422,202,220,149,77,72
26427,la araucanía,9,cautín,91,lautaro,9108,8,593,282,311,441,200,241,152,82,70
26428,la araucanía,9,cautín,91,lautaro,9108,9,561,284,277,385,188,197,176,96,80
26429,la araucanía,9,cautín,91,lautaro,9108,10,516,259,257,381,183,198,135,76,59
26430,la araucanía,9,cautín,91,lautaro,9108,11,608,324,284,428,226,202,180,98,82
26431,la araucanía,9,cautín,91,lautaro,9108,12,539,264,275,393,195,198,146,69,77
26432,la araucanía,9,cautín,91,lautaro,9108,13,568,292,276,405,214,191,163,78,85
26433,la araucanía,9,cautín,91,lautaro,9108,14,526,277,249,379,194,185,147,83,64
26434,la araucanía,9,cautín,91,lautaro,9108,15,557,289,268,402,208,194,155,81,74
26435,la araucanía,9,cautín,91,lautaro,9108,16,587,292,295,445,214,231,142,78,64
26436,la araucanía,9,cautín,91,lautaro,9108,17,562,290,272,417,216,201,145,74,71
26437,la araucanía,9,cautín,91,lautaro,9108,18,581,293,288,436,213,223,145,80,65
26438,la araucanía,9,cautín,91,lautaro,9108,19,583,303,280,447,228,219,136,75,61
26439,la araucanía,9,cautín,91,lautaro,9108,20,585,280,305,445,209,236,140,71,69
26440,la araucanía,9,cautín,91,lautaro,9108,21,547,270,277,427,205,222,120,65,55
26441,la araucanía,9,cautín,91,lautaro,9108,22,577,261,316,433,195,238,144,66,78
26442,la araucanía,9,cautín,91,lautaro,9108,23,613,298,315,456,223,233,157,75,82
26443,la araucanía,9,cautín,91,lautaro,9108,24,612,303,309,450,220,230,162,83,79
26444,la araucanía,9,cautín,91,lautaro,9108,25,592,277,315,451,213,238,141,64,77
26445,la araucanía,9,cautín,91,lautaro,9108,26,607,268,339,471,206,265,136,62,74
26446,la araucanía,9,cautín,91,lautaro,9108,27,587,299,288,424,220,204,163,79,84
26447,la araucanía,9,cautín,91,lautaro,9108,28,559,278,281,425,214,211,134,64,70
26448,la araucanía,9,cautín,91,lautaro,9108,29,525,262,263,399,199,200,126,63,63
26449,la araucanía,9,cautín,91,lautaro,9108,30,515,250,265,397,194,203,118,56,62
26450,la araucanía,9,cautín,91,lautaro,9108,31,505,247,258,383,184,199,122,63,59
26451,la araucanía,9,cautín,91,lautaro,9108,32,519,246,273,379,162,217,140,84,56
26452,la araucanía,9,cautín,91,lautaro,9108,33,531,237,294,403,176,227,128,61,67
26453,la araucanía,9,cautín,91,lautaro,9108,34,477,225,252,346,158,188,131,67,64
26454,la araucanía,9,cautín,91,lautaro,9108,35,510,251,259,365,180,185,145,71,74
26455,la araucanía,9,cautín,91,lautaro,9108,36,468,226,242,355,167,188,113,59,54
26456,la araucanía,9,cautín,91,lautaro,9108,37,459,226,233,329,152,177,130,74,56
26457,la araucanía,9,cautín,91,lautaro,9108,38,480,241,239,345,165,180,135,76,59
26458,la araucanía,9,cautín,91,lautaro,9108,39,468,235,233,331,167,164,137,68,69
26459,la araucanía,9,cautín,91,lautaro,9108,40,481,225,256,351,158,193,130,67,63
26460,la araucanía,9,cautín,91,lautaro,9108,41,518,261,257,356,181,175,162,80,82
26461,la araucanía,9,cautín,91,lautaro,9108,42,548,253,295,395,174,221,153,79,74
26462,la araucanía,9,cautín,91,lautaro,9108,43,541,268,273,392,182,210,149,86,63
26463,la araucanía,9,cautín,91,lautaro,9108,44,581,298,283,435,215,220,146,83,63
26464,la araucanía,9,cautín,91,lautaro,9108,45,526,246,280,362,165,197,164,81,83
26465,la araucanía,9,cautín,91,lautaro,9108,46,523,239,284,359,148,211,164,91,73
26466,la araucanía,9,cautín,91,lautaro,9108,47,535,261,274,387,191,196,148,70,78
26467,la araucanía,9,cautín,91,lautaro,9108,48,504,238,266,369,160,209,135,78,57
26468,la araucanía,9,cautín,91,lautaro,9108,49,520,263,257,371,176,195,149,87,62
26469,la araucanía,9,cautín,91,lautaro,9108,50,496,229,267,352,164,188,144,65,79
26470,la araucanía,9,cautín,91,lautaro,9108,51,506,260,246,355,178,177,151,82,69
26471,la araucanía,9,cautín,91,lautaro,9108,52,484,229,255,349,157,192,135,72,63
26472,la araucanía,9,cautín,91,lautaro,9108,53,431,204,227,302,139,163,129,65,64
26473,la araucanía,9,cautín,91,lautaro,9108,54,460,239,221,321,163,158,139,76,63
26474,la araucanía,9,cautín,91,lautaro,9108,55,419,201,218,296,139,157,123,62,61
26475,la araucanía,9,cautín,91,lautaro,9108,56,466,202,264,316,130,186,150,72,78
26476,la araucanía,9,cautín,91,lautaro,9108,57,386,182,204,268,110,158,118,72,46
26477,la araucanía,9,cautín,91,lautaro,9108,58,413,190,223,280,130,150,133,60,73
26478,la araucanía,9,cautín,91,lautaro,9108,59,410,206,204,286,137,149,124,69,55
26479,la araucanía,9,cautín,91,lautaro,9108,60,417,204,213,303,139,164,114,65,49
26480,la araucanía,9,cautín,91,lautaro,9108,61,359,173,186,247,123,124,112,50,62
26481,la araucanía,9,cautín,91,lautaro,9108,62,344,164,180,233,108,125,111,56,55
26482,la araucanía,9,cautín,91,lautaro,9108,63,308,145,163,197,83,114,111,62,49
26483,la araucanía,9,cautín,91,lautaro,9108,64,337,159,178,229,103,126,108,56,52
26484,la araucanía,9,cautín,91,lautaro,9108,65,299,150,149,204,97,107,95,53,42
26485,la araucanía,9,cautín,91,lautaro,9108,66,274,132,142,180,81,99,94,51,43
26486,la araucanía,9,cautín,91,lautaro,9108,67,248,112,136,167,75,92,81,37,44
26487,la araucanía,9,cautín,91,lautaro,9108,68,258,136,122,171,82,89,87,54,33
26488,la araucanía,9,cautín,91,lautaro,9108,69,280,136,144,182,84,98,98,52,46
26489,la araucanía,9,cautín,91,lautaro,9108,70,259,118,141,179,82,97,80,36,44
26490,la araucanía,9,cautín,91,lautaro,9108,71,310,155,155,203,97,106,107,58,49
26491,la araucanía,9,cautín,91,lautaro,9108,72,227,97,130,143,54,89,84,43,41
26492,la araucanía,9,cautín,91,lautaro,9108,73,194,76,118,115,37,78,79,39,40
26493,la araucanía,9,cautín,91,lautaro,9108,74,212,107,105,136,59,77,76,48,28
26494,la araucanía,9,cautín,91,lautaro,9108,75,172,81,91,105,40,65,67,41,26
26495,la araucanía,9,cautín,91,lautaro,9108,76,175,77,98,113,45,68,62,32,30
26496,la araucanía,9,cautín,91,lautaro,9108,77,169,71,98,111,46,65,58,25,33
26497,la araucanía,9,cautín,91,lautaro,9108,78,161,64,97,110,37,73,51,27,24
26498,la araucanía,9,cautín,91,lautaro,9108,79,162,76,86,104,43,61,58,33,25
26499,la araucanía,9,cautín,91,lautaro,9108,80,106,39,67,64,19,45,42,20,22
26500,la araucanía,9,cautín,91,lautaro,9108,81,120,53,67,77,30,47,43,23,20
26501,la araucanía,9,cautín,91,lautaro,9108,82,119,60,59,82,45,37,37,15,22
26502,la araucanía,9,cautín,91,lautaro,9108,83,118,43,75,76,28,48,42,15,27
26503,la araucanía,9,cautín,91,lautaro,9108,84,92,39,53,59,23,36,33,16,17
26504,la araucanía,9,cautín,91,lautaro,9108,85,83,41,42,66,33,33,17,8,9
26505,la araucanía,9,cautín,91,lautaro,9108,86,83,27,56,57,18,39,26,9,17
26506,la araucanía,9,cautín,91,lautaro,9108,87,70,25,45,46,16,30,24,9,15
26507,la araucanía,9,cautín,91,lautaro,9108,88,55,18,37,38,9,29,17,9,8
26508,la araucanía,9,cautín,91,lautaro,9108,89,39,17,22,29,11,18,10,6,4
26509,la araucanía,9,cautín,91,lautaro,9108,90,30,13,17,21,8,13,9,5,4
26510,la araucanía,9,cautín,91,lautaro,9108,91,40,11,29,25,5,20,15,6,9
26511,la araucanía,9,cautín,91,lautaro,9108,92,24,9,15,17,5,12,7,4,3
26512,la araucanía,9,cautín,91,lautaro,9108,93,16,5,11,8,2,6,8,3,5
26513,la araucanía,9,cautín,91,lautaro,9108,94,16,7,9,13,6,7,3,1,2
26514,la araucanía,9,cautín,91,lautaro,9108,95,9,2,7,9,2,7,0,0,0
26515,la araucanía,9,cautín,91,lautaro,9108,96,12,1,11,8,1,7,4,0,4
26516,la araucanía,9,cautín,91,lautaro,9108,97,12,7,5,7,4,3,5,3,2
26517,la araucanía,9,cautín,91,lautaro,9108,98,2,0,2,2,0,2,0,0,0
26518,la araucanía,9,cautín,91,lautaro,9108,99,1,0,1,1,0,1,0,0,0
26519,la araucanía,9,cautín,91,lautaro,9108,100 o más,8,5,3,6,3,3,2,2,0
26520,la araucanía,9,cautín,91,loncoche,9109,total comuna,23612,11502,12110,16592,7868,8724,7020,3634,3386
26521,la araucanía,9,cautín,91,loncoche,9109,0,291,143,148,216,115,101,75,28,47
26522,la araucanía,9,cautín,91,loncoche,9109,1,278,153,125,218,123,95,60,30,30
26523,la araucanía,9,cautín,91,loncoche,9109,2,335,170,165,258,128,130,77,42,35
26524,la araucanía,9,cautín,91,loncoche,9109,3,334,164,170,269,136,133,65,28,37
26525,la araucanía,9,cautín,91,loncoche,9109,4,330,166,164,255,124,131,75,42,33
26526,la araucanía,9,cautín,91,loncoche,9109,5,350,182,168,282,142,140,68,40,28
26527,la araucanía,9,cautín,91,loncoche,9109,6,349,167,182,260,125,135,89,42,47
26528,la araucanía,9,cautín,91,loncoche,9109,7,380,201,179,290,150,140,90,51,39
26529,la araucanía,9,cautín,91,loncoche,9109,8,337,158,179,256,119,137,81,39,42
26530,la araucanía,9,cautín,91,loncoche,9109,9,374,179,195,281,131,150,93,48,45
26531,la araucanía,9,cautín,91,loncoche,9109,10,329,173,156,248,124,124,81,49,32
26532,la araucanía,9,cautín,91,loncoche,9109,11,338,156,182,241,106,135,97,50,47
26533,la araucanía,9,cautín,91,loncoche,9109,12,348,190,158,248,141,107,100,49,51
26534,la araucanía,9,cautín,91,loncoche,9109,13,333,170,163,251,125,126,82,45,37
26535,la araucanía,9,cautín,91,loncoche,9109,14,316,150,166,229,109,120,87,41,46
26536,la araucanía,9,cautín,91,loncoche,9109,15,365,185,180,262,128,134,103,57,46
26537,la araucanía,9,cautín,91,loncoche,9109,16,358,182,176,278,134,144,80,48,32
26538,la araucanía,9,cautín,91,loncoche,9109,17,329,191,138,244,136,108,85,55,30
26539,la araucanía,9,cautín,91,loncoche,9109,18,315,163,152,228,112,116,87,51,36
26540,la araucanía,9,cautín,91,loncoche,9109,19,306,160,146,240,127,113,66,33,33
26541,la araucanía,9,cautín,91,loncoche,9109,20,281,135,146,224,108,116,57,27,30
26542,la araucanía,9,cautín,91,loncoche,9109,21,277,134,143,213,100,113,64,34,30
26543,la araucanía,9,cautín,91,loncoche,9109,22,295,140,155,231,109,122,64,31,33
26544,la araucanía,9,cautín,91,loncoche,9109,23,280,142,138,219,105,114,61,37,24
26545,la araucanía,9,cautín,91,loncoche,9109,24,274,125,149,229,104,125,45,21,24
26546,la araucanía,9,cautín,91,loncoche,9109,25,301,144,157,229,111,118,72,33,39
26547,la araucanía,9,cautín,91,loncoche,9109,26,314,176,138,246,141,105,68,35,33
26548,la araucanía,9,cautín,91,loncoche,9109,27,301,128,173,241,102,139,60,26,34
26549,la araucanía,9,cautín,91,loncoche,9109,28,305,136,169,238,105,133,67,31,36
26550,la araucanía,9,cautín,91,loncoche,9109,29,278,145,133,217,115,102,61,30,31
26551,la araucanía,9,cautín,91,loncoche,9109,30,285,132,153,228,103,125,57,29,28
26552,la araucanía,9,cautín,91,loncoche,9109,31,275,131,144,206,99,107,69,32,37
26553,la araucanía,9,cautín,91,loncoche,9109,32,275,114,161,206,81,125,69,33,36
26554,la araucanía,9,cautín,91,loncoche,9109,33,276,122,154,204,88,116,72,34,38
26555,la araucanía,9,cautín,91,loncoche,9109,34,328,153,175,260,123,137,68,30,38
26556,la araucanía,9,cautín,91,loncoche,9109,35,332,145,187,247,100,147,85,45,40
26557,la araucanía,9,cautín,91,loncoche,9109,36,275,121,154,213,90,123,62,31,31
26558,la araucanía,9,cautín,91,loncoche,9109,37,314,152,162,225,108,117,89,44,45
26559,la araucanía,9,cautín,91,loncoche,9109,38,253,109,144,204,84,120,49,25,24
26560,la araucanía,9,cautín,91,loncoche,9109,39,266,122,144,178,82,96,88,40,48
26561,la araucanía,9,cautín,91,loncoche,9109,40,267,123,144,190,86,104,77,37,40
26562,la araucanía,9,cautín,91,loncoche,9109,41,299,143,156,206,103,103,93,40,53
26563,la araucanía,9,cautín,91,loncoche,9109,42,340,166,174,231,109,122,109,57,52
26564,la araucanía,9,cautín,91,loncoche,9109,43,332,178,154,229,116,113,103,62,41
26565,la araucanía,9,cautín,91,loncoche,9109,44,339,170,169,232,111,121,107,59,48
26566,la araucanía,9,cautín,91,loncoche,9109,45,305,151,154,221,110,111,84,41,43
26567,la araucanía,9,cautín,91,loncoche,9109,46,299,161,138,193,97,96,106,64,42
26568,la araucanía,9,cautín,91,loncoche,9109,47,317,151,166,224,103,121,93,48,45
26569,la araucanía,9,cautín,91,loncoche,9109,48,285,152,133,194,99,95,91,53,38
26570,la araucanía,9,cautín,91,loncoche,9109,49,317,151,166,219,104,115,98,47,51
26571,la araucanía,9,cautín,91,loncoche,9109,50,351,176,175,228,114,114,123,62,61
26572,la araucanía,9,cautín,91,loncoche,9109,51,355,158,197,253,106,147,102,52,50
26573,la araucanía,9,cautín,91,loncoche,9109,52,338,181,157,229,112,117,109,69,40
26574,la araucanía,9,cautín,91,loncoche,9109,53,349,168,181,221,102,119,128,66,62
26575,la araucanía,9,cautín,91,loncoche,9109,54,339,169,170,227,111,116,112,58,54
26576,la araucanía,9,cautín,91,loncoche,9109,55,339,175,164,226,118,108,113,57,56
26577,la araucanía,9,cautín,91,loncoche,9109,56,312,155,157,194,90,104,118,65,53
26578,la araucanía,9,cautín,91,loncoche,9109,57,289,133,156,180,80,100,109,53,56
26579,la araucanía,9,cautín,91,loncoche,9109,58,296,150,146,193,87,106,103,63,40
26580,la araucanía,9,cautín,91,loncoche,9109,59,278,126,152,167,70,97,111,56,55
26581,la araucanía,9,cautín,91,loncoche,9109,60,294,150,144,193,104,89,101,46,55
26582,la araucanía,9,cautín,91,loncoche,9109,61,252,125,127,142,73,69,110,52,58
26583,la araucanía,9,cautín,91,loncoche,9109,62,244,121,123,166,78,88,78,43,35
26584,la araucanía,9,cautín,91,loncoche,9109,63,230,120,110,144,66,78,86,54,32
26585,la araucanía,9,cautín,91,loncoche,9109,64,258,123,135,153,70,83,105,53,52
26586,la araucanía,9,cautín,91,loncoche,9109,65,252,133,119,144,65,79,108,68,40
26587,la araucanía,9,cautín,91,loncoche,9109,66,227,104,123,138,61,77,89,43,46
26588,la araucanía,9,cautín,91,loncoche,9109,67,229,103,126,141,61,80,88,42,46
26589,la araucanía,9,cautín,91,loncoche,9109,68,205,96,109,114,51,63,91,45,46
26590,la araucanía,9,cautín,91,loncoche,9109,69,214,103,111,137,64,73,77,39,38
26591,la araucanía,9,cautín,91,loncoche,9109,70,180,91,89,95,46,49,85,45,40
26592,la araucanía,9,cautín,91,loncoche,9109,71,165,87,78,98,53,45,67,34,33
26593,la araucanía,9,cautín,91,loncoche,9109,72,176,84,92,100,42,58,76,42,34
26594,la araucanía,9,cautín,91,loncoche,9109,73,167,78,89,94,38,56,73,40,33
26595,la araucanía,9,cautín,91,loncoche,9109,74,160,72,88,100,40,60,60,32,28
26596,la araucanía,9,cautín,91,loncoche,9109,75,157,71,86,83,33,50,74,38,36
26597,la araucanía,9,cautín,91,loncoche,9109,76,131,67,64,70,34,36,61,33,28
26598,la araucanía,9,cautín,91,loncoche,9109,77,129,54,75,80,30,50,49,24,25
26599,la araucanía,9,cautín,91,loncoche,9109,78,126,60,66,73,29,44,53,31,22
26600,la araucanía,9,cautín,91,loncoche,9109,79,116,52,64,61,21,40,55,31,24
26601,la araucanía,9,cautín,91,loncoche,9109,80,99,49,50,60,25,35,39,24,15
26602,la araucanía,9,cautín,91,loncoche,9109,81,127,48,79,68,25,43,59,23,36
26603,la araucanía,9,cautín,91,loncoche,9109,82,82,33,49,44,12,32,38,21,17
26604,la araucanía,9,cautín,91,loncoche,9109,83,60,27,33,32,13,19,28,14,14
26605,la araucanía,9,cautín,91,loncoche,9109,84,91,32,59,52,20,32,39,12,27
26606,la araucanía,9,cautín,91,loncoche,9109,85,67,29,38,37,16,21,30,13,17
26607,la araucanía,9,cautín,91,loncoche,9109,86,50,25,25,29,13,16,21,12,9
26608,la araucanía,9,cautín,91,loncoche,9109,87,63,27,36,42,16,26,21,11,10
26609,la araucanía,9,cautín,91,loncoche,9109,88,53,25,28,36,18,18,17,7,10
26610,la araucanía,9,cautín,91,loncoche,9109,89,33,12,21,17,3,14,16,9,7
26611,la araucanía,9,cautín,91,loncoche,9109,90,29,15,14,16,7,9,13,8,5
26612,la araucanía,9,cautín,91,loncoche,9109,91,22,11,11,12,6,6,10,5,5
26613,la araucanía,9,cautín,91,loncoche,9109,92,26,5,21,13,1,12,13,4,9
26614,la araucanía,9,cautín,91,loncoche,9109,93,16,5,11,7,2,5,9,3,6
26615,la araucanía,9,cautín,91,loncoche,9109,94,14,8,6,7,4,3,7,4,3
26616,la araucanía,9,cautín,91,loncoche,9109,95,10,2,8,9,2,7,1,0,1
26617,la araucanía,9,cautín,91,loncoche,9109,96,13,3,10,6,2,4,7,1,6
26618,la araucanía,9,cautín,91,loncoche,9109,97,9,1,8,6,1,5,3,0,3
26619,la araucanía,9,cautín,91,loncoche,9109,98,2,2,0,1,1,0,1,1,0
26620,la araucanía,9,cautín,91,loncoche,9109,99,1,0,1,0,0,0,1,0,1
26621,la araucanía,9,cautín,91,loncoche,9109,100 o más,7,3,4,3,1,2,4,2,2
26622,la araucanía,9,cautín,91,melipeuco,9110,total comuna,6138,3091,3047,2807,1343,1464,3331,1748,1583
26623,la araucanía,9,cautín,91,melipeuco,9110,0,67,32,35,28,13,15,39,19,20
26624,la araucanía,9,cautín,91,melipeuco,9110,1,69,41,28,32,17,15,37,24,13
26625,la araucanía,9,cautín,91,melipeuco,9110,2,89,46,43,41,24,17,48,22,26
26626,la araucanía,9,cautín,91,melipeuco,9110,3,59,36,23,29,16,13,30,20,10
26627,la araucanía,9,cautín,91,melipeuco,9110,4,88,43,45,41,21,20,47,22,25
26628,la araucanía,9,cautín,91,melipeuco,9110,5,85,47,38,44,25,19,41,22,19
26629,la araucanía,9,cautín,91,melipeuco,9110,6,91,44,47,48,27,21,43,17,26
26630,la araucanía,9,cautín,91,melipeuco,9110,7,87,48,39,41,19,22,46,29,17
26631,la araucanía,9,cautín,91,melipeuco,9110,8,98,48,50,40,24,16,58,24,34
26632,la araucanía,9,cautín,91,melipeuco,9110,9,80,37,43,49,23,26,31,14,17
26633,la araucanía,9,cautín,91,melipeuco,9110,10,100,55,45,57,32,25,43,23,20
26634,la araucanía,9,cautín,91,melipeuco,9110,11,85,37,48,41,18,23,44,19,25
26635,la araucanía,9,cautín,91,melipeuco,9110,12,78,34,44,35,15,20,43,19,24
26636,la araucanía,9,cautín,91,melipeuco,9110,13,73,38,35,38,18,20,35,20,15
26637,la araucanía,9,cautín,91,melipeuco,9110,14,74,39,35,41,21,20,33,18,15
26638,la araucanía,9,cautín,91,melipeuco,9110,15,71,41,30,41,22,19,30,19,11
26639,la araucanía,9,cautín,91,melipeuco,9110,16,87,40,47,48,19,29,39,21,18
26640,la araucanía,9,cautín,91,melipeuco,9110,17,76,47,29,42,25,17,34,22,12
26641,la araucanía,9,cautín,91,melipeuco,9110,18,61,25,36,35,17,18,26,8,18
26642,la araucanía,9,cautín,91,melipeuco,9110,19,78,43,35,38,20,18,40,23,17
26643,la araucanía,9,cautín,91,melipeuco,9110,20,81,42,39,47,26,21,34,16,18
26644,la araucanía,9,cautín,91,melipeuco,9110,21,80,40,40,39,19,20,41,21,20
26645,la araucanía,9,cautín,91,melipeuco,9110,22,74,37,37,45,20,25,29,17,12
26646,la araucanía,9,cautín,91,melipeuco,9110,23,57,29,28,23,10,13,34,19,15
26647,la araucanía,9,cautín,91,melipeuco,9110,24,79,35,44,47,23,24,32,12,20
26648,la araucanía,9,cautín,91,melipeuco,9110,25,66,32,34,40,18,22,26,14,12
26649,la araucanía,9,cautín,91,melipeuco,9110,26,69,42,27,42,26,16,27,16,11
26650,la araucanía,9,cautín,91,melipeuco,9110,27,96,46,50,48,19,29,48,27,21
26651,la araucanía,9,cautín,91,melipeuco,9110,28,91,38,53,54,19,35,37,19,18
26652,la araucanía,9,cautín,91,melipeuco,9110,29,61,24,37,30,12,18,31,12,19
26653,la araucanía,9,cautín,91,melipeuco,9110,30,81,39,42,42,17,25,39,22,17
26654,la araucanía,9,cautín,91,melipeuco,9110,31,73,36,37,36,16,20,37,20,17
26655,la araucanía,9,cautín,91,melipeuco,9110,32,75,41,34,37,18,19,38,23,15
26656,la araucanía,9,cautín,91,melipeuco,9110,33,68,33,35,37,18,19,31,15,16
26657,la araucanía,9,cautín,91,melipeuco,9110,34,73,32,41,37,18,19,36,14,22
26658,la araucanía,9,cautín,91,melipeuco,9110,35,84,42,42,38,22,16,46,20,26
26659,la araucanía,9,cautín,91,melipeuco,9110,36,78,36,42,41,19,22,37,17,20
26660,la araucanía,9,cautín,91,melipeuco,9110,37,66,29,37,41,16,25,25,13,12
26661,la araucanía,9,cautín,91,melipeuco,9110,38,63,34,29,30,15,15,33,19,14
26662,la araucanía,9,cautín,91,melipeuco,9110,39,56,36,20,31,22,9,25,14,11
26663,la araucanía,9,cautín,91,melipeuco,9110,40,82,40,42,34,9,25,48,31,17
26664,la araucanía,9,cautín,91,melipeuco,9110,41,78,37,41,44,24,20,34,13,21
26665,la araucanía,9,cautín,91,melipeuco,9110,42,80,38,42,45,19,26,35,19,16
26666,la araucanía,9,cautín,91,melipeuco,9110,43,102,51,51,50,20,30,52,31,21
26667,la araucanía,9,cautín,91,melipeuco,9110,44,85,49,36,30,15,15,55,34,21
26668,la araucanía,9,cautín,91,melipeuco,9110,45,84,32,52,47,18,29,37,14,23
26669,la araucanía,9,cautín,91,melipeuco,9110,46,97,48,49,41,18,23,56,30,26
26670,la araucanía,9,cautín,91,melipeuco,9110,47,67,34,33,33,14,19,34,20,14
26671,la araucanía,9,cautín,91,melipeuco,9110,48,81,39,42,29,8,21,52,31,21
26672,la araucanía,9,cautín,91,melipeuco,9110,49,90,31,59,34,8,26,56,23,33
26673,la araucanía,9,cautín,91,melipeuco,9110,50,90,48,42,36,20,16,54,28,26
26674,la araucanía,9,cautín,91,melipeuco,9110,51,82,50,32,36,24,12,46,26,20
26675,la araucanía,9,cautín,91,melipeuco,9110,52,73,38,35,37,19,18,36,19,17
26676,la araucanía,9,cautín,91,melipeuco,9110,53,73,41,32,28,17,11,45,24,21
26677,la araucanía,9,cautín,91,melipeuco,9110,54,95,55,40,42,23,19,53,32,21
26678,la araucanía,9,cautín,91,melipeuco,9110,55,79,38,41,29,13,16,50,25,25
26679,la araucanía,9,cautín,91,melipeuco,9110,56,93,50,43,46,20,26,47,30,17
26680,la araucanía,9,cautín,91,melipeuco,9110,57,76,33,43,31,12,19,45,21,24
26681,la araucanía,9,cautín,91,melipeuco,9110,58,70,35,35,23,11,12,47,24,23
26682,la araucanía,9,cautín,91,melipeuco,9110,59,74,43,31,23,15,8,51,28,23
26683,la araucanía,9,cautín,91,melipeuco,9110,60,81,44,37,32,15,17,49,29,20
26684,la araucanía,9,cautín,91,melipeuco,9110,61,63,30,33,26,11,15,37,19,18
26685,la araucanía,9,cautín,91,melipeuco,9110,62,65,30,35,19,7,12,46,23,23
26686,la araucanía,9,cautín,91,melipeuco,9110,63,80,43,37,32,15,17,48,28,20
26687,la araucanía,9,cautín,91,melipeuco,9110,64,56,26,30,15,7,8,41,19,22
26688,la araucanía,9,cautín,91,melipeuco,9110,65,63,39,24,19,10,9,44,29,15
26689,la araucanía,9,cautín,91,melipeuco,9110,66,72,38,34,33,20,13,39,18,21
26690,la araucanía,9,cautín,91,melipeuco,9110,67,57,27,30,15,6,9,42,21,21
26691,la araucanía,9,cautín,91,melipeuco,9110,68,65,38,27,23,10,13,42,28,14
26692,la araucanía,9,cautín,91,melipeuco,9110,69,73,40,33,23,10,13,50,30,20
26693,la araucanía,9,cautín,91,melipeuco,9110,70,61,30,31,25,11,14,36,19,17
26694,la araucanía,9,cautín,91,melipeuco,9110,71,44,26,18,19,11,8,25,15,10
26695,la araucanía,9,cautín,91,melipeuco,9110,72,60,33,27,21,10,11,39,23,16
26696,la araucanía,9,cautín,91,melipeuco,9110,73,63,30,33,24,9,15,39,21,18
26697,la araucanía,9,cautín,91,melipeuco,9110,74,38,21,17,15,8,7,23,13,10
26698,la araucanía,9,cautín,91,melipeuco,9110,75,47,24,23,14,9,5,33,15,18
26699,la araucanía,9,cautín,91,melipeuco,9110,76,48,24,24,21,8,13,27,16,11
26700,la araucanía,9,cautín,91,melipeuco,9110,77,44,23,21,13,7,6,31,16,15
26701,la araucanía,9,cautín,91,melipeuco,9110,78,30,15,15,9,4,5,21,11,10
26702,la araucanía,9,cautín,91,melipeuco,9110,79,44,19,25,15,7,8,29,12,17
26703,la araucanía,9,cautín,91,melipeuco,9110,80,36,16,20,8,3,5,28,13,15
26704,la araucanía,9,cautín,91,melipeuco,9110,81,26,11,15,11,6,5,15,5,10
26705,la araucanía,9,cautín,91,melipeuco,9110,82,22,8,14,8,2,6,14,6,8
26706,la araucanía,9,cautín,91,melipeuco,9110,83,19,9,10,6,3,3,13,6,7
26707,la araucanía,9,cautín,91,melipeuco,9110,84,29,16,13,7,4,3,22,12,10
26708,la araucanía,9,cautín,91,melipeuco,9110,85,23,9,14,5,2,3,18,7,11
26709,la araucanía,9,cautín,91,melipeuco,9110,86,21,11,10,4,3,1,17,8,9
26710,la araucanía,9,cautín,91,melipeuco,9110,87,14,8,6,6,1,5,8,7,1
26711,la araucanía,9,cautín,91,melipeuco,9110,88,20,11,9,6,1,5,14,10,4
26712,la araucanía,9,cautín,91,melipeuco,9110,89,9,5,4,4,2,2,5,3,2
26713,la araucanía,9,cautín,91,melipeuco,9110,90,13,3,10,5,0,5,8,3,5
26714,la araucanía,9,cautín,91,melipeuco,9110,91,9,3,6,2,0,2,7,3,4
26715,la araucanía,9,cautín,91,melipeuco,9110,92,8,1,7,4,1,3,4,0,4
26716,la araucanía,9,cautín,91,melipeuco,9110,93,6,2,4,2,1,1,4,1,3
26717,la araucanía,9,cautín,91,melipeuco,9110,94,1,0,1,0,0,0,1,0,1
26718,la araucanía,9,cautín,91,melipeuco,9110,95,1,0,1,1,0,1,0,0,0
26719,la araucanía,9,cautín,91,melipeuco,9110,96,1,1,0,1,1,0,0,0,0
26720,la araucanía,9,cautín,91,melipeuco,9110,97,5,2,3,1,1,0,4,1,3
26721,la araucanía,9,cautín,91,melipeuco,9110,98,0,0,0,0,0,0,0,0,0
26722,la araucanía,9,cautín,91,melipeuco,9110,99,2,1,1,1,1,0,1,0,1
26723,la araucanía,9,cautín,91,melipeuco,9110,100 o más,1,0,1,0,0,0,1,0,1
26724,la araucanía,9,cautín,91,nueva imperial,9111,total comuna,32510,15870,16640,18881,8888,9993,13629,6982,6647
26725,la araucanía,9,cautín,91,nueva imperial,9111,0,375,192,183,245,122,123,130,70,60
26726,la araucanía,9,cautín,91,nueva imperial,9111,1,420,198,222,277,134,143,143,64,79
26727,la araucanía,9,cautín,91,nueva imperial,9111,2,454,234,220,299,154,145,155,80,75
26728,la araucanía,9,cautín,91,nueva imperial,9111,3,417,206,211,254,127,127,163,79,84
26729,la araucanía,9,cautín,91,nueva imperial,9111,4,503,256,247,330,174,156,173,82,91
26730,la araucanía,9,cautín,91,nueva imperial,9111,5,453,210,243,271,121,150,182,89,93
26731,la araucanía,9,cautín,91,nueva imperial,9111,6,492,262,230,310,166,144,182,96,86
26732,la araucanía,9,cautín,91,nueva imperial,9111,7,500,248,252,301,162,139,199,86,113
26733,la araucanía,9,cautín,91,nueva imperial,9111,8,511,237,274,318,156,162,193,81,112
26734,la araucanía,9,cautín,91,nueva imperial,9111,9,505,282,223,323,180,143,182,102,80
26735,la araucanía,9,cautín,91,nueva imperial,9111,10,482,264,218,303,171,132,179,93,86
26736,la araucanía,9,cautín,91,nueva imperial,9111,11,470,252,218,284,148,136,186,104,82
26737,la araucanía,9,cautín,91,nueva imperial,9111,12,493,246,247,306,145,161,187,101,86
26738,la araucanía,9,cautín,91,nueva imperial,9111,13,519,248,271,339,164,175,180,84,96
26739,la araucanía,9,cautín,91,nueva imperial,9111,14,465,241,224,307,155,152,158,86,72
26740,la araucanía,9,cautín,91,nueva imperial,9111,15,501,254,247,312,161,151,189,93,96
26741,la araucanía,9,cautín,91,nueva imperial,9111,16,515,274,241,327,174,153,188,100,88
26742,la araucanía,9,cautín,91,nueva imperial,9111,17,462,235,227,287,136,151,175,99,76
26743,la araucanía,9,cautín,91,nueva imperial,9111,18,481,239,242,313,157,156,168,82,86
26744,la araucanía,9,cautín,91,nueva imperial,9111,19,473,228,245,303,146,157,170,82,88
26745,la araucanía,9,cautín,91,nueva imperial,9111,20,485,246,239,335,168,167,150,78,72
26746,la araucanía,9,cautín,91,nueva imperial,9111,21,460,234,226,311,159,152,149,75,74
26747,la araucanía,9,cautín,91,nueva imperial,9111,22,511,228,283,345,149,196,166,79,87
26748,la araucanía,9,cautín,91,nueva imperial,9111,23,448,199,249,319,146,173,129,53,76
26749,la araucanía,9,cautín,91,nueva imperial,9111,24,487,241,246,328,158,170,159,83,76
26750,la araucanía,9,cautín,91,nueva imperial,9111,25,449,210,239,309,139,170,140,71,69
26751,la araucanía,9,cautín,91,nueva imperial,9111,26,488,228,260,333,154,179,155,74,81
26752,la araucanía,9,cautín,91,nueva imperial,9111,27,455,234,221,312,163,149,143,71,72
26753,la araucanía,9,cautín,91,nueva imperial,9111,28,435,195,240,294,139,155,141,56,85
26754,la araucanía,9,cautín,91,nueva imperial,9111,29,422,212,210,278,139,139,144,73,71
26755,la araucanía,9,cautín,91,nueva imperial,9111,30,402,184,218,268,120,148,134,64,70
26756,la araucanía,9,cautín,91,nueva imperial,9111,31,403,175,228,256,112,144,147,63,84
26757,la araucanía,9,cautín,91,nueva imperial,9111,32,384,181,203,245,119,126,139,62,77
26758,la araucanía,9,cautín,91,nueva imperial,9111,33,415,200,215,268,117,151,147,83,64
26759,la araucanía,9,cautín,91,nueva imperial,9111,34,361,169,192,239,110,129,122,59,63
26760,la araucanía,9,cautín,91,nueva imperial,9111,35,414,207,207,276,128,148,138,79,59
26761,la araucanía,9,cautín,91,nueva imperial,9111,36,382,153,229,255,100,155,127,53,74
26762,la araucanía,9,cautín,91,nueva imperial,9111,37,349,160,189,217,101,116,132,59,73
26763,la araucanía,9,cautín,91,nueva imperial,9111,38,370,179,191,237,108,129,133,71,62
26764,la araucanía,9,cautín,91,nueva imperial,9111,39,378,172,206,230,97,133,148,75,73
26765,la araucanía,9,cautín,91,nueva imperial,9111,40,385,194,191,228,107,121,157,87,70
26766,la araucanía,9,cautín,91,nueva imperial,9111,41,380,184,196,225,93,132,155,91,64
26767,la araucanía,9,cautín,91,nueva imperial,9111,42,415,206,209,262,125,137,153,81,72
26768,la araucanía,9,cautín,91,nueva imperial,9111,43,461,218,243,280,133,147,181,85,96
26769,la araucanía,9,cautín,91,nueva imperial,9111,44,459,245,214,259,134,125,200,111,89
26770,la araucanía,9,cautín,91,nueva imperial,9111,45,405,205,200,237,117,120,168,88,80
26771,la araucanía,9,cautín,91,nueva imperial,9111,46,400,209,191,227,120,107,173,89,84
26772,la araucanía,9,cautín,91,nueva imperial,9111,47,421,204,217,234,109,125,187,95,92
26773,la araucanía,9,cautín,91,nueva imperial,9111,48,421,209,212,238,109,129,183,100,83
26774,la araucanía,9,cautín,91,nueva imperial,9111,49,418,215,203,226,103,123,192,112,80
26775,la araucanía,9,cautín,91,nueva imperial,9111,50,442,218,224,225,103,122,217,115,102
26776,la araucanía,9,cautín,91,nueva imperial,9111,51,400,192,208,205,91,114,195,101,94
26777,la araucanía,9,cautín,91,nueva imperial,9111,52,472,224,248,226,102,124,246,122,124
26778,la araucanía,9,cautín,91,nueva imperial,9111,53,391,192,199,204,97,107,187,95,92
26779,la araucanía,9,cautín,91,nueva imperial,9111,54,459,242,217,225,111,114,234,131,103
26780,la araucanía,9,cautín,91,nueva imperial,9111,55,404,189,215,208,94,114,196,95,101
26781,la araucanía,9,cautín,91,nueva imperial,9111,56,393,215,178,182,83,99,211,132,79
26782,la araucanía,9,cautín,91,nueva imperial,9111,57,366,176,190,160,69,91,206,107,99
26783,la araucanía,9,cautín,91,nueva imperial,9111,58,387,204,183,176,82,94,211,122,89
26784,la araucanía,9,cautín,91,nueva imperial,9111,59,361,178,183,148,57,91,213,121,92
26785,la araucanía,9,cautín,91,nueva imperial,9111,60,385,192,193,187,79,108,198,113,85
26786,la araucanía,9,cautín,91,nueva imperial,9111,61,335,145,190,159,58,101,176,87,89
26787,la araucanía,9,cautín,91,nueva imperial,9111,62,339,165,174,170,84,86,169,81,88
26788,la araucanía,9,cautín,91,nueva imperial,9111,63,321,147,174,128,50,78,193,97,96
26789,la araucanía,9,cautín,91,nueva imperial,9111,64,299,161,138,135,68,67,164,93,71
26790,la araucanía,9,cautín,91,nueva imperial,9111,65,267,134,133,134,59,75,133,75,58
26791,la araucanía,9,cautín,91,nueva imperial,9111,66,280,144,136,131,60,71,149,84,65
26792,la araucanía,9,cautín,91,nueva imperial,9111,67,282,149,133,128,62,66,154,87,67
26793,la araucanía,9,cautín,91,nueva imperial,9111,68,257,111,146,119,47,72,138,64,74
26794,la araucanía,9,cautín,91,nueva imperial,9111,69,272,146,126,122,57,65,150,89,61
26795,la araucanía,9,cautín,91,nueva imperial,9111,70,254,134,120,130,63,67,124,71,53
26796,la araucanía,9,cautín,91,nueva imperial,9111,71,229,107,122,85,37,48,144,70,74
26797,la araucanía,9,cautín,91,nueva imperial,9111,72,236,117,119,103,38,65,133,79,54
26798,la araucanía,9,cautín,91,nueva imperial,9111,73,245,111,134,113,46,67,132,65,67
26799,la araucanía,9,cautín,91,nueva imperial,9111,74,208,86,122,99,35,64,109,51,58
26800,la araucanía,9,cautín,91,nueva imperial,9111,75,178,88,90,78,33,45,100,55,45
26801,la araucanía,9,cautín,91,nueva imperial,9111,76,204,90,114,96,32,64,108,58,50
26802,la araucanía,9,cautín,91,nueva imperial,9111,77,181,86,95,74,38,36,107,48,59
26803,la araucanía,9,cautín,91,nueva imperial,9111,78,171,83,88,72,28,44,99,55,44
26804,la araucanía,9,cautín,91,nueva imperial,9111,79,139,69,70,56,28,28,83,41,42
26805,la araucanía,9,cautín,91,nueva imperial,9111,80,140,63,77,52,19,33,88,44,44
26806,la araucanía,9,cautín,91,nueva imperial,9111,81,142,58,84,58,22,36,84,36,48
26807,la araucanía,9,cautín,91,nueva imperial,9111,82,133,55,78,59,16,43,74,39,35
26808,la araucanía,9,cautín,91,nueva imperial,9111,83,109,50,59,40,17,23,69,33,36
26809,la araucanía,9,cautín,91,nueva imperial,9111,84,108,42,66,43,12,31,65,30,35
26810,la araucanía,9,cautín,91,nueva imperial,9111,85,65,25,40,31,8,23,34,17,17
26811,la araucanía,9,cautín,91,nueva imperial,9111,86,106,42,64,53,16,37,53,26,27
26812,la araucanía,9,cautín,91,nueva imperial,9111,87,89,33,56,40,15,25,49,18,31
26813,la araucanía,9,cautín,91,nueva imperial,9111,88,60,22,38,25,7,18,35,15,20
26814,la araucanía,9,cautín,91,nueva imperial,9111,89,43,15,28,17,7,10,26,8,18
26815,la araucanía,9,cautín,91,nueva imperial,9111,90,33,9,24,20,4,16,13,5,8
26816,la araucanía,9,cautín,91,nueva imperial,9111,91,39,12,27,16,5,11,23,7,16
26817,la araucanía,9,cautín,91,nueva imperial,9111,92,32,10,22,20,7,13,12,3,9
26818,la araucanía,9,cautín,91,nueva imperial,9111,93,20,8,12,9,3,6,11,5,6
26819,la araucanía,9,cautín,91,nueva imperial,9111,94,22,4,18,14,2,12,8,2,6
26820,la araucanía,9,cautín,91,nueva imperial,9111,95,19,8,11,9,3,6,10,5,5
26821,la araucanía,9,cautín,91,nueva imperial,9111,96,10,3,7,2,0,2,8,3,5
26822,la araucanía,9,cautín,91,nueva imperial,9111,97,12,5,7,7,3,4,5,2,3
26823,la araucanía,9,cautín,91,nueva imperial,9111,98,6,4,2,2,1,1,4,3,1
26824,la araucanía,9,cautín,91,nueva imperial,9111,99,1,1,0,0,0,0,1,1,0
26825,la araucanía,9,cautín,91,nueva imperial,9111,100 o más,10,4,6,6,1,5,4,3,1
26826,la araucanía,9,cautín,91,padre las casas,9112,total comuna,76126,36996,39130,45443,21367,24076,30683,15629,15054
26827,la araucanía,9,cautín,91,padre las casas,9112,0,1104,558,546,689,339,350,415,219,196
26828,la araucanía,9,cautín,91,padre las casas,9112,1,1111,573,538,649,329,320,462,244,218
26829,la araucanía,9,cautín,91,padre las casas,9112,2,1245,605,640,752,367,385,493,238,255
26830,la araucanía,9,cautín,91,padre las casas,9112,3,1094,585,509,648,339,309,446,246,200
26831,la araucanía,9,cautín,91,padre las casas,9112,4,1103,555,548,632,318,314,471,237,234
26832,la araucanía,9,cautín,91,padre las casas,9112,5,1229,642,587,754,398,356,475,244,231
26833,la araucanía,9,cautín,91,padre las casas,9112,6,1206,606,600,714,357,357,492,249,243
26834,la araucanía,9,cautín,91,padre las casas,9112,7,1211,641,570,713,359,354,498,282,216
26835,la araucanía,9,cautín,91,padre las casas,9112,8,1232,613,619,753,366,387,479,247,232
26836,la araucanía,9,cautín,91,padre las casas,9112,9,1154,584,570,693,350,343,461,234,227
26837,la araucanía,9,cautín,91,padre las casas,9112,10,1150,607,543,700,369,331,450,238,212
26838,la araucanía,9,cautín,91,padre las casas,9112,11,1167,595,572,702,352,350,465,243,222
26839,la araucanía,9,cautín,91,padre las casas,9112,12,1119,575,544,666,341,325,453,234,219
26840,la araucanía,9,cautín,91,padre las casas,9112,13,1138,570,568,681,340,341,457,230,227
26841,la araucanía,9,cautín,91,padre las casas,9112,14,1142,552,590,686,344,342,456,208,248
26842,la araucanía,9,cautín,91,padre las casas,9112,15,1144,587,557,657,337,320,487,250,237
26843,la araucanía,9,cautín,91,padre las casas,9112,16,1226,631,595,707,344,363,519,287,232
26844,la araucanía,9,cautín,91,padre las casas,9112,17,1154,591,563,687,350,337,467,241,226
26845,la araucanía,9,cautín,91,padre las casas,9112,18,1245,603,642,742,353,389,503,250,253
26846,la araucanía,9,cautín,91,padre las casas,9112,19,1267,631,636,783,390,393,484,241,243
26847,la araucanía,9,cautín,91,padre las casas,9112,20,1208,630,578,725,377,348,483,253,230
26848,la araucanía,9,cautín,91,padre las casas,9112,21,1273,649,624,756,366,390,517,283,234
26849,la araucanía,9,cautín,91,padre las casas,9112,22,1278,599,679,793,371,422,485,228,257
26850,la araucanía,9,cautín,91,padre las casas,9112,23,1269,649,620,786,392,394,483,257,226
26851,la araucanía,9,cautín,91,padre las casas,9112,24,1284,650,634,758,377,381,526,273,253
26852,la araucanía,9,cautín,91,padre las casas,9112,25,1252,624,628,777,384,393,475,240,235
26853,la araucanía,9,cautín,91,padre las casas,9112,26,1186,565,621,760,356,404,426,209,217
26854,la araucanía,9,cautín,91,padre las casas,9112,27,1230,590,640,793,362,431,437,228,209
26855,la araucanía,9,cautín,91,padre las casas,9112,28,1173,556,617,741,331,410,432,225,207
26856,la araucanía,9,cautín,91,padre las casas,9112,29,1057,523,534,681,332,349,376,191,185
26857,la araucanía,9,cautín,91,padre las casas,9112,30,1056,504,552,678,314,364,378,190,188
26858,la araucanía,9,cautín,91,padre las casas,9112,31,1091,517,574,684,304,380,407,213,194
26859,la araucanía,9,cautín,91,padre las casas,9112,32,1046,488,558,661,287,374,385,201,184
26860,la araucanía,9,cautín,91,padre las casas,9112,33,1054,518,536,649,320,329,405,198,207
26861,la araucanía,9,cautín,91,padre las casas,9112,34,1103,531,572,687,320,367,416,211,205
26862,la araucanía,9,cautín,91,padre las casas,9112,35,1088,515,573,701,329,372,387,186,201
26863,la araucanía,9,cautín,91,padre las casas,9112,36,968,464,504,578,276,302,390,188,202
26864,la araucanía,9,cautín,91,padre las casas,9112,37,992,484,508,646,314,332,346,170,176
26865,la araucanía,9,cautín,91,padre las casas,9112,38,962,481,481,595,278,317,367,203,164
26866,la araucanía,9,cautín,91,padre las casas,9112,39,955,460,495,595,270,325,360,190,170
26867,la araucanía,9,cautín,91,padre las casas,9112,40,923,421,502,535,222,313,388,199,189
26868,la araucanía,9,cautín,91,padre las casas,9112,41,1073,559,514,660,335,325,413,224,189
26869,la araucanía,9,cautín,91,padre las casas,9112,42,1033,476,557,666,298,368,367,178,189
26870,la araucanía,9,cautín,91,padre las casas,9112,43,1133,557,576,687,325,362,446,232,214
26871,la araucanía,9,cautín,91,padre las casas,9112,44,1101,531,570,654,293,361,447,238,209
26872,la araucanía,9,cautín,91,padre las casas,9112,45,1069,505,564,669,301,368,400,204,196
26873,la araucanía,9,cautín,91,padre las casas,9112,46,1068,518,550,640,312,328,428,206,222
26874,la araucanía,9,cautín,91,padre las casas,9112,47,1012,480,532,583,256,327,429,224,205
26875,la araucanía,9,cautín,91,padre las casas,9112,48,1024,469,555,640,282,358,384,187,197
26876,la araucanía,9,cautín,91,padre las casas,9112,49,1061,485,576,611,256,355,450,229,221
26877,la araucanía,9,cautín,91,padre las casas,9112,50,1012,501,511,626,294,332,386,207,179
26878,la araucanía,9,cautín,91,padre las casas,9112,51,1044,488,556,624,279,345,420,209,211
26879,la araucanía,9,cautín,91,padre las casas,9112,52,1028,505,523,625,288,337,403,217,186
26880,la araucanía,9,cautín,91,padre las casas,9112,53,970,485,485,584,279,305,386,206,180
26881,la araucanía,9,cautín,91,padre las casas,9112,54,954,480,474,577,267,310,377,213,164
26882,la araucanía,9,cautín,91,padre las casas,9112,55,878,402,476,530,235,295,348,167,181
26883,la araucanía,9,cautín,91,padre las casas,9112,56,848,409,439,518,238,280,330,171,159
26884,la araucanía,9,cautín,91,padre las casas,9112,57,801,403,398,495,234,261,306,169,137
26885,la araucanía,9,cautín,91,padre las casas,9112,58,743,354,389,429,191,238,314,163,151
26886,la araucanía,9,cautín,91,padre las casas,9112,59,729,348,381,421,195,226,308,153,155
26887,la araucanía,9,cautín,91,padre las casas,9112,60,692,329,363,387,169,218,305,160,145
26888,la araucanía,9,cautín,91,padre las casas,9112,61,683,305,378,378,151,227,305,154,151
26889,la araucanía,9,cautín,91,padre las casas,9112,62,655,291,364,391,163,228,264,128,136
26890,la araucanía,9,cautín,91,padre las casas,9112,63,618,285,333,353,156,197,265,129,136
26891,la araucanía,9,cautín,91,padre las casas,9112,64,618,272,346,335,150,185,283,122,161
26892,la araucanía,9,cautín,91,padre las casas,9112,65,559,251,308,311,137,174,248,114,134
26893,la araucanía,9,cautín,91,padre las casas,9112,66,493,235,258,250,108,142,243,127,116
26894,la araucanía,9,cautín,91,padre las casas,9112,67,481,222,259,258,104,154,223,118,105
26895,la araucanía,9,cautín,91,padre las casas,9112,68,462,211,251,257,124,133,205,87,118
26896,la araucanía,9,cautín,91,padre las casas,9112,69,430,210,220,242,107,135,188,103,85
26897,la araucanía,9,cautín,91,padre las casas,9112,70,457,224,233,226,97,129,231,127,104
26898,la araucanía,9,cautín,91,padre las casas,9112,71,406,174,232,214,85,129,192,89,103
26899,la araucanía,9,cautín,91,padre las casas,9112,72,373,178,195,202,89,113,171,89,82
26900,la araucanía,9,cautín,91,padre las casas,9112,73,338,152,186,180,70,110,158,82,76
26901,la araucanía,9,cautín,91,padre las casas,9112,74,341,150,191,187,74,113,154,76,78
26902,la araucanía,9,cautín,91,padre las casas,9112,75,311,149,162,144,56,88,167,93,74
26903,la araucanía,9,cautín,91,padre las casas,9112,76,288,115,173,144,56,88,144,59,85
26904,la araucanía,9,cautín,91,padre las casas,9112,77,296,135,161,138,51,87,158,84,74
26905,la araucanía,9,cautín,91,padre las casas,9112,78,273,118,155,136,50,86,137,68,69
26906,la araucanía,9,cautín,91,padre las casas,9112,79,226,86,140,102,33,69,124,53,71
26907,la araucanía,9,cautín,91,padre las casas,9112,80,231,100,131,90,32,58,141,68,73
26908,la araucanía,9,cautín,91,padre las casas,9112,81,202,93,109,92,39,53,110,54,56
26909,la araucanía,9,cautín,91,padre las casas,9112,82,172,65,107,83,28,55,89,37,52
26910,la araucanía,9,cautín,91,padre las casas,9112,83,156,54,102,74,22,52,82,32,50
26911,la araucanía,9,cautín,91,padre las casas,9112,84,138,60,78,60,24,36,78,36,42
26912,la araucanía,9,cautín,91,padre las casas,9112,85,137,51,86,58,23,35,79,28,51
26913,la araucanía,9,cautín,91,padre las casas,9112,86,94,34,60,42,12,30,52,22,30
26914,la araucanía,9,cautín,91,padre las casas,9112,87,103,30,73,52,15,37,51,15,36
26915,la araucanía,9,cautín,91,padre las casas,9112,88,86,27,59,48,11,37,38,16,22
26916,la araucanía,9,cautín,91,padre las casas,9112,89,73,24,49,38,9,29,35,15,20
26917,la araucanía,9,cautín,91,padre las casas,9112,90,58,16,42,32,7,25,26,9,17
26918,la araucanía,9,cautín,91,padre las casas,9112,91,51,18,33,28,6,22,23,12,11
26919,la araucanía,9,cautín,91,padre las casas,9112,92,36,13,23,21,7,14,15,6,9
26920,la araucanía,9,cautín,91,padre las casas,9112,93,33,9,24,19,5,14,14,4,10
26921,la araucanía,9,cautín,91,padre las casas,9112,94,27,12,15,13,5,8,14,7,7
26922,la araucanía,9,cautín,91,padre las casas,9112,95,16,5,11,11,3,8,5,2,3
26923,la araucanía,9,cautín,91,padre las casas,9112,96,16,5,11,10,3,7,6,2,4
26924,la araucanía,9,cautín,91,padre las casas,9112,97,7,2,5,4,1,3,3,1,2
26925,la araucanía,9,cautín,91,padre las casas,9112,98,5,3,2,2,1,1,3,2,1
26926,la araucanía,9,cautín,91,padre las casas,9112,99,1,0,1,0,0,0,1,0,1
26927,la araucanía,9,cautín,91,padre las casas,9112,100 o más,14,6,8,5,2,3,9,4,5
26928,la araucanía,9,cautín,91,perquenco,9113,total comuna,6905,3395,3510,3564,1706,1858,3341,1689,1652
26929,la araucanía,9,cautín,91,perquenco,9113,0,87,46,41,44,22,22,43,24,19
26930,la araucanía,9,cautín,91,perquenco,9113,1,96,49,47,53,30,23,43,19,24
26931,la araucanía,9,cautín,91,perquenco,9113,2,88,43,45,55,26,29,33,17,16
26932,la araucanía,9,cautín,91,perquenco,9113,3,117,53,64,58,27,31,59,26,33
26933,la araucanía,9,cautín,91,perquenco,9113,4,97,51,46,50,29,21,47,22,25
26934,la araucanía,9,cautín,91,perquenco,9113,5,93,51,42,40,22,18,53,29,24
26935,la araucanía,9,cautín,91,perquenco,9113,6,102,54,48,52,29,23,50,25,25
26936,la araucanía,9,cautín,91,perquenco,9113,7,116,52,64,61,31,30,55,21,34
26937,la araucanía,9,cautín,91,perquenco,9113,8,96,45,51,42,17,25,54,28,26
26938,la araucanía,9,cautín,91,perquenco,9113,9,100,45,55,52,23,29,48,22,26
26939,la araucanía,9,cautín,91,perquenco,9113,10,102,50,52,56,26,30,46,24,22
26940,la araucanía,9,cautín,91,perquenco,9113,11,97,48,49,45,20,25,52,28,24
26941,la araucanía,9,cautín,91,perquenco,9113,12,109,54,55,49,30,19,60,24,36
26942,la araucanía,9,cautín,91,perquenco,9113,13,100,48,52,51,22,29,49,26,23
26943,la araucanía,9,cautín,91,perquenco,9113,14,91,53,38,46,26,20,45,27,18
26944,la araucanía,9,cautín,91,perquenco,9113,15,101,48,53,62,31,31,39,17,22
26945,la araucanía,9,cautín,91,perquenco,9113,16,112,48,64,57,26,31,55,22,33
26946,la araucanía,9,cautín,91,perquenco,9113,17,116,56,60,66,31,35,50,25,25
26947,la araucanía,9,cautín,91,perquenco,9113,18,97,45,52,50,20,30,47,25,22
26948,la araucanía,9,cautín,91,perquenco,9113,19,93,47,46,55,27,28,38,20,18
26949,la araucanía,9,cautín,91,perquenco,9113,20,88,38,50,50,19,31,38,19,19
26950,la araucanía,9,cautín,91,perquenco,9113,21,100,47,53,59,31,28,41,16,25
26951,la araucanía,9,cautín,91,perquenco,9113,22,91,42,49,48,23,25,43,19,24
26952,la araucanía,9,cautín,91,perquenco,9113,23,93,43,50,63,30,33,30,13,17
26953,la araucanía,9,cautín,91,perquenco,9113,24,105,51,54,63,33,30,42,18,24
26954,la araucanía,9,cautín,91,perquenco,9113,25,99,51,48,51,28,23,48,23,25
26955,la araucanía,9,cautín,91,perquenco,9113,26,111,52,59,58,28,30,53,24,29
26956,la araucanía,9,cautín,91,perquenco,9113,27,100,48,52,58,24,34,42,24,18
26957,la araucanía,9,cautín,91,perquenco,9113,28,80,41,39,51,26,25,29,15,14
26958,la araucanía,9,cautín,91,perquenco,9113,29,85,41,44,49,24,25,36,17,19
26959,la araucanía,9,cautín,91,perquenco,9113,30,70,38,32,43,24,19,27,14,13
26960,la araucanía,9,cautín,91,perquenco,9113,31,82,37,45,39,17,22,43,20,23
26961,la araucanía,9,cautín,91,perquenco,9113,32,78,32,46,45,21,24,33,11,22
26962,la araucanía,9,cautín,91,perquenco,9113,33,67,35,32,37,21,16,30,14,16
26963,la araucanía,9,cautín,91,perquenco,9113,34,90,46,44,50,27,23,40,19,21
26964,la araucanía,9,cautín,91,perquenco,9113,35,83,43,40,48,21,27,35,22,13
26965,la araucanía,9,cautín,91,perquenco,9113,36,70,44,26,39,28,11,31,16,15
26966,la araucanía,9,cautín,91,perquenco,9113,37,74,35,39,45,20,25,29,15,14
26967,la araucanía,9,cautín,91,perquenco,9113,38,86,41,45,42,16,26,44,25,19
26968,la araucanía,9,cautín,91,perquenco,9113,39,81,34,47,42,13,29,39,21,18
26969,la araucanía,9,cautín,91,perquenco,9113,40,91,43,48,47,22,25,44,21,23
26970,la araucanía,9,cautín,91,perquenco,9113,41,102,56,46,53,28,25,49,28,21
26971,la araucanía,9,cautín,91,perquenco,9113,42,96,50,46,47,23,24,49,27,22
26972,la araucanía,9,cautín,91,perquenco,9113,43,98,43,55,47,17,30,51,26,25
26973,la araucanía,9,cautín,91,perquenco,9113,44,116,54,62,60,26,34,56,28,28
26974,la araucanía,9,cautín,91,perquenco,9113,45,97,48,49,59,29,30,38,19,19
26975,la araucanía,9,cautín,91,perquenco,9113,46,104,41,63,48,17,31,56,24,32
26976,la araucanía,9,cautín,91,perquenco,9113,47,102,48,54,42,22,20,60,26,34
26977,la araucanía,9,cautín,91,perquenco,9113,48,79,40,39,46,20,26,33,20,13
26978,la araucanía,9,cautín,91,perquenco,9113,49,101,49,52,49,23,26,52,26,26
26979,la araucanía,9,cautín,91,perquenco,9113,50,103,48,55,49,23,26,54,25,29
26980,la araucanía,9,cautín,91,perquenco,9113,51,94,55,39,44,26,18,50,29,21
26981,la araucanía,9,cautín,91,perquenco,9113,52,95,54,41,46,23,23,49,31,18
26982,la araucanía,9,cautín,91,perquenco,9113,53,109,55,54,47,25,22,62,30,32
26983,la araucanía,9,cautín,91,perquenco,9113,54,104,57,47,50,22,28,54,35,19
26984,la araucanía,9,cautín,91,perquenco,9113,55,79,39,40,34,17,17,45,22,23
26985,la araucanía,9,cautín,91,perquenco,9113,56,77,45,32,40,23,17,37,22,15
26986,la araucanía,9,cautín,91,perquenco,9113,57,82,37,45,35,13,22,47,24,23
26987,la araucanía,9,cautín,91,perquenco,9113,58,86,42,44,41,18,23,45,24,21
26988,la araucanía,9,cautín,91,perquenco,9113,59,86,49,37,44,23,21,42,26,16
26989,la araucanía,9,cautín,91,perquenco,9113,60,73,34,39,33,13,20,40,21,19
26990,la araucanía,9,cautín,91,perquenco,9113,61,84,39,45,40,17,23,44,22,22
26991,la araucanía,9,cautín,91,perquenco,9113,62,60,35,25,26,15,11,34,20,14
26992,la araucanía,9,cautín,91,perquenco,9113,63,60,32,28,30,10,20,30,22,8
26993,la araucanía,9,cautín,91,perquenco,9113,64,67,38,29,39,23,16,28,15,13
26994,la araucanía,9,cautín,91,perquenco,9113,65,70,34,36,37,18,19,33,16,17
26995,la araucanía,9,cautín,91,perquenco,9113,66,56,28,28,25,11,14,31,17,14
26996,la araucanía,9,cautín,91,perquenco,9113,67,59,29,30,22,9,13,37,20,17
26997,la araucanía,9,cautín,91,perquenco,9113,68,42,21,21,23,12,11,19,9,10
26998,la araucanía,9,cautín,91,perquenco,9113,69,51,29,22,19,8,11,32,21,11
26999,la araucanía,9,cautín,91,perquenco,9113,70,46,19,27,18,6,12,28,13,15
27000,la araucanía,9,cautín,91,perquenco,9113,71,44,24,20,16,8,8,28,16,12
27001,la araucanía,9,cautín,91,perquenco,9113,72,47,25,22,26,14,12,21,11,10
27002,la araucanía,9,cautín,91,perquenco,9113,73,39,19,20,20,9,11,19,10,9
27003,la araucanía,9,cautín,91,perquenco,9113,74,53,30,23,31,18,13,22,12,10
27004,la araucanía,9,cautín,91,perquenco,9113,75,32,11,21,19,7,12,13,4,9
27005,la araucanía,9,cautín,91,perquenco,9113,76,45,23,22,25,11,14,20,12,8
27006,la araucanía,9,cautín,91,perquenco,9113,77,42,17,25,25,11,14,17,6,11
27007,la araucanía,9,cautín,91,perquenco,9113,78,38,21,17,18,10,8,20,11,9
27008,la araucanía,9,cautín,91,perquenco,9113,79,29,15,14,14,7,7,15,8,7
27009,la araucanía,9,cautín,91,perquenco,9113,80,34,15,19,14,3,11,20,12,8
27010,la araucanía,9,cautín,91,perquenco,9113,81,29,17,12,16,8,8,13,9,4
27011,la araucanía,9,cautín,91,perquenco,9113,82,22,9,13,6,1,5,16,8,8
27012,la araucanía,9,cautín,91,perquenco,9113,83,27,11,16,11,4,7,16,7,9
27013,la araucanía,9,cautín,91,perquenco,9113,84,18,8,10,5,2,3,13,6,7
27014,la araucanía,9,cautín,91,perquenco,9113,85,20,9,11,11,7,4,9,2,7
27015,la araucanía,9,cautín,91,perquenco,9113,86,12,4,8,11,4,7,1,0,1
27016,la araucanía,9,cautín,91,perquenco,9113,87,15,4,11,8,1,7,7,3,4
27017,la araucanía,9,cautín,91,perquenco,9113,88,13,6,7,7,3,4,6,3,3
27018,la araucanía,9,cautín,91,perquenco,9113,89,10,5,5,7,4,3,3,1,2
27019,la araucanía,9,cautín,91,perquenco,9113,90,10,4,6,4,2,2,6,2,4
27020,la araucanía,9,cautín,91,perquenco,9113,91,5,1,4,3,1,2,2,0,2
27021,la araucanía,9,cautín,91,perquenco,9113,92,1,0,1,0,0,0,1,0,1
27022,la araucanía,9,cautín,91,perquenco,9113,93,1,0,1,0,0,0,1,0,1
27023,la araucanía,9,cautín,91,perquenco,9113,94,2,1,1,0,0,0,2,1,1
27024,la araucanía,9,cautín,91,perquenco,9113,95,1,0,1,0,0,0,1,0,1
27025,la araucanía,9,cautín,91,perquenco,9113,96,1,0,1,0,0,0,1,0,1
27026,la araucanía,9,cautín,91,perquenco,9113,97,1,0,1,1,0,1,0,0,0
27027,la araucanía,9,cautín,91,perquenco,9113,98,1,0,1,1,0,1,0,0,0
27028,la araucanía,9,cautín,91,perquenco,9113,99,0,0,0,0,0,0,0,0,0
27029,la araucanía,9,cautín,91,perquenco,9113,100 o más,1,0,1,1,0,1,0,0,0
27030,la araucanía,9,cautín,91,pitrufquén,9114,total comuna,24837,12065,12772,16531,7783,8748,8306,4282,4024
27031,la araucanía,9,cautín,91,pitrufquén,9114,0,257,133,124,169,88,81,88,45,43
27032,la araucanía,9,cautín,91,pitrufquén,9114,1,297,142,155,223,106,117,74,36,38
27033,la araucanía,9,cautín,91,pitrufquén,9114,2,334,177,157,239,121,118,95,56,39
27034,la araucanía,9,cautín,91,pitrufquén,9114,3,316,173,143,229,122,107,87,51,36
27035,la araucanía,9,cautín,91,pitrufquén,9114,4,318,168,150,233,118,115,85,50,35
27036,la araucanía,9,cautín,91,pitrufquén,9114,5,316,161,155,241,114,127,75,47,28
27037,la araucanía,9,cautín,91,pitrufquén,9114,6,368,191,177,256,130,126,112,61,51
27038,la araucanía,9,cautín,91,pitrufquén,9114,7,312,162,150,223,114,109,89,48,41
27039,la araucanía,9,cautín,91,pitrufquén,9114,8,324,156,168,242,116,126,82,40,42
27040,la araucanía,9,cautín,91,pitrufquén,9114,9,337,156,181,246,113,133,91,43,48
27041,la araucanía,9,cautín,91,pitrufquén,9114,10,350,173,177,251,119,132,99,54,45
27042,la araucanía,9,cautín,91,pitrufquén,9114,11,348,188,160,244,133,111,104,55,49
27043,la araucanía,9,cautín,91,pitrufquén,9114,12,328,186,142,228,127,101,100,59,41
27044,la araucanía,9,cautín,91,pitrufquén,9114,13,327,174,153,226,115,111,101,59,42
27045,la araucanía,9,cautín,91,pitrufquén,9114,14,373,187,186,248,118,130,125,69,56
27046,la araucanía,9,cautín,91,pitrufquén,9114,15,353,187,166,244,122,122,109,65,44
27047,la araucanía,9,cautín,91,pitrufquén,9114,16,378,186,192,279,143,136,99,43,56
27048,la araucanía,9,cautín,91,pitrufquén,9114,17,355,186,169,262,146,116,93,40,53
27049,la araucanía,9,cautín,91,pitrufquén,9114,18,356,176,180,265,131,134,91,45,46
27050,la araucanía,9,cautín,91,pitrufquén,9114,19,312,155,157,226,117,109,86,38,48
27051,la araucanía,9,cautín,91,pitrufquén,9114,20,331,145,186,261,113,148,70,32,38
27052,la araucanía,9,cautín,91,pitrufquén,9114,21,340,172,168,267,134,133,73,38,35
27053,la araucanía,9,cautín,91,pitrufquén,9114,22,309,142,167,239,111,128,70,31,39
27054,la araucanía,9,cautín,91,pitrufquén,9114,23,324,157,167,243,112,131,81,45,36
27055,la araucanía,9,cautín,91,pitrufquén,9114,24,355,165,190,271,129,142,84,36,48
27056,la araucanía,9,cautín,91,pitrufquén,9114,25,343,158,185,267,128,139,76,30,46
27057,la araucanía,9,cautín,91,pitrufquén,9114,26,334,163,171,268,141,127,66,22,44
27058,la araucanía,9,cautín,91,pitrufquén,9114,27,320,160,160,248,118,130,72,42,30
27059,la araucanía,9,cautín,91,pitrufquén,9114,28,351,179,172,280,147,133,71,32,39
27060,la araucanía,9,cautín,91,pitrufquén,9114,29,295,140,155,223,112,111,72,28,44
27061,la araucanía,9,cautín,91,pitrufquén,9114,30,299,151,148,230,118,112,69,33,36
27062,la araucanía,9,cautín,91,pitrufquén,9114,31,265,113,152,199,76,123,66,37,29
27063,la araucanía,9,cautín,91,pitrufquén,9114,32,302,141,161,216,105,111,86,36,50
27064,la araucanía,9,cautín,91,pitrufquén,9114,33,305,148,157,216,107,109,89,41,48
27065,la araucanía,9,cautín,91,pitrufquén,9114,34,328,164,164,244,115,129,84,49,35
27066,la araucanía,9,cautín,91,pitrufquén,9114,35,352,159,193,272,121,151,80,38,42
27067,la araucanía,9,cautín,91,pitrufquén,9114,36,299,148,151,208,101,107,91,47,44
27068,la araucanía,9,cautín,91,pitrufquén,9114,37,278,127,151,193,79,114,85,48,37
27069,la araucanía,9,cautín,91,pitrufquén,9114,38,273,143,130,199,101,98,74,42,32
27070,la araucanía,9,cautín,91,pitrufquén,9114,39,297,147,150,196,97,99,101,50,51
27071,la araucanía,9,cautín,91,pitrufquén,9114,40,302,134,168,218,99,119,84,35,49
27072,la araucanía,9,cautín,91,pitrufquén,9114,41,334,158,176,231,102,129,103,56,47
27073,la araucanía,9,cautín,91,pitrufquén,9114,42,370,173,197,248,111,137,122,62,60
27074,la araucanía,9,cautín,91,pitrufquén,9114,43,361,185,176,239,120,119,122,65,57
27075,la araucanía,9,cautín,91,pitrufquén,9114,44,393,185,208,255,111,144,138,74,64
27076,la araucanía,9,cautín,91,pitrufquén,9114,45,347,147,200,221,94,127,126,53,73
27077,la araucanía,9,cautín,91,pitrufquén,9114,46,358,174,184,225,104,121,133,70,63
27078,la araucanía,9,cautín,91,pitrufquén,9114,47,375,187,188,245,110,135,130,77,53
27079,la araucanía,9,cautín,91,pitrufquén,9114,48,326,159,167,203,86,117,123,73,50
27080,la araucanía,9,cautín,91,pitrufquén,9114,49,337,164,173,195,98,97,142,66,76
27081,la araucanía,9,cautín,91,pitrufquén,9114,50,349,195,154,205,114,91,144,81,63
27082,la araucanía,9,cautín,91,pitrufquén,9114,51,369,193,176,221,108,113,148,85,63
27083,la araucanía,9,cautín,91,pitrufquén,9114,52,356,158,198,223,95,128,133,63,70
27084,la araucanía,9,cautín,91,pitrufquén,9114,53,369,162,207,227,101,126,142,61,81
27085,la araucanía,9,cautín,91,pitrufquén,9114,54,356,175,181,214,100,114,142,75,67
27086,la araucanía,9,cautín,91,pitrufquén,9114,55,327,160,167,215,102,113,112,58,54
27087,la araucanía,9,cautín,91,pitrufquén,9114,56,338,175,163,192,86,106,146,89,57
27088,la araucanía,9,cautín,91,pitrufquén,9114,57,283,139,144,168,76,92,115,63,52
27089,la araucanía,9,cautín,91,pitrufquén,9114,58,307,155,152,182,88,94,125,67,58
27090,la araucanía,9,cautín,91,pitrufquén,9114,59,284,150,134,156,81,75,128,69,59
27091,la araucanía,9,cautín,91,pitrufquén,9114,60,290,151,139,184,82,102,106,69,37
27092,la araucanía,9,cautín,91,pitrufquén,9114,61,266,132,134,150,67,83,116,65,51
27093,la araucanía,9,cautín,91,pitrufquén,9114,62,265,137,128,158,71,87,107,66,41
27094,la araucanía,9,cautín,91,pitrufquén,9114,63,246,126,120,156,65,91,90,61,29
27095,la araucanía,9,cautín,91,pitrufquén,9114,64,252,131,121,139,75,64,113,56,57
27096,la araucanía,9,cautín,91,pitrufquén,9114,65,226,117,109,117,57,60,109,60,49
27097,la araucanía,9,cautín,91,pitrufquén,9114,66,219,105,114,133,60,73,86,45,41
27098,la araucanía,9,cautín,91,pitrufquén,9114,67,227,104,123,115,51,64,112,53,59
27099,la araucanía,9,cautín,91,pitrufquén,9114,68,234,100,134,127,48,79,107,52,55
27100,la araucanía,9,cautín,91,pitrufquén,9114,69,203,88,115,101,42,59,102,46,56
27101,la araucanía,9,cautín,91,pitrufquén,9114,70,175,87,88,92,40,52,83,47,36
27102,la araucanía,9,cautín,91,pitrufquén,9114,71,195,94,101,94,38,56,101,56,45
27103,la araucanía,9,cautín,91,pitrufquén,9114,72,173,76,97,85,29,56,88,47,41
27104,la araucanía,9,cautín,91,pitrufquén,9114,73,182,90,92,91,44,47,91,46,45
27105,la araucanía,9,cautín,91,pitrufquén,9114,74,192,91,101,96,37,59,96,54,42
27106,la araucanía,9,cautín,91,pitrufquén,9114,75,164,71,93,80,32,48,84,39,45
27107,la araucanía,9,cautín,91,pitrufquén,9114,76,140,51,89,67,21,46,73,30,43
27108,la araucanía,9,cautín,91,pitrufquén,9114,77,129,62,67,68,29,39,61,33,28
27109,la araucanía,9,cautín,91,pitrufquén,9114,78,131,57,74,70,30,40,61,27,34
27110,la araucanía,9,cautín,91,pitrufquén,9114,79,133,47,86,73,24,49,60,23,37
27111,la araucanía,9,cautín,91,pitrufquén,9114,80,114,43,71,54,20,34,60,23,37
27112,la araucanía,9,cautín,91,pitrufquén,9114,81,99,42,57,47,17,30,52,25,27
27113,la araucanía,9,cautín,91,pitrufquén,9114,82,89,34,55,49,15,34,40,19,21
27114,la araucanía,9,cautín,91,pitrufquén,9114,83,98,38,60,51,13,38,47,25,22
27115,la araucanía,9,cautín,91,pitrufquén,9114,84,95,42,53,47,18,29,48,24,24
27116,la araucanía,9,cautín,91,pitrufquén,9114,85,82,32,50,49,16,33,33,16,17
27117,la araucanía,9,cautín,91,pitrufquén,9114,86,69,28,41,37,10,27,32,18,14
27118,la araucanía,9,cautín,91,pitrufquén,9114,87,68,30,38,44,17,27,24,13,11
27119,la araucanía,9,cautín,91,pitrufquén,9114,88,50,17,33,24,7,17,26,10,16
27120,la araucanía,9,cautín,91,pitrufquén,9114,89,42,10,32,22,4,18,20,6,14
27121,la araucanía,9,cautín,91,pitrufquén,9114,90,32,9,23,19,6,13,13,3,10
27122,la araucanía,9,cautín,91,pitrufquén,9114,91,27,9,18,14,4,10,13,5,8
27123,la araucanía,9,cautín,91,pitrufquén,9114,92,30,9,21,20,6,14,10,3,7
27124,la araucanía,9,cautín,91,pitrufquén,9114,93,27,9,18,15,6,9,12,3,9
27125,la araucanía,9,cautín,91,pitrufquén,9114,94,21,8,13,14,4,10,7,4,3
27126,la araucanía,9,cautín,91,pitrufquén,9114,95,18,8,10,10,5,5,8,3,5
27127,la araucanía,9,cautín,91,pitrufquén,9114,96,5,1,4,1,0,1,4,1,3
27128,la araucanía,9,cautín,91,pitrufquén,9114,97,5,1,4,5,1,4,0,0,0
27129,la araucanía,9,cautín,91,pitrufquén,9114,98,4,2,2,3,2,1,1,0,1
27130,la araucanía,9,cautín,91,pitrufquén,9114,99,5,2,3,3,0,3,2,2,0
27131,la araucanía,9,cautín,91,pitrufquén,9114,100 o más,15,7,8,10,6,4,5,1,4
27132,la araucanía,9,cautín,91,pucón,9115,total comuna,28523,14106,14417,18354,8884,9470,10169,5222,4947
27133,la araucanía,9,cautín,91,pucón,9115,0,411,216,195,268,145,123,143,71,72
27134,la araucanía,9,cautín,91,pucón,9115,1,443,229,214,313,160,153,130,69,61
27135,la araucanía,9,cautín,91,pucón,9115,2,411,202,209,271,132,139,140,70,70
27136,la araucanía,9,cautín,91,pucón,9115,3,407,212,195,250,130,120,157,82,75
27137,la araucanía,9,cautín,91,pucón,9115,4,371,179,192,226,115,111,145,64,81
27138,la araucanía,9,cautín,91,pucón,9115,5,391,211,180,247,128,119,144,83,61
27139,la araucanía,9,cautín,91,pucón,9115,6,374,190,184,248,131,117,126,59,67
27140,la araucanía,9,cautín,91,pucón,9115,7,390,180,210,263,120,143,127,60,67
27141,la araucanía,9,cautín,91,pucón,9115,8,402,213,189,247,127,120,155,86,69
27142,la araucanía,9,cautín,91,pucón,9115,9,403,196,207,236,116,120,167,80,87
27143,la araucanía,9,cautín,91,pucón,9115,10,445,241,204,275,141,134,170,100,70
27144,la araucanía,9,cautín,91,pucón,9115,11,384,192,192,248,127,121,136,65,71
27145,la araucanía,9,cautín,91,pucón,9115,12,367,172,195,228,105,123,139,67,72
27146,la araucanía,9,cautín,91,pucón,9115,13,387,207,180,251,132,119,136,75,61
27147,la araucanía,9,cautín,91,pucón,9115,14,408,200,208,268,130,138,140,70,70
27148,la araucanía,9,cautín,91,pucón,9115,15,396,204,192,250,129,121,146,75,71
27149,la araucanía,9,cautín,91,pucón,9115,16,429,206,223,305,149,156,124,57,67
27150,la araucanía,9,cautín,91,pucón,9115,17,435,206,229,283,129,154,152,77,75
27151,la araucanía,9,cautín,91,pucón,9115,18,352,184,168,254,129,125,98,55,43
27152,la araucanía,9,cautín,91,pucón,9115,19,331,184,147,247,142,105,84,42,42
27153,la araucanía,9,cautín,91,pucón,9115,20,347,169,178,251,123,128,96,46,50
27154,la araucanía,9,cautín,91,pucón,9115,21,375,179,196,283,134,149,92,45,47
27155,la araucanía,9,cautín,91,pucón,9115,22,404,201,203,287,138,149,117,63,54
27156,la araucanía,9,cautín,91,pucón,9115,23,424,222,202,320,174,146,104,48,56
27157,la araucanía,9,cautín,91,pucón,9115,24,409,205,204,306,154,152,103,51,52
27158,la araucanía,9,cautín,91,pucón,9115,25,470,230,240,333,163,170,137,67,70
27159,la araucanía,9,cautín,91,pucón,9115,26,490,238,252,346,173,173,144,65,79
27160,la araucanía,9,cautín,91,pucón,9115,27,509,241,268,363,163,200,146,78,68
27161,la araucanía,9,cautín,91,pucón,9115,28,496,261,235,346,182,164,150,79,71
27162,la araucanía,9,cautín,91,pucón,9115,29,519,271,248,354,186,168,165,85,80
27163,la araucanía,9,cautín,91,pucón,9115,30,404,198,206,278,140,138,126,58,68
27164,la araucanía,9,cautín,91,pucón,9115,31,433,211,222,284,139,145,149,72,77
27165,la araucanía,9,cautín,91,pucón,9115,32,419,180,239,268,116,152,151,64,87
27166,la araucanía,9,cautín,91,pucón,9115,33,404,188,216,251,107,144,153,81,72
27167,la araucanía,9,cautín,91,pucón,9115,34,518,237,281,353,156,197,165,81,84
27168,la araucanía,9,cautín,91,pucón,9115,35,456,234,222,311,150,161,145,84,61
27169,la araucanía,9,cautín,91,pucón,9115,36,380,193,187,258,124,134,122,69,53
27170,la araucanía,9,cautín,91,pucón,9115,37,452,220,232,306,142,164,146,78,68
27171,la araucanía,9,cautín,91,pucón,9115,38,425,208,217,274,131,143,151,77,74
27172,la araucanía,9,cautín,91,pucón,9115,39,433,218,215,277,141,136,156,77,79
27173,la araucanía,9,cautín,91,pucón,9115,40,403,200,203,253,131,122,150,69,81
27174,la araucanía,9,cautín,91,pucón,9115,41,410,216,194,266,138,128,144,78,66
27175,la araucanía,9,cautín,91,pucón,9115,42,445,220,225,281,139,142,164,81,83
27176,la araucanía,9,cautín,91,pucón,9115,43,411,195,216,265,129,136,146,66,80
27177,la araucanía,9,cautín,91,pucón,9115,44,417,212,205,261,128,133,156,84,72
27178,la araucanía,9,cautín,91,pucón,9115,45,408,200,208,259,118,141,149,82,67
27179,la araucanía,9,cautín,91,pucón,9115,46,389,201,188,242,124,118,147,77,70
27180,la araucanía,9,cautín,91,pucón,9115,47,353,172,181,212,98,114,141,74,67
27181,la araucanía,9,cautín,91,pucón,9115,48,395,178,217,238,99,139,157,79,78
27182,la araucanía,9,cautín,91,pucón,9115,49,355,183,172,218,110,108,137,73,64
27183,la araucanía,9,cautín,91,pucón,9115,50,388,199,189,246,121,125,142,78,64
27184,la araucanía,9,cautín,91,pucón,9115,51,386,194,192,227,104,123,159,90,69
27185,la araucanía,9,cautín,91,pucón,9115,52,373,193,180,216,114,102,157,79,78
27186,la araucanía,9,cautín,91,pucón,9115,53,364,192,172,228,112,116,136,80,56
27187,la araucanía,9,cautín,91,pucón,9115,54,359,175,184,242,109,133,117,66,51
27188,la araucanía,9,cautín,91,pucón,9115,55,366,190,176,231,120,111,135,70,65
27189,la araucanía,9,cautín,91,pucón,9115,56,341,165,176,187,83,104,154,82,72
27190,la araucanía,9,cautín,91,pucón,9115,57,323,167,156,186,87,99,137,80,57
27191,la araucanía,9,cautín,91,pucón,9115,58,283,154,129,170,84,86,113,70,43
27192,la araucanía,9,cautín,91,pucón,9115,59,304,152,152,183,85,98,121,67,54
27193,la araucanía,9,cautín,91,pucón,9115,60,285,125,160,168,69,99,117,56,61
27194,la araucanía,9,cautín,91,pucón,9115,61,269,141,128,172,88,84,97,53,44
27195,la araucanía,9,cautín,91,pucón,9115,62,231,102,129,131,61,70,100,41,59
27196,la araucanía,9,cautín,91,pucón,9115,63,225,106,119,141,69,72,84,37,47
27197,la araucanía,9,cautín,91,pucón,9115,64,230,109,121,142,70,72,88,39,49
27198,la araucanía,9,cautín,91,pucón,9115,65,224,107,117,127,59,68,97,48,49
27199,la araucanía,9,cautín,91,pucón,9115,66,219,100,119,136,56,80,83,44,39
27200,la araucanía,9,cautín,91,pucón,9115,67,185,92,93,108,56,52,77,36,41
27201,la araucanía,9,cautín,91,pucón,9115,68,188,94,94,109,48,61,79,46,33
27202,la araucanía,9,cautín,91,pucón,9115,69,210,96,114,122,60,62,88,36,52
27203,la araucanía,9,cautín,91,pucón,9115,70,171,85,86,91,41,50,80,44,36
27204,la araucanía,9,cautín,91,pucón,9115,71,182,97,85,101,50,51,81,47,34
27205,la araucanía,9,cautín,91,pucón,9115,72,166,79,87,90,44,46,76,35,41
27206,la araucanía,9,cautín,91,pucón,9115,73,154,69,85,97,38,59,57,31,26
27207,la araucanía,9,cautín,91,pucón,9115,74,141,74,67,80,38,42,61,36,25
27208,la araucanía,9,cautín,91,pucón,9115,75,149,79,70,82,38,44,67,41,26
27209,la araucanía,9,cautín,91,pucón,9115,76,120,47,73,66,22,44,54,25,29
27210,la araucanía,9,cautín,91,pucón,9115,77,115,57,58,65,30,35,50,27,23
27211,la araucanía,9,cautín,91,pucón,9115,78,104,40,64,63,21,42,41,19,22
27212,la araucanía,9,cautín,91,pucón,9115,79,92,44,48,48,19,29,44,25,19
27213,la araucanía,9,cautín,91,pucón,9115,80,93,41,52,43,17,26,50,24,26
27214,la araucanía,9,cautín,91,pucón,9115,81,84,38,46,51,18,33,33,20,13
27215,la araucanía,9,cautín,91,pucón,9115,82,65,33,32,29,9,20,36,24,12
27216,la araucanía,9,cautín,91,pucón,9115,83,57,20,37,35,9,26,22,11,11
27217,la araucanía,9,cautín,91,pucón,9115,84,53,20,33,29,7,22,24,13,11
27218,la araucanía,9,cautín,91,pucón,9115,85,53,27,26,31,14,17,22,13,9
27219,la araucanía,9,cautín,91,pucón,9115,86,55,23,32,34,12,22,21,11,10
27220,la araucanía,9,cautín,91,pucón,9115,87,46,17,29,29,11,18,17,6,11
27221,la araucanía,9,cautín,91,pucón,9115,88,39,12,27,20,5,15,19,7,12
27222,la araucanía,9,cautín,91,pucón,9115,89,26,9,17,15,4,11,11,5,6
27223,la araucanía,9,cautín,91,pucón,9115,90,21,5,16,10,2,8,11,3,8
27224,la araucanía,9,cautín,91,pucón,9115,91,23,10,13,11,3,8,12,7,5
27225,la araucanía,9,cautín,91,pucón,9115,92,10,3,7,6,2,4,4,1,3
27226,la araucanía,9,cautín,91,pucón,9115,93,17,4,13,7,2,5,10,2,8
27227,la araucanía,9,cautín,91,pucón,9115,94,14,5,9,11,4,7,3,1,2
27228,la araucanía,9,cautín,91,pucón,9115,95,12,2,10,8,0,8,4,2,2
27229,la araucanía,9,cautín,91,pucón,9115,96,3,0,3,2,0,2,1,0,1
27230,la araucanía,9,cautín,91,pucón,9115,97,4,3,1,2,1,1,2,2,0
27231,la araucanía,9,cautín,91,pucón,9115,98,2,0,2,1,0,1,1,0,1
27232,la araucanía,9,cautín,91,pucón,9115,99,2,1,1,1,0,1,1,1,0
27233,la araucanía,9,cautín,91,pucón,9115,100 o más,7,4,3,2,1,1,5,3,2
27234,la araucanía,9,cautín,91,saavedra,9116,total comuna,12450,6129,6321,2729,1250,1479,9721,4879,4842
27235,la araucanía,9,cautín,91,saavedra,9116,0,149,65,84,33,15,18,116,50,66
27236,la araucanía,9,cautín,91,saavedra,9116,1,154,82,72,42,20,22,112,62,50
27237,la araucanía,9,cautín,91,saavedra,9116,2,178,90,88,42,23,19,136,67,69
27238,la araucanía,9,cautín,91,saavedra,9116,3,161,80,81,39,17,22,122,63,59
27239,la araucanía,9,cautín,91,saavedra,9116,4,191,89,102,45,19,26,146,70,76
27240,la araucanía,9,cautín,91,saavedra,9116,5,188,89,99,45,23,22,143,66,77
27241,la araucanía,9,cautín,91,saavedra,9116,6,190,92,98,49,25,24,141,67,74
27242,la araucanía,9,cautín,91,saavedra,9116,7,187,86,101,36,16,20,151,70,81
27243,la araucanía,9,cautín,91,saavedra,9116,8,192,86,106,44,17,27,148,69,79
27244,la araucanía,9,cautín,91,saavedra,9116,9,206,99,107,44,26,18,162,73,89
27245,la araucanía,9,cautín,91,saavedra,9116,10,187,90,97,46,22,24,141,68,73
27246,la araucanía,9,cautín,91,saavedra,9116,11,179,89,90,36,17,19,143,72,71
27247,la araucanía,9,cautín,91,saavedra,9116,12,174,91,83,35,16,19,139,75,64
27248,la araucanía,9,cautín,91,saavedra,9116,13,211,108,103,46,21,25,165,87,78
27249,la araucanía,9,cautín,91,saavedra,9116,14,159,74,85,38,20,18,121,54,67
27250,la araucanía,9,cautín,91,saavedra,9116,15,164,86,78,41,25,16,123,61,62
27251,la araucanía,9,cautín,91,saavedra,9116,16,147,86,61,37,21,16,110,65,45
27252,la araucanía,9,cautín,91,saavedra,9116,17,171,100,71,44,22,22,127,78,49
27253,la araucanía,9,cautín,91,saavedra,9116,18,123,60,63,23,10,13,100,50,50
27254,la araucanía,9,cautín,91,saavedra,9116,19,112,54,58,22,11,11,90,43,47
27255,la araucanía,9,cautín,91,saavedra,9116,20,151,66,85,39,18,21,112,48,64
27256,la araucanía,9,cautín,91,saavedra,9116,21,124,62,62,31,13,18,93,49,44
27257,la araucanía,9,cautín,91,saavedra,9116,22,139,73,66,30,16,14,109,57,52
27258,la araucanía,9,cautín,91,saavedra,9116,23,151,64,87,38,17,21,113,47,66
27259,la araucanía,9,cautín,91,saavedra,9116,24,141,78,63,33,21,12,108,57,51
27260,la araucanía,9,cautín,91,saavedra,9116,25,159,75,84,48,20,28,111,55,56
27261,la araucanía,9,cautín,91,saavedra,9116,26,159,74,85,50,22,28,109,52,57
27262,la araucanía,9,cautín,91,saavedra,9116,27,150,67,83,46,20,26,104,47,57
27263,la araucanía,9,cautín,91,saavedra,9116,28,142,69,73,39,20,19,103,49,54
27264,la araucanía,9,cautín,91,saavedra,9116,29,145,72,73,35,14,21,110,58,52
27265,la araucanía,9,cautín,91,saavedra,9116,30,159,82,77,51,30,21,108,52,56
27266,la araucanía,9,cautín,91,saavedra,9116,31,164,71,93,50,19,31,114,52,62
27267,la araucanía,9,cautín,91,saavedra,9116,32,149,65,84,44,18,26,105,47,58
27268,la araucanía,9,cautín,91,saavedra,9116,33,141,65,76,39,20,19,102,45,57
27269,la araucanía,9,cautín,91,saavedra,9116,34,150,69,81,37,18,19,113,51,62
27270,la araucanía,9,cautín,91,saavedra,9116,35,149,80,69,30,12,18,119,68,51
27271,la araucanía,9,cautín,91,saavedra,9116,36,145,69,76,41,15,26,104,54,50
27272,la araucanía,9,cautín,91,saavedra,9116,37,144,78,66,38,18,20,106,60,46
27273,la araucanía,9,cautín,91,saavedra,9116,38,151,79,72,35,18,17,116,61,55
27274,la araucanía,9,cautín,91,saavedra,9116,39,138,62,76,36,20,16,102,42,60
27275,la araucanía,9,cautín,91,saavedra,9116,40,139,56,83,29,11,18,110,45,65
27276,la araucanía,9,cautín,91,saavedra,9116,41,142,69,73,28,9,19,114,60,54
27277,la araucanía,9,cautín,91,saavedra,9116,42,153,69,84,28,11,17,125,58,67
27278,la araucanía,9,cautín,91,saavedra,9116,43,147,75,72,23,10,13,124,65,59
27279,la araucanía,9,cautín,91,saavedra,9116,44,156,74,82,27,9,18,129,65,64
27280,la araucanía,9,cautín,91,saavedra,9116,45,181,91,90,40,18,22,141,73,68
27281,la araucanía,9,cautín,91,saavedra,9116,46,166,81,85,25,12,13,141,69,72
27282,la araucanía,9,cautín,91,saavedra,9116,47,162,85,77,30,13,17,132,72,60
27283,la araucanía,9,cautín,91,saavedra,9116,48,183,98,85,25,14,11,158,84,74
27284,la araucanía,9,cautín,91,saavedra,9116,49,163,75,88,44,16,28,119,59,60
27285,la araucanía,9,cautín,91,saavedra,9116,50,163,84,79,31,14,17,132,70,62
27286,la araucanía,9,cautín,91,saavedra,9116,51,154,73,81,35,14,21,119,59,60
27287,la araucanía,9,cautín,91,saavedra,9116,52,144,65,79,39,15,24,105,50,55
27288,la araucanía,9,cautín,91,saavedra,9116,53,197,98,99,34,19,15,163,79,84
27289,la araucanía,9,cautín,91,saavedra,9116,54,191,107,84,36,18,18,155,89,66
27290,la araucanía,9,cautín,91,saavedra,9116,55,196,108,88,41,20,21,155,88,67
27291,la araucanía,9,cautín,91,saavedra,9116,56,176,94,82,37,21,16,139,73,66
27292,la araucanía,9,cautín,91,saavedra,9116,57,168,87,81,34,11,23,134,76,58
27293,la araucanía,9,cautín,91,saavedra,9116,58,152,87,65,28,13,15,124,74,50
27294,la araucanía,9,cautín,91,saavedra,9116,59,159,80,79,33,14,19,126,66,60
27295,la araucanía,9,cautín,91,saavedra,9116,60,179,90,89,39,17,22,140,73,67
27296,la araucanía,9,cautín,91,saavedra,9116,61,147,78,69,29,15,14,118,63,55
27297,la araucanía,9,cautín,91,saavedra,9116,62,152,76,76,36,12,24,116,64,52
27298,la araucanía,9,cautín,91,saavedra,9116,63,131,69,62,24,10,14,107,59,48
27299,la araucanía,9,cautín,91,saavedra,9116,64,134,65,69,19,9,10,115,56,59
27300,la araucanía,9,cautín,91,saavedra,9116,65,144,75,69,30,14,16,114,61,53
27301,la araucanía,9,cautín,91,saavedra,9116,66,121,48,73,22,10,12,99,38,61
27302,la araucanía,9,cautín,91,saavedra,9116,67,116,61,55,20,11,9,96,50,46
27303,la araucanía,9,cautín,91,saavedra,9116,68,108,56,52,24,12,12,84,44,40
27304,la araucanía,9,cautín,91,saavedra,9116,69,110,53,57,19,7,12,91,46,45
27305,la araucanía,9,cautín,91,saavedra,9116,70,118,54,64,26,5,21,92,49,43
27306,la araucanía,9,cautín,91,saavedra,9116,71,100,50,50,15,9,6,85,41,44
27307,la araucanía,9,cautín,91,saavedra,9116,72,103,47,56,17,7,10,86,40,46
27308,la araucanía,9,cautín,91,saavedra,9116,73,96,45,51,11,6,5,85,39,46
27309,la araucanía,9,cautín,91,saavedra,9116,74,83,46,37,12,4,8,71,42,29
27310,la araucanía,9,cautín,91,saavedra,9116,75,74,43,31,11,7,4,63,36,27
27311,la araucanía,9,cautín,91,saavedra,9116,76,99,49,50,17,8,9,82,41,41
27312,la araucanía,9,cautín,91,saavedra,9116,77,89,36,53,15,5,10,74,31,43
27313,la araucanía,9,cautín,91,saavedra,9116,78,66,42,24,13,9,4,53,33,20
27314,la araucanía,9,cautín,91,saavedra,9116,79,64,26,38,11,5,6,53,21,32
27315,la araucanía,9,cautín,91,saavedra,9116,80,66,32,34,13,2,11,53,30,23
27316,la araucanía,9,cautín,91,saavedra,9116,81,61,22,39,8,3,5,53,19,34
27317,la araucanía,9,cautín,91,saavedra,9116,82,60,31,29,17,7,10,43,24,19
27318,la araucanía,9,cautín,91,saavedra,9116,83,38,24,14,6,1,5,32,23,9
27319,la araucanía,9,cautín,91,saavedra,9116,84,57,27,30,11,6,5,46,21,25
27320,la araucanía,9,cautín,91,saavedra,9116,85,31,14,17,7,3,4,24,11,13
27321,la araucanía,9,cautín,91,saavedra,9116,86,47,25,22,9,3,6,38,22,16
27322,la araucanía,9,cautín,91,saavedra,9116,87,34,16,18,2,0,2,32,16,16
27323,la araucanía,9,cautín,91,saavedra,9116,88,23,9,14,2,0,2,21,9,12
27324,la araucanía,9,cautín,91,saavedra,9116,89,18,6,12,1,1,0,17,5,12
27325,la araucanía,9,cautín,91,saavedra,9116,90,21,11,10,3,2,1,18,9,9
27326,la araucanía,9,cautín,91,saavedra,9116,91,18,8,10,1,0,1,17,8,9
27327,la araucanía,9,cautín,91,saavedra,9116,92,24,8,16,9,2,7,15,6,9
27328,la araucanía,9,cautín,91,saavedra,9116,93,11,5,6,1,0,1,10,5,5
27329,la araucanía,9,cautín,91,saavedra,9116,94,8,0,8,1,0,1,7,0,7
27330,la araucanía,9,cautín,91,saavedra,9116,95,11,3,8,1,0,1,10,3,7
27331,la araucanía,9,cautín,91,saavedra,9116,96,4,1,3,0,0,0,4,1,3
27332,la araucanía,9,cautín,91,saavedra,9116,97,4,0,4,1,0,1,3,0,3
27333,la araucanía,9,cautín,91,saavedra,9116,98,7,4,3,0,0,0,7,4,3
27334,la araucanía,9,cautín,91,saavedra,9116,99,1,0,1,0,0,0,1,0,1
27335,la araucanía,9,cautín,91,saavedra,9116,100 o más,6,2,4,2,1,1,4,1,3
27336,la araucanía,9,cautín,91,teodoro schmidt,9117,total comuna,15045,7526,7519,5403,2575,2828,9642,4951,4691
27337,la araucanía,9,cautín,91,teodoro schmidt,9117,0,157,73,84,82,44,38,75,29,46
27338,la araucanía,9,cautín,91,teodoro schmidt,9117,1,190,99,91,77,43,34,113,56,57
27339,la araucanía,9,cautín,91,teodoro schmidt,9117,2,212,97,115,103,42,61,109,55,54
27340,la araucanía,9,cautín,91,teodoro schmidt,9117,3,184,94,90,92,45,47,92,49,43
27341,la araucanía,9,cautín,91,teodoro schmidt,9117,4,222,107,115,97,48,49,125,59,66
27342,la araucanía,9,cautín,91,teodoro schmidt,9117,5,214,106,108,92,44,48,122,62,60
27343,la araucanía,9,cautín,91,teodoro schmidt,9117,6,237,110,127,90,42,48,147,68,79
27344,la araucanía,9,cautín,91,teodoro schmidt,9117,7,215,100,115,85,37,48,130,63,67
27345,la araucanía,9,cautín,91,teodoro schmidt,9117,8,216,110,106,86,49,37,130,61,69
27346,la araucanía,9,cautín,91,teodoro schmidt,9117,9,196,85,111,77,33,44,119,52,67
27347,la araucanía,9,cautín,91,teodoro schmidt,9117,10,183,91,92,71,38,33,112,53,59
27348,la araucanía,9,cautín,91,teodoro schmidt,9117,11,203,110,93,65,35,30,138,75,63
27349,la araucanía,9,cautín,91,teodoro schmidt,9117,12,207,102,105,87,42,45,120,60,60
27350,la araucanía,9,cautín,91,teodoro schmidt,9117,13,210,106,104,83,40,43,127,66,61
27351,la araucanía,9,cautín,91,teodoro schmidt,9117,14,215,111,104,86,47,39,129,64,65
27352,la araucanía,9,cautín,91,teodoro schmidt,9117,15,173,88,85,73,38,35,100,50,50
27353,la araucanía,9,cautín,91,teodoro schmidt,9117,16,183,87,96,80,39,41,103,48,55
27354,la araucanía,9,cautín,91,teodoro schmidt,9117,17,157,83,74,55,30,25,102,53,49
27355,la araucanía,9,cautín,91,teodoro schmidt,9117,18,152,74,78,57,31,26,95,43,52
27356,la araucanía,9,cautín,91,teodoro schmidt,9117,19,153,74,79,47,21,26,106,53,53
27357,la araucanía,9,cautín,91,teodoro schmidt,9117,20,131,66,65,52,22,30,79,44,35
27358,la araucanía,9,cautín,91,teodoro schmidt,9117,21,177,84,93,76,34,42,101,50,51
27359,la araucanía,9,cautín,91,teodoro schmidt,9117,22,150,66,84,61,22,39,89,44,45
27360,la araucanía,9,cautín,91,teodoro schmidt,9117,23,146,67,79,77,36,41,69,31,38
27361,la araucanía,9,cautín,91,teodoro schmidt,9117,24,207,105,102,90,43,47,117,62,55
27362,la araucanía,9,cautín,91,teodoro schmidt,9117,25,180,88,92,73,34,39,107,54,53
27363,la araucanía,9,cautín,91,teodoro schmidt,9117,26,196,94,102,98,47,51,98,47,51
27364,la araucanía,9,cautín,91,teodoro schmidt,9117,27,204,118,86,102,62,40,102,56,46
27365,la araucanía,9,cautín,91,teodoro schmidt,9117,28,197,88,109,78,31,47,119,57,62
27366,la araucanía,9,cautín,91,teodoro schmidt,9117,29,158,76,82,66,34,32,92,42,50
27367,la araucanía,9,cautín,91,teodoro schmidt,9117,30,185,87,98,67,28,39,118,59,59
27368,la araucanía,9,cautín,91,teodoro schmidt,9117,31,190,88,102,86,35,51,104,53,51
27369,la araucanía,9,cautín,91,teodoro schmidt,9117,32,179,92,87,77,40,37,102,52,50
27370,la araucanía,9,cautín,91,teodoro schmidt,9117,33,153,75,78,58,23,35,95,52,43
27371,la araucanía,9,cautín,91,teodoro schmidt,9117,34,158,82,76,66,26,40,92,56,36
27372,la araucanía,9,cautín,91,teodoro schmidt,9117,35,188,89,99,77,36,41,111,53,58
27373,la araucanía,9,cautín,91,teodoro schmidt,9117,36,188,90,98,71,36,35,117,54,63
27374,la araucanía,9,cautín,91,teodoro schmidt,9117,37,177,97,80,65,29,36,112,68,44
27375,la araucanía,9,cautín,91,teodoro schmidt,9117,38,166,86,80,70,36,34,96,50,46
27376,la araucanía,9,cautín,91,teodoro schmidt,9117,39,167,86,81,74,31,43,93,55,38
27377,la araucanía,9,cautín,91,teodoro schmidt,9117,40,180,105,75,68,35,33,112,70,42
27378,la araucanía,9,cautín,91,teodoro schmidt,9117,41,199,104,95,65,35,30,134,69,65
27379,la araucanía,9,cautín,91,teodoro schmidt,9117,42,183,96,87,60,23,37,123,73,50
27380,la araucanía,9,cautín,91,teodoro schmidt,9117,43,232,118,114,81,42,39,151,76,75
27381,la araucanía,9,cautín,91,teodoro schmidt,9117,44,224,113,111,80,34,46,144,79,65
27382,la araucanía,9,cautín,91,teodoro schmidt,9117,45,206,109,97,75,37,38,131,72,59
27383,la araucanía,9,cautín,91,teodoro schmidt,9117,46,194,103,91,72,36,36,122,67,55
27384,la araucanía,9,cautín,91,teodoro schmidt,9117,47,267,133,134,96,46,50,171,87,84
27385,la araucanía,9,cautín,91,teodoro schmidt,9117,48,199,100,99,85,43,42,114,57,57
27386,la araucanía,9,cautín,91,teodoro schmidt,9117,49,238,123,115,87,39,48,151,84,67
27387,la araucanía,9,cautín,91,teodoro schmidt,9117,50,203,106,97,63,36,27,140,70,70
27388,la araucanía,9,cautín,91,teodoro schmidt,9117,51,231,110,121,78,38,40,153,72,81
27389,la araucanía,9,cautín,91,teodoro schmidt,9117,52,234,127,107,76,36,40,158,91,67
27390,la araucanía,9,cautín,91,teodoro schmidt,9117,53,216,116,100,71,37,34,145,79,66
27391,la araucanía,9,cautín,91,teodoro schmidt,9117,54,234,119,115,71,31,40,163,88,75
27392,la araucanía,9,cautín,91,teodoro schmidt,9117,55,222,105,117,74,31,43,148,74,74
27393,la araucanía,9,cautín,91,teodoro schmidt,9117,56,205,110,95,70,35,35,135,75,60
27394,la araucanía,9,cautín,91,teodoro schmidt,9117,57,210,112,98,78,36,42,132,76,56
27395,la araucanía,9,cautín,91,teodoro schmidt,9117,58,199,103,96,60,26,34,139,77,62
27396,la araucanía,9,cautín,91,teodoro schmidt,9117,59,191,86,105,61,30,31,130,56,74
27397,la araucanía,9,cautín,91,teodoro schmidt,9117,60,215,114,101,60,23,37,155,91,64
27398,la araucanía,9,cautín,91,teodoro schmidt,9117,61,191,104,87,50,27,23,141,77,64
27399,la araucanía,9,cautín,91,teodoro schmidt,9117,62,193,101,92,57,30,27,136,71,65
27400,la araucanía,9,cautín,91,teodoro schmidt,9117,63,144,90,54,37,25,12,107,65,42
27401,la araucanía,9,cautín,91,teodoro schmidt,9117,64,146,76,70,37,16,21,109,60,49
27402,la araucanía,9,cautín,91,teodoro schmidt,9117,65,160,86,74,53,27,26,107,59,48
27403,la araucanía,9,cautín,91,teodoro schmidt,9117,66,151,75,76,37,19,18,114,56,58
27404,la araucanía,9,cautín,91,teodoro schmidt,9117,67,170,92,78,39,18,21,131,74,57
27405,la araucanía,9,cautín,91,teodoro schmidt,9117,68,138,69,69,29,17,12,109,52,57
27406,la araucanía,9,cautín,91,teodoro schmidt,9117,69,138,66,72,31,13,18,107,53,54
27407,la araucanía,9,cautín,91,teodoro schmidt,9117,70,152,81,71,34,15,19,118,66,52
27408,la araucanía,9,cautín,91,teodoro schmidt,9117,71,143,68,75,36,19,17,107,49,58
27409,la araucanía,9,cautín,91,teodoro schmidt,9117,72,120,64,56,31,13,18,89,51,38
27410,la araucanía,9,cautín,91,teodoro schmidt,9117,73,108,58,50,32,15,17,76,43,33
27411,la araucanía,9,cautín,91,teodoro schmidt,9117,74,126,69,57,29,16,13,97,53,44
27412,la araucanía,9,cautín,91,teodoro schmidt,9117,75,107,45,62,25,10,15,82,35,47
27413,la araucanía,9,cautín,91,teodoro schmidt,9117,76,108,54,54,27,14,13,81,40,41
27414,la araucanía,9,cautín,91,teodoro schmidt,9117,77,95,42,53,16,6,10,79,36,43
27415,la araucanía,9,cautín,91,teodoro schmidt,9117,78,85,49,36,21,12,9,64,37,27
27416,la araucanía,9,cautín,91,teodoro schmidt,9117,79,79,38,41,15,6,9,64,32,32
27417,la araucanía,9,cautín,91,teodoro schmidt,9117,80,65,25,40,21,7,14,44,18,26
27418,la araucanía,9,cautín,91,teodoro schmidt,9117,81,78,33,45,21,4,17,57,29,28
27419,la araucanía,9,cautín,91,teodoro schmidt,9117,82,65,36,29,14,6,8,51,30,21
27420,la araucanía,9,cautín,91,teodoro schmidt,9117,83,72,34,38,25,11,14,47,23,24
27421,la araucanía,9,cautín,91,teodoro schmidt,9117,84,57,26,31,14,5,9,43,21,22
27422,la araucanía,9,cautín,91,teodoro schmidt,9117,85,53,22,31,11,3,8,42,19,23
27423,la araucanía,9,cautín,91,teodoro schmidt,9117,86,54,23,31,13,5,8,41,18,23
27424,la araucanía,9,cautín,91,teodoro schmidt,9117,87,36,11,25,5,3,2,31,8,23
27425,la araucanía,9,cautín,91,teodoro schmidt,9117,88,37,10,27,12,3,9,25,7,18
27426,la araucanía,9,cautín,91,teodoro schmidt,9117,89,22,6,16,4,1,3,18,5,13
27427,la araucanía,9,cautín,91,teodoro schmidt,9117,90,17,5,12,7,3,4,10,2,8
27428,la araucanía,9,cautín,91,teodoro schmidt,9117,91,18,6,12,6,0,6,12,6,6
27429,la araucanía,9,cautín,91,teodoro schmidt,9117,92,17,4,13,4,1,3,13,3,10
27430,la araucanía,9,cautín,91,teodoro schmidt,9117,93,12,3,9,3,0,3,9,3,6
27431,la araucanía,9,cautín,91,teodoro schmidt,9117,94,6,2,4,2,2,0,4,0,4
27432,la araucanía,9,cautín,91,teodoro schmidt,9117,95,3,1,2,0,0,0,3,1,2
27433,la araucanía,9,cautín,91,teodoro schmidt,9117,96,6,3,3,3,0,3,3,3,0
27434,la araucanía,9,cautín,91,teodoro schmidt,9117,97,4,1,3,2,1,1,2,0,2
27435,la araucanía,9,cautín,91,teodoro schmidt,9117,98,3,0,3,0,0,0,3,0,3
27436,la araucanía,9,cautín,91,teodoro schmidt,9117,99,4,4,0,0,0,0,4,4,0
27437,la araucanía,9,cautín,91,teodoro schmidt,9117,100 o más,4,1,3,0,0,0,4,1,3
27438,la araucanía,9,cautín,91,toltén,9118,total comuna,9722,4883,4839,3868,1870,1998,5854,3013,2841
27439,la araucanía,9,cautín,91,toltén,9118,0,103,48,55,39,17,22,64,31,33
27440,la araucanía,9,cautín,91,toltén,9118,1,113,65,48,53,27,26,60,38,22
27441,la araucanía,9,cautín,91,toltén,9118,2,116,52,64,43,20,23,73,32,41
27442,la araucanía,9,cautín,91,toltén,9118,3,111,57,54,41,20,21,70,37,33
27443,la araucanía,9,cautín,91,toltén,9118,4,142,76,66,59,29,30,83,47,36
27444,la araucanía,9,cautín,91,toltén,9118,5,114,61,53,58,27,31,56,34,22
27445,la araucanía,9,cautín,91,toltén,9118,6,129,75,54,59,33,26,70,42,28
27446,la araucanía,9,cautín,91,toltén,9118,7,145,77,68,65,39,26,80,38,42
27447,la araucanía,9,cautín,91,toltén,9118,8,131,68,63,58,34,24,73,34,39
27448,la araucanía,9,cautín,91,toltén,9118,9,159,89,70,57,34,23,102,55,47
27449,la araucanía,9,cautín,91,toltén,9118,10,135,58,77,50,21,29,85,37,48
27450,la araucanía,9,cautín,91,toltén,9118,11,143,73,70,52,30,22,91,43,48
27451,la araucanía,9,cautín,91,toltén,9118,12,157,75,82,74,39,35,83,36,47
27452,la araucanía,9,cautín,91,toltén,9118,13,145,68,77,47,23,24,98,45,53
27453,la araucanía,9,cautín,91,toltén,9118,14,129,64,65,57,31,26,72,33,39
27454,la araucanía,9,cautín,91,toltén,9118,15,154,90,64,58,33,25,96,57,39
27455,la araucanía,9,cautín,91,toltén,9118,16,139,69,70,66,30,36,73,39,34
27456,la araucanía,9,cautín,91,toltén,9118,17,129,67,62,62,35,27,67,32,35
27457,la araucanía,9,cautín,91,toltén,9118,18,121,61,60,37,15,22,84,46,38
27458,la araucanía,9,cautín,91,toltén,9118,19,103,60,43,51,30,21,52,30,22
27459,la araucanía,9,cautín,91,toltén,9118,20,93,43,50,46,22,24,47,21,26
27460,la araucanía,9,cautín,91,toltén,9118,21,88,43,45,43,19,24,45,24,21
27461,la araucanía,9,cautín,91,toltén,9118,22,97,56,41,35,21,14,62,35,27
27462,la araucanía,9,cautín,91,toltén,9118,23,72,40,32,30,17,13,42,23,19
27463,la araucanía,9,cautín,91,toltén,9118,24,114,50,64,56,25,31,58,25,33
27464,la araucanía,9,cautín,91,toltén,9118,25,122,67,55,56,30,26,66,37,29
27465,la araucanía,9,cautín,91,toltén,9118,26,120,55,65,68,27,41,52,28,24
27466,la araucanía,9,cautín,91,toltén,9118,27,141,64,77,74,33,41,67,31,36
27467,la araucanía,9,cautín,91,toltén,9118,28,115,54,61,51,26,25,64,28,36
27468,la araucanía,9,cautín,91,toltén,9118,29,118,56,62,61,28,33,57,28,29
27469,la araucanía,9,cautín,91,toltén,9118,30,117,49,68,54,23,31,63,26,37
27470,la araucanía,9,cautín,91,toltén,9118,31,132,62,70,73,35,38,59,27,32
27471,la araucanía,9,cautín,91,toltén,9118,32,104,47,57,44,20,24,60,27,33
27472,la araucanía,9,cautín,91,toltén,9118,33,123,60,63,58,24,34,65,36,29
27473,la araucanía,9,cautín,91,toltén,9118,34,90,36,54,36,11,25,54,25,29
27474,la araucanía,9,cautín,91,toltén,9118,35,90,44,46,34,14,20,56,30,26
27475,la araucanía,9,cautín,91,toltén,9118,36,104,48,56,53,30,23,51,18,33
27476,la araucanía,9,cautín,91,toltén,9118,37,132,66,66,57,30,27,75,36,39
27477,la araucanía,9,cautín,91,toltén,9118,38,112,55,57,56,24,32,56,31,25
27478,la araucanía,9,cautín,91,toltén,9118,39,94,49,45,44,24,20,50,25,25
27479,la araucanía,9,cautín,91,toltén,9118,40,95,38,57,33,15,18,62,23,39
27480,la araucanía,9,cautín,91,toltén,9118,41,129,66,63,46,21,25,83,45,38
27481,la araucanía,9,cautín,91,toltén,9118,42,159,82,77,73,39,34,86,43,43
27482,la araucanía,9,cautín,91,toltén,9118,43,135,68,67,56,24,32,79,44,35
27483,la araucanía,9,cautín,91,toltén,9118,44,169,92,77,65,39,26,104,53,51
27484,la araucanía,9,cautín,91,toltén,9118,45,135,72,63,53,26,27,82,46,36
27485,la araucanía,9,cautín,91,toltén,9118,46,112,53,59,46,20,26,66,33,33
27486,la araucanía,9,cautín,91,toltén,9118,47,149,77,72,57,33,24,92,44,48
27487,la araucanía,9,cautín,91,toltén,9118,48,154,77,77,53,26,27,101,51,50
27488,la araucanía,9,cautín,91,toltén,9118,49,143,76,67,58,25,33,85,51,34
27489,la araucanía,9,cautín,91,toltén,9118,50,151,87,64,56,33,23,95,54,41
27490,la araucanía,9,cautín,91,toltén,9118,51,153,77,76,68,28,40,85,49,36
27491,la araucanía,9,cautín,91,toltén,9118,52,162,73,89,59,23,36,103,50,53
27492,la araucanía,9,cautín,91,toltén,9118,53,151,73,78,66,28,38,85,45,40
27493,la araucanía,9,cautín,91,toltén,9118,54,165,81,84,58,30,28,107,51,56
27494,la araucanía,9,cautín,91,toltén,9118,55,146,81,65,56,28,28,90,53,37
27495,la araucanía,9,cautín,91,toltén,9118,56,138,72,66,48,26,22,90,46,44
27496,la araucanía,9,cautín,91,toltén,9118,57,146,83,63,42,22,20,104,61,43
27497,la araucanía,9,cautín,91,toltén,9118,58,121,67,54,45,24,21,76,43,33
27498,la araucanía,9,cautín,91,toltén,9118,59,123,68,55,45,23,22,78,45,33
27499,la araucanía,9,cautín,91,toltén,9118,60,134,65,69,41,16,25,93,49,44
27500,la araucanía,9,cautín,91,toltén,9118,61,110,60,50,23,10,13,87,50,37
27501,la araucanía,9,cautín,91,toltén,9118,62,98,51,47,39,21,18,59,30,29
27502,la araucanía,9,cautín,91,toltén,9118,63,118,59,59,35,16,19,83,43,40
27503,la araucanía,9,cautín,91,toltén,9118,64,97,45,52,33,13,20,64,32,32
27504,la araucanía,9,cautín,91,toltén,9118,65,87,48,39,27,10,17,60,38,22
27505,la araucanía,9,cautín,91,toltén,9118,66,91,47,44,30,16,14,61,31,30
27506,la araucanía,9,cautín,91,toltén,9118,67,90,48,42,23,11,12,67,37,30
27507,la araucanía,9,cautín,91,toltén,9118,68,74,36,38,24,8,16,50,28,22
27508,la araucanía,9,cautín,91,toltén,9118,69,94,50,44,32,15,17,62,35,27
27509,la araucanía,9,cautín,91,toltén,9118,70,86,44,42,35,18,17,51,26,25
27510,la araucanía,9,cautín,91,toltén,9118,71,82,41,41,25,8,17,57,33,24
27511,la araucanía,9,cautín,91,toltén,9118,72,86,45,41,26,14,12,60,31,29
27512,la araucanía,9,cautín,91,toltén,9118,73,68,30,38,24,6,18,44,24,20
27513,la araucanía,9,cautín,91,toltén,9118,74,68,27,41,23,10,13,45,17,28
27514,la araucanía,9,cautín,91,toltén,9118,75,57,18,39,23,7,16,34,11,23
27515,la araucanía,9,cautín,91,toltén,9118,76,58,31,27,25,13,12,33,18,15
27516,la araucanía,9,cautín,91,toltén,9118,77,69,37,32,25,13,12,44,24,20
27517,la araucanía,9,cautín,91,toltén,9118,78,53,28,25,11,3,8,42,25,17
27518,la araucanía,9,cautín,91,toltén,9118,79,51,28,23,15,4,11,36,24,12
27519,la araucanía,9,cautín,91,toltén,9118,80,52,26,26,14,6,8,38,20,18
27520,la araucanía,9,cautín,91,toltén,9118,81,48,20,28,11,5,6,37,15,22
27521,la araucanía,9,cautín,91,toltén,9118,82,39,17,22,11,5,6,28,12,16
27522,la araucanía,9,cautín,91,toltén,9118,83,43,20,23,18,9,9,25,11,14
27523,la araucanía,9,cautín,91,toltén,9118,84,45,21,24,17,8,9,28,13,15
27524,la araucanía,9,cautín,91,toltén,9118,85,25,11,14,7,2,5,18,9,9
27525,la araucanía,9,cautín,91,toltén,9118,86,27,15,12,5,3,2,22,12,10
27526,la araucanía,9,cautín,91,toltén,9118,87,30,11,19,11,2,9,19,9,10
27527,la araucanía,9,cautín,91,toltén,9118,88,18,10,8,4,2,2,14,8,6
27528,la araucanía,9,cautín,91,toltén,9118,89,25,12,13,11,4,7,14,8,6
27529,la araucanía,9,cautín,91,toltén,9118,90,13,7,6,3,2,1,10,5,5
27530,la araucanía,9,cautín,91,toltén,9118,91,14,7,7,7,3,4,7,4,3
27531,la araucanía,9,cautín,91,toltén,9118,92,13,1,12,1,0,1,12,1,11
27532,la araucanía,9,cautín,91,toltén,9118,93,4,2,2,3,2,1,1,0,1
27533,la araucanía,9,cautín,91,toltén,9118,94,6,1,5,2,0,2,4,1,3
27534,la araucanía,9,cautín,91,toltén,9118,95,3,0,3,1,0,1,2,0,2
27535,la araucanía,9,cautín,91,toltén,9118,96,1,0,1,0,0,0,1,0,1
27536,la araucanía,9,cautín,91,toltén,9118,97,2,0,2,1,0,1,1,0,1
27537,la araucanía,9,cautín,91,toltén,9118,98,1,0,1,0,0,0,1,0,1
27538,la araucanía,9,cautín,91,toltén,9118,99,1,0,1,0,0,0,1,0,1
27539,la araucanía,9,cautín,91,toltén,9118,100 o más,9,4,5,4,2,2,5,2,3
27540,la araucanía,9,cautín,91,vilcún,9119,total comuna,28151,13873,14278,15422,7401,8021,12729,6472,6257
27541,la araucanía,9,cautín,91,vilcún,9119,0,370,175,195,210,96,114,160,79,81
27542,la araucanía,9,cautín,91,vilcún,9119,1,404,202,202,243,125,118,161,77,84
27543,la araucanía,9,cautín,91,vilcún,9119,2,391,202,189,231,110,121,160,92,68
27544,la araucanía,9,cautín,91,vilcún,9119,3,377,172,205,214,93,121,163,79,84
27545,la araucanía,9,cautín,91,vilcún,9119,4,454,237,217,241,123,118,213,114,99
27546,la araucanía,9,cautín,91,vilcún,9119,5,423,227,196,236,129,107,187,98,89
27547,la araucanía,9,cautín,91,vilcún,9119,6,447,230,217,271,140,131,176,90,86
27548,la araucanía,9,cautín,91,vilcún,9119,7,438,229,209,258,130,128,180,99,81
27549,la araucanía,9,cautín,91,vilcún,9119,8,467,246,221,268,151,117,199,95,104
27550,la araucanía,9,cautín,91,vilcún,9119,9,402,213,189,238,127,111,164,86,78
27551,la araucanía,9,cautín,91,vilcún,9119,10,476,235,241,257,131,126,219,104,115
27552,la araucanía,9,cautín,91,vilcún,9119,11,440,230,210,259,133,126,181,97,84
27553,la araucanía,9,cautín,91,vilcún,9119,12,421,208,213,238,118,120,183,90,93
27554,la araucanía,9,cautín,91,vilcún,9119,13,403,194,209,203,104,99,200,90,110
27555,la araucanía,9,cautín,91,vilcún,9119,14,431,222,209,227,118,109,204,104,100
27556,la araucanía,9,cautín,91,vilcún,9119,15,474,245,229,251,127,124,223,118,105
27557,la araucanía,9,cautín,91,vilcún,9119,16,450,221,229,241,116,125,209,105,104
27558,la araucanía,9,cautín,91,vilcún,9119,17,450,232,218,243,125,118,207,107,100
27559,la araucanía,9,cautín,91,vilcún,9119,18,411,211,200,232,112,120,179,99,80
27560,la araucanía,9,cautín,91,vilcún,9119,19,429,216,213,238,119,119,191,97,94
27561,la araucanía,9,cautín,91,vilcún,9119,20,376,181,195,224,108,116,152,73,79
27562,la araucanía,9,cautín,91,vilcún,9119,21,436,193,243,277,118,159,159,75,84
27563,la araucanía,9,cautín,91,vilcún,9119,22,399,209,190,227,115,112,172,94,78
27564,la araucanía,9,cautín,91,vilcún,9119,23,416,211,205,260,116,144,156,95,61
27565,la araucanía,9,cautín,91,vilcún,9119,24,430,201,229,262,124,138,168,77,91
27566,la araucanía,9,cautín,91,vilcún,9119,25,401,192,209,232,115,117,169,77,92
27567,la araucanía,9,cautín,91,vilcún,9119,26,418,213,205,269,127,142,149,86,63
27568,la araucanía,9,cautín,91,vilcún,9119,27,417,192,225,253,114,139,164,78,86
27569,la araucanía,9,cautín,91,vilcún,9119,28,420,198,222,275,132,143,145,66,79
27570,la araucanía,9,cautín,91,vilcún,9119,29,343,165,178,224,103,121,119,62,57
27571,la araucanía,9,cautín,91,vilcún,9119,30,353,183,170,232,121,111,121,62,59
27572,la araucanía,9,cautín,91,vilcún,9119,31,343,149,194,214,93,121,129,56,73
27573,la araucanía,9,cautín,91,vilcún,9119,32,345,156,189,214,101,113,131,55,76
27574,la araucanía,9,cautín,91,vilcún,9119,33,330,160,170,192,89,103,138,71,67
27575,la araucanía,9,cautín,91,vilcún,9119,34,366,193,173,214,110,104,152,83,69
27576,la araucanía,9,cautín,91,vilcún,9119,35,417,193,224,240,114,126,177,79,98
27577,la araucanía,9,cautín,91,vilcún,9119,36,367,159,208,230,99,131,137,60,77
27578,la araucanía,9,cautín,91,vilcún,9119,37,389,187,202,248,124,124,141,63,78
27579,la araucanía,9,cautín,91,vilcún,9119,38,368,161,207,207,87,120,161,74,87
27580,la araucanía,9,cautín,91,vilcún,9119,39,377,195,182,210,110,100,167,85,82
27581,la araucanía,9,cautín,91,vilcún,9119,40,383,182,201,215,97,118,168,85,83
27582,la araucanía,9,cautín,91,vilcún,9119,41,403,203,200,224,106,118,179,97,82
27583,la araucanía,9,cautín,91,vilcún,9119,42,396,197,199,227,100,127,169,97,72
27584,la araucanía,9,cautín,91,vilcún,9119,43,414,199,215,204,88,116,210,111,99
27585,la araucanía,9,cautín,91,vilcún,9119,44,422,206,216,230,105,125,192,101,91
27586,la araucanía,9,cautín,91,vilcún,9119,45,394,206,188,218,115,103,176,91,85
27587,la araucanía,9,cautín,91,vilcún,9119,46,412,198,214,218,105,113,194,93,101
27588,la araucanía,9,cautín,91,vilcún,9119,47,409,197,212,214,108,106,195,89,106
27589,la araucanía,9,cautín,91,vilcún,9119,48,380,213,167,215,126,89,165,87,78
27590,la araucanía,9,cautín,91,vilcún,9119,49,385,191,194,187,81,106,198,110,88
27591,la araucanía,9,cautín,91,vilcún,9119,50,380,183,197,201,98,103,179,85,94
27592,la araucanía,9,cautín,91,vilcún,9119,51,375,198,177,210,103,107,165,95,70
27593,la araucanía,9,cautín,91,vilcún,9119,52,380,183,197,187,86,101,193,97,96
27594,la araucanía,9,cautín,91,vilcún,9119,53,345,174,171,176,88,88,169,86,83
27595,la araucanía,9,cautín,91,vilcún,9119,54,345,178,167,165,75,90,180,103,77
27596,la araucanía,9,cautín,91,vilcún,9119,55,354,196,158,198,99,99,156,97,59
27597,la araucanía,9,cautín,91,vilcún,9119,56,321,162,159,156,73,83,165,89,76
27598,la araucanía,9,cautín,91,vilcún,9119,57,305,154,151,152,77,75,153,77,76
27599,la araucanía,9,cautín,91,vilcún,9119,58,280,133,147,136,58,78,144,75,69
27600,la araucanía,9,cautín,91,vilcún,9119,59,298,149,149,152,72,80,146,77,69
27601,la araucanía,9,cautín,91,vilcún,9119,60,286,147,139,121,58,63,165,89,76
27602,la araucanía,9,cautín,91,vilcún,9119,61,264,130,134,113,51,62,151,79,72
27603,la araucanía,9,cautín,91,vilcún,9119,62,234,114,120,105,48,57,129,66,63
27604,la araucanía,9,cautín,91,vilcún,9119,63,248,121,127,110,49,61,138,72,66
27605,la araucanía,9,cautín,91,vilcún,9119,64,244,112,132,108,44,64,136,68,68
27606,la araucanía,9,cautín,91,vilcún,9119,65,247,121,126,123,59,64,124,62,62
27607,la araucanía,9,cautín,91,vilcún,9119,66,199,95,104,84,36,48,115,59,56
27608,la araucanía,9,cautín,91,vilcún,9119,67,197,97,100,90,40,50,107,57,50
27609,la araucanía,9,cautín,91,vilcún,9119,68,193,87,106,76,33,43,117,54,63
27610,la araucanía,9,cautín,91,vilcún,9119,69,183,104,79,97,47,50,86,57,29
27611,la araucanía,9,cautín,91,vilcún,9119,70,186,106,80,97,52,45,89,54,35
27612,la araucanía,9,cautín,91,vilcún,9119,71,187,88,99,92,38,54,95,50,45
27613,la araucanía,9,cautín,91,vilcún,9119,72,174,78,96,77,34,43,97,44,53
27614,la araucanía,9,cautín,91,vilcún,9119,73,157,74,83,72,34,38,85,40,45
27615,la araucanía,9,cautín,91,vilcún,9119,74,142,67,75,64,28,36,78,39,39
27616,la araucanía,9,cautín,91,vilcún,9119,75,138,69,69,57,23,34,81,46,35
27617,la araucanía,9,cautín,91,vilcún,9119,76,128,55,73,58,24,34,70,31,39
27618,la araucanía,9,cautín,91,vilcún,9119,77,149,57,92,59,23,36,90,34,56
27619,la araucanía,9,cautín,91,vilcún,9119,78,122,54,68,63,26,37,59,28,31
27620,la araucanía,9,cautín,91,vilcún,9119,79,84,38,46,38,17,21,46,21,25
27621,la araucanía,9,cautín,91,vilcún,9119,80,91,42,49,36,15,21,55,27,28
27622,la araucanía,9,cautín,91,vilcún,9119,81,103,50,53,46,25,21,57,25,32
27623,la araucanía,9,cautín,91,vilcún,9119,82,84,37,47,42,22,20,42,15,27
27624,la araucanía,9,cautín,91,vilcún,9119,83,68,29,39,31,9,22,37,20,17
27625,la araucanía,9,cautín,91,vilcún,9119,84,56,27,29,21,9,12,35,18,17
27626,la araucanía,9,cautín,91,vilcún,9119,85,56,20,36,30,9,21,26,11,15
27627,la araucanía,9,cautín,91,vilcún,9119,86,66,31,35,25,11,14,41,20,21
27628,la araucanía,9,cautín,91,vilcún,9119,87,44,23,21,22,12,10,22,11,11
27629,la araucanía,9,cautín,91,vilcún,9119,88,42,20,22,23,8,15,19,12,7
27630,la araucanía,9,cautín,91,vilcún,9119,89,21,7,14,9,2,7,12,5,7
27631,la araucanía,9,cautín,91,vilcún,9119,90,32,11,21,15,6,9,17,5,12
27632,la araucanía,9,cautín,91,vilcún,9119,91,14,4,10,3,0,3,11,4,7
27633,la araucanía,9,cautín,91,vilcún,9119,92,12,4,8,6,0,6,6,4,2
27634,la araucanía,9,cautín,91,vilcún,9119,93,15,3,12,8,1,7,7,2,5
27635,la araucanía,9,cautín,91,vilcún,9119,94,10,5,5,3,0,3,7,5,2
27636,la araucanía,9,cautín,91,vilcún,9119,95,2,0,2,1,0,1,1,0,1
27637,la araucanía,9,cautín,91,vilcún,9119,96,8,3,5,2,1,1,6,2,4
27638,la araucanía,9,cautín,91,vilcún,9119,97,2,0,2,1,0,1,1,0,1
27639,la araucanía,9,cautín,91,vilcún,9119,98,1,0,1,0,0,0,1,0,1
27640,la araucanía,9,cautín,91,vilcún,9119,99,2,0,2,0,0,0,2,0,2
27641,la araucanía,9,cautín,91,vilcún,9119,100 o más,10,3,7,6,0,6,4,3,1
27642,la araucanía,9,cautín,91,villarrica,9120,total comuna,55478,27196,28282,36480,17490,18990,18998,9706,9292
27643,la araucanía,9,cautín,91,villarrica,9120,0,723,373,350,508,269,239,215,104,111
27644,la araucanía,9,cautín,91,villarrica,9120,1,780,364,416,530,260,270,250,104,146
27645,la araucanía,9,cautín,91,villarrica,9120,2,821,425,396,556,292,264,265,133,132
27646,la araucanía,9,cautín,91,villarrica,9120,3,795,400,395,527,263,264,268,137,131
27647,la araucanía,9,cautín,91,villarrica,9120,4,768,408,360,509,254,255,259,154,105
27648,la araucanía,9,cautín,91,villarrica,9120,5,758,404,354,509,268,241,249,136,113
27649,la araucanía,9,cautín,91,villarrica,9120,6,836,446,390,540,295,245,296,151,145
27650,la araucanía,9,cautín,91,villarrica,9120,7,797,398,399,521,243,278,276,155,121
27651,la araucanía,9,cautín,91,villarrica,9120,8,860,455,405,595,311,284,265,144,121
27652,la araucanía,9,cautín,91,villarrica,9120,9,813,421,392,558,291,267,255,130,125
27653,la araucanía,9,cautín,91,villarrica,9120,10,758,406,352,510,267,243,248,139,109
27654,la araucanía,9,cautín,91,villarrica,9120,11,738,381,357,485,240,245,253,141,112
27655,la araucanía,9,cautín,91,villarrica,9120,12,755,370,385,503,232,271,252,138,114
27656,la araucanía,9,cautín,91,villarrica,9120,13,770,401,369,516,269,247,254,132,122
27657,la araucanía,9,cautín,91,villarrica,9120,14,823,426,397,563,293,270,260,133,127
27658,la araucanía,9,cautín,91,villarrica,9120,15,894,454,440,592,298,294,302,156,146
27659,la araucanía,9,cautín,91,villarrica,9120,16,915,473,442,616,325,291,299,148,151
27660,la araucanía,9,cautín,91,villarrica,9120,17,859,423,436,607,301,306,252,122,130
27661,la araucanía,9,cautín,91,villarrica,9120,18,688,357,331,471,244,227,217,113,104
27662,la araucanía,9,cautín,91,villarrica,9120,19,666,339,327,469,232,237,197,107,90
27663,la araucanía,9,cautín,91,villarrica,9120,20,703,344,359,506,254,252,197,90,107
27664,la araucanía,9,cautín,91,villarrica,9120,21,701,355,346,522,264,258,179,91,88
27665,la araucanía,9,cautín,91,villarrica,9120,22,761,356,405,570,267,303,191,89,102
27666,la araucanía,9,cautín,91,villarrica,9120,23,771,372,399,565,273,292,206,99,107
27667,la araucanía,9,cautín,91,villarrica,9120,24,821,439,382,608,317,291,213,122,91
27668,la araucanía,9,cautín,91,villarrica,9120,25,766,379,387,580,284,296,186,95,91
27669,la araucanía,9,cautín,91,villarrica,9120,26,863,411,452,648,309,339,215,102,113
27670,la araucanía,9,cautín,91,villarrica,9120,27,801,404,397,589,288,301,212,116,96
27671,la araucanía,9,cautín,91,villarrica,9120,28,882,424,458,651,312,339,231,112,119
27672,la araucanía,9,cautín,91,villarrica,9120,29,790,396,394,581,291,290,209,105,104
27673,la araucanía,9,cautín,91,villarrica,9120,30,803,375,428,570,266,304,233,109,124
27674,la araucanía,9,cautín,91,villarrica,9120,31,780,362,418,538,252,286,242,110,132
27675,la araucanía,9,cautín,91,villarrica,9120,32,710,352,358,514,253,261,196,99,97
27676,la araucanía,9,cautín,91,villarrica,9120,33,737,344,393,501,234,267,236,110,126
27677,la araucanía,9,cautín,91,villarrica,9120,34,752,342,410,529,241,288,223,101,122
27678,la araucanía,9,cautín,91,villarrica,9120,35,794,366,428,496,238,258,298,128,170
27679,la araucanía,9,cautín,91,villarrica,9120,36,654,311,343,448,224,224,206,87,119
27680,la araucanía,9,cautín,91,villarrica,9120,37,766,370,396,524,247,277,242,123,119
27681,la araucanía,9,cautín,91,villarrica,9120,38,722,335,387,468,208,260,254,127,127
27682,la araucanía,9,cautín,91,villarrica,9120,39,677,343,334,420,205,215,257,138,119
27683,la araucanía,9,cautín,91,villarrica,9120,40,736,342,394,487,212,275,249,130,119
27684,la araucanía,9,cautín,91,villarrica,9120,41,754,387,367,491,242,249,263,145,118
27685,la araucanía,9,cautín,91,villarrica,9120,42,768,375,393,519,246,273,249,129,120
27686,la araucanía,9,cautín,91,villarrica,9120,43,758,365,393,518,245,273,240,120,120
27687,la araucanía,9,cautín,91,villarrica,9120,44,765,360,405,485,224,261,280,136,144
27688,la araucanía,9,cautín,91,villarrica,9120,45,806,393,413,511,246,265,295,147,148
27689,la araucanía,9,cautín,91,villarrica,9120,46,808,417,391,546,273,273,262,144,118
27690,la araucanía,9,cautín,91,villarrica,9120,47,851,405,446,543,250,293,308,155,153
27691,la araucanía,9,cautín,91,villarrica,9120,48,793,381,412,501,228,273,292,153,139
27692,la araucanía,9,cautín,91,villarrica,9120,49,807,405,402,512,256,256,295,149,146
27693,la araucanía,9,cautín,91,villarrica,9120,50,797,401,396,531,243,288,266,158,108
27694,la araucanía,9,cautín,91,villarrica,9120,51,815,391,424,539,236,303,276,155,121
27695,la araucanía,9,cautín,91,villarrica,9120,52,777,372,405,468,226,242,309,146,163
27696,la araucanía,9,cautín,91,villarrica,9120,53,741,376,365,468,241,227,273,135,138
27697,la araucanía,9,cautín,91,villarrica,9120,54,757,388,369,484,235,249,273,153,120
27698,la araucanía,9,cautín,91,villarrica,9120,55,698,323,375,430,191,239,268,132,136
27699,la araucanía,9,cautín,91,villarrica,9120,56,678,308,370,410,189,221,268,119,149
27700,la araucanía,9,cautín,91,villarrica,9120,57,635,307,328,378,178,200,257,129,128
27701,la araucanía,9,cautín,91,villarrica,9120,58,640,325,315,384,188,196,256,137,119
27702,la araucanía,9,cautín,91,villarrica,9120,59,592,288,304,356,155,201,236,133,103
27703,la araucanía,9,cautín,91,villarrica,9120,60,612,314,298,335,157,178,277,157,120
27704,la araucanía,9,cautín,91,villarrica,9120,61,558,282,276,324,161,163,234,121,113
27705,la araucanía,9,cautín,91,villarrica,9120,62,540,282,258,300,139,161,240,143,97
27706,la araucanía,9,cautín,91,villarrica,9120,63,507,245,262,312,142,170,195,103,92
27707,la araucanía,9,cautín,91,villarrica,9120,64,485,237,248,287,133,154,198,104,94
27708,la araucanía,9,cautín,91,villarrica,9120,65,461,204,257,259,114,145,202,90,112
27709,la araucanía,9,cautín,91,villarrica,9120,66,422,200,222,238,105,133,184,95,89
27710,la araucanía,9,cautín,91,villarrica,9120,67,450,225,225,236,117,119,214,108,106
27711,la araucanía,9,cautín,91,villarrica,9120,68,420,207,213,242,110,132,178,97,81
27712,la araucanía,9,cautín,91,villarrica,9120,69,423,189,234,246,100,146,177,89,88
27713,la araucanía,9,cautín,91,villarrica,9120,70,436,204,232,235,100,135,201,104,97
27714,la araucanía,9,cautín,91,villarrica,9120,71,365,165,200,202,82,120,163,83,80
27715,la araucanía,9,cautín,91,villarrica,9120,72,352,164,188,201,88,113,151,76,75
27716,la araucanía,9,cautín,91,villarrica,9120,73,304,144,160,157,64,93,147,80,67
27717,la araucanía,9,cautín,91,villarrica,9120,74,301,143,158,173,76,97,128,67,61
27718,la araucanía,9,cautín,91,villarrica,9120,75,285,131,154,163,63,100,122,68,54
27719,la araucanía,9,cautín,91,villarrica,9120,76,244,112,132,145,57,88,99,55,44
27720,la araucanía,9,cautín,91,villarrica,9120,77,279,117,162,145,54,91,134,63,71
27721,la araucanía,9,cautín,91,villarrica,9120,78,216,89,127,124,40,84,92,49,43
27722,la araucanía,9,cautín,91,villarrica,9120,79,189,95,94,104,49,55,85,46,39
27723,la araucanía,9,cautín,91,villarrica,9120,80,177,83,94,115,46,69,62,37,25
27724,la araucanía,9,cautín,91,villarrica,9120,81,203,76,127,133,47,86,70,29,41
27725,la araucanía,9,cautín,91,villarrica,9120,82,143,60,83,93,39,54,50,21,29
27726,la araucanía,9,cautín,91,villarrica,9120,83,145,55,90,82,26,56,63,29,34
27727,la araucanía,9,cautín,91,villarrica,9120,84,142,68,74,87,36,51,55,32,23
27728,la araucanía,9,cautín,91,villarrica,9120,85,128,42,86,79,30,49,49,12,37
27729,la araucanía,9,cautín,91,villarrica,9120,86,107,44,63,65,22,43,42,22,20
27730,la araucanía,9,cautín,91,villarrica,9120,87,89,35,54,52,25,27,37,10,27
27731,la araucanía,9,cautín,91,villarrica,9120,88,79,33,46,46,19,27,33,14,19
27732,la araucanía,9,cautín,91,villarrica,9120,89,84,35,49,49,13,36,35,22,13
27733,la araucanía,9,cautín,91,villarrica,9120,90,63,17,46,39,8,31,24,9,15
27734,la araucanía,9,cautín,91,villarrica,9120,91,56,30,26,33,17,16,23,13,10
27735,la araucanía,9,cautín,91,villarrica,9120,92,43,17,26,29,9,20,14,8,6
27736,la araucanía,9,cautín,91,villarrica,9120,93,35,13,22,25,9,16,10,4,6
27737,la araucanía,9,cautín,91,villarrica,9120,94,24,9,15,16,5,11,8,4,4
27738,la araucanía,9,cautín,91,villarrica,9120,95,17,4,13,5,0,5,12,4,8
27739,la araucanía,9,cautín,91,villarrica,9120,96,13,0,13,10,0,10,3,0,3
27740,la araucanía,9,cautín,91,villarrica,9120,97,13,6,7,8,6,2,5,0,5
27741,la araucanía,9,cautín,91,villarrica,9120,98,2,1,1,0,0,0,2,1,1
27742,la araucanía,9,cautín,91,villarrica,9120,99,6,4,2,4,3,1,2,1,1
27743,la araucanía,9,cautín,91,villarrica,9120,100 o más,13,2,11,8,1,7,5,1,4
27744,la araucanía,9,cautín,91,cholchol,9121,total comuna,11611,5773,5838,4356,2015,2341,7255,3758,3497
27745,la araucanía,9,cautín,91,cholchol,9121,0,142,80,62,61,33,28,81,47,34
27746,la araucanía,9,cautín,91,cholchol,9121,1,170,88,82,61,27,34,109,61,48
27747,la araucanía,9,cautín,91,cholchol,9121,2,168,86,82,76,37,39,92,49,43
27748,la araucanía,9,cautín,91,cholchol,9121,3,160,86,74,65,35,30,95,51,44
27749,la araucanía,9,cautín,91,cholchol,9121,4,159,75,84,80,38,42,79,37,42
27750,la araucanía,9,cautín,91,cholchol,9121,5,191,94,97,84,40,44,107,54,53
27751,la araucanía,9,cautín,91,cholchol,9121,6,197,111,86,58,40,18,139,71,68
27752,la araucanía,9,cautín,91,cholchol,9121,7,191,100,91,72,38,34,119,62,57
27753,la araucanía,9,cautín,91,cholchol,9121,8,168,81,87,67,31,36,101,50,51
27754,la araucanía,9,cautín,91,cholchol,9121,9,180,89,91,72,40,32,108,49,59
27755,la araucanía,9,cautín,91,cholchol,9121,10,150,78,72,69,41,28,81,37,44
27756,la araucanía,9,cautín,91,cholchol,9121,11,190,99,91,72,35,37,118,64,54
27757,la araucanía,9,cautín,91,cholchol,9121,12,185,98,87,83,44,39,102,54,48
27758,la araucanía,9,cautín,91,cholchol,9121,13,180,95,85,63,27,36,117,68,49
27759,la araucanía,9,cautín,91,cholchol,9121,14,233,116,117,126,57,69,107,59,48
27760,la araucanía,9,cautín,91,cholchol,9121,15,225,112,113,103,47,56,122,65,57
27761,la araucanía,9,cautín,91,cholchol,9121,16,232,104,128,124,46,78,108,58,50
27762,la araucanía,9,cautín,91,cholchol,9121,17,190,105,85,85,45,40,105,60,45
27763,la araucanía,9,cautín,91,cholchol,9121,18,164,86,78,77,39,38,87,47,40
27764,la araucanía,9,cautín,91,cholchol,9121,19,177,96,81,78,42,36,99,54,45
27765,la araucanía,9,cautín,91,cholchol,9121,20,156,84,72,60,26,34,96,58,38
27766,la araucanía,9,cautín,91,cholchol,9121,21,142,72,70,62,30,32,80,42,38
27767,la araucanía,9,cautín,91,cholchol,9121,22,167,80,87,77,33,44,90,47,43
27768,la araucanía,9,cautín,91,cholchol,9121,23,142,58,84,64,17,47,78,41,37
27769,la araucanía,9,cautín,91,cholchol,9121,24,162,81,81,72,34,38,90,47,43
27770,la araucanía,9,cautín,91,cholchol,9121,25,143,73,70,68,34,34,75,39,36
27771,la araucanía,9,cautín,91,cholchol,9121,26,155,73,82,65,30,35,90,43,47
27772,la araucanía,9,cautín,91,cholchol,9121,27,141,54,87,59,25,34,82,29,53
27773,la araucanía,9,cautín,91,cholchol,9121,28,142,58,84,72,25,47,70,33,37
27774,la araucanía,9,cautín,91,cholchol,9121,29,154,70,84,58,29,29,96,41,55
27775,la araucanía,9,cautín,91,cholchol,9121,30,132,59,73,66,33,33,66,26,40
27776,la araucanía,9,cautín,91,cholchol,9121,31,141,73,68,56,26,30,85,47,38
27777,la araucanía,9,cautín,91,cholchol,9121,32,163,80,83,72,32,40,91,48,43
27778,la araucanía,9,cautín,91,cholchol,9121,33,129,55,74,64,25,39,65,30,35
27779,la araucanía,9,cautín,91,cholchol,9121,34,145,72,73,59,24,35,86,48,38
27780,la araucanía,9,cautín,91,cholchol,9121,35,150,77,73,74,41,33,76,36,40
27781,la araucanía,9,cautín,91,cholchol,9121,36,154,72,82,46,17,29,108,55,53
27782,la araucanía,9,cautín,91,cholchol,9121,37,137,58,79,60,26,34,77,32,45
27783,la araucanía,9,cautín,91,cholchol,9121,38,134,57,77,53,23,30,81,34,47
27784,la araucanía,9,cautín,91,cholchol,9121,39,130,59,71,58,25,33,72,34,38
27785,la araucanía,9,cautín,91,cholchol,9121,40,122,59,63,51,24,27,71,35,36
27786,la araucanía,9,cautín,91,cholchol,9121,41,148,80,68,60,31,29,88,49,39
27787,la araucanía,9,cautín,91,cholchol,9121,42,152,75,77,62,26,36,90,49,41
27788,la araucanía,9,cautín,91,cholchol,9121,43,150,82,68,54,28,26,96,54,42
27789,la araucanía,9,cautín,91,cholchol,9121,44,135,73,62,53,23,30,82,50,32
27790,la araucanía,9,cautín,91,cholchol,9121,45,127,61,66,41,17,24,86,44,42
27791,la araucanía,9,cautín,91,cholchol,9121,46,145,76,69,52,27,25,93,49,44
27792,la araucanía,9,cautín,91,cholchol,9121,47,141,70,71,45,21,24,96,49,47
27793,la araucanía,9,cautín,91,cholchol,9121,48,145,71,74,42,17,25,103,54,49
27794,la araucanía,9,cautín,91,cholchol,9121,49,168,82,86,61,26,35,107,56,51
27795,la araucanía,9,cautín,91,cholchol,9121,50,150,73,77,40,18,22,110,55,55
27796,la araucanía,9,cautín,91,cholchol,9121,51,150,83,67,49,24,25,101,59,42
27797,la araucanía,9,cautín,91,cholchol,9121,52,137,67,70,32,14,18,105,53,52
27798,la araucanía,9,cautín,91,cholchol,9121,53,145,68,77,46,18,28,99,50,49
27799,la araucanía,9,cautín,91,cholchol,9121,54,123,68,55,43,17,26,80,51,29
27800,la araucanía,9,cautín,91,cholchol,9121,55,147,73,74,42,19,23,105,54,51
27801,la araucanía,9,cautín,91,cholchol,9121,56,139,80,59,48,29,19,91,51,40
27802,la araucanía,9,cautín,91,cholchol,9121,57,146,74,72,33,16,17,113,58,55
27803,la araucanía,9,cautín,91,cholchol,9121,58,135,71,64,33,15,18,102,56,46
27804,la araucanía,9,cautín,91,cholchol,9121,59,122,57,65,45,17,28,77,40,37
27805,la araucanía,9,cautín,91,cholchol,9121,60,126,62,64,30,15,15,96,47,49
27806,la araucanía,9,cautín,91,cholchol,9121,61,116,54,62,28,10,18,88,44,44
27807,la araucanía,9,cautín,91,cholchol,9121,62,119,71,48,35,17,18,84,54,30
27808,la araucanía,9,cautín,91,cholchol,9121,63,98,51,47,28,10,18,70,41,29
27809,la araucanía,9,cautín,91,cholchol,9121,64,108,48,60,30,14,16,78,34,44
27810,la araucanía,9,cautín,91,cholchol,9121,65,109,52,57,33,14,19,76,38,38
27811,la araucanía,9,cautín,91,cholchol,9121,66,90,51,39,28,14,14,62,37,25
27812,la araucanía,9,cautín,91,cholchol,9121,67,92,43,49,24,8,16,68,35,33
27813,la araucanía,9,cautín,91,cholchol,9121,68,85,52,33,18,7,11,67,45,22
27814,la araucanía,9,cautín,91,cholchol,9121,69,77,40,37,17,7,10,60,33,27
27815,la araucanía,9,cautín,91,cholchol,9121,70,89,48,41,31,18,13,58,30,28
27816,la araucanía,9,cautín,91,cholchol,9121,71,96,51,45,22,6,16,74,45,29
27817,la araucanía,9,cautín,91,cholchol,9121,72,73,37,36,18,11,7,55,26,29
27818,la araucanía,9,cautín,91,cholchol,9121,73,86,34,52,24,8,16,62,26,36
27819,la araucanía,9,cautín,91,cholchol,9121,74,74,36,38,20,7,13,54,29,25
27820,la araucanía,9,cautín,91,cholchol,9121,75,57,31,26,10,3,7,47,28,19
27821,la araucanía,9,cautín,91,cholchol,9121,76,76,36,40,22,7,15,54,29,25
27822,la araucanía,9,cautín,91,cholchol,9121,77,59,26,33,19,5,14,40,21,19
27823,la araucanía,9,cautín,91,cholchol,9121,78,63,36,27,15,7,8,48,29,19
27824,la araucanía,9,cautín,91,cholchol,9121,79,53,31,22,14,10,4,39,21,18
27825,la araucanía,9,cautín,91,cholchol,9121,80,55,24,31,18,8,10,37,16,21
27826,la araucanía,9,cautín,91,cholchol,9121,81,59,29,30,12,7,5,47,22,25
27827,la araucanía,9,cautín,91,cholchol,9121,82,48,24,24,9,5,4,39,19,20
27828,la araucanía,9,cautín,91,cholchol,9121,83,50,17,33,10,4,6,40,13,27
27829,la araucanía,9,cautín,91,cholchol,9121,84,34,16,18,10,5,5,24,11,13
27830,la araucanía,9,cautín,91,cholchol,9121,85,31,14,17,9,4,5,22,10,12
27831,la araucanía,9,cautín,91,cholchol,9121,86,46,15,31,14,4,10,32,11,21
27832,la araucanía,9,cautín,91,cholchol,9121,87,28,12,16,4,2,2,24,10,14
27833,la araucanía,9,cautín,91,cholchol,9121,88,19,8,11,9,3,6,10,5,5
27834,la araucanía,9,cautín,91,cholchol,9121,89,24,11,13,6,4,2,18,7,11
27835,la araucanía,9,cautín,91,cholchol,9121,90,12,5,7,4,2,2,8,3,5
27836,la araucanía,9,cautín,91,cholchol,9121,91,15,5,10,2,0,2,13,5,8
27837,la araucanía,9,cautín,91,cholchol,9121,92,15,5,10,3,1,2,12,4,8
27838,la araucanía,9,cautín,91,cholchol,9121,93,7,2,5,2,1,1,5,1,4
27839,la araucanía,9,cautín,91,cholchol,9121,94,11,2,9,2,1,1,9,1,8
27840,la araucanía,9,cautín,91,cholchol,9121,95,6,3,3,0,0,0,6,3,3
27841,la araucanía,9,cautín,91,cholchol,9121,96,0,0,0,0,0,0,0,0,0
27842,la araucanía,9,cautín,91,cholchol,9121,97,2,2,0,1,1,0,1,1,0
27843,la araucanía,9,cautín,91,cholchol,9121,98,2,0,2,1,0,1,1,0,1
27844,la araucanía,9,cautín,91,cholchol,9121,99,1,1,0,1,1,0,0,0,0
27845,la araucanía,9,cautín,91,cholchol,9121,100 o más,2,1,1,0,0,0,2,1,1
27846,la araucanía,9,malleco,92,angol,9201,total comuna,53262,25613,27649,48911,23249,25662,4351,2364,1987
27847,la araucanía,9,malleco,92,angol,9201,0,701,368,333,646,342,304,55,26,29
27848,la araucanía,9,malleco,92,angol,9201,1,750,408,342,700,381,319,50,27,23
27849,la araucanía,9,malleco,92,angol,9201,2,786,411,375,735,377,358,51,34,17
27850,la araucanía,9,malleco,92,angol,9201,3,764,401,363,719,373,346,45,28,17
27851,la araucanía,9,malleco,92,angol,9201,4,763,391,372,711,364,347,52,27,25
27852,la araucanía,9,malleco,92,angol,9201,5,793,409,384,732,376,356,61,33,28
27853,la araucanía,9,malleco,92,angol,9201,6,762,379,383,710,350,360,52,29,23
27854,la araucanía,9,malleco,92,angol,9201,7,744,385,359,687,350,337,57,35,22
27855,la araucanía,9,malleco,92,angol,9201,8,801,412,389,744,389,355,57,23,34
27856,la araucanía,9,malleco,92,angol,9201,9,798,420,378,750,388,362,48,32,16
27857,la araucanía,9,malleco,92,angol,9201,10,793,390,403,735,363,372,58,27,31
27858,la araucanía,9,malleco,92,angol,9201,11,771,393,378,713,353,360,58,40,18
27859,la araucanía,9,malleco,92,angol,9201,12,725,376,349,686,353,333,39,23,16
27860,la araucanía,9,malleco,92,angol,9201,13,663,333,330,620,312,308,43,21,22
27861,la araucanía,9,malleco,92,angol,9201,14,767,403,364,722,376,346,45,27,18
27862,la araucanía,9,malleco,92,angol,9201,15,801,392,409,759,371,388,42,21,21
27863,la araucanía,9,malleco,92,angol,9201,16,820,398,422,755,363,392,65,35,30
27864,la araucanía,9,malleco,92,angol,9201,17,786,398,388,738,366,372,48,32,16
27865,la araucanía,9,malleco,92,angol,9201,18,629,296,333,585,279,306,44,17,27
27866,la araucanía,9,malleco,92,angol,9201,19,590,292,298,555,273,282,35,19,16
27867,la araucanía,9,malleco,92,angol,9201,20,629,287,342,591,270,321,38,17,21
27868,la araucanía,9,malleco,92,angol,9201,21,639,343,296,585,314,271,54,29,25
27869,la araucanía,9,malleco,92,angol,9201,22,644,312,332,593,285,308,51,27,24
27870,la araucanía,9,malleco,92,angol,9201,23,732,358,374,674,318,356,58,40,18
27871,la araucanía,9,malleco,92,angol,9201,24,748,333,415,700,310,390,48,23,25
27872,la araucanía,9,malleco,92,angol,9201,25,829,420,409,774,400,374,55,20,35
27873,la araucanía,9,malleco,92,angol,9201,26,859,419,440,808,395,413,51,24,27
27874,la araucanía,9,malleco,92,angol,9201,27,825,420,405,780,399,381,45,21,24
27875,la araucanía,9,malleco,92,angol,9201,28,805,385,420,761,359,402,44,26,18
27876,la araucanía,9,malleco,92,angol,9201,29,766,377,389,717,357,360,49,20,29
27877,la araucanía,9,malleco,92,angol,9201,30,796,376,420,749,345,404,47,31,16
27878,la araucanía,9,malleco,92,angol,9201,31,758,368,390,708,338,370,50,30,20
27879,la araucanía,9,malleco,92,angol,9201,32,748,338,410,705,317,388,43,21,22
27880,la araucanía,9,malleco,92,angol,9201,33,709,321,388,673,303,370,36,18,18
27881,la araucanía,9,malleco,92,angol,9201,34,722,355,367,679,330,349,43,25,18
27882,la araucanía,9,malleco,92,angol,9201,35,774,358,416,712,328,384,62,30,32
27883,la araucanía,9,malleco,92,angol,9201,36,651,309,342,621,296,325,30,13,17
27884,la araucanía,9,malleco,92,angol,9201,37,719,334,385,671,308,363,48,26,22
27885,la araucanía,9,malleco,92,angol,9201,38,711,319,392,666,294,372,45,25,20
27886,la araucanía,9,malleco,92,angol,9201,39,649,321,328,606,299,307,43,22,21
27887,la araucanía,9,malleco,92,angol,9201,40,698,304,394,654,281,373,44,23,21
27888,la araucanía,9,malleco,92,angol,9201,41,623,313,310,577,289,288,46,24,22
27889,la araucanía,9,malleco,92,angol,9201,42,741,349,392,678,319,359,63,30,33
27890,la araucanía,9,malleco,92,angol,9201,43,725,366,359,657,331,326,68,35,33
27891,la araucanía,9,malleco,92,angol,9201,44,754,375,379,677,333,344,77,42,35
27892,la araucanía,9,malleco,92,angol,9201,45,735,332,403,678,304,374,57,28,29
27893,la araucanía,9,malleco,92,angol,9201,46,676,302,374,601,260,341,75,42,33
27894,la araucanía,9,malleco,92,angol,9201,47,691,316,375,619,279,340,72,37,35
27895,la araucanía,9,malleco,92,angol,9201,48,713,349,364,658,316,342,55,33,22
27896,la araucanía,9,malleco,92,angol,9201,49,733,350,383,653,307,346,80,43,37
27897,la araucanía,9,malleco,92,angol,9201,50,753,344,409,691,318,373,62,26,36
27898,la araucanía,9,malleco,92,angol,9201,51,734,349,385,664,310,354,70,39,31
27899,la araucanía,9,malleco,92,angol,9201,52,725,352,373,658,314,344,67,38,29
27900,la araucanía,9,malleco,92,angol,9201,53,722,335,387,659,309,350,63,26,37
27901,la araucanía,9,malleco,92,angol,9201,54,680,319,361,610,284,326,70,35,35
27902,la araucanía,9,malleco,92,angol,9201,55,731,334,397,651,296,355,80,38,42
27903,la araucanía,9,malleco,92,angol,9201,56,696,320,376,619,275,344,77,45,32
27904,la araucanía,9,malleco,92,angol,9201,57,648,322,326,570,280,290,78,42,36
27905,la araucanía,9,malleco,92,angol,9201,58,608,295,313,550,266,284,58,29,29
27906,la araucanía,9,malleco,92,angol,9201,59,604,292,312,532,247,285,72,45,27
27907,la araucanía,9,malleco,92,angol,9201,60,619,297,322,570,268,302,49,29,20
27908,la araucanía,9,malleco,92,angol,9201,61,586,282,304,522,248,274,64,34,30
27909,la araucanía,9,malleco,92,angol,9201,62,508,261,247,445,217,228,63,44,19
27910,la araucanía,9,malleco,92,angol,9201,63,512,241,271,466,215,251,46,26,20
27911,la araucanía,9,malleco,92,angol,9201,64,516,236,280,458,195,263,58,41,17
27912,la araucanía,9,malleco,92,angol,9201,65,503,234,269,454,212,242,49,22,27
27913,la araucanía,9,malleco,92,angol,9201,66,435,190,245,374,155,219,61,35,26
27914,la araucanía,9,malleco,92,angol,9201,67,411,189,222,368,165,203,43,24,19
27915,la araucanía,9,malleco,92,angol,9201,68,367,161,206,322,132,190,45,29,16
27916,la araucanía,9,malleco,92,angol,9201,69,373,186,187,329,162,167,44,24,20
27917,la araucanía,9,malleco,92,angol,9201,70,391,181,210,337,150,187,54,31,23
27918,la araucanía,9,malleco,92,angol,9201,71,364,174,190,311,141,170,53,33,20
27919,la araucanía,9,malleco,92,angol,9201,72,317,149,168,266,119,147,51,30,21
27920,la araucanía,9,malleco,92,angol,9201,73,325,146,179,277,120,157,48,26,22
27921,la araucanía,9,malleco,92,angol,9201,74,300,129,171,260,108,152,40,21,19
27922,la araucanía,9,malleco,92,angol,9201,75,304,139,165,270,120,150,34,19,15
27923,la araucanía,9,malleco,92,angol,9201,76,301,135,166,273,117,156,28,18,10
27924,la araucanía,9,malleco,92,angol,9201,77,279,124,155,256,109,147,23,15,8
27925,la araucanía,9,malleco,92,angol,9201,78,243,113,130,215,94,121,28,19,9
27926,la araucanía,9,malleco,92,angol,9201,79,199,89,110,172,74,98,27,15,12
27927,la araucanía,9,malleco,92,angol,9201,80,201,79,122,171,60,111,30,19,11
27928,la araucanía,9,malleco,92,angol,9201,81,199,79,120,184,69,115,15,10,5
27929,la araucanía,9,malleco,92,angol,9201,82,170,59,111,154,52,102,16,7,9
27930,la araucanía,9,malleco,92,angol,9201,83,165,68,97,146,58,88,19,10,9
27931,la araucanía,9,malleco,92,angol,9201,84,156,70,86,141,62,79,15,8,7
27932,la araucanía,9,malleco,92,angol,9201,85,118,40,78,110,36,74,8,4,4
27933,la araucanía,9,malleco,92,angol,9201,86,127,49,78,115,45,70,12,4,8
27934,la araucanía,9,malleco,92,angol,9201,87,121,44,77,111,39,72,10,5,5
27935,la araucanía,9,malleco,92,angol,9201,88,96,28,68,86,24,62,10,4,6
27936,la araucanía,9,malleco,92,angol,9201,89,85,30,55,80,26,54,5,4,1
27937,la araucanía,9,malleco,92,angol,9201,90,63,26,37,51,22,29,12,4,8
27938,la araucanía,9,malleco,92,angol,9201,91,36,14,22,31,12,19,5,2,3
27939,la araucanía,9,malleco,92,angol,9201,92,35,11,24,32,10,22,3,1,2
27940,la araucanía,9,malleco,92,angol,9201,93,32,6,26,31,6,25,1,0,1
27941,la araucanía,9,malleco,92,angol,9201,94,19,6,13,19,6,13,0,0,0
27942,la araucanía,9,malleco,92,angol,9201,95,17,5,12,16,4,12,1,1,0
27943,la araucanía,9,malleco,92,angol,9201,96,11,1,10,11,1,10,0,0,0
27944,la araucanía,9,malleco,92,angol,9201,97,15,4,11,14,3,11,1,1,0
27945,la araucanía,9,malleco,92,angol,9201,98,8,5,3,8,5,3,0,0,0
27946,la araucanía,9,malleco,92,angol,9201,99,10,3,7,10,3,7,0,0,0
27947,la araucanía,9,malleco,92,angol,9201,100 o más,15,4,11,14,3,11,1,1,0
27948,la araucanía,9,malleco,92,collipulli,9202,total comuna,24598,12064,12534,18339,8750,9589,6259,3314,2945
27949,la araucanía,9,malleco,92,collipulli,9202,0,282,151,131,205,106,99,77,45,32
27950,la araucanía,9,malleco,92,collipulli,9202,1,322,178,144,242,134,108,80,44,36
27951,la araucanía,9,malleco,92,collipulli,9202,2,360,178,182,273,137,136,87,41,46
27952,la araucanía,9,malleco,92,collipulli,9202,3,377,199,178,287,151,136,90,48,42
27953,la araucanía,9,malleco,92,collipulli,9202,4,373,181,192,277,137,140,96,44,52
27954,la araucanía,9,malleco,92,collipulli,9202,5,377,187,190,286,136,150,91,51,40
27955,la araucanía,9,malleco,92,collipulli,9202,6,423,204,219,304,151,153,119,53,66
27956,la araucanía,9,malleco,92,collipulli,9202,7,387,209,178,297,166,131,90,43,47
27957,la araucanía,9,malleco,92,collipulli,9202,8,419,228,191,314,159,155,105,69,36
27958,la araucanía,9,malleco,92,collipulli,9202,9,371,188,183,271,135,136,100,53,47
27959,la araucanía,9,malleco,92,collipulli,9202,10,403,228,175,299,171,128,104,57,47
27960,la araucanía,9,malleco,92,collipulli,9202,11,360,185,175,266,135,131,94,50,44
27961,la araucanía,9,malleco,92,collipulli,9202,12,390,204,186,289,150,139,101,54,47
27962,la araucanía,9,malleco,92,collipulli,9202,13,370,186,184,265,131,134,105,55,50
27963,la araucanía,9,malleco,92,collipulli,9202,14,397,185,212,325,150,175,72,35,37
27964,la araucanía,9,malleco,92,collipulli,9202,15,383,192,191,289,145,144,94,47,47
27965,la araucanía,9,malleco,92,collipulli,9202,16,384,203,181,296,151,145,88,52,36
27966,la araucanía,9,malleco,92,collipulli,9202,17,369,184,185,305,151,154,64,33,31
27967,la araucanía,9,malleco,92,collipulli,9202,18,300,150,150,235,118,117,65,32,33
27968,la araucanía,9,malleco,92,collipulli,9202,19,293,156,137,221,121,100,72,35,37
27969,la araucanía,9,malleco,92,collipulli,9202,20,300,144,156,222,106,116,78,38,40
27970,la araucanía,9,malleco,92,collipulli,9202,21,262,121,141,200,96,104,62,25,37
27971,la araucanía,9,malleco,92,collipulli,9202,22,323,165,158,249,123,126,74,42,32
27972,la araucanía,9,malleco,92,collipulli,9202,23,331,161,170,255,122,133,76,39,37
27973,la araucanía,9,malleco,92,collipulli,9202,24,358,153,205,271,118,153,87,35,52
27974,la araucanía,9,malleco,92,collipulli,9202,25,385,186,199,288,143,145,97,43,54
27975,la araucanía,9,malleco,92,collipulli,9202,26,383,180,203,290,125,165,93,55,38
27976,la araucanía,9,malleco,92,collipulli,9202,27,364,168,196,274,120,154,90,48,42
27977,la araucanía,9,malleco,92,collipulli,9202,28,373,173,200,283,123,160,90,50,40
27978,la araucanía,9,malleco,92,collipulli,9202,29,336,163,173,254,116,138,82,47,35
27979,la araucanía,9,malleco,92,collipulli,9202,30,344,162,182,277,130,147,67,32,35
27980,la araucanía,9,malleco,92,collipulli,9202,31,340,153,187,258,103,155,82,50,32
27981,la araucanía,9,malleco,92,collipulli,9202,32,292,141,151,219,108,111,73,33,40
27982,la araucanía,9,malleco,92,collipulli,9202,33,322,127,195,259,98,161,63,29,34
27983,la araucanía,9,malleco,92,collipulli,9202,34,334,154,180,276,121,155,58,33,25
27984,la araucanía,9,malleco,92,collipulli,9202,35,345,169,176,265,134,131,80,35,45
27985,la araucanía,9,malleco,92,collipulli,9202,36,308,151,157,233,113,120,75,38,37
27986,la araucanía,9,malleco,92,collipulli,9202,37,309,137,172,238,105,133,71,32,39
27987,la araucanía,9,malleco,92,collipulli,9202,38,316,154,162,239,110,129,77,44,33
27988,la araucanía,9,malleco,92,collipulli,9202,39,268,123,145,203,87,116,65,36,29
27989,la araucanía,9,malleco,92,collipulli,9202,40,298,151,147,223,109,114,75,42,33
27990,la araucanía,9,malleco,92,collipulli,9202,41,313,137,176,240,102,138,73,35,38
27991,la araucanía,9,malleco,92,collipulli,9202,42,328,157,171,243,108,135,85,49,36
27992,la araucanía,9,malleco,92,collipulli,9202,43,333,182,151,256,135,121,77,47,30
27993,la araucanía,9,malleco,92,collipulli,9202,44,319,143,176,237,96,141,82,47,35
27994,la araucanía,9,malleco,92,collipulli,9202,45,337,158,179,234,119,115,103,39,64
27995,la araucanía,9,malleco,92,collipulli,9202,46,317,149,168,223,102,121,94,47,47
27996,la araucanía,9,malleco,92,collipulli,9202,47,311,163,148,238,121,117,73,42,31
27997,la araucanía,9,malleco,92,collipulli,9202,48,320,138,182,236,98,138,84,40,44
27998,la araucanía,9,malleco,92,collipulli,9202,49,336,181,155,236,123,113,100,58,42
27999,la araucanía,9,malleco,92,collipulli,9202,50,331,153,178,247,114,133,84,39,45
28000,la araucanía,9,malleco,92,collipulli,9202,51,335,164,171,239,113,126,96,51,45
28001,la araucanía,9,malleco,92,collipulli,9202,52,350,174,176,258,123,135,92,51,41
28002,la araucanía,9,malleco,92,collipulli,9202,53,314,163,151,232,117,115,82,46,36
28003,la araucanía,9,malleco,92,collipulli,9202,54,337,162,175,236,108,128,101,54,47
28004,la araucanía,9,malleco,92,collipulli,9202,55,359,188,171,250,127,123,109,61,48
28005,la araucanía,9,malleco,92,collipulli,9202,56,299,166,133,223,113,110,76,53,23
28006,la araucanía,9,malleco,92,collipulli,9202,57,291,147,144,209,101,108,82,46,36
28007,la araucanía,9,malleco,92,collipulli,9202,58,301,156,145,208,109,99,93,47,46
28008,la araucanía,9,malleco,92,collipulli,9202,59,268,132,136,190,93,97,78,39,39
28009,la araucanía,9,malleco,92,collipulli,9202,60,301,141,160,219,95,124,82,46,36
28010,la araucanía,9,malleco,92,collipulli,9202,61,252,111,141,175,73,102,77,38,39
28011,la araucanía,9,malleco,92,collipulli,9202,62,241,130,111,161,79,82,80,51,29
28012,la araucanía,9,malleco,92,collipulli,9202,63,247,126,121,189,93,96,58,33,25
28013,la araucanía,9,malleco,92,collipulli,9202,64,226,116,110,174,82,92,52,34,18
28014,la araucanía,9,malleco,92,collipulli,9202,65,212,110,102,149,71,78,63,39,24
28015,la araucanía,9,malleco,92,collipulli,9202,66,226,108,118,155,70,85,71,38,33
28016,la araucanía,9,malleco,92,collipulli,9202,67,185,81,104,132,57,75,53,24,29
28017,la araucanía,9,malleco,92,collipulli,9202,68,181,108,73,122,77,45,59,31,28
28018,la araucanía,9,malleco,92,collipulli,9202,69,197,80,117,144,50,94,53,30,23
28019,la araucanía,9,malleco,92,collipulli,9202,70,153,74,79,110,48,62,43,26,17
28020,la araucanía,9,malleco,92,collipulli,9202,71,159,70,89,112,44,68,47,26,21
28021,la araucanía,9,malleco,92,collipulli,9202,72,154,87,67,105,59,46,49,28,21
28022,la araucanía,9,malleco,92,collipulli,9202,73,126,62,64,96,46,50,30,16,14
28023,la araucanía,9,malleco,92,collipulli,9202,74,154,69,85,110,47,63,44,22,22
28024,la araucanía,9,malleco,92,collipulli,9202,75,127,70,57,93,48,45,34,22,12
28025,la araucanía,9,malleco,92,collipulli,9202,76,128,62,66,89,43,46,39,19,20
28026,la araucanía,9,malleco,92,collipulli,9202,77,120,52,68,87,34,53,33,18,15
28027,la araucanía,9,malleco,92,collipulli,9202,78,96,48,48,64,30,34,32,18,14
28028,la araucanía,9,malleco,92,collipulli,9202,79,101,47,54,82,34,48,19,13,6
28029,la araucanía,9,malleco,92,collipulli,9202,80,83,36,47,67,28,39,16,8,8
28030,la araucanía,9,malleco,92,collipulli,9202,81,79,35,44,61,27,34,18,8,10
28031,la araucanía,9,malleco,92,collipulli,9202,82,69,26,43,52,17,35,17,9,8
28032,la araucanía,9,malleco,92,collipulli,9202,83,67,19,48,48,13,35,19,6,13
28033,la araucanía,9,malleco,92,collipulli,9202,84,61,31,30,41,19,22,20,12,8
28034,la araucanía,9,malleco,92,collipulli,9202,85,50,27,23,33,17,16,17,10,7
28035,la araucanía,9,malleco,92,collipulli,9202,86,40,13,27,27,8,19,13,5,8
28036,la araucanía,9,malleco,92,collipulli,9202,87,38,14,24,32,11,21,6,3,3
28037,la araucanía,9,malleco,92,collipulli,9202,88,39,15,24,33,10,23,6,5,1
28038,la araucanía,9,malleco,92,collipulli,9202,89,37,13,24,30,11,19,7,2,5
28039,la araucanía,9,malleco,92,collipulli,9202,90,15,8,7,13,7,6,2,1,1
28040,la araucanía,9,malleco,92,collipulli,9202,91,16,8,8,13,6,7,3,2,1
28041,la araucanía,9,malleco,92,collipulli,9202,92,19,7,12,12,3,9,7,4,3
28042,la araucanía,9,malleco,92,collipulli,9202,93,23,13,10,18,10,8,5,3,2
28043,la araucanía,9,malleco,92,collipulli,9202,94,10,7,3,7,4,3,3,3,0
28044,la araucanía,9,malleco,92,collipulli,9202,95,7,3,4,6,2,4,1,1,0
28045,la araucanía,9,malleco,92,collipulli,9202,96,8,4,4,6,3,3,2,1,1
28046,la araucanía,9,malleco,92,collipulli,9202,97,8,4,4,6,3,3,2,1,1
28047,la araucanía,9,malleco,92,collipulli,9202,98,5,2,3,4,2,2,1,0,1
28048,la araucanía,9,malleco,92,collipulli,9202,99,1,1,0,1,1,0,0,0,0
28049,la araucanía,9,malleco,92,collipulli,9202,100 o más,7,1,6,4,1,3,3,0,3
28050,la araucanía,9,malleco,92,curacautín,9203,total comuna,17413,8376,9037,12838,5949,6889,4575,2427,2148
28051,la araucanía,9,malleco,92,curacautín,9203,0,217,109,108,167,83,84,50,26,24
28052,la araucanía,9,malleco,92,curacautín,9203,1,249,137,112,188,107,81,61,30,31
28053,la araucanía,9,malleco,92,curacautín,9203,2,233,122,111,170,89,81,63,33,30
28054,la araucanía,9,malleco,92,curacautín,9203,3,215,120,95,165,95,70,50,25,25
28055,la araucanía,9,malleco,92,curacautín,9203,4,217,113,104,178,91,87,39,22,17
28056,la araucanía,9,malleco,92,curacautín,9203,5,215,117,98,157,82,75,58,35,23
28057,la araucanía,9,malleco,92,curacautín,9203,6,224,122,102,173,96,77,51,26,25
28058,la araucanía,9,malleco,92,curacautín,9203,7,239,112,127,191,85,106,48,27,21
28059,la araucanía,9,malleco,92,curacautín,9203,8,227,113,114,179,85,94,48,28,20
28060,la araucanía,9,malleco,92,curacautín,9203,9,235,130,105,171,89,82,64,41,23
28061,la araucanía,9,malleco,92,curacautín,9203,10,261,114,147,188,83,105,73,31,42
28062,la araucanía,9,malleco,92,curacautín,9203,11,260,134,126,191,108,83,69,26,43
28063,la araucanía,9,malleco,92,curacautín,9203,12,252,125,127,191,92,99,61,33,28
28064,la araucanía,9,malleco,92,curacautín,9203,13,223,119,104,175,92,83,48,27,21
28065,la araucanía,9,malleco,92,curacautín,9203,14,236,128,108,187,96,91,49,32,17
28066,la araucanía,9,malleco,92,curacautín,9203,15,224,110,114,174,82,92,50,28,22
28067,la araucanía,9,malleco,92,curacautín,9203,16,269,135,134,220,105,115,49,30,19
28068,la araucanía,9,malleco,92,curacautín,9203,17,242,132,110,186,101,85,56,31,25
28069,la araucanía,9,malleco,92,curacautín,9203,18,212,103,109,169,84,85,43,19,24
28070,la araucanía,9,malleco,92,curacautín,9203,19,202,94,108,160,71,89,42,23,19
28071,la araucanía,9,malleco,92,curacautín,9203,20,206,96,110,166,80,86,40,16,24
28072,la araucanía,9,malleco,92,curacautín,9203,21,194,98,96,138,62,76,56,36,20
28073,la araucanía,9,malleco,92,curacautín,9203,22,219,107,112,180,84,96,39,23,16
28074,la araucanía,9,malleco,92,curacautín,9203,23,217,117,100,163,86,77,54,31,23
28075,la araucanía,9,malleco,92,curacautín,9203,24,217,106,111,175,89,86,42,17,25
28076,la araucanía,9,malleco,92,curacautín,9203,25,230,97,133,184,75,109,46,22,24
28077,la araucanía,9,malleco,92,curacautín,9203,26,191,84,107,159,70,89,32,14,18
28078,la araucanía,9,malleco,92,curacautín,9203,27,252,121,131,201,97,104,51,24,27
28079,la araucanía,9,malleco,92,curacautín,9203,28,219,100,119,171,77,94,48,23,25
28080,la araucanía,9,malleco,92,curacautín,9203,29,199,92,107,151,65,86,48,27,21
28081,la araucanía,9,malleco,92,curacautín,9203,30,216,96,120,167,74,93,49,22,27
28082,la araucanía,9,malleco,92,curacautín,9203,31,188,93,95,155,78,77,33,15,18
28083,la araucanía,9,malleco,92,curacautín,9203,32,185,91,94,139,66,73,46,25,21
28084,la araucanía,9,malleco,92,curacautín,9203,33,196,89,107,151,68,83,45,21,24
28085,la araucanía,9,malleco,92,curacautín,9203,34,193,79,114,150,58,92,43,21,22
28086,la araucanía,9,malleco,92,curacautín,9203,35,262,121,141,211,97,114,51,24,27
28087,la araucanía,9,malleco,92,curacautín,9203,36,214,111,103,164,85,79,50,26,24
28088,la araucanía,9,malleco,92,curacautín,9203,37,213,99,114,156,69,87,57,30,27
28089,la araucanía,9,malleco,92,curacautín,9203,38,206,88,118,148,53,95,58,35,23
28090,la araucanía,9,malleco,92,curacautín,9203,39,184,77,107,129,49,80,55,28,27
28091,la araucanía,9,malleco,92,curacautín,9203,40,193,86,107,139,60,79,54,26,28
28092,la araucanía,9,malleco,92,curacautín,9203,41,181,89,92,127,57,70,54,32,22
28093,la araucanía,9,malleco,92,curacautín,9203,42,220,94,126,159,63,96,61,31,30
28094,la araucanía,9,malleco,92,curacautín,9203,43,228,113,115,157,79,78,71,34,37
28095,la araucanía,9,malleco,92,curacautín,9203,44,269,126,143,198,89,109,71,37,34
28096,la araucanía,9,malleco,92,curacautín,9203,45,234,120,114,166,81,85,68,39,29
28097,la araucanía,9,malleco,92,curacautín,9203,46,242,104,138,165,65,100,77,39,38
28098,la araucanía,9,malleco,92,curacautín,9203,47,240,122,118,173,81,92,67,41,26
28099,la araucanía,9,malleco,92,curacautín,9203,48,249,115,134,182,79,103,67,36,31
28100,la araucanía,9,malleco,92,curacautín,9203,49,230,107,123,164,73,91,66,34,32
28101,la araucanía,9,malleco,92,curacautín,9203,50,252,117,135,176,74,102,76,43,33
28102,la araucanía,9,malleco,92,curacautín,9203,51,251,133,118,166,81,85,85,52,33
28103,la araucanía,9,malleco,92,curacautín,9203,52,273,135,138,188,85,103,85,50,35
28104,la araucanía,9,malleco,92,curacautín,9203,53,264,132,132,180,81,99,84,51,33
28105,la araucanía,9,malleco,92,curacautín,9203,54,267,127,140,176,81,95,91,46,45
28106,la araucanía,9,malleco,92,curacautín,9203,55,247,111,136,178,76,102,69,35,34
28107,la araucanía,9,malleco,92,curacautín,9203,56,223,120,103,154,77,77,69,43,26
28108,la araucanía,9,malleco,92,curacautín,9203,57,221,100,121,163,71,92,58,29,29
28109,la araucanía,9,malleco,92,curacautín,9203,58,206,98,108,138,61,77,68,37,31
28110,la araucanía,9,malleco,92,curacautín,9203,59,226,93,133,162,67,95,64,26,38
28111,la araucanía,9,malleco,92,curacautín,9203,60,192,102,90,126,64,62,66,38,28
28112,la araucanía,9,malleco,92,curacautín,9203,61,202,106,96,144,71,73,58,35,23
28113,la araucanía,9,malleco,92,curacautín,9203,62,211,94,117,149,66,83,62,28,34
28114,la araucanía,9,malleco,92,curacautín,9203,63,233,108,125,159,75,84,74,33,41
28115,la araucanía,9,malleco,92,curacautín,9203,64,200,90,110,140,54,86,60,36,24
28116,la araucanía,9,malleco,92,curacautín,9203,65,205,88,117,127,49,78,78,39,39
28117,la araucanía,9,malleco,92,curacautín,9203,66,166,77,89,123,55,68,43,22,21
28118,la araucanía,9,malleco,92,curacautín,9203,67,176,83,93,118,52,66,58,31,27
28119,la araucanía,9,malleco,92,curacautín,9203,68,191,88,103,128,56,72,63,32,31
28120,la araucanía,9,malleco,92,curacautín,9203,69,157,70,87,106,47,59,51,23,28
28121,la araucanía,9,malleco,92,curacautín,9203,70,160,64,96,118,47,71,42,17,25
28122,la araucanía,9,malleco,92,curacautín,9203,71,143,70,73,100,50,50,43,20,23
28123,la araucanía,9,malleco,92,curacautín,9203,72,153,84,69,98,48,50,55,36,19
28124,la araucanía,9,malleco,92,curacautín,9203,73,142,69,73,98,44,54,44,25,19
28125,la araucanía,9,malleco,92,curacautín,9203,74,119,47,72,90,35,55,29,12,17
28126,la araucanía,9,malleco,92,curacautín,9203,75,131,69,62,85,37,48,46,32,14
28127,la araucanía,9,malleco,92,curacautín,9203,76,113,60,53,81,38,43,32,22,10
28128,la araucanía,9,malleco,92,curacautín,9203,77,93,46,47,67,33,34,26,13,13
28129,la araucanía,9,malleco,92,curacautín,9203,78,97,33,64,69,22,47,28,11,17
28130,la araucanía,9,malleco,92,curacautín,9203,79,82,37,45,51,18,33,31,19,12
28131,la araucanía,9,malleco,92,curacautín,9203,80,87,38,49,62,28,34,25,10,15
28132,la araucanía,9,malleco,92,curacautín,9203,81,63,30,33,47,19,28,16,11,5
28133,la araucanía,9,malleco,92,curacautín,9203,82,72,35,37,56,24,32,16,11,5
28134,la araucanía,9,malleco,92,curacautín,9203,83,64,30,34,51,22,29,13,8,5
28135,la araucanía,9,malleco,92,curacautín,9203,84,66,24,42,49,17,32,17,7,10
28136,la araucanía,9,malleco,92,curacautín,9203,85,39,16,23,33,15,18,6,1,5
28137,la araucanía,9,malleco,92,curacautín,9203,86,55,27,28,40,20,20,15,7,8
28138,la araucanía,9,malleco,92,curacautín,9203,87,44,20,24,32,15,17,12,5,7
28139,la araucanía,9,malleco,92,curacautín,9203,88,38,20,18,30,13,17,8,7,1
28140,la araucanía,9,malleco,92,curacautín,9203,89,34,16,18,25,10,15,9,6,3
28141,la araucanía,9,malleco,92,curacautín,9203,90,27,12,15,18,5,13,9,7,2
28142,la araucanía,9,malleco,92,curacautín,9203,91,25,9,16,19,6,13,6,3,3
28143,la araucanía,9,malleco,92,curacautín,9203,92,20,8,12,15,6,9,5,2,3
28144,la araucanía,9,malleco,92,curacautín,9203,93,8,1,7,8,1,7,0,0,0
28145,la araucanía,9,malleco,92,curacautín,9203,94,9,2,7,7,1,6,2,1,1
28146,la araucanía,9,malleco,92,curacautín,9203,95,10,4,6,7,3,4,3,1,2
28147,la araucanía,9,malleco,92,curacautín,9203,96,5,2,3,4,1,3,1,1,0
28148,la araucanía,9,malleco,92,curacautín,9203,97,3,2,1,2,1,1,1,1,0
28149,la araucanía,9,malleco,92,curacautín,9203,98,3,1,2,3,1,2,0,0,0
28150,la araucanía,9,malleco,92,curacautín,9203,99,1,0,1,1,0,1,0,0,0
28151,la araucanía,9,malleco,92,curacautín,9203,100 o más,5,1,4,3,1,2,2,0,2
28152,la araucanía,9,malleco,92,ercilla,9204,total comuna,7733,3817,3916,3640,1701,1939,4093,2116,1977
28153,la araucanía,9,malleco,92,ercilla,9204,0,96,50,46,51,26,25,45,24,21
28154,la araucanía,9,malleco,92,ercilla,9204,1,132,59,73,66,32,34,66,27,39
28155,la araucanía,9,malleco,92,ercilla,9204,2,121,56,65,57,27,30,64,29,35
28156,la araucanía,9,malleco,92,ercilla,9204,3,115,56,59,50,27,23,65,29,36
28157,la araucanía,9,malleco,92,ercilla,9204,4,127,62,65,62,27,35,65,35,30
28158,la araucanía,9,malleco,92,ercilla,9204,5,120,62,58,54,29,25,66,33,33
28159,la araucanía,9,malleco,92,ercilla,9204,6,120,69,51,54,25,29,66,44,22
28160,la araucanía,9,malleco,92,ercilla,9204,7,126,63,63,56,31,25,70,32,38
28161,la araucanía,9,malleco,92,ercilla,9204,8,128,61,67,57,25,32,71,36,35
28162,la araucanía,9,malleco,92,ercilla,9204,9,139,72,67,61,31,30,78,41,37
28163,la araucanía,9,malleco,92,ercilla,9204,10,110,56,54,50,23,27,60,33,27
28164,la araucanía,9,malleco,92,ercilla,9204,11,118,62,56,54,24,30,64,38,26
28165,la araucanía,9,malleco,92,ercilla,9204,12,117,64,53,38,16,22,79,48,31
28166,la araucanía,9,malleco,92,ercilla,9204,13,120,63,57,52,30,22,68,33,35
28167,la araucanía,9,malleco,92,ercilla,9204,14,108,64,44,56,33,23,52,31,21
28168,la araucanía,9,malleco,92,ercilla,9204,15,115,63,52,50,30,20,65,33,32
28169,la araucanía,9,malleco,92,ercilla,9204,16,123,69,54,56,28,28,67,41,26
28170,la araucanía,9,malleco,92,ercilla,9204,17,109,49,60,47,18,29,62,31,31
28171,la araucanía,9,malleco,92,ercilla,9204,18,88,41,47,36,17,19,52,24,28
28172,la araucanía,9,malleco,92,ercilla,9204,19,108,64,44,49,28,21,59,36,23
28173,la araucanía,9,malleco,92,ercilla,9204,20,107,61,46,50,25,25,57,36,21
28174,la araucanía,9,malleco,92,ercilla,9204,21,99,40,59,47,17,30,52,23,29
28175,la araucanía,9,malleco,92,ercilla,9204,22,121,59,62,58,26,32,63,33,30
28176,la araucanía,9,malleco,92,ercilla,9204,23,102,52,50,52,28,24,50,24,26
28177,la araucanía,9,malleco,92,ercilla,9204,24,116,55,61,58,28,30,58,27,31
28178,la araucanía,9,malleco,92,ercilla,9204,25,115,52,63,57,25,32,58,27,31
28179,la araucanía,9,malleco,92,ercilla,9204,26,109,50,59,43,16,27,66,34,32
28180,la araucanía,9,malleco,92,ercilla,9204,27,101,56,45,50,31,19,51,25,26
28181,la araucanía,9,malleco,92,ercilla,9204,28,81,32,49,42,11,31,39,21,18
28182,la araucanía,9,malleco,92,ercilla,9204,29,97,45,52,50,24,26,47,21,26
28183,la araucanía,9,malleco,92,ercilla,9204,30,84,40,44,33,14,19,51,26,25
28184,la araucanía,9,malleco,92,ercilla,9204,31,98,46,52,47,25,22,51,21,30
28185,la araucanía,9,malleco,92,ercilla,9204,32,94,50,44,43,22,21,51,28,23
28186,la araucanía,9,malleco,92,ercilla,9204,33,87,42,45,38,17,21,49,25,24
28187,la araucanía,9,malleco,92,ercilla,9204,34,118,57,61,63,25,38,55,32,23
28188,la araucanía,9,malleco,92,ercilla,9204,35,92,48,44,38,21,17,54,27,27
28189,la araucanía,9,malleco,92,ercilla,9204,36,86,37,49,51,21,30,35,16,19
28190,la araucanía,9,malleco,92,ercilla,9204,37,72,39,33,34,15,19,38,24,14
28191,la araucanía,9,malleco,92,ercilla,9204,38,104,44,60,49,20,29,55,24,31
28192,la araucanía,9,malleco,92,ercilla,9204,39,96,50,46,50,26,24,46,24,22
28193,la araucanía,9,malleco,92,ercilla,9204,40,98,44,54,46,18,28,52,26,26
28194,la araucanía,9,malleco,92,ercilla,9204,41,102,46,56,44,15,29,58,31,27
28195,la araucanía,9,malleco,92,ercilla,9204,42,96,43,53,48,20,28,48,23,25
28196,la araucanía,9,malleco,92,ercilla,9204,43,114,54,60,47,22,25,67,32,35
28197,la araucanía,9,malleco,92,ercilla,9204,44,110,50,60,47,22,25,63,28,35
28198,la araucanía,9,malleco,92,ercilla,9204,45,93,44,49,46,15,31,47,29,18
28199,la araucanía,9,malleco,92,ercilla,9204,46,113,57,56,46,19,27,67,38,29
28200,la araucanía,9,malleco,92,ercilla,9204,47,99,53,46,46,24,22,53,29,24
28201,la araucanía,9,malleco,92,ercilla,9204,48,106,59,47,50,30,20,56,29,27
28202,la araucanía,9,malleco,92,ercilla,9204,49,95,46,49,49,20,29,46,26,20
28203,la araucanía,9,malleco,92,ercilla,9204,50,102,48,54,43,21,22,59,27,32
28204,la araucanía,9,malleco,92,ercilla,9204,51,87,54,33,43,24,19,44,30,14
28205,la araucanía,9,malleco,92,ercilla,9204,52,103,45,58,45,18,27,58,27,31
28206,la araucanía,9,malleco,92,ercilla,9204,53,87,38,49,45,21,24,42,17,25
28207,la araucanía,9,malleco,92,ercilla,9204,54,104,48,56,49,22,27,55,26,29
28208,la araucanía,9,malleco,92,ercilla,9204,55,101,52,49,48,23,25,53,29,24
28209,la araucanía,9,malleco,92,ercilla,9204,56,88,38,50,53,24,29,35,14,21
28210,la araucanía,9,malleco,92,ercilla,9204,57,84,37,47,39,16,23,45,21,24
28211,la araucanía,9,malleco,92,ercilla,9204,58,83,49,34,35,19,16,48,30,18
28212,la araucanía,9,malleco,92,ercilla,9204,59,73,34,39,40,16,24,33,18,15
28213,la araucanía,9,malleco,92,ercilla,9204,60,90,42,48,35,15,20,55,27,28
28214,la araucanía,9,malleco,92,ercilla,9204,61,75,33,42,38,19,19,37,14,23
28215,la araucanía,9,malleco,92,ercilla,9204,62,69,38,31,31,18,13,38,20,18
28216,la araucanía,9,malleco,92,ercilla,9204,63,86,47,39,43,23,20,43,24,19
28217,la araucanía,9,malleco,92,ercilla,9204,64,84,45,39,43,22,21,41,23,18
28218,la araucanía,9,malleco,92,ercilla,9204,65,70,37,33,28,10,18,42,27,15
28219,la araucanía,9,malleco,92,ercilla,9204,66,81,39,42,38,17,21,43,22,21
28220,la araucanía,9,malleco,92,ercilla,9204,67,57,20,37,34,11,23,23,9,14
28221,la araucanía,9,malleco,92,ercilla,9204,68,62,29,33,32,17,15,30,12,18
28222,la araucanía,9,malleco,92,ercilla,9204,69,67,29,38,36,14,22,31,15,16
28223,la araucanía,9,malleco,92,ercilla,9204,70,58,29,29,29,13,16,29,16,13
28224,la araucanía,9,malleco,92,ercilla,9204,71,49,30,19,26,15,11,23,15,8
28225,la araucanía,9,malleco,92,ercilla,9204,72,63,34,29,30,15,15,33,19,14
28226,la araucanía,9,malleco,92,ercilla,9204,73,56,32,24,24,14,10,32,18,14
28227,la araucanía,9,malleco,92,ercilla,9204,74,43,19,24,28,9,19,15,10,5
28228,la araucanía,9,malleco,92,ercilla,9204,75,45,19,26,24,9,15,21,10,11
28229,la araucanía,9,malleco,92,ercilla,9204,76,43,21,22,17,9,8,26,12,14
28230,la araucanía,9,malleco,92,ercilla,9204,77,41,18,23,16,7,9,25,11,14
28231,la araucanía,9,malleco,92,ercilla,9204,78,29,18,11,12,7,5,17,11,6
28232,la araucanía,9,malleco,92,ercilla,9204,79,44,25,19,20,13,7,24,12,12
28233,la araucanía,9,malleco,92,ercilla,9204,80,26,11,15,15,6,9,11,5,6
28234,la araucanía,9,malleco,92,ercilla,9204,81,26,14,12,15,6,9,11,8,3
28235,la araucanía,9,malleco,92,ercilla,9204,82,29,14,15,15,5,10,14,9,5
28236,la araucanía,9,malleco,92,ercilla,9204,83,31,12,19,16,6,10,15,6,9
28237,la araucanía,9,malleco,92,ercilla,9204,84,31,13,18,12,5,7,19,8,11
28238,la araucanía,9,malleco,92,ercilla,9204,85,16,8,8,9,5,4,7,3,4
28239,la araucanía,9,malleco,92,ercilla,9204,86,18,10,8,7,3,4,11,7,4
28240,la araucanía,9,malleco,92,ercilla,9204,87,12,4,8,6,2,4,6,2,4
28241,la araucanía,9,malleco,92,ercilla,9204,88,12,6,6,6,2,4,6,4,2
28242,la araucanía,9,malleco,92,ercilla,9204,89,16,6,10,11,4,7,5,2,3
28243,la araucanía,9,malleco,92,ercilla,9204,90,13,4,9,7,1,6,6,3,3
28244,la araucanía,9,malleco,92,ercilla,9204,91,12,1,11,6,0,6,6,1,5
28245,la araucanía,9,malleco,92,ercilla,9204,92,5,3,2,2,1,1,3,2,1
28246,la araucanía,9,malleco,92,ercilla,9204,93,9,3,6,5,1,4,4,2,2
28247,la araucanía,9,malleco,92,ercilla,9204,94,3,3,0,3,3,0,0,0,0
28248,la araucanía,9,malleco,92,ercilla,9204,95,1,0,1,1,0,1,0,0,0
28249,la araucanía,9,malleco,92,ercilla,9204,96,2,1,1,1,1,0,1,0,1
28250,la araucanía,9,malleco,92,ercilla,9204,97,1,1,0,0,0,0,1,1,0
28251,la araucanía,9,malleco,92,ercilla,9204,98,0,0,0,0,0,0,0,0,0
28252,la araucanía,9,malleco,92,ercilla,9204,99,1,0,1,1,0,1,0,0,0
28253,la araucanía,9,malleco,92,ercilla,9204,100 o más,0,0,0,0,0,0,0,0,0
28254,la araucanía,9,malleco,92,lonquimay,9205,total comuna,10251,5346,4905,3787,1976,1811,6464,3370,3094
28255,la araucanía,9,malleco,92,lonquimay,9205,0,144,70,74,48,21,27,96,49,47
28256,la araucanía,9,malleco,92,lonquimay,9205,1,154,75,79,46,22,24,108,53,55
28257,la araucanía,9,malleco,92,lonquimay,9205,2,157,83,74,54,27,27,103,56,47
28258,la araucanía,9,malleco,92,lonquimay,9205,3,139,82,57,52,32,20,87,50,37
28259,la araucanía,9,malleco,92,lonquimay,9205,4,145,73,72,44,23,21,101,50,51
28260,la araucanía,9,malleco,92,lonquimay,9205,5,166,74,92,56,28,28,110,46,64
28261,la araucanía,9,malleco,92,lonquimay,9205,6,175,86,89,65,28,37,110,58,52
28262,la araucanía,9,malleco,92,lonquimay,9205,7,161,88,73,60,36,24,101,52,49
28263,la araucanía,9,malleco,92,lonquimay,9205,8,142,71,71,47,26,21,95,45,50
28264,la araucanía,9,malleco,92,lonquimay,9205,9,142,68,74,38,23,15,104,45,59
28265,la araucanía,9,malleco,92,lonquimay,9205,10,138,69,69,44,23,21,94,46,48
28266,la araucanía,9,malleco,92,lonquimay,9205,11,133,70,63,40,22,18,93,48,45
28267,la araucanía,9,malleco,92,lonquimay,9205,12,164,80,84,57,31,26,107,49,58
28268,la araucanía,9,malleco,92,lonquimay,9205,13,139,77,62,42,21,21,97,56,41
28269,la araucanía,9,malleco,92,lonquimay,9205,14,136,61,75,46,20,26,90,41,49
28270,la araucanía,9,malleco,92,lonquimay,9205,15,139,69,70,47,25,22,92,44,48
28271,la araucanía,9,malleco,92,lonquimay,9205,16,148,61,87,55,25,30,93,36,57
28272,la araucanía,9,malleco,92,lonquimay,9205,17,159,84,75,67,43,24,92,41,51
28273,la araucanía,9,malleco,92,lonquimay,9205,18,197,138,59,119,96,23,78,42,36
28274,la araucanía,9,malleco,92,lonquimay,9205,19,179,117,62,74,56,18,105,61,44
28275,la araucanía,9,malleco,92,lonquimay,9205,20,135,81,54,46,35,11,89,46,43
28276,la araucanía,9,malleco,92,lonquimay,9205,21,140,90,50,72,55,17,68,35,33
28277,la araucanía,9,malleco,92,lonquimay,9205,22,141,74,67,65,37,28,76,37,39
28278,la araucanía,9,malleco,92,lonquimay,9205,23,123,61,62,53,29,24,70,32,38
28279,la araucanía,9,malleco,92,lonquimay,9205,24,138,70,68,57,32,25,81,38,43
28280,la araucanía,9,malleco,92,lonquimay,9205,25,142,74,68,57,28,29,85,46,39
28281,la araucanía,9,malleco,92,lonquimay,9205,26,133,70,63,50,31,19,83,39,44
28282,la araucanía,9,malleco,92,lonquimay,9205,27,141,73,68,65,33,32,76,40,36
28283,la araucanía,9,malleco,92,lonquimay,9205,28,136,71,65,67,31,36,69,40,29
28284,la araucanía,9,malleco,92,lonquimay,9205,29,133,76,57,58,29,29,75,47,28
28285,la araucanía,9,malleco,92,lonquimay,9205,30,127,66,61,57,28,29,70,38,32
28286,la araucanía,9,malleco,92,lonquimay,9205,31,120,57,63,46,29,17,74,28,46
28287,la araucanía,9,malleco,92,lonquimay,9205,32,142,79,63,55,28,27,87,51,36
28288,la araucanía,9,malleco,92,lonquimay,9205,33,126,63,63,60,27,33,66,36,30
28289,la araucanía,9,malleco,92,lonquimay,9205,34,124,58,66,49,25,24,75,33,42
28290,la araucanía,9,malleco,92,lonquimay,9205,35,150,78,72,58,26,32,92,52,40
28291,la araucanía,9,malleco,92,lonquimay,9205,36,121,58,63,46,25,21,75,33,42
28292,la araucanía,9,malleco,92,lonquimay,9205,37,145,76,69,53,25,28,92,51,41
28293,la araucanía,9,malleco,92,lonquimay,9205,38,142,72,70,67,33,34,75,39,36
28294,la araucanía,9,malleco,92,lonquimay,9205,39,133,77,56,43,27,16,90,50,40
28295,la araucanía,9,malleco,92,lonquimay,9205,40,140,77,63,49,22,27,91,55,36
28296,la araucanía,9,malleco,92,lonquimay,9205,41,120,68,52,36,18,18,84,50,34
28297,la araucanía,9,malleco,92,lonquimay,9205,42,156,84,72,50,26,24,106,58,48
28298,la araucanía,9,malleco,92,lonquimay,9205,43,153,77,76,55,26,29,98,51,47
28299,la araucanía,9,malleco,92,lonquimay,9205,44,164,80,84,57,19,38,107,61,46
28300,la araucanía,9,malleco,92,lonquimay,9205,45,131,70,61,44,23,21,87,47,40
28301,la araucanía,9,malleco,92,lonquimay,9205,46,142,71,71,52,28,24,90,43,47
28302,la araucanía,9,malleco,92,lonquimay,9205,47,138,74,64,54,25,29,84,49,35
28303,la araucanía,9,malleco,92,lonquimay,9205,48,127,75,52,48,30,18,79,45,34
28304,la araucanía,9,malleco,92,lonquimay,9205,49,139,76,63,43,19,24,96,57,39
28305,la araucanía,9,malleco,92,lonquimay,9205,50,138,65,73,53,27,26,85,38,47
28306,la araucanía,9,malleco,92,lonquimay,9205,51,144,69,75,54,24,30,90,45,45
28307,la araucanía,9,malleco,92,lonquimay,9205,52,157,79,78,61,34,27,96,45,51
28308,la araucanía,9,malleco,92,lonquimay,9205,53,120,63,57,36,17,19,84,46,38
28309,la araucanía,9,malleco,92,lonquimay,9205,54,120,64,56,46,28,18,74,36,38
28310,la araucanía,9,malleco,92,lonquimay,9205,55,124,67,57,44,23,21,80,44,36
28311,la araucanía,9,malleco,92,lonquimay,9205,56,123,63,60,36,13,23,87,50,37
28312,la araucanía,9,malleco,92,lonquimay,9205,57,113,58,55,37,17,20,76,41,35
28313,la araucanía,9,malleco,92,lonquimay,9205,58,116,66,50,43,20,23,73,46,27
28314,la araucanía,9,malleco,92,lonquimay,9205,59,129,71,58,49,25,24,80,46,34
28315,la araucanía,9,malleco,92,lonquimay,9205,60,108,51,57,42,19,23,66,32,34
28316,la araucanía,9,malleco,92,lonquimay,9205,61,115,62,53,31,16,15,84,46,38
28317,la araucanía,9,malleco,92,lonquimay,9205,62,94,55,39,34,19,15,60,36,24
28318,la araucanía,9,malleco,92,lonquimay,9205,63,113,58,55,38,19,19,75,39,36
28319,la araucanía,9,malleco,92,lonquimay,9205,64,97,51,46,32,12,20,65,39,26
28320,la araucanía,9,malleco,92,lonquimay,9205,65,85,47,38,31,15,16,54,32,22
28321,la araucanía,9,malleco,92,lonquimay,9205,66,87,46,41,31,13,18,56,33,23
28322,la araucanía,9,malleco,92,lonquimay,9205,67,66,36,30,16,5,11,50,31,19
28323,la araucanía,9,malleco,92,lonquimay,9205,68,85,43,42,36,18,18,49,25,24
28324,la araucanía,9,malleco,92,lonquimay,9205,69,71,39,32,17,9,8,54,30,24
28325,la araucanía,9,malleco,92,lonquimay,9205,70,78,32,46,27,9,18,51,23,28
28326,la araucanía,9,malleco,92,lonquimay,9205,71,87,42,45,33,12,21,54,30,24
28327,la araucanía,9,malleco,92,lonquimay,9205,72,56,33,23,16,12,4,40,21,19
28328,la araucanía,9,malleco,92,lonquimay,9205,73,58,27,31,22,11,11,36,16,20
28329,la araucanía,9,malleco,92,lonquimay,9205,74,60,31,29,23,9,14,37,22,15
28330,la araucanía,9,malleco,92,lonquimay,9205,75,43,25,18,18,12,6,25,13,12
28331,la araucanía,9,malleco,92,lonquimay,9205,76,48,29,19,16,9,7,32,20,12
28332,la araucanía,9,malleco,92,lonquimay,9205,77,50,29,21,17,10,7,33,19,14
28333,la araucanía,9,malleco,92,lonquimay,9205,78,47,18,29,19,6,13,28,12,16
28334,la araucanía,9,malleco,92,lonquimay,9205,79,43,18,25,11,4,7,32,14,18
28335,la araucanía,9,malleco,92,lonquimay,9205,80,50,23,27,16,8,8,34,15,19
28336,la araucanía,9,malleco,92,lonquimay,9205,81,50,21,29,19,4,15,31,17,14
28337,la araucanía,9,malleco,92,lonquimay,9205,82,29,14,15,10,2,8,19,12,7
28338,la araucanía,9,malleco,92,lonquimay,9205,83,28,12,16,7,3,4,21,9,12
28339,la araucanía,9,malleco,92,lonquimay,9205,84,25,11,14,10,4,6,15,7,8
28340,la araucanía,9,malleco,92,lonquimay,9205,85,14,7,7,2,1,1,12,6,6
28341,la araucanía,9,malleco,92,lonquimay,9205,86,20,5,15,6,2,4,14,3,11
28342,la araucanía,9,malleco,92,lonquimay,9205,87,18,9,9,5,2,3,13,7,6
28343,la araucanía,9,malleco,92,lonquimay,9205,88,21,9,12,9,2,7,12,7,5
28344,la araucanía,9,malleco,92,lonquimay,9205,89,13,6,7,4,0,4,9,6,3
28345,la araucanía,9,malleco,92,lonquimay,9205,90,7,2,5,1,0,1,6,2,4
28346,la araucanía,9,malleco,92,lonquimay,9205,91,9,4,5,3,1,2,6,3,3
28347,la araucanía,9,malleco,92,lonquimay,9205,92,10,4,6,4,0,4,6,4,2
28348,la araucanía,9,malleco,92,lonquimay,9205,93,10,6,4,3,2,1,7,4,3
28349,la araucanía,9,malleco,92,lonquimay,9205,94,2,1,1,1,0,1,1,1,0
28350,la araucanía,9,malleco,92,lonquimay,9205,95,3,1,2,2,0,2,1,1,0
28351,la araucanía,9,malleco,92,lonquimay,9205,96,1,0,1,1,0,1,0,0,0
28352,la araucanía,9,malleco,92,lonquimay,9205,97,2,1,1,1,1,0,1,0,1
28353,la araucanía,9,malleco,92,lonquimay,9205,98,2,1,1,0,0,0,2,1,1
28354,la araucanía,9,malleco,92,lonquimay,9205,99,1,0,1,1,0,1,0,0,0
28355,la araucanía,9,malleco,92,lonquimay,9205,100 o más,2,0,2,0,0,0,2,0,2
28356,la araucanía,9,malleco,92,los sauces,9206,total comuna,7265,3607,3658,4418,2102,2316,2847,1505,1342
28357,la araucanía,9,malleco,92,los sauces,9206,0,91,47,44,58,34,24,33,13,20
28358,la araucanía,9,malleco,92,los sauces,9206,1,90,42,48,57,23,34,33,19,14
28359,la araucanía,9,malleco,92,los sauces,9206,2,85,41,44,63,29,34,22,12,10
28360,la araucanía,9,malleco,92,los sauces,9206,3,92,49,43,63,34,29,29,15,14
28361,la araucanía,9,malleco,92,los sauces,9206,4,75,36,39,55,29,26,20,7,13
28362,la araucanía,9,malleco,92,los sauces,9206,5,87,50,37,52,33,19,35,17,18
28363,la araucanía,9,malleco,92,los sauces,9206,6,89,41,48,54,22,32,35,19,16
28364,la araucanía,9,malleco,92,los sauces,9206,7,99,47,52,62,31,31,37,16,21
28365,la araucanía,9,malleco,92,los sauces,9206,8,98,49,49,62,34,28,36,15,21
28366,la araucanía,9,malleco,92,los sauces,9206,9,100,56,44,65,35,30,35,21,14
28367,la araucanía,9,malleco,92,los sauces,9206,10,105,51,54,62,29,33,43,22,21
28368,la araucanía,9,malleco,92,los sauces,9206,11,110,59,51,76,38,38,34,21,13
28369,la araucanía,9,malleco,92,los sauces,9206,12,100,47,53,58,28,30,42,19,23
28370,la araucanía,9,malleco,92,los sauces,9206,13,99,48,51,63,31,32,36,17,19
28371,la araucanía,9,malleco,92,los sauces,9206,14,101,47,54,67,31,36,34,16,18
28372,la araucanía,9,malleco,92,los sauces,9206,15,110,54,56,77,35,42,33,19,14
28373,la araucanía,9,malleco,92,los sauces,9206,16,123,62,61,87,40,47,36,22,14
28374,la araucanía,9,malleco,92,los sauces,9206,17,98,58,40,64,32,32,34,26,8
28375,la araucanía,9,malleco,92,los sauces,9206,18,107,57,50,74,39,35,33,18,15
28376,la araucanía,9,malleco,92,los sauces,9206,19,87,50,37,59,32,27,28,18,10
28377,la araucanía,9,malleco,92,los sauces,9206,20,76,34,42,62,31,31,14,3,11
28378,la araucanía,9,malleco,92,los sauces,9206,21,76,37,39,52,21,31,24,16,8
28379,la araucanía,9,malleco,92,los sauces,9206,22,93,42,51,66,32,34,27,10,17
28380,la araucanía,9,malleco,92,los sauces,9206,23,106,49,57,72,29,43,34,20,14
28381,la araucanía,9,malleco,92,los sauces,9206,24,90,49,41,70,36,34,20,13,7
28382,la araucanía,9,malleco,92,los sauces,9206,25,85,36,49,63,27,36,22,9,13
28383,la araucanía,9,malleco,92,los sauces,9206,26,109,43,66,81,31,50,28,12,16
28384,la araucanía,9,malleco,92,los sauces,9206,27,91,42,49,64,33,31,27,9,18
28385,la araucanía,9,malleco,92,los sauces,9206,28,91,39,52,59,25,34,32,14,18
28386,la araucanía,9,malleco,92,los sauces,9206,29,100,41,59,75,31,44,25,10,15
28387,la araucanía,9,malleco,92,los sauces,9206,30,86,39,47,54,27,27,32,12,20
28388,la araucanía,9,malleco,92,los sauces,9206,31,96,46,50,66,32,34,30,14,16
28389,la araucanía,9,malleco,92,los sauces,9206,32,99,49,50,64,32,32,35,17,18
28390,la araucanía,9,malleco,92,los sauces,9206,33,81,42,39,53,26,27,28,16,12
28391,la araucanía,9,malleco,92,los sauces,9206,34,84,42,42,54,26,28,30,16,14
28392,la araucanía,9,malleco,92,los sauces,9206,35,103,50,53,65,31,34,38,19,19
28393,la araucanía,9,malleco,92,los sauces,9206,36,86,42,44,59,27,32,27,15,12
28394,la araucanía,9,malleco,92,los sauces,9206,37,93,50,43,50,29,21,43,21,22
28395,la araucanía,9,malleco,92,los sauces,9206,38,72,35,37,48,23,25,24,12,12
28396,la araucanía,9,malleco,92,los sauces,9206,39,92,40,52,54,22,32,38,18,20
28397,la araucanía,9,malleco,92,los sauces,9206,40,73,31,42,44,19,25,29,12,17
28398,la araucanía,9,malleco,92,los sauces,9206,41,108,55,53,69,34,35,39,21,18
28399,la araucanía,9,malleco,92,los sauces,9206,42,91,43,48,55,24,31,36,19,17
28400,la araucanía,9,malleco,92,los sauces,9206,43,91,45,46,52,25,27,39,20,19
28401,la araucanía,9,malleco,92,los sauces,9206,44,92,42,50,59,24,35,33,18,15
28402,la araucanía,9,malleco,92,los sauces,9206,45,114,59,55,78,41,37,36,18,18
28403,la araucanía,9,malleco,92,los sauces,9206,46,88,37,51,56,26,30,32,11,21
28404,la araucanía,9,malleco,92,los sauces,9206,47,100,53,47,55,32,23,45,21,24
28405,la araucanía,9,malleco,92,los sauces,9206,48,105,55,50,58,25,33,47,30,17
28406,la araucanía,9,malleco,92,los sauces,9206,49,85,50,35,37,18,19,48,32,16
28407,la araucanía,9,malleco,92,los sauces,9206,50,110,54,56,64,27,37,46,27,19
28408,la araucanía,9,malleco,92,los sauces,9206,51,105,59,46,55,29,26,50,30,20
28409,la araucanía,9,malleco,92,los sauces,9206,52,107,54,53,63,32,31,44,22,22
28410,la araucanía,9,malleco,92,los sauces,9206,53,117,67,50,57,33,24,60,34,26
28411,la araucanía,9,malleco,92,los sauces,9206,54,101,49,52,64,28,36,37,21,16
28412,la araucanía,9,malleco,92,los sauces,9206,55,102,53,49,53,25,28,49,28,21
28413,la araucanía,9,malleco,92,los sauces,9206,56,97,49,48,44,24,20,53,25,28
28414,la araucanía,9,malleco,92,los sauces,9206,57,110,60,50,57,29,28,53,31,22
28415,la araucanía,9,malleco,92,los sauces,9206,58,82,50,32,37,21,16,45,29,16
28416,la araucanía,9,malleco,92,los sauces,9206,59,85,42,43,39,19,20,46,23,23
28417,la araucanía,9,malleco,92,los sauces,9206,60,97,49,48,45,21,24,52,28,24
28418,la araucanía,9,malleco,92,los sauces,9206,61,95,50,45,44,25,19,51,25,26
28419,la araucanía,9,malleco,92,los sauces,9206,62,77,45,32,43,26,17,34,19,15
28420,la araucanía,9,malleco,92,los sauces,9206,63,85,40,45,51,22,29,34,18,16
28421,la araucanía,9,malleco,92,los sauces,9206,64,79,43,36,36,16,20,43,27,16
28422,la araucanía,9,malleco,92,los sauces,9206,65,58,27,31,31,12,19,27,15,12
28423,la araucanía,9,malleco,92,los sauces,9206,66,76,34,42,38,14,24,38,20,18
28424,la araucanía,9,malleco,92,los sauces,9206,67,64,30,34,27,12,15,37,18,19
28425,la araucanía,9,malleco,92,los sauces,9206,68,61,31,30,29,12,17,32,19,13
28426,la araucanía,9,malleco,92,los sauces,9206,69,55,29,26,22,11,11,33,18,15
28427,la araucanía,9,malleco,92,los sauces,9206,70,69,37,32,34,16,18,35,21,14
28428,la araucanía,9,malleco,92,los sauces,9206,71,65,39,26,34,15,19,31,24,7
28429,la araucanía,9,malleco,92,los sauces,9206,72,64,35,29,30,13,17,34,22,12
28430,la araucanía,9,malleco,92,los sauces,9206,73,38,17,21,20,5,15,18,12,6
28431,la araucanía,9,malleco,92,los sauces,9206,74,56,23,33,27,9,18,29,14,15
28432,la araucanía,9,malleco,92,los sauces,9206,75,56,24,32,38,18,20,18,6,12
28433,la araucanía,9,malleco,92,los sauces,9206,76,53,31,22,30,16,14,23,15,8
28434,la araucanía,9,malleco,92,los sauces,9206,77,46,25,21,26,13,13,20,12,8
28435,la araucanía,9,malleco,92,los sauces,9206,78,44,22,22,29,12,17,15,10,5
28436,la araucanía,9,malleco,92,los sauces,9206,79,29,14,15,11,6,5,18,8,10
28437,la araucanía,9,malleco,92,los sauces,9206,80,35,13,22,22,9,13,13,4,9
28438,la araucanía,9,malleco,92,los sauces,9206,81,29,12,17,15,4,11,14,8,6
28439,la araucanía,9,malleco,92,los sauces,9206,82,35,14,21,20,6,14,15,8,7
28440,la araucanía,9,malleco,92,los sauces,9206,83,24,13,11,15,8,7,9,5,4
28441,la araucanía,9,malleco,92,los sauces,9206,84,23,10,13,14,6,8,9,4,5
28442,la araucanía,9,malleco,92,los sauces,9206,85,21,7,14,14,5,9,7,2,5
28443,la araucanía,9,malleco,92,los sauces,9206,86,24,9,15,15,5,10,9,4,5
28444,la araucanía,9,malleco,92,los sauces,9206,87,19,8,11,12,4,8,7,4,3
28445,la araucanía,9,malleco,92,los sauces,9206,88,20,11,9,10,5,5,10,6,4
28446,la araucanía,9,malleco,92,los sauces,9206,89,7,3,4,3,1,2,4,2,2
28447,la araucanía,9,malleco,92,los sauces,9206,90,6,2,4,5,2,3,1,0,1
28448,la araucanía,9,malleco,92,los sauces,9206,91,12,4,8,6,1,5,6,3,3
28449,la araucanía,9,malleco,92,los sauces,9206,92,6,3,3,3,2,1,3,1,2
28450,la araucanía,9,malleco,92,los sauces,9206,93,5,4,1,3,2,1,2,2,0
28451,la araucanía,9,malleco,92,los sauces,9206,94,4,0,4,3,0,3,1,0,1
28452,la araucanía,9,malleco,92,los sauces,9206,95,4,1,3,3,0,3,1,1,0
28453,la araucanía,9,malleco,92,los sauces,9206,96,0,0,0,0,0,0,0,0,0
28454,la araucanía,9,malleco,92,los sauces,9206,97,0,0,0,0,0,0,0,0,0
28455,la araucanía,9,malleco,92,los sauces,9206,98,3,3,0,3,3,0,0,0,0
28456,la araucanía,9,malleco,92,los sauces,9206,99,1,0,1,1,0,1,0,0,0
28457,la araucanía,9,malleco,92,los sauces,9206,100 o más,2,0,2,1,0,1,1,0,1
28458,la araucanía,9,malleco,92,lumaco,9207,total comuna,9548,4927,4621,4033,1986,2047,5515,2941,2574
28459,la araucanía,9,malleco,92,lumaco,9207,0,123,64,59,47,22,25,76,42,34
28460,la araucanía,9,malleco,92,lumaco,9207,1,123,53,70,50,22,28,73,31,42
28461,la araucanía,9,malleco,92,lumaco,9207,2,141,75,66,70,43,27,71,32,39
28462,la araucanía,9,malleco,92,lumaco,9207,3,152,83,69,60,36,24,92,47,45
28463,la araucanía,9,malleco,92,lumaco,9207,4,133,76,57,55,30,25,78,46,32
28464,la araucanía,9,malleco,92,lumaco,9207,5,118,63,55,42,24,18,76,39,37
28465,la araucanía,9,malleco,92,lumaco,9207,6,126,57,69,55,24,31,71,33,38
28466,la araucanía,9,malleco,92,lumaco,9207,7,148,77,71,59,31,28,89,46,43
28467,la araucanía,9,malleco,92,lumaco,9207,8,138,74,64,53,26,27,85,48,37
28468,la araucanía,9,malleco,92,lumaco,9207,9,175,84,91,78,36,42,97,48,49
28469,la araucanía,9,malleco,92,lumaco,9207,10,144,68,76,53,22,31,91,46,45
28470,la araucanía,9,malleco,92,lumaco,9207,11,153,77,76,74,45,29,79,32,47
28471,la araucanía,9,malleco,92,lumaco,9207,12,149,84,65,61,35,26,88,49,39
28472,la araucanía,9,malleco,92,lumaco,9207,13,151,85,66,56,27,29,95,58,37
28473,la araucanía,9,malleco,92,lumaco,9207,14,129,71,58,61,36,25,68,35,33
28474,la araucanía,9,malleco,92,lumaco,9207,15,124,68,56,57,31,26,67,37,30
28475,la araucanía,9,malleco,92,lumaco,9207,16,122,65,57,43,21,22,79,44,35
28476,la araucanía,9,malleco,92,lumaco,9207,17,106,57,49,48,24,24,58,33,25
28477,la araucanía,9,malleco,92,lumaco,9207,18,96,47,49,40,20,20,56,27,29
28478,la araucanía,9,malleco,92,lumaco,9207,19,105,53,52,45,26,19,60,27,33
28479,la araucanía,9,malleco,92,lumaco,9207,20,106,52,54,55,31,24,51,21,30
28480,la araucanía,9,malleco,92,lumaco,9207,21,124,62,62,67,35,32,57,27,30
28481,la araucanía,9,malleco,92,lumaco,9207,22,109,51,58,47,18,29,62,33,29
28482,la araucanía,9,malleco,92,lumaco,9207,23,103,58,45,41,18,23,62,40,22
28483,la araucanía,9,malleco,92,lumaco,9207,24,142,80,62,62,30,32,80,50,30
28484,la araucanía,9,malleco,92,lumaco,9207,25,120,59,61,66,24,42,54,35,19
28485,la araucanía,9,malleco,92,lumaco,9207,26,114,55,59,49,26,23,65,29,36
28486,la araucanía,9,malleco,92,lumaco,9207,27,119,51,68,48,22,26,71,29,42
28487,la araucanía,9,malleco,92,lumaco,9207,28,124,58,66,52,26,26,72,32,40
28488,la araucanía,9,malleco,92,lumaco,9207,29,113,58,55,55,24,31,58,34,24
28489,la araucanía,9,malleco,92,lumaco,9207,30,82,47,35,47,25,22,35,22,13
28490,la araucanía,9,malleco,92,lumaco,9207,31,111,41,70,50,21,29,61,20,41
28491,la araucanía,9,malleco,92,lumaco,9207,32,121,56,65,57,25,32,64,31,33
28492,la araucanía,9,malleco,92,lumaco,9207,33,126,50,76,65,32,33,61,18,43
28493,la araucanía,9,malleco,92,lumaco,9207,34,115,59,56,55,28,27,60,31,29
28494,la araucanía,9,malleco,92,lumaco,9207,35,146,74,72,60,30,30,86,44,42
28495,la araucanía,9,malleco,92,lumaco,9207,36,110,51,59,56,25,31,54,26,28
28496,la araucanía,9,malleco,92,lumaco,9207,37,125,64,61,60,28,32,65,36,29
28497,la araucanía,9,malleco,92,lumaco,9207,38,107,52,55,46,24,22,61,28,33
28498,la araucanía,9,malleco,92,lumaco,9207,39,119,54,65,47,23,24,72,31,41
28499,la araucanía,9,malleco,92,lumaco,9207,40,106,59,47,45,26,19,61,33,28
28500,la araucanía,9,malleco,92,lumaco,9207,41,117,55,62,52,20,32,65,35,30
28501,la araucanía,9,malleco,92,lumaco,9207,42,141,78,63,67,30,37,74,48,26
28502,la araucanía,9,malleco,92,lumaco,9207,43,142,68,74,53,21,32,89,47,42
28503,la araucanía,9,malleco,92,lumaco,9207,44,122,65,57,46,23,23,76,42,34
28504,la araucanía,9,malleco,92,lumaco,9207,45,138,76,62,63,35,28,75,41,34
28505,la araucanía,9,malleco,92,lumaco,9207,46,128,59,69,55,22,33,73,37,36
28506,la araucanía,9,malleco,92,lumaco,9207,47,137,69,68,51,24,27,86,45,41
28507,la araucanía,9,malleco,92,lumaco,9207,48,158,88,70,53,31,22,105,57,48
28508,la araucanía,9,malleco,92,lumaco,9207,49,136,78,58,53,30,23,83,48,35
28509,la araucanía,9,malleco,92,lumaco,9207,50,168,97,71,82,45,37,86,52,34
28510,la araucanía,9,malleco,92,lumaco,9207,51,141,71,70,64,36,28,77,35,42
28511,la araucanía,9,malleco,92,lumaco,9207,52,143,75,68,70,33,37,73,42,31
28512,la araucanía,9,malleco,92,lumaco,9207,53,156,78,78,59,28,31,97,50,47
28513,la araucanía,9,malleco,92,lumaco,9207,54,149,78,71,61,28,33,88,50,38
28514,la araucanía,9,malleco,92,lumaco,9207,55,117,67,50,47,24,23,70,43,27
28515,la araucanía,9,malleco,92,lumaco,9207,56,121,71,50,46,28,18,75,43,32
28516,la araucanía,9,malleco,92,lumaco,9207,57,113,62,51,44,25,19,69,37,32
28517,la araucanía,9,malleco,92,lumaco,9207,58,130,80,50,50,21,29,80,59,21
28518,la araucanía,9,malleco,92,lumaco,9207,59,105,53,52,44,18,26,61,35,26
28519,la araucanía,9,malleco,92,lumaco,9207,60,102,53,49,49,24,25,53,29,24
28520,la araucanía,9,malleco,92,lumaco,9207,61,111,60,51,40,21,19,71,39,32
28521,la araucanía,9,malleco,92,lumaco,9207,62,86,51,35,39,20,19,47,31,16
28522,la araucanía,9,malleco,92,lumaco,9207,63,107,51,56,49,19,30,58,32,26
28523,la araucanía,9,malleco,92,lumaco,9207,64,77,40,37,17,6,11,60,34,26
28524,la araucanía,9,malleco,92,lumaco,9207,65,100,59,41,36,23,13,64,36,28
28525,la araucanía,9,malleco,92,lumaco,9207,66,80,43,37,33,15,18,47,28,19
28526,la araucanía,9,malleco,92,lumaco,9207,67,98,55,43,44,21,23,54,34,20
28527,la araucanía,9,malleco,92,lumaco,9207,68,85,47,38,32,16,16,53,31,22
28528,la araucanía,9,malleco,92,lumaco,9207,69,73,40,33,28,15,13,45,25,20
28529,la araucanía,9,malleco,92,lumaco,9207,70,65,33,32,18,10,8,47,23,24
28530,la araucanía,9,malleco,92,lumaco,9207,71,81,44,37,30,12,18,51,32,19
28531,la araucanía,9,malleco,92,lumaco,9207,72,85,46,39,36,15,21,49,31,18
28532,la araucanía,9,malleco,92,lumaco,9207,73,56,23,33,22,9,13,34,14,20
28533,la araucanía,9,malleco,92,lumaco,9207,74,76,33,43,26,12,14,50,21,29
28534,la araucanía,9,malleco,92,lumaco,9207,75,61,36,25,25,13,12,36,23,13
28535,la araucanía,9,malleco,92,lumaco,9207,76,51,23,28,20,7,13,31,16,15
28536,la araucanía,9,malleco,92,lumaco,9207,77,53,22,31,26,13,13,27,9,18
28537,la araucanía,9,malleco,92,lumaco,9207,78,51,25,26,23,10,13,28,15,13
28538,la araucanía,9,malleco,92,lumaco,9207,79,50,31,19,15,7,8,35,24,11
28539,la araucanía,9,malleco,92,lumaco,9207,80,40,27,13,14,10,4,26,17,9
28540,la araucanía,9,malleco,92,lumaco,9207,81,50,26,24,21,12,9,29,14,15
28541,la araucanía,9,malleco,92,lumaco,9207,82,32,20,12,9,4,5,23,16,7
28542,la araucanía,9,malleco,92,lumaco,9207,83,40,22,18,15,6,9,25,16,9
28543,la araucanía,9,malleco,92,lumaco,9207,84,32,15,17,13,4,9,19,11,8
28544,la araucanía,9,malleco,92,lumaco,9207,85,19,13,6,5,3,2,14,10,4
28545,la araucanía,9,malleco,92,lumaco,9207,86,24,11,13,11,3,8,13,8,5
28546,la araucanía,9,malleco,92,lumaco,9207,87,22,8,14,8,3,5,14,5,9
28547,la araucanía,9,malleco,92,lumaco,9207,88,17,10,7,5,2,3,12,8,4
28548,la araucanía,9,malleco,92,lumaco,9207,89,9,5,4,5,3,2,4,2,2
28549,la araucanía,9,malleco,92,lumaco,9207,90,11,3,8,6,2,4,5,1,4
28550,la araucanía,9,malleco,92,lumaco,9207,91,9,3,6,5,1,4,4,2,2
28551,la araucanía,9,malleco,92,lumaco,9207,92,10,1,9,4,0,4,6,1,5
28552,la araucanía,9,malleco,92,lumaco,9207,93,5,2,3,0,0,0,5,2,3
28553,la araucanía,9,malleco,92,lumaco,9207,94,3,1,2,0,0,0,3,1,2
28554,la araucanía,9,malleco,92,lumaco,9207,95,6,1,5,4,0,4,2,1,1
28555,la araucanía,9,malleco,92,lumaco,9207,96,5,0,5,2,0,2,3,0,3
28556,la araucanía,9,malleco,92,lumaco,9207,97,2,1,1,0,0,0,2,1,1
28557,la araucanía,9,malleco,92,lumaco,9207,98,1,1,0,1,1,0,0,0,0
28558,la araucanía,9,malleco,92,lumaco,9207,99,1,1,0,0,0,0,1,1,0
28559,la araucanía,9,malleco,92,lumaco,9207,100 o más,2,1,1,0,0,0,2,1,1
28560,la araucanía,9,malleco,92,purén,9208,total comuna,11779,5677,6102,7533,3514,4019,4246,2163,2083
28561,la araucanía,9,malleco,92,purén,9208,0,136,68,68,84,35,49,52,33,19
28562,la araucanía,9,malleco,92,purén,9208,1,164,83,81,101,46,55,63,37,26
28563,la araucanía,9,malleco,92,purén,9208,2,172,92,80,111,62,49,61,30,31
28564,la araucanía,9,malleco,92,purén,9208,3,182,96,86,113,57,56,69,39,30
28565,la araucanía,9,malleco,92,purén,9208,4,167,85,82,110,56,54,57,29,28
28566,la araucanía,9,malleco,92,purén,9208,5,166,81,85,99,51,48,67,30,37
28567,la araucanía,9,malleco,92,purén,9208,6,153,84,69,107,57,50,46,27,19
28568,la araucanía,9,malleco,92,purén,9208,7,166,93,73,111,62,49,55,31,24
28569,la araucanía,9,malleco,92,purén,9208,8,199,93,106,132,61,71,67,32,35
28570,la araucanía,9,malleco,92,purén,9208,9,201,98,103,130,59,71,71,39,32
28571,la araucanía,9,malleco,92,purén,9208,10,174,82,92,112,48,64,62,34,28
28572,la araucanía,9,malleco,92,purén,9208,11,179,81,98,111,55,56,68,26,42
28573,la araucanía,9,malleco,92,purén,9208,12,178,88,90,112,55,57,66,33,33
28574,la araucanía,9,malleco,92,purén,9208,13,159,70,89,109,50,59,50,20,30
28575,la araucanía,9,malleco,92,purén,9208,14,153,79,74,87,43,44,66,36,30
28576,la araucanía,9,malleco,92,purén,9208,15,156,71,85,108,51,57,48,20,28
28577,la araucanía,9,malleco,92,purén,9208,16,165,96,69,108,62,46,57,34,23
28578,la araucanía,9,malleco,92,purén,9208,17,160,87,73,118,62,56,42,25,17
28579,la araucanía,9,malleco,92,purén,9208,18,119,57,62,72,36,36,47,21,26
28580,la araucanía,9,malleco,92,purén,9208,19,105,51,54,72,38,34,33,13,20
28581,la araucanía,9,malleco,92,purén,9208,20,133,72,61,80,46,34,53,26,27
28582,la araucanía,9,malleco,92,purén,9208,21,129,66,63,81,46,35,48,20,28
28583,la araucanía,9,malleco,92,purén,9208,22,139,60,79,90,39,51,49,21,28
28584,la araucanía,9,malleco,92,purén,9208,23,140,65,75,93,42,51,47,23,24
28585,la araucanía,9,malleco,92,purén,9208,24,144,61,83,108,45,63,36,16,20
28586,la araucanía,9,malleco,92,purén,9208,25,159,69,90,106,44,62,53,25,28
28587,la araucanía,9,malleco,92,purén,9208,26,150,67,83,110,47,63,40,20,20
28588,la araucanía,9,malleco,92,purén,9208,27,167,78,89,123,57,66,44,21,23
28589,la araucanía,9,malleco,92,purén,9208,28,168,71,97,117,48,69,51,23,28
28590,la araucanía,9,malleco,92,purén,9208,29,132,60,72,90,42,48,42,18,24
28591,la araucanía,9,malleco,92,purén,9208,30,139,56,83,94,40,54,45,16,29
28592,la araucanía,9,malleco,92,purén,9208,31,147,75,72,101,45,56,46,30,16
28593,la araucanía,9,malleco,92,purén,9208,32,141,70,71,96,51,45,45,19,26
28594,la araucanía,9,malleco,92,purén,9208,33,122,57,65,85,39,46,37,18,19
28595,la araucanía,9,malleco,92,purén,9208,34,161,63,98,108,43,65,53,20,33
28596,la araucanía,9,malleco,92,purén,9208,35,152,66,86,108,48,60,44,18,26
28597,la araucanía,9,malleco,92,purén,9208,36,152,82,70,101,52,49,51,30,21
28598,la araucanía,9,malleco,92,purén,9208,37,150,71,79,101,47,54,49,24,25
28599,la araucanía,9,malleco,92,purén,9208,38,130,64,66,88,39,49,42,25,17
28600,la araucanía,9,malleco,92,purén,9208,39,130,59,71,89,36,53,41,23,18
28601,la araucanía,9,malleco,92,purén,9208,40,135,57,78,90,36,54,45,21,24
28602,la araucanía,9,malleco,92,purén,9208,41,147,78,69,94,49,45,53,29,24
28603,la araucanía,9,malleco,92,purén,9208,42,129,57,72,89,37,52,40,20,20
28604,la araucanía,9,malleco,92,purén,9208,43,148,74,74,87,37,50,61,37,24
28605,la araucanía,9,malleco,92,purén,9208,44,167,80,87,109,51,58,58,29,29
28606,la araucanía,9,malleco,92,purén,9208,45,155,75,80,86,39,47,69,36,33
28607,la araucanía,9,malleco,92,purén,9208,46,171,88,83,101,59,42,70,29,41
28608,la araucanía,9,malleco,92,purén,9208,47,165,83,82,104,43,61,61,40,21
28609,la araucanía,9,malleco,92,purén,9208,48,190,92,98,117,55,62,73,37,36
28610,la araucanía,9,malleco,92,purén,9208,49,188,97,91,123,64,59,65,33,32
28611,la araucanía,9,malleco,92,purén,9208,50,163,65,98,97,29,68,66,36,30
28612,la araucanía,9,malleco,92,purén,9208,51,180,79,101,110,46,64,70,33,37
28613,la araucanía,9,malleco,92,purén,9208,52,149,76,73,86,39,47,63,37,26
28614,la araucanía,9,malleco,92,purén,9208,53,165,80,85,110,50,60,55,30,25
28615,la araucanía,9,malleco,92,purén,9208,54,184,100,84,119,69,50,65,31,34
28616,la araucanía,9,malleco,92,purén,9208,55,151,70,81,91,40,51,60,30,30
28617,la araucanía,9,malleco,92,purén,9208,56,161,86,75,97,49,48,64,37,27
28618,la araucanía,9,malleco,92,purén,9208,57,170,72,98,105,49,56,65,23,42
28619,la araucanía,9,malleco,92,purén,9208,58,146,73,73,78,35,43,68,38,30
28620,la araucanía,9,malleco,92,purén,9208,59,136,67,69,79,34,45,57,33,24
28621,la araucanía,9,malleco,92,purén,9208,60,149,75,74,91,42,49,58,33,25
28622,la araucanía,9,malleco,92,purén,9208,61,162,74,88,96,43,53,66,31,35
28623,la araucanía,9,malleco,92,purén,9208,62,127,67,60,77,40,37,50,27,23
28624,la araucanía,9,malleco,92,purén,9208,63,128,64,64,77,38,39,51,26,25
28625,la araucanía,9,malleco,92,purén,9208,64,132,66,66,74,36,38,58,30,28
28626,la araucanía,9,malleco,92,purén,9208,65,96,46,50,56,23,33,40,23,17
28627,la araucanía,9,malleco,92,purén,9208,66,129,60,69,81,38,43,48,22,26
28628,la araucanía,9,malleco,92,purén,9208,67,97,51,46,59,29,30,38,22,16
28629,la araucanía,9,malleco,92,purén,9208,68,98,46,52,60,27,33,38,19,19
28630,la araucanía,9,malleco,92,purén,9208,69,91,47,44,55,28,27,36,19,17
28631,la araucanía,9,malleco,92,purén,9208,70,87,42,45,50,22,28,37,20,17
28632,la araucanía,9,malleco,92,purén,9208,71,62,21,41,35,9,26,27,12,15
28633,la araucanía,9,malleco,92,purén,9208,72,73,33,40,40,17,23,33,16,17
28634,la araucanía,9,malleco,92,purén,9208,73,91,49,42,53,26,27,38,23,15
28635,la araucanía,9,malleco,92,purén,9208,74,104,50,54,65,29,36,39,21,18
28636,la araucanía,9,malleco,92,purén,9208,75,88,42,46,53,25,28,35,17,18
28637,la araucanía,9,malleco,92,purén,9208,76,72,33,39,42,15,27,30,18,12
28638,la araucanía,9,malleco,92,purén,9208,77,59,26,33,40,17,23,19,9,10
28639,la araucanía,9,malleco,92,purén,9208,78,56,24,32,37,14,23,19,10,9
28640,la araucanía,9,malleco,92,purén,9208,79,60,29,31,32,15,17,28,14,14
28641,la araucanía,9,malleco,92,purén,9208,80,53,27,26,31,14,17,22,13,9
28642,la araucanía,9,malleco,92,purén,9208,81,56,26,30,29,14,15,27,12,15
28643,la araucanía,9,malleco,92,purén,9208,82,54,30,24,31,17,14,23,13,10
28644,la araucanía,9,malleco,92,purén,9208,83,42,24,18,24,11,13,18,13,5
28645,la araucanía,9,malleco,92,purén,9208,84,45,18,27,28,10,18,17,8,9
28646,la araucanía,9,malleco,92,purén,9208,85,30,14,16,25,11,14,5,3,2
28647,la araucanía,9,malleco,92,purén,9208,86,35,12,23,24,10,14,11,2,9
28648,la araucanía,9,malleco,92,purén,9208,87,27,10,17,20,6,14,7,4,3
28649,la araucanía,9,malleco,92,purén,9208,88,21,9,12,12,6,6,9,3,6
28650,la araucanía,9,malleco,92,purén,9208,89,19,8,11,13,4,9,6,4,2
28651,la araucanía,9,malleco,92,purén,9208,90,21,10,11,13,4,9,8,6,2
28652,la araucanía,9,malleco,92,purén,9208,91,14,3,11,11,2,9,3,1,2
28653,la araucanía,9,malleco,92,purén,9208,92,14,6,8,11,5,6,3,1,2
28654,la araucanía,9,malleco,92,purén,9208,93,11,2,9,9,2,7,2,0,2
28655,la araucanía,9,malleco,92,purén,9208,94,8,6,2,5,4,1,3,2,1
28656,la araucanía,9,malleco,92,purén,9208,95,4,1,3,3,0,3,1,1,0
28657,la araucanía,9,malleco,92,purén,9208,96,6,4,2,6,4,2,0,0,0
28658,la araucanía,9,malleco,92,purén,9208,97,7,2,5,6,1,5,1,1,0
28659,la araucanía,9,malleco,92,purén,9208,98,5,3,2,5,3,2,0,0,0
28660,la araucanía,9,malleco,92,purén,9208,99,3,1,2,3,1,2,0,0,0
28661,la araucanía,9,malleco,92,purén,9208,100 o más,4,0,4,3,0,3,1,0,1
28662,la araucanía,9,malleco,92,renaico,9209,total comuna,10250,4957,5293,8352,3945,4407,1898,1012,886
28663,la araucanía,9,malleco,92,renaico,9209,0,132,61,71,108,52,56,24,9,15
28664,la araucanía,9,malleco,92,renaico,9209,1,138,66,72,118,52,66,20,14,6
28665,la araucanía,9,malleco,92,renaico,9209,2,155,80,75,128,63,65,27,17,10
28666,la araucanía,9,malleco,92,renaico,9209,3,135,74,61,109,63,46,26,11,15
28667,la araucanía,9,malleco,92,renaico,9209,4,163,72,91,145,66,79,18,6,12
28668,la araucanía,9,malleco,92,renaico,9209,5,142,73,69,118,66,52,24,7,17
28669,la araucanía,9,malleco,92,renaico,9209,6,171,85,86,137,67,70,34,18,16
28670,la araucanía,9,malleco,92,renaico,9209,7,141,73,68,125,65,60,16,8,8
28671,la araucanía,9,malleco,92,renaico,9209,8,151,78,73,127,66,61,24,12,12
28672,la araucanía,9,malleco,92,renaico,9209,9,149,75,74,125,62,63,24,13,11
28673,la araucanía,9,malleco,92,renaico,9209,10,150,72,78,128,59,69,22,13,9
28674,la araucanía,9,malleco,92,renaico,9209,11,164,85,79,138,75,63,26,10,16
28675,la araucanía,9,malleco,92,renaico,9209,12,127,60,67,111,52,59,16,8,8
28676,la araucanía,9,malleco,92,renaico,9209,13,122,62,60,99,49,50,23,13,10
28677,la araucanía,9,malleco,92,renaico,9209,14,147,74,73,118,59,59,29,15,14
28678,la araucanía,9,malleco,92,renaico,9209,15,137,70,67,117,56,61,20,14,6
28679,la araucanía,9,malleco,92,renaico,9209,16,167,87,80,140,74,66,27,13,14
28680,la araucanía,9,malleco,92,renaico,9209,17,146,72,74,130,61,69,16,11,5
28681,la araucanía,9,malleco,92,renaico,9209,18,126,69,57,111,59,52,15,10,5
28682,la araucanía,9,malleco,92,renaico,9209,19,115,60,55,97,48,49,18,12,6
28683,la araucanía,9,malleco,92,renaico,9209,20,140,67,73,125,57,68,15,10,5
28684,la araucanía,9,malleco,92,renaico,9209,21,127,51,76,106,43,63,21,8,13
28685,la araucanía,9,malleco,92,renaico,9209,22,137,58,79,109,48,61,28,10,18
28686,la araucanía,9,malleco,92,renaico,9209,23,150,63,87,123,48,75,27,15,12
28687,la araucanía,9,malleco,92,renaico,9209,24,149,75,74,123,57,66,26,18,8
28688,la araucanía,9,malleco,92,renaico,9209,25,177,79,98,158,70,88,19,9,10
28689,la araucanía,9,malleco,92,renaico,9209,26,177,80,97,143,65,78,34,15,19
28690,la araucanía,9,malleco,92,renaico,9209,27,168,70,98,147,59,88,21,11,10
28691,la araucanía,9,malleco,92,renaico,9209,28,137,67,70,119,56,63,18,11,7
28692,la araucanía,9,malleco,92,renaico,9209,29,132,64,68,112,54,58,20,10,10
28693,la araucanía,9,malleco,92,renaico,9209,30,151,74,77,127,59,68,24,15,9
28694,la araucanía,9,malleco,92,renaico,9209,31,141,60,81,114,50,64,27,10,17
28695,la araucanía,9,malleco,92,renaico,9209,32,133,62,71,110,50,60,23,12,11
28696,la araucanía,9,malleco,92,renaico,9209,33,126,62,64,104,50,54,22,12,10
28697,la araucanía,9,malleco,92,renaico,9209,34,150,76,74,122,63,59,28,13,15
28698,la araucanía,9,malleco,92,renaico,9209,35,139,62,77,113,52,61,26,10,16
28699,la araucanía,9,malleco,92,renaico,9209,36,112,55,57,104,51,53,8,4,4
28700,la araucanía,9,malleco,92,renaico,9209,37,138,56,82,105,41,64,33,15,18
28701,la araucanía,9,malleco,92,renaico,9209,38,123,54,69,98,40,58,25,14,11
28702,la araucanía,9,malleco,92,renaico,9209,39,111,60,51,93,45,48,18,15,3
28703,la araucanía,9,malleco,92,renaico,9209,40,106,57,49,91,46,45,15,11,4
28704,la araucanía,9,malleco,92,renaico,9209,41,157,84,73,120,58,62,37,26,11
28705,la araucanía,9,malleco,92,renaico,9209,42,136,67,69,112,53,59,24,14,10
28706,la araucanía,9,malleco,92,renaico,9209,43,146,52,94,121,43,78,25,9,16
28707,la araucanía,9,malleco,92,renaico,9209,44,134,59,75,105,43,62,29,16,13
28708,la araucanía,9,malleco,92,renaico,9209,45,155,78,77,124,63,61,31,15,16
28709,la araucanía,9,malleco,92,renaico,9209,46,126,61,65,93,41,52,33,20,13
28710,la araucanía,9,malleco,92,renaico,9209,47,142,65,77,106,43,63,36,22,14
28711,la araucanía,9,malleco,92,renaico,9209,48,145,81,64,106,58,48,39,23,16
28712,la araucanía,9,malleco,92,renaico,9209,49,143,67,76,112,54,58,31,13,18
28713,la araucanía,9,malleco,92,renaico,9209,50,125,69,56,93,49,44,32,20,12
28714,la araucanía,9,malleco,92,renaico,9209,51,164,91,73,129,70,59,35,21,14
28715,la araucanía,9,malleco,92,renaico,9209,52,152,64,88,114,43,71,38,21,17
28716,la araucanía,9,malleco,92,renaico,9209,53,141,72,69,118,62,56,23,10,13
28717,la araucanía,9,malleco,92,renaico,9209,54,137,70,67,108,56,52,29,14,15
28718,la araucanía,9,malleco,92,renaico,9209,55,131,57,74,101,44,57,30,13,17
28719,la araucanía,9,malleco,92,renaico,9209,56,134,71,63,106,56,50,28,15,13
28720,la araucanía,9,malleco,92,renaico,9209,57,137,69,68,111,57,54,26,12,14
28721,la araucanía,9,malleco,92,renaico,9209,58,118,56,62,88,40,48,30,16,14
28722,la araucanía,9,malleco,92,renaico,9209,59,118,57,61,97,46,51,21,11,10
28723,la araucanía,9,malleco,92,renaico,9209,60,115,57,58,92,44,48,23,13,10
28724,la araucanía,9,malleco,92,renaico,9209,61,108,42,66,86,31,55,22,11,11
28725,la araucanía,9,malleco,92,renaico,9209,62,120,66,54,91,50,41,29,16,13
28726,la araucanía,9,malleco,92,renaico,9209,63,110,58,52,92,48,44,18,10,8
28727,la araucanía,9,malleco,92,renaico,9209,64,98,57,41,78,43,35,20,14,6
28728,la araucanía,9,malleco,92,renaico,9209,65,81,41,40,68,36,32,13,5,8
28729,la araucanía,9,malleco,92,renaico,9209,66,97,52,45,73,39,34,24,13,11
28730,la araucanía,9,malleco,92,renaico,9209,67,91,46,45,69,29,40,22,17,5
28731,la araucanía,9,malleco,92,renaico,9209,68,83,37,46,65,31,34,18,6,12
28732,la araucanía,9,malleco,92,renaico,9209,69,65,36,29,58,30,28,7,6,1
28733,la araucanía,9,malleco,92,renaico,9209,70,84,37,47,65,27,38,19,10,9
28734,la araucanía,9,malleco,92,renaico,9209,71,67,33,34,52,27,25,15,6,9
28735,la araucanía,9,malleco,92,renaico,9209,72,69,28,41,50,17,33,19,11,8
28736,la araucanía,9,malleco,92,renaico,9209,73,56,20,36,38,11,27,18,9,9
28737,la araucanía,9,malleco,92,renaico,9209,74,64,28,36,47,19,28,17,9,8
28738,la araucanía,9,malleco,92,renaico,9209,75,59,25,34,43,16,27,16,9,7
28739,la araucanía,9,malleco,92,renaico,9209,76,45,25,20,36,21,15,9,4,5
28740,la araucanía,9,malleco,92,renaico,9209,77,45,23,22,36,17,19,9,6,3
28741,la araucanía,9,malleco,92,renaico,9209,78,52,24,28,39,15,24,13,9,4
28742,la araucanía,9,malleco,92,renaico,9209,79,38,16,22,27,10,17,11,6,5
28743,la araucanía,9,malleco,92,renaico,9209,80,30,15,15,22,9,13,8,6,2
28744,la araucanía,9,malleco,92,renaico,9209,81,31,11,20,25,7,18,6,4,2
28745,la araucanía,9,malleco,92,renaico,9209,82,28,13,15,23,11,12,5,2,3
28746,la araucanía,9,malleco,92,renaico,9209,83,29,20,9,20,14,6,9,6,3
28747,la araucanía,9,malleco,92,renaico,9209,84,20,11,9,17,10,7,3,1,2
28748,la araucanía,9,malleco,92,renaico,9209,85,23,9,14,18,7,11,5,2,3
28749,la araucanía,9,malleco,92,renaico,9209,86,19,8,11,16,6,10,3,2,1
28750,la araucanía,9,malleco,92,renaico,9209,87,23,9,14,18,6,12,5,3,2
28751,la araucanía,9,malleco,92,renaico,9209,88,10,6,4,7,3,4,3,3,0
28752,la araucanía,9,malleco,92,renaico,9209,89,10,2,8,8,2,6,2,0,2
28753,la araucanía,9,malleco,92,renaico,9209,90,9,3,6,9,3,6,0,0,0
28754,la araucanía,9,malleco,92,renaico,9209,91,6,2,4,6,2,4,0,0,0
28755,la araucanía,9,malleco,92,renaico,9209,92,2,0,2,2,0,2,0,0,0
28756,la araucanía,9,malleco,92,renaico,9209,93,2,1,1,2,1,1,0,0,0
28757,la araucanía,9,malleco,92,renaico,9209,94,3,0,3,2,0,2,1,0,1
28758,la araucanía,9,malleco,92,renaico,9209,95,5,2,3,4,2,2,1,0,1
28759,la araucanía,9,malleco,92,renaico,9209,96,3,1,2,3,1,2,0,0,0
28760,la araucanía,9,malleco,92,renaico,9209,97,2,1,1,2,1,1,0,0,0
28761,la araucanía,9,malleco,92,renaico,9209,98,2,0,2,2,0,2,0,0,0
28762,la araucanía,9,malleco,92,renaico,9209,99,2,1,1,1,1,0,1,0,1
28763,la araucanía,9,malleco,92,renaico,9209,100 o más,1,1,0,1,1,0,0,0,0
28764,la araucanía,9,malleco,92,traiguén,9210,total comuna,18843,9019,9824,14350,6619,7731,4493,2400,2093
28765,la araucanía,9,malleco,92,traiguén,9210,0,215,111,104,167,85,82,48,26,22
28766,la araucanía,9,malleco,92,traiguén,9210,1,268,139,129,215,105,110,53,34,19
28767,la araucanía,9,malleco,92,traiguén,9210,2,243,131,112,184,107,77,59,24,35
28768,la araucanía,9,malleco,92,traiguén,9210,3,278,132,146,227,108,119,51,24,27
28769,la araucanía,9,malleco,92,traiguén,9210,4,249,125,124,194,101,93,55,24,31
28770,la araucanía,9,malleco,92,traiguén,9210,5,228,126,102,178,93,85,50,33,17
28771,la araucanía,9,malleco,92,traiguén,9210,6,288,148,140,217,118,99,71,30,41
28772,la araucanía,9,malleco,92,traiguén,9210,7,255,131,124,200,106,94,55,25,30
28773,la araucanía,9,malleco,92,traiguén,9210,8,249,135,114,200,106,94,49,29,20
28774,la araucanía,9,malleco,92,traiguén,9210,9,259,141,118,206,112,94,53,29,24
28775,la araucanía,9,malleco,92,traiguén,9210,10,278,137,141,211,105,106,67,32,35
28776,la araucanía,9,malleco,92,traiguén,9210,11,263,138,125,206,109,97,57,29,28
28777,la araucanía,9,malleco,92,traiguén,9210,12,284,127,157,215,101,114,69,26,43
28778,la araucanía,9,malleco,92,traiguén,9210,13,241,123,118,177,89,88,64,34,30
28779,la araucanía,9,malleco,92,traiguén,9210,14,298,152,146,220,109,111,78,43,35
28780,la araucanía,9,malleco,92,traiguén,9210,15,292,164,128,203,102,101,89,62,27
28781,la araucanía,9,malleco,92,traiguén,9210,16,319,158,161,240,108,132,79,50,29
28782,la araucanía,9,malleco,92,traiguén,9210,17,350,193,157,216,99,117,134,94,40
28783,la araucanía,9,malleco,92,traiguén,9210,18,284,149,135,169,79,90,115,70,45
28784,la araucanía,9,malleco,92,traiguén,9210,19,254,131,123,190,97,93,64,34,30
28785,la araucanía,9,malleco,92,traiguén,9210,20,217,106,111,166,75,91,51,31,20
28786,la araucanía,9,malleco,92,traiguén,9210,21,187,95,92,149,74,75,38,21,17
28787,la araucanía,9,malleco,92,traiguén,9210,22,248,113,135,193,82,111,55,31,24
28788,la araucanía,9,malleco,92,traiguén,9210,23,219,91,128,176,69,107,43,22,21
28789,la araucanía,9,malleco,92,traiguén,9210,24,220,101,119,180,80,100,40,21,19
28790,la araucanía,9,malleco,92,traiguén,9210,25,240,111,129,182,90,92,58,21,37
28791,la araucanía,9,malleco,92,traiguén,9210,26,236,116,120,184,80,104,52,36,16
28792,la araucanía,9,malleco,92,traiguén,9210,27,250,118,132,202,92,110,48,26,22
28793,la araucanía,9,malleco,92,traiguén,9210,28,226,108,118,179,88,91,47,20,27
28794,la araucanía,9,malleco,92,traiguén,9210,29,209,99,110,174,83,91,35,16,19
28795,la araucanía,9,malleco,92,traiguén,9210,30,230,114,116,189,91,98,41,23,18
28796,la araucanía,9,malleco,92,traiguén,9210,31,221,93,128,185,81,104,36,12,24
28797,la araucanía,9,malleco,92,traiguén,9210,32,212,105,107,172,82,90,40,23,17
28798,la araucanía,9,malleco,92,traiguén,9210,33,222,90,132,179,70,109,43,20,23
28799,la araucanía,9,malleco,92,traiguén,9210,34,256,118,138,212,95,117,44,23,21
28800,la araucanía,9,malleco,92,traiguén,9210,35,219,100,119,170,74,96,49,26,23
28801,la araucanía,9,malleco,92,traiguén,9210,36,231,105,126,181,80,101,50,25,25
28802,la araucanía,9,malleco,92,traiguén,9210,37,213,107,106,169,81,88,44,26,18
28803,la araucanía,9,malleco,92,traiguén,9210,38,221,100,121,179,76,103,42,24,18
28804,la araucanía,9,malleco,92,traiguén,9210,39,210,87,123,155,65,90,55,22,33
28805,la araucanía,9,malleco,92,traiguén,9210,40,219,103,116,170,83,87,49,20,29
28806,la araucanía,9,malleco,92,traiguén,9210,41,218,98,120,164,65,99,54,33,21
28807,la araucanía,9,malleco,92,traiguén,9210,42,211,98,113,162,72,90,49,26,23
28808,la araucanía,9,malleco,92,traiguén,9210,43,224,105,119,173,78,95,51,27,24
28809,la araucanía,9,malleco,92,traiguén,9210,44,213,103,110,164,78,86,49,25,24
28810,la araucanía,9,malleco,92,traiguén,9210,45,248,131,117,180,92,88,68,39,29
28811,la araucanía,9,malleco,92,traiguén,9210,46,241,96,145,181,68,113,60,28,32
28812,la araucanía,9,malleco,92,traiguén,9210,47,203,101,102,141,67,74,62,34,28
28813,la araucanía,9,malleco,92,traiguén,9210,48,252,112,140,184,74,110,68,38,30
28814,la araucanía,9,malleco,92,traiguén,9210,49,265,123,142,202,93,109,63,30,33
28815,la araucanía,9,malleco,92,traiguén,9210,50,280,126,154,204,86,118,76,40,36
28816,la araucanía,9,malleco,92,traiguén,9210,51,281,136,145,209,95,114,72,41,31
28817,la araucanía,9,malleco,92,traiguén,9210,52,298,142,156,219,97,122,79,45,34
28818,la araucanía,9,malleco,92,traiguén,9210,53,274,128,146,194,86,108,80,42,38
28819,la araucanía,9,malleco,92,traiguén,9210,54,269,130,139,203,94,109,66,36,30
28820,la araucanía,9,malleco,92,traiguén,9210,55,304,140,164,233,106,127,71,34,37
28821,la araucanía,9,malleco,92,traiguén,9210,56,275,134,141,201,92,109,74,42,32
28822,la araucanía,9,malleco,92,traiguén,9210,57,258,132,126,192,95,97,66,37,29
28823,la araucanía,9,malleco,92,traiguén,9210,58,220,107,113,156,76,80,64,31,33
28824,la araucanía,9,malleco,92,traiguén,9210,59,218,105,113,165,76,89,53,29,24
28825,la araucanía,9,malleco,92,traiguén,9210,60,235,113,122,168,80,88,67,33,34
28826,la araucanía,9,malleco,92,traiguén,9210,61,214,101,113,175,77,98,39,24,15
28827,la araucanía,9,malleco,92,traiguén,9210,62,216,105,111,171,83,88,45,22,23
28828,la araucanía,9,malleco,92,traiguén,9210,63,195,87,108,139,61,78,56,26,30
28829,la araucanía,9,malleco,92,traiguén,9210,64,209,100,109,153,69,84,56,31,25
28830,la araucanía,9,malleco,92,traiguén,9210,65,193,85,108,153,66,87,40,19,21
28831,la araucanía,9,malleco,92,traiguén,9210,66,186,88,98,132,57,75,54,31,23
28832,la araucanía,9,malleco,92,traiguén,9210,67,152,84,68,120,61,59,32,23,9
28833,la araucanía,9,malleco,92,traiguén,9210,68,169,77,92,123,52,71,46,25,21
28834,la araucanía,9,malleco,92,traiguén,9210,69,156,78,78,116,51,65,40,27,13
28835,la araucanía,9,malleco,92,traiguén,9210,70,138,56,82,110,43,67,28,13,15
28836,la araucanía,9,malleco,92,traiguén,9210,71,145,66,79,102,43,59,43,23,20
28837,la araucanía,9,malleco,92,traiguén,9210,72,148,74,74,109,55,54,39,19,20
28838,la araucanía,9,malleco,92,traiguén,9210,73,137,55,82,102,40,62,35,15,20
28839,la araucanía,9,malleco,92,traiguén,9210,74,144,63,81,96,42,54,48,21,27
28840,la araucanía,9,malleco,92,traiguén,9210,75,138,69,69,109,49,60,29,20,9
28841,la araucanía,9,malleco,92,traiguén,9210,76,122,45,77,93,30,63,29,15,14
28842,la araucanía,9,malleco,92,traiguén,9210,77,129,64,65,103,47,56,26,17,9
28843,la araucanía,9,malleco,92,traiguén,9210,78,94,42,52,66,25,41,28,17,11
28844,la araucanía,9,malleco,92,traiguén,9210,79,80,41,39,58,29,29,22,12,10
28845,la araucanía,9,malleco,92,traiguén,9210,80,105,44,61,83,34,49,22,10,12
28846,la araucanía,9,malleco,92,traiguén,9210,81,83,38,45,65,30,35,18,8,10
28847,la araucanía,9,malleco,92,traiguén,9210,82,77,29,48,60,21,39,17,8,9
28848,la araucanía,9,malleco,92,traiguén,9210,83,66,25,41,55,21,34,11,4,7
28849,la araucanía,9,malleco,92,traiguén,9210,84,82,36,46,66,26,40,16,10,6
28850,la araucanía,9,malleco,92,traiguén,9210,85,52,21,31,38,15,23,14,6,8
28851,la araucanía,9,malleco,92,traiguén,9210,86,65,24,41,57,20,37,8,4,4
28852,la araucanía,9,malleco,92,traiguén,9210,87,52,21,31,43,16,27,9,5,4
28853,la araucanía,9,malleco,92,traiguén,9210,88,45,18,27,35,14,21,10,4,6
28854,la araucanía,9,malleco,92,traiguén,9210,89,29,9,20,23,7,16,6,2,4
28855,la araucanía,9,malleco,92,traiguén,9210,90,28,8,20,25,7,18,3,1,2
28856,la araucanía,9,malleco,92,traiguén,9210,91,27,10,17,23,7,16,4,3,1
28857,la araucanía,9,malleco,92,traiguén,9210,92,18,4,14,16,3,13,2,1,1
28858,la araucanía,9,malleco,92,traiguén,9210,93,12,4,8,9,4,5,3,0,3
28859,la araucanía,9,malleco,92,traiguén,9210,94,17,7,10,15,5,10,2,2,0
28860,la araucanía,9,malleco,92,traiguén,9210,95,7,2,5,7,2,5,0,0,0
28861,la araucanía,9,malleco,92,traiguén,9210,96,7,2,5,7,2,5,0,0,0
28862,la araucanía,9,malleco,92,traiguén,9210,97,8,2,6,8,2,6,0,0,0
28863,la araucanía,9,malleco,92,traiguén,9210,98,2,1,1,2,1,1,0,0,0
28864,la araucanía,9,malleco,92,traiguén,9210,99,0,0,0,0,0,0,0,0,0
28865,la araucanía,9,malleco,92,traiguén,9210,100 o más,8,3,5,7,2,5,1,1,0
28866,la araucanía,9,malleco,92,victoria,9211,total comuna,34182,16408,17774,24856,11602,13254,9326,4806,4520
28867,la araucanía,9,malleco,92,victoria,9211,0,428,220,208,310,152,158,118,68,50
28868,la araucanía,9,malleco,92,victoria,9211,1,503,255,248,383,193,190,120,62,58
28869,la araucanía,9,malleco,92,victoria,9211,2,477,257,220,346,192,154,131,65,66
28870,la araucanía,9,malleco,92,victoria,9211,3,469,232,237,329,151,178,140,81,59
28871,la araucanía,9,malleco,92,victoria,9211,4,462,244,218,329,175,154,133,69,64
28872,la araucanía,9,malleco,92,victoria,9211,5,449,225,224,316,162,154,133,63,70
28873,la araucanía,9,malleco,92,victoria,9211,6,468,245,223,332,183,149,136,62,74
28874,la araucanía,9,malleco,92,victoria,9211,7,414,206,208,300,151,149,114,55,59
28875,la araucanía,9,malleco,92,victoria,9211,8,461,254,207,314,165,149,147,89,58
28876,la araucanía,9,malleco,92,victoria,9211,9,453,222,231,341,167,174,112,55,57
28877,la araucanía,9,malleco,92,victoria,9211,10,446,222,224,315,150,165,131,72,59
28878,la araucanía,9,malleco,92,victoria,9211,11,419,220,199,289,142,147,130,78,52
28879,la araucanía,9,malleco,92,victoria,9211,12,434,217,217,321,161,160,113,56,57
28880,la araucanía,9,malleco,92,victoria,9211,13,401,192,209,277,129,148,124,63,61
28881,la araucanía,9,malleco,92,victoria,9211,14,487,257,230,370,194,176,117,63,54
28882,la araucanía,9,malleco,92,victoria,9211,15,489,249,240,349,183,166,140,66,74
28883,la araucanía,9,malleco,92,victoria,9211,16,498,258,240,352,173,179,146,85,61
28884,la araucanía,9,malleco,92,victoria,9211,17,511,281,230,401,229,172,110,52,58
28885,la araucanía,9,malleco,92,victoria,9211,18,520,288,232,421,235,186,99,53,46
28886,la araucanía,9,malleco,92,victoria,9211,19,481,258,223,377,199,178,104,59,45
28887,la araucanía,9,malleco,92,victoria,9211,20,490,224,266,393,178,215,97,46,51
28888,la araucanía,9,malleco,92,victoria,9211,21,503,253,250,389,197,192,114,56,58
28889,la araucanía,9,malleco,92,victoria,9211,22,465,216,249,359,166,193,106,50,56
28890,la araucanía,9,malleco,92,victoria,9211,23,511,242,269,391,181,210,120,61,59
28891,la araucanía,9,malleco,92,victoria,9211,24,469,220,249,365,169,196,104,51,53
28892,la araucanía,9,malleco,92,victoria,9211,25,511,227,284,397,171,226,114,56,58
28893,la araucanía,9,malleco,92,victoria,9211,26,508,234,274,382,172,210,126,62,64
28894,la araucanía,9,malleco,92,victoria,9211,27,516,255,261,428,211,217,88,44,44
28895,la araucanía,9,malleco,92,victoria,9211,28,431,195,236,339,155,184,92,40,52
28896,la araucanía,9,malleco,92,victoria,9211,29,442,195,247,342,147,195,100,48,52
28897,la araucanía,9,malleco,92,victoria,9211,30,463,225,238,351,171,180,112,54,58
28898,la araucanía,9,malleco,92,victoria,9211,31,477,218,259,364,153,211,113,65,48
28899,la araucanía,9,malleco,92,victoria,9211,32,407,197,210,307,148,159,100,49,51
28900,la araucanía,9,malleco,92,victoria,9211,33,420,203,217,312,143,169,108,60,48
28901,la araucanía,9,malleco,92,victoria,9211,34,449,222,227,347,165,182,102,57,45
28902,la araucanía,9,malleco,92,victoria,9211,35,408,187,221,303,136,167,105,51,54
28903,la araucanía,9,malleco,92,victoria,9211,36,426,205,221,307,148,159,119,57,62
28904,la araucanía,9,malleco,92,victoria,9211,37,391,179,212,277,127,150,114,52,62
28905,la araucanía,9,malleco,92,victoria,9211,38,432,200,232,311,142,169,121,58,63
28906,la araucanía,9,malleco,92,victoria,9211,39,420,195,225,287,122,165,133,73,60
28907,la araucanía,9,malleco,92,victoria,9211,40,391,174,217,299,124,175,92,50,42
28908,la araucanía,9,malleco,92,victoria,9211,41,425,215,210,308,156,152,117,59,58
28909,la araucanía,9,malleco,92,victoria,9211,42,442,189,253,314,136,178,128,53,75
28910,la araucanía,9,malleco,92,victoria,9211,43,434,198,236,318,145,173,116,53,63
28911,la araucanía,9,malleco,92,victoria,9211,44,443,197,246,330,145,185,113,52,61
28912,la araucanía,9,malleco,92,victoria,9211,45,451,211,240,311,139,172,140,72,68
28913,la araucanía,9,malleco,92,victoria,9211,46,445,236,209,317,165,152,128,71,57
28914,la araucanía,9,malleco,92,victoria,9211,47,474,227,247,322,145,177,152,82,70
28915,la araucanía,9,malleco,92,victoria,9211,48,446,216,230,295,139,156,151,77,74
28916,la araucanía,9,malleco,92,victoria,9211,49,484,228,256,353,160,193,131,68,63
28917,la araucanía,9,malleco,92,victoria,9211,50,511,245,266,357,152,205,154,93,61
28918,la araucanía,9,malleco,92,victoria,9211,51,546,255,291,401,177,224,145,78,67
28919,la araucanía,9,malleco,92,victoria,9211,52,511,239,272,369,167,202,142,72,70
28920,la araucanía,9,malleco,92,victoria,9211,53,485,239,246,340,167,173,145,72,73
28921,la araucanía,9,malleco,92,victoria,9211,54,503,241,262,339,154,185,164,87,77
28922,la araucanía,9,malleco,92,victoria,9211,55,441,218,223,329,157,172,112,61,51
28923,la araucanía,9,malleco,92,victoria,9211,56,469,225,244,329,142,187,140,83,57
28924,la araucanía,9,malleco,92,victoria,9211,57,388,179,209,278,122,156,110,57,53
28925,la araucanía,9,malleco,92,victoria,9211,58,422,215,207,287,142,145,135,73,62
28926,la araucanía,9,malleco,92,victoria,9211,59,395,202,193,281,139,142,114,63,51
28927,la araucanía,9,malleco,92,victoria,9211,60,390,202,188,262,131,131,128,71,57
28928,la araucanía,9,malleco,92,victoria,9211,61,375,172,203,253,107,146,122,65,57
28929,la araucanía,9,malleco,92,victoria,9211,62,367,177,190,263,130,133,104,47,57
28930,la araucanía,9,malleco,92,victoria,9211,63,396,175,221,284,122,162,112,53,59
28931,la araucanía,9,malleco,92,victoria,9211,64,377,167,210,251,105,146,126,62,64
28932,la araucanía,9,malleco,92,victoria,9211,65,334,149,185,236,102,134,98,47,51
28933,la araucanía,9,malleco,92,victoria,9211,66,261,145,116,179,95,84,82,50,32
28934,la araucanía,9,malleco,92,victoria,9211,67,286,141,145,193,91,102,93,50,43
28935,la araucanía,9,malleco,92,victoria,9211,68,308,145,163,224,101,123,84,44,40
28936,la araucanía,9,malleco,92,victoria,9211,69,270,130,140,190,86,104,80,44,36
28937,la araucanía,9,malleco,92,victoria,9211,70,263,120,143,179,71,108,84,49,35
28938,la araucanía,9,malleco,92,victoria,9211,71,271,111,160,185,70,115,86,41,45
28939,la araucanía,9,malleco,92,victoria,9211,72,269,134,135,180,78,102,89,56,33
28940,la araucanía,9,malleco,92,victoria,9211,73,199,90,109,134,58,76,65,32,33
28941,la araucanía,9,malleco,92,victoria,9211,74,230,101,129,159,69,90,71,32,39
28942,la araucanía,9,malleco,92,victoria,9211,75,207,87,120,140,53,87,67,34,33
28943,la araucanía,9,malleco,92,victoria,9211,76,199,86,113,139,60,79,60,26,34
28944,la araucanía,9,malleco,92,victoria,9211,77,178,68,110,122,46,76,56,22,34
28945,la araucanía,9,malleco,92,victoria,9211,78,160,70,90,117,47,70,43,23,20
28946,la araucanía,9,malleco,92,victoria,9211,79,118,49,69,84,35,49,34,14,20
28947,la araucanía,9,malleco,92,victoria,9211,80,134,50,84,98,31,67,36,19,17
28948,la araucanía,9,malleco,92,victoria,9211,81,143,57,86,96,30,66,47,27,20
28949,la araucanía,9,malleco,92,victoria,9211,82,124,44,80,95,29,66,29,15,14
28950,la araucanía,9,malleco,92,victoria,9211,83,92,38,54,65,24,41,27,14,13
28951,la araucanía,9,malleco,92,victoria,9211,84,115,45,70,83,31,52,32,14,18
28952,la araucanía,9,malleco,92,victoria,9211,85,89,28,61,70,18,52,19,10,9
28953,la araucanía,9,malleco,92,victoria,9211,86,98,36,62,66,24,42,32,12,20
28954,la araucanía,9,malleco,92,victoria,9211,87,79,28,51,54,17,37,25,11,14
28955,la araucanía,9,malleco,92,victoria,9211,88,61,26,35,41,17,24,20,9,11
28956,la araucanía,9,malleco,92,victoria,9211,89,58,18,40,40,10,30,18,8,10
28957,la araucanía,9,malleco,92,victoria,9211,90,42,16,26,35,12,23,7,4,3
28958,la araucanía,9,malleco,92,victoria,9211,91,41,18,23,34,12,22,7,6,1
28959,la araucanía,9,malleco,92,victoria,9211,92,34,12,22,26,7,19,8,5,3
28960,la araucanía,9,malleco,92,victoria,9211,93,19,6,13,15,4,11,4,2,2
28961,la araucanía,9,malleco,92,victoria,9211,94,26,8,18,22,7,15,4,1,3
28962,la araucanía,9,malleco,92,victoria,9211,95,11,7,4,8,5,3,3,2,1
28963,la araucanía,9,malleco,92,victoria,9211,96,12,3,9,9,2,7,3,1,2
28964,la araucanía,9,malleco,92,victoria,9211,97,6,2,4,5,2,3,1,0,1
28965,la araucanía,9,malleco,92,victoria,9211,98,4,0,4,4,0,4,0,0,0
28966,la araucanía,9,malleco,92,victoria,9211,99,8,0,8,7,0,7,1,0,1
28967,la araucanía,9,malleco,92,victoria,9211,100 o más,13,4,9,9,2,7,4,2,2
28968,los ríos,14,valdivia,141,valdivia,14101,total comuna,166080,80348,85732,154716,74223,80493,11364,6125,5239
28969,los ríos,14,valdivia,141,valdivia,14101,0,1884,966,918,1760,909,851,124,57,67
28970,los ríos,14,valdivia,141,valdivia,14101,1,2057,1002,1055,1925,940,985,132,62,70
28971,los ríos,14,valdivia,141,valdivia,14101,2,2023,1026,997,1887,955,932,136,71,65
28972,los ríos,14,valdivia,141,valdivia,14101,3,2033,1083,950,1911,1014,897,122,69,53
28973,los ríos,14,valdivia,141,valdivia,14101,4,2187,1112,1075,2029,1046,983,158,66,92
28974,los ríos,14,valdivia,141,valdivia,14101,5,2053,1011,1042,1913,946,967,140,65,75
28975,los ríos,14,valdivia,141,valdivia,14101,6,2207,1140,1067,2047,1058,989,160,82,78
28976,los ríos,14,valdivia,141,valdivia,14101,7,2178,1073,1105,2028,998,1030,150,75,75
28977,los ríos,14,valdivia,141,valdivia,14101,8,2080,1074,1006,1940,1001,939,140,73,67
28978,los ríos,14,valdivia,141,valdivia,14101,9,2065,1054,1011,1931,982,949,134,72,62
28979,los ríos,14,valdivia,141,valdivia,14101,10,2068,1039,1029,1937,975,962,131,64,67
28980,los ríos,14,valdivia,141,valdivia,14101,11,2079,1048,1031,1939,974,965,140,74,66
28981,los ríos,14,valdivia,141,valdivia,14101,12,1999,1037,962,1871,976,895,128,61,67
28982,los ríos,14,valdivia,141,valdivia,14101,13,1954,1014,940,1821,947,874,133,67,66
28983,los ríos,14,valdivia,141,valdivia,14101,14,2093,1038,1055,1948,966,982,145,72,73
28984,los ríos,14,valdivia,141,valdivia,14101,15,2138,1054,1084,1982,993,989,156,61,95
28985,los ríos,14,valdivia,141,valdivia,14101,16,2225,1095,1130,2088,1023,1065,137,72,65
28986,los ríos,14,valdivia,141,valdivia,14101,17,2319,1166,1153,2176,1095,1081,143,71,72
28987,los ríos,14,valdivia,141,valdivia,14101,18,3056,1568,1488,2951,1516,1435,105,52,53
28988,los ríos,14,valdivia,141,valdivia,14101,19,3288,1668,1620,3142,1597,1545,146,71,75
28989,los ríos,14,valdivia,141,valdivia,14101,20,3343,1689,1654,3184,1601,1583,159,88,71
28990,los ríos,14,valdivia,141,valdivia,14101,21,3257,1648,1609,3093,1556,1537,164,92,72
28991,los ríos,14,valdivia,141,valdivia,14101,22,3324,1706,1618,3195,1622,1573,129,84,45
28992,los ríos,14,valdivia,141,valdivia,14101,23,3155,1632,1523,2978,1521,1457,177,111,66
28993,los ríos,14,valdivia,141,valdivia,14101,24,3227,1655,1572,3043,1543,1500,184,112,72
28994,los ríos,14,valdivia,141,valdivia,14101,25,3051,1570,1481,2843,1429,1414,208,141,67
28995,los ríos,14,valdivia,141,valdivia,14101,26,2940,1489,1451,2781,1389,1392,159,100,59
28996,los ríos,14,valdivia,141,valdivia,14101,27,2927,1470,1457,2734,1357,1377,193,113,80
28997,los ríos,14,valdivia,141,valdivia,14101,28,2705,1347,1358,2508,1220,1288,197,127,70
28998,los ríos,14,valdivia,141,valdivia,14101,29,2612,1334,1278,2444,1228,1216,168,106,62
28999,los ríos,14,valdivia,141,valdivia,14101,30,2485,1261,1224,2285,1140,1145,200,121,79
29000,los ríos,14,valdivia,141,valdivia,14101,31,2366,1158,1208,2206,1064,1142,160,94,66
29001,los ríos,14,valdivia,141,valdivia,14101,32,2310,1128,1182,2161,1046,1115,149,82,67
29002,los ríos,14,valdivia,141,valdivia,14101,33,2322,1125,1197,2148,1021,1127,174,104,70
29003,los ríos,14,valdivia,141,valdivia,14101,34,2326,1155,1171,2162,1069,1093,164,86,78
29004,los ríos,14,valdivia,141,valdivia,14101,35,2356,1158,1198,2187,1068,1119,169,90,79
29005,los ríos,14,valdivia,141,valdivia,14101,36,2172,1031,1141,2005,928,1077,167,103,64
29006,los ríos,14,valdivia,141,valdivia,14101,37,2160,1050,1110,1994,962,1032,166,88,78
29007,los ríos,14,valdivia,141,valdivia,14101,38,2034,995,1039,1851,901,950,183,94,89
29008,los ríos,14,valdivia,141,valdivia,14101,39,2037,970,1067,1876,883,993,161,87,74
29009,los ríos,14,valdivia,141,valdivia,14101,40,1974,980,994,1816,891,925,158,89,69
29010,los ríos,14,valdivia,141,valdivia,14101,41,2026,971,1055,1864,884,980,162,87,75
29011,los ríos,14,valdivia,141,valdivia,14101,42,2219,1050,1169,2041,952,1089,178,98,80
29012,los ríos,14,valdivia,141,valdivia,14101,43,2177,1032,1145,1997,928,1069,180,104,76
29013,los ríos,14,valdivia,141,valdivia,14101,44,2178,1013,1165,1975,898,1077,203,115,88
29014,los ríos,14,valdivia,141,valdivia,14101,45,2036,1004,1032,1872,917,955,164,87,77
29015,los ríos,14,valdivia,141,valdivia,14101,46,2033,974,1059,1863,885,978,170,89,81
29016,los ríos,14,valdivia,141,valdivia,14101,47,2026,943,1083,1864,868,996,162,75,87
29017,los ríos,14,valdivia,141,valdivia,14101,48,2123,1034,1089,1962,942,1020,161,92,69
29018,los ríos,14,valdivia,141,valdivia,14101,49,2251,1098,1153,2084,1013,1071,167,85,82
29019,los ríos,14,valdivia,141,valdivia,14101,50,2265,1070,1195,2090,971,1119,175,99,76
29020,los ríos,14,valdivia,141,valdivia,14101,51,2295,1089,1206,2140,1003,1137,155,86,69
29021,los ríos,14,valdivia,141,valdivia,14101,52,2280,1068,1212,2127,984,1143,153,84,69
29022,los ríos,14,valdivia,141,valdivia,14101,53,2280,1071,1209,2123,994,1129,157,77,80
29023,los ríos,14,valdivia,141,valdivia,14101,54,2251,1074,1177,2086,980,1106,165,94,71
29024,los ríos,14,valdivia,141,valdivia,14101,55,2130,986,1144,2003,919,1084,127,67,60
29025,los ríos,14,valdivia,141,valdivia,14101,56,2089,933,1156,1926,850,1076,163,83,80
29026,los ríos,14,valdivia,141,valdivia,14101,57,1887,898,989,1732,816,916,155,82,73
29027,los ríos,14,valdivia,141,valdivia,14101,58,1824,868,956,1686,791,895,138,77,61
29028,los ríos,14,valdivia,141,valdivia,14101,59,1812,870,942,1659,774,885,153,96,57
29029,los ríos,14,valdivia,141,valdivia,14101,60,1756,871,885,1627,801,826,129,70,59
29030,los ríos,14,valdivia,141,valdivia,14101,61,1680,767,913,1546,694,852,134,73,61
29031,los ríos,14,valdivia,141,valdivia,14101,62,1582,781,801,1438,704,734,144,77,67
29032,los ríos,14,valdivia,141,valdivia,14101,63,1523,693,830,1411,625,786,112,68,44
29033,los ríos,14,valdivia,141,valdivia,14101,64,1475,659,816,1354,594,760,121,65,56
29034,los ríos,14,valdivia,141,valdivia,14101,65,1377,625,752,1258,567,691,119,58,61
29035,los ríos,14,valdivia,141,valdivia,14101,66,1283,551,732,1204,507,697,79,44,35
29036,los ríos,14,valdivia,141,valdivia,14101,67,1234,560,674,1150,520,630,84,40,44
29037,los ríos,14,valdivia,141,valdivia,14101,68,1158,524,634,1074,477,597,84,47,37
29038,los ríos,14,valdivia,141,valdivia,14101,69,1166,521,645,1079,477,602,87,44,43
29039,los ríos,14,valdivia,141,valdivia,14101,70,1104,474,630,1017,431,586,87,43,44
29040,los ríos,14,valdivia,141,valdivia,14101,71,994,419,575,925,387,538,69,32,37
29041,los ríos,14,valdivia,141,valdivia,14101,72,945,425,520,877,383,494,68,42,26
29042,los ríos,14,valdivia,141,valdivia,14101,73,859,366,493,799,334,465,60,32,28
29043,los ríos,14,valdivia,141,valdivia,14101,74,828,343,485,767,319,448,61,24,37
29044,los ríos,14,valdivia,141,valdivia,14101,75,790,330,460,732,300,432,58,30,28
29045,los ríos,14,valdivia,141,valdivia,14101,76,734,308,426,697,296,401,37,12,25
29046,los ríos,14,valdivia,141,valdivia,14101,77,700,271,429,648,245,403,52,26,26
29047,los ríos,14,valdivia,141,valdivia,14101,78,610,234,376,570,212,358,40,22,18
29048,los ríos,14,valdivia,141,valdivia,14101,79,556,214,342,521,196,325,35,18,17
29049,los ríos,14,valdivia,141,valdivia,14101,80,525,205,320,501,187,314,24,18,6
29050,los ríos,14,valdivia,141,valdivia,14101,81,487,189,298,458,173,285,29,16,13
29051,los ríos,14,valdivia,141,valdivia,14101,82,448,153,295,423,143,280,25,10,15
29052,los ríos,14,valdivia,141,valdivia,14101,83,407,149,258,381,136,245,26,13,13
29053,los ríos,14,valdivia,141,valdivia,14101,84,388,132,256,368,125,243,20,7,13
29054,los ríos,14,valdivia,141,valdivia,14101,85,337,115,222,314,107,207,23,8,15
29055,los ríos,14,valdivia,141,valdivia,14101,86,326,115,211,306,109,197,20,6,14
29056,los ríos,14,valdivia,141,valdivia,14101,87,323,106,217,306,99,207,17,7,10
29057,los ríos,14,valdivia,141,valdivia,14101,88,239,78,161,223,73,150,16,5,11
29058,los ríos,14,valdivia,141,valdivia,14101,89,195,57,138,182,53,129,13,4,9
29059,los ríos,14,valdivia,141,valdivia,14101,90,174,60,114,166,58,108,8,2,6
29060,los ríos,14,valdivia,141,valdivia,14101,91,151,57,94,138,50,88,13,7,6
29061,los ríos,14,valdivia,141,valdivia,14101,92,112,40,72,108,37,71,4,3,1
29062,los ríos,14,valdivia,141,valdivia,14101,93,77,21,56,74,21,53,3,0,3
29063,los ríos,14,valdivia,141,valdivia,14101,94,74,20,54,71,19,52,3,1,2
29064,los ríos,14,valdivia,141,valdivia,14101,95,52,14,38,44,12,32,8,2,6
29065,los ríos,14,valdivia,141,valdivia,14101,96,41,12,29,35,11,24,6,1,5
29066,los ríos,14,valdivia,141,valdivia,14101,97,32,5,27,29,4,25,3,1,2
29067,los ríos,14,valdivia,141,valdivia,14101,98,21,3,18,20,3,17,1,0,1
29068,los ríos,14,valdivia,141,valdivia,14101,99,20,3,17,19,2,17,1,1,0
29069,los ríos,14,valdivia,141,valdivia,14101,100 o más,46,13,33,42,13,29,4,0,4
29070,los ríos,14,valdivia,141,corral,14102,total comuna,5302,2635,2667,3481,1700,1781,1821,935,886
29071,los ríos,14,valdivia,141,corral,14102,0,55,23,32,41,18,23,14,5,9
29072,los ríos,14,valdivia,141,corral,14102,1,59,27,32,36,13,23,23,14,9
29073,los ríos,14,valdivia,141,corral,14102,2,57,26,31,36,15,21,21,11,10
29074,los ríos,14,valdivia,141,corral,14102,3,72,34,38,51,23,28,21,11,10
29075,los ríos,14,valdivia,141,corral,14102,4,75,40,35,49,24,25,26,16,10
29076,los ríos,14,valdivia,141,corral,14102,5,66,31,35,41,18,23,25,13,12
29077,los ríos,14,valdivia,141,corral,14102,6,65,31,34,42,19,23,23,12,11
29078,los ríos,14,valdivia,141,corral,14102,7,49,25,24,34,17,17,15,8,7
29079,los ríos,14,valdivia,141,corral,14102,8,70,32,38,45,23,22,25,9,16
29080,los ríos,14,valdivia,141,corral,14102,9,77,33,44,54,24,30,23,9,14
29081,los ríos,14,valdivia,141,corral,14102,10,63,35,28,39,20,19,24,15,9
29082,los ríos,14,valdivia,141,corral,14102,11,72,40,32,49,27,22,23,13,10
29083,los ríos,14,valdivia,141,corral,14102,12,78,44,34,49,26,23,29,18,11
29084,los ríos,14,valdivia,141,corral,14102,13,71,39,32,44,26,18,27,13,14
29085,los ríos,14,valdivia,141,corral,14102,14,71,38,33,50,30,20,21,8,13
29086,los ríos,14,valdivia,141,corral,14102,15,73,42,31,53,32,21,20,10,10
29087,los ríos,14,valdivia,141,corral,14102,16,74,33,41,50,20,30,24,13,11
29088,los ríos,14,valdivia,141,corral,14102,17,70,44,26,51,31,20,19,13,6
29089,los ríos,14,valdivia,141,corral,14102,18,50,26,24,37,20,17,13,6,7
29090,los ríos,14,valdivia,141,corral,14102,19,64,31,33,48,23,25,16,8,8
29091,los ríos,14,valdivia,141,corral,14102,20,61,39,22,43,26,17,18,13,5
29092,los ríos,14,valdivia,141,corral,14102,21,70,28,42,48,20,28,22,8,14
29093,los ríos,14,valdivia,141,corral,14102,22,60,26,34,43,18,25,17,8,9
29094,los ríos,14,valdivia,141,corral,14102,23,80,41,39,55,31,24,25,10,15
29095,los ríos,14,valdivia,141,corral,14102,24,76,37,39,56,29,27,20,8,12
29096,los ríos,14,valdivia,141,corral,14102,25,76,42,34,49,29,20,27,13,14
29097,los ríos,14,valdivia,141,corral,14102,26,60,27,33,44,17,27,16,10,6
29098,los ríos,14,valdivia,141,corral,14102,27,84,33,51,63,26,37,21,7,14
29099,los ríos,14,valdivia,141,corral,14102,28,76,30,46,57,22,35,19,8,11
29100,los ríos,14,valdivia,141,corral,14102,29,78,40,38,53,27,26,25,13,12
29101,los ríos,14,valdivia,141,corral,14102,30,73,38,35,51,28,23,22,10,12
29102,los ríos,14,valdivia,141,corral,14102,31,60,31,29,35,18,17,25,13,12
29103,los ríos,14,valdivia,141,corral,14102,32,63,33,30,33,17,16,30,16,14
29104,los ríos,14,valdivia,141,corral,14102,33,53,30,23,33,18,15,20,12,8
29105,los ríos,14,valdivia,141,corral,14102,34,50,27,23,35,16,19,15,11,4
29106,los ríos,14,valdivia,141,corral,14102,35,59,24,35,39,16,23,20,8,12
29107,los ríos,14,valdivia,141,corral,14102,36,50,23,27,35,16,19,15,7,8
29108,los ríos,14,valdivia,141,corral,14102,37,49,22,27,32,14,18,17,8,9
29109,los ríos,14,valdivia,141,corral,14102,38,46,19,27,32,12,20,14,7,7
29110,los ríos,14,valdivia,141,corral,14102,39,53,26,27,32,18,14,21,8,13
29111,los ríos,14,valdivia,141,corral,14102,40,51,27,24,33,15,18,18,12,6
29112,los ríos,14,valdivia,141,corral,14102,41,64,36,28,36,17,19,28,19,9
29113,los ríos,14,valdivia,141,corral,14102,42,74,29,45,46,19,27,28,10,18
29114,los ríos,14,valdivia,141,corral,14102,43,77,42,35,51,29,22,26,13,13
29115,los ríos,14,valdivia,141,corral,14102,44,77,40,37,47,26,21,30,14,16
29116,los ríos,14,valdivia,141,corral,14102,45,74,37,37,54,26,28,20,11,9
29117,los ríos,14,valdivia,141,corral,14102,46,91,40,51,65,28,37,26,12,14
29118,los ríos,14,valdivia,141,corral,14102,47,83,41,42,57,30,27,26,11,15
29119,los ríos,14,valdivia,141,corral,14102,48,92,47,45,56,24,32,36,23,13
29120,los ríos,14,valdivia,141,corral,14102,49,90,45,45,58,29,29,32,16,16
29121,los ríos,14,valdivia,141,corral,14102,50,88,47,41,51,25,26,37,22,15
29122,los ríos,14,valdivia,141,corral,14102,51,74,40,34,53,28,25,21,12,9
29123,los ríos,14,valdivia,141,corral,14102,52,100,54,46,66,32,34,34,22,12
29124,los ríos,14,valdivia,141,corral,14102,53,92,45,47,60,28,32,32,17,15
29125,los ríos,14,valdivia,141,corral,14102,54,71,35,36,42,20,22,29,15,14
29126,los ríos,14,valdivia,141,corral,14102,55,76,34,42,47,23,24,29,11,18
29127,los ríos,14,valdivia,141,corral,14102,56,75,32,43,49,21,28,26,11,15
29128,los ríos,14,valdivia,141,corral,14102,57,70,32,38,47,21,26,23,11,12
29129,los ríos,14,valdivia,141,corral,14102,58,84,40,44,56,26,30,28,14,14
29130,los ríos,14,valdivia,141,corral,14102,59,52,23,29,34,14,20,18,9,9
29131,los ríos,14,valdivia,141,corral,14102,60,77,43,34,41,22,19,36,21,15
29132,los ríos,14,valdivia,141,corral,14102,61,57,29,28,34,15,19,23,14,9
29133,los ríos,14,valdivia,141,corral,14102,62,66,29,37,36,19,17,30,10,20
29134,los ríos,14,valdivia,141,corral,14102,63,63,40,23,41,27,14,22,13,9
29135,los ríos,14,valdivia,141,corral,14102,64,48,26,22,27,16,11,21,10,11
29136,los ríos,14,valdivia,141,corral,14102,65,53,26,27,35,14,21,18,12,6
29137,los ríos,14,valdivia,141,corral,14102,66,51,35,16,36,23,13,15,12,3
29138,los ríos,14,valdivia,141,corral,14102,67,56,27,29,37,17,20,19,10,9
29139,los ríos,14,valdivia,141,corral,14102,68,45,26,19,31,16,15,14,10,4
29140,los ríos,14,valdivia,141,corral,14102,69,52,32,20,33,18,15,19,14,5
29141,los ríos,14,valdivia,141,corral,14102,70,51,27,24,32,16,16,19,11,8
29142,los ríos,14,valdivia,141,corral,14102,71,31,13,18,22,10,12,9,3,6
29143,los ríos,14,valdivia,141,corral,14102,72,44,17,27,31,13,18,13,4,9
29144,los ríos,14,valdivia,141,corral,14102,73,36,22,14,23,13,10,13,9,4
29145,los ríos,14,valdivia,141,corral,14102,74,40,21,19,24,9,15,16,12,4
29146,los ríos,14,valdivia,141,corral,14102,75,37,14,23,26,10,16,11,4,7
29147,los ríos,14,valdivia,141,corral,14102,76,38,19,19,27,14,13,11,5,6
29148,los ríos,14,valdivia,141,corral,14102,77,37,16,21,23,11,12,14,5,9
29149,los ríos,14,valdivia,141,corral,14102,78,26,14,12,21,11,10,5,3,2
29150,los ríos,14,valdivia,141,corral,14102,79,31,16,15,16,9,7,15,7,8
29151,los ríos,14,valdivia,141,corral,14102,80,20,8,12,11,5,6,9,3,6
29152,los ríos,14,valdivia,141,corral,14102,81,27,11,16,15,6,9,12,5,7
29153,los ríos,14,valdivia,141,corral,14102,82,20,8,12,10,5,5,10,3,7
29154,los ríos,14,valdivia,141,corral,14102,83,18,8,10,10,5,5,8,3,5
29155,los ríos,14,valdivia,141,corral,14102,84,16,8,8,8,4,4,8,4,4
29156,los ríos,14,valdivia,141,corral,14102,85,17,6,11,8,2,6,9,4,5
29157,los ríos,14,valdivia,141,corral,14102,86,14,7,7,6,3,3,8,4,4
29158,los ríos,14,valdivia,141,corral,14102,87,18,4,14,10,2,8,8,2,6
29159,los ríos,14,valdivia,141,corral,14102,88,16,6,10,14,6,8,2,0,2
29160,los ríos,14,valdivia,141,corral,14102,89,6,4,2,4,2,2,2,2,0
29161,los ríos,14,valdivia,141,corral,14102,90,7,4,3,4,3,1,3,1,2
29162,los ríos,14,valdivia,141,corral,14102,91,7,6,1,2,2,0,5,4,1
29163,los ríos,14,valdivia,141,corral,14102,92,5,1,4,3,1,2,2,0,2
29164,los ríos,14,valdivia,141,corral,14102,93,1,0,1,0,0,0,1,0,1
29165,los ríos,14,valdivia,141,corral,14102,94,3,2,1,3,2,1,0,0,0
29166,los ríos,14,valdivia,141,corral,14102,95,4,3,1,2,1,1,2,2,0
29167,los ríos,14,valdivia,141,corral,14102,96,1,1,0,0,0,0,1,1,0
29168,los ríos,14,valdivia,141,corral,14102,97,0,0,0,0,0,0,0,0,0
29169,los ríos,14,valdivia,141,corral,14102,98,0,0,0,0,0,0,0,0,0
29170,los ríos,14,valdivia,141,corral,14102,99,0,0,0,0,0,0,0,0,0
29171,los ríos,14,valdivia,141,corral,14102,100 o más,0,0,0,0,0,0,0,0,0
29172,los ríos,14,valdivia,141,lanco,14103,total comuna,16752,8224,8528,11607,5621,5986,5145,2603,2542
29173,los ríos,14,valdivia,141,lanco,14103,0,222,114,108,160,80,80,62,34,28
29174,los ríos,14,valdivia,141,lanco,14103,1,193,104,89,142,82,60,51,22,29
29175,los ríos,14,valdivia,141,lanco,14103,2,241,124,117,172,91,81,69,33,36
29176,los ríos,14,valdivia,141,lanco,14103,3,214,99,115,158,73,85,56,26,30
29177,los ríos,14,valdivia,141,lanco,14103,4,226,114,112,176,87,89,50,27,23
29178,los ríos,14,valdivia,141,lanco,14103,5,262,137,125,188,96,92,74,41,33
29179,los ríos,14,valdivia,141,lanco,14103,6,264,149,115,196,104,92,68,45,23
29180,los ríos,14,valdivia,141,lanco,14103,7,279,146,133,183,96,87,96,50,46
29181,los ríos,14,valdivia,141,lanco,14103,8,273,158,115,194,118,76,79,40,39
29182,los ríos,14,valdivia,141,lanco,14103,9,243,139,104,186,110,76,57,29,28
29183,los ríos,14,valdivia,141,lanco,14103,10,234,126,108,154,85,69,80,41,39
29184,los ríos,14,valdivia,141,lanco,14103,11,238,116,122,157,75,82,81,41,40
29185,los ríos,14,valdivia,141,lanco,14103,12,251,137,114,191,105,86,60,32,28
29186,los ríos,14,valdivia,141,lanco,14103,13,230,117,113,160,84,76,70,33,37
29187,los ríos,14,valdivia,141,lanco,14103,14,283,137,146,200,97,103,83,40,43
29188,los ríos,14,valdivia,141,lanco,14103,15,255,129,126,180,87,93,75,42,33
29189,los ríos,14,valdivia,141,lanco,14103,16,252,108,144,191,81,110,61,27,34
29190,los ríos,14,valdivia,141,lanco,14103,17,254,130,124,186,91,95,68,39,29
29191,los ríos,14,valdivia,141,lanco,14103,18,191,92,99,149,70,79,42,22,20
29192,los ríos,14,valdivia,141,lanco,14103,19,202,109,93,147,78,69,55,31,24
29193,los ríos,14,valdivia,141,lanco,14103,20,220,109,111,158,88,70,62,21,41
29194,los ríos,14,valdivia,141,lanco,14103,21,198,99,99,152,76,76,46,23,23
29195,los ríos,14,valdivia,141,lanco,14103,22,202,86,116,155,64,91,47,22,25
29196,los ríos,14,valdivia,141,lanco,14103,23,197,93,104,148,70,78,49,23,26
29197,los ríos,14,valdivia,141,lanco,14103,24,239,119,120,177,87,90,62,32,30
29198,los ríos,14,valdivia,141,lanco,14103,25,240,104,136,186,76,110,54,28,26
29199,los ríos,14,valdivia,141,lanco,14103,26,236,120,116,176,93,83,60,27,33
29200,los ríos,14,valdivia,141,lanco,14103,27,255,123,132,204,101,103,51,22,29
29201,los ríos,14,valdivia,141,lanco,14103,28,257,113,144,197,80,117,60,33,27
29202,los ríos,14,valdivia,141,lanco,14103,29,204,97,107,148,72,76,56,25,31
29203,los ríos,14,valdivia,141,lanco,14103,30,233,112,121,175,82,93,58,30,28
29204,los ríos,14,valdivia,141,lanco,14103,31,199,91,108,150,76,74,49,15,34
29205,los ríos,14,valdivia,141,lanco,14103,32,204,103,101,147,78,69,57,25,32
29206,los ríos,14,valdivia,141,lanco,14103,33,232,100,132,174,81,93,58,19,39
29207,los ríos,14,valdivia,141,lanco,14103,34,215,94,121,154,69,85,61,25,36
29208,los ríos,14,valdivia,141,lanco,14103,35,230,105,125,163,72,91,67,33,34
29209,los ríos,14,valdivia,141,lanco,14103,36,218,105,113,160,78,82,58,27,31
29210,los ríos,14,valdivia,141,lanco,14103,37,203,90,113,137,55,82,66,35,31
29211,los ríos,14,valdivia,141,lanco,14103,38,174,75,99,126,55,71,48,20,28
29212,los ríos,14,valdivia,141,lanco,14103,39,202,114,88,135,73,62,67,41,26
29213,los ríos,14,valdivia,141,lanco,14103,40,202,100,102,128,64,64,74,36,38
29214,los ríos,14,valdivia,141,lanco,14103,41,215,100,115,152,74,78,63,26,37
29215,los ríos,14,valdivia,141,lanco,14103,42,202,103,99,134,70,64,68,33,35
29216,los ríos,14,valdivia,141,lanco,14103,43,203,96,107,132,61,71,71,35,36
29217,los ríos,14,valdivia,141,lanco,14103,44,211,105,106,136,68,68,75,37,38
29218,los ríos,14,valdivia,141,lanco,14103,45,208,94,114,139,60,79,69,34,35
29219,los ríos,14,valdivia,141,lanco,14103,46,232,115,117,157,75,82,75,40,35
29220,los ríos,14,valdivia,141,lanco,14103,47,267,145,122,162,83,79,105,62,43
29221,los ríos,14,valdivia,141,lanco,14103,48,221,105,116,145,66,79,76,39,37
29222,los ríos,14,valdivia,141,lanco,14103,49,264,137,127,173,93,80,91,44,47
29223,los ríos,14,valdivia,141,lanco,14103,50,266,132,134,183,90,93,83,42,41
29224,los ríos,14,valdivia,141,lanco,14103,51,236,112,124,164,76,88,72,36,36
29225,los ríos,14,valdivia,141,lanco,14103,52,229,120,109,144,68,76,85,52,33
29226,los ríos,14,valdivia,141,lanco,14103,53,226,113,113,143,67,76,83,46,37
29227,los ríos,14,valdivia,141,lanco,14103,54,261,142,119,189,97,92,72,45,27
29228,los ríos,14,valdivia,141,lanco,14103,55,246,116,130,164,76,88,82,40,42
29229,los ríos,14,valdivia,141,lanco,14103,56,217,107,110,141,65,76,76,42,34
29230,los ríos,14,valdivia,141,lanco,14103,57,193,94,99,126,59,67,67,35,32
29231,los ríos,14,valdivia,141,lanco,14103,58,196,94,102,138,65,73,58,29,29
29232,los ríos,14,valdivia,141,lanco,14103,59,172,104,68,106,60,46,66,44,22
29233,los ríos,14,valdivia,141,lanco,14103,60,224,113,111,148,73,75,76,40,36
29234,los ríos,14,valdivia,141,lanco,14103,61,186,86,100,119,57,62,67,29,38
29235,los ríos,14,valdivia,141,lanco,14103,62,162,74,88,100,43,57,62,31,31
29236,los ríos,14,valdivia,141,lanco,14103,63,168,85,83,109,54,55,59,31,28
29237,los ríos,14,valdivia,141,lanco,14103,64,158,69,89,101,39,62,57,30,27
29238,los ríos,14,valdivia,141,lanco,14103,65,142,66,76,94,43,51,48,23,25
29239,los ríos,14,valdivia,141,lanco,14103,66,135,66,69,83,42,41,52,24,28
29240,los ríos,14,valdivia,141,lanco,14103,67,140,73,67,84,39,45,56,34,22
29241,los ríos,14,valdivia,141,lanco,14103,68,132,71,61,80,39,41,52,32,20
29242,los ríos,14,valdivia,141,lanco,14103,69,142,71,71,80,34,46,62,37,25
29243,los ríos,14,valdivia,141,lanco,14103,70,115,55,60,70,29,41,45,26,19
29244,los ríos,14,valdivia,141,lanco,14103,71,112,56,56,71,38,33,41,18,23
29245,los ríos,14,valdivia,141,lanco,14103,72,104,46,58,59,27,32,45,19,26
29246,los ríos,14,valdivia,141,lanco,14103,73,94,48,46,55,29,26,39,19,20
29247,los ríos,14,valdivia,141,lanco,14103,74,117,53,64,74,28,46,43,25,18
29248,los ríos,14,valdivia,141,lanco,14103,75,77,37,40,49,24,25,28,13,15
29249,los ríos,14,valdivia,141,lanco,14103,76,104,44,60,60,22,38,44,22,22
29250,los ríos,14,valdivia,141,lanco,14103,77,86,36,50,61,26,35,25,10,15
29251,los ríos,14,valdivia,141,lanco,14103,78,92,39,53,59,19,40,33,20,13
29252,los ríos,14,valdivia,141,lanco,14103,79,75,28,47,41,16,25,34,12,22
29253,los ríos,14,valdivia,141,lanco,14103,80,79,31,48,54,19,35,25,12,13
29254,los ríos,14,valdivia,141,lanco,14103,81,60,25,35,37,16,21,23,9,14
29255,los ríos,14,valdivia,141,lanco,14103,82,61,29,32,42,19,23,19,10,9
29256,los ríos,14,valdivia,141,lanco,14103,83,56,22,34,31,10,21,25,12,13
29257,los ríos,14,valdivia,141,lanco,14103,84,47,26,21,35,19,16,12,7,5
29258,los ríos,14,valdivia,141,lanco,14103,85,38,15,23,26,9,17,12,6,6
29259,los ríos,14,valdivia,141,lanco,14103,86,41,21,20,23,11,12,18,10,8
29260,los ríos,14,valdivia,141,lanco,14103,87,40,17,23,25,10,15,15,7,8
29261,los ríos,14,valdivia,141,lanco,14103,88,36,16,20,26,10,16,10,6,4
29262,los ríos,14,valdivia,141,lanco,14103,89,25,8,17,17,5,12,8,3,5
29263,los ríos,14,valdivia,141,lanco,14103,90,15,3,12,10,3,7,5,0,5
29264,los ríos,14,valdivia,141,lanco,14103,91,7,3,4,6,3,3,1,0,1
29265,los ríos,14,valdivia,141,lanco,14103,92,13,6,7,7,3,4,6,3,3
29266,los ríos,14,valdivia,141,lanco,14103,93,8,3,5,4,2,2,4,1,3
29267,los ríos,14,valdivia,141,lanco,14103,94,10,4,6,7,3,4,3,1,2
29268,los ríos,14,valdivia,141,lanco,14103,95,6,3,3,3,2,1,3,1,2
29269,los ríos,14,valdivia,141,lanco,14103,96,3,1,2,3,1,2,0,0,0
29270,los ríos,14,valdivia,141,lanco,14103,97,2,1,1,2,1,1,0,0,0
29271,los ríos,14,valdivia,141,lanco,14103,98,3,1,2,2,0,2,1,1,0
29272,los ríos,14,valdivia,141,lanco,14103,99,2,1,1,0,0,0,2,1,1
29273,los ríos,14,valdivia,141,lanco,14103,100 o más,3,1,2,2,1,1,1,0,1
29274,los ríos,14,valdivia,141,los lagos,14104,total comuna,19634,9757,9877,9798,4714,5084,9836,5043,4793
29275,los ríos,14,valdivia,141,los lagos,14104,0,203,101,102,102,47,55,101,54,47
29276,los ríos,14,valdivia,141,los lagos,14104,1,226,106,120,120,56,64,106,50,56
29277,los ríos,14,valdivia,141,los lagos,14104,2,244,116,128,116,60,56,128,56,72
29278,los ríos,14,valdivia,141,los lagos,14104,3,263,134,129,143,72,71,120,62,58
29279,los ríos,14,valdivia,141,los lagos,14104,4,308,153,155,150,73,77,158,80,78
29280,los ríos,14,valdivia,141,los lagos,14104,5,324,167,157,171,80,91,153,87,66
29281,los ríos,14,valdivia,141,los lagos,14104,6,315,148,167,176,87,89,139,61,78
29282,los ríos,14,valdivia,141,los lagos,14104,7,290,137,153,142,70,72,148,67,81
29283,los ríos,14,valdivia,141,los lagos,14104,8,277,146,131,142,71,71,135,75,60
29284,los ríos,14,valdivia,141,los lagos,14104,9,286,147,139,152,75,77,134,72,62
29285,los ríos,14,valdivia,141,los lagos,14104,10,298,152,146,146,63,83,152,89,63
29286,los ríos,14,valdivia,141,los lagos,14104,11,294,149,145,151,77,74,143,72,71
29287,los ríos,14,valdivia,141,los lagos,14104,12,292,151,141,151,74,77,141,77,64
29288,los ríos,14,valdivia,141,los lagos,14104,13,257,130,127,135,67,68,122,63,59
29289,los ríos,14,valdivia,141,los lagos,14104,14,260,135,125,155,74,81,105,61,44
29290,los ríos,14,valdivia,141,los lagos,14104,15,253,129,124,131,64,67,122,65,57
29291,los ríos,14,valdivia,141,los lagos,14104,16,322,181,141,192,114,78,130,67,63
29292,los ríos,14,valdivia,141,los lagos,14104,17,284,156,128,158,84,74,126,72,54
29293,los ríos,14,valdivia,141,los lagos,14104,18,259,126,133,154,68,86,105,58,47
29294,los ríos,14,valdivia,141,los lagos,14104,19,245,119,126,139,70,69,106,49,57
29295,los ríos,14,valdivia,141,los lagos,14104,20,235,127,108,138,75,63,97,52,45
29296,los ríos,14,valdivia,141,los lagos,14104,21,258,119,139,142,69,73,116,50,66
29297,los ríos,14,valdivia,141,los lagos,14104,22,260,122,138,151,74,77,109,48,61
29298,los ríos,14,valdivia,141,los lagos,14104,23,275,141,134,166,91,75,109,50,59
29299,los ríos,14,valdivia,141,los lagos,14104,24,266,114,152,151,69,82,115,45,70
29300,los ríos,14,valdivia,141,los lagos,14104,25,294,149,145,177,84,93,117,65,52
29301,los ríos,14,valdivia,141,los lagos,14104,26,299,159,140,165,84,81,134,75,59
29302,los ríos,14,valdivia,141,los lagos,14104,27,301,152,149,158,84,74,143,68,75
29303,los ríos,14,valdivia,141,los lagos,14104,28,263,127,136,139,59,80,124,68,56
29304,los ríos,14,valdivia,141,los lagos,14104,29,283,134,149,146,72,74,137,62,75
29305,los ríos,14,valdivia,141,los lagos,14104,30,263,122,141,139,61,78,124,61,63
29306,los ríos,14,valdivia,141,los lagos,14104,31,275,125,150,145,61,84,130,64,66
29307,los ríos,14,valdivia,141,los lagos,14104,32,261,114,147,146,66,80,115,48,67
29308,los ríos,14,valdivia,141,los lagos,14104,33,239,115,124,123,62,61,116,53,63
29309,los ríos,14,valdivia,141,los lagos,14104,34,255,127,128,126,60,66,129,67,62
29310,los ríos,14,valdivia,141,los lagos,14104,35,236,121,115,102,47,55,134,74,60
29311,los ríos,14,valdivia,141,los lagos,14104,36,219,107,112,111,52,59,108,55,53
29312,los ríos,14,valdivia,141,los lagos,14104,37,253,104,149,135,49,86,118,55,63
29313,los ríos,14,valdivia,141,los lagos,14104,38,251,129,122,134,58,76,117,71,46
29314,los ríos,14,valdivia,141,los lagos,14104,39,222,111,111,113,57,56,109,54,55
29315,los ríos,14,valdivia,141,los lagos,14104,40,225,110,115,107,52,55,118,58,60
29316,los ríos,14,valdivia,141,los lagos,14104,41,258,132,126,132,66,66,126,66,60
29317,los ríos,14,valdivia,141,los lagos,14104,42,252,138,114,119,63,56,133,75,58
29318,los ríos,14,valdivia,141,los lagos,14104,43,281,148,133,132,70,62,149,78,71
29319,los ríos,14,valdivia,141,los lagos,14104,44,272,136,136,123,62,61,149,74,75
29320,los ríos,14,valdivia,141,los lagos,14104,45,262,137,125,112,61,51,150,76,74
29321,los ríos,14,valdivia,141,los lagos,14104,46,269,143,126,126,68,58,143,75,68
29322,los ríos,14,valdivia,141,los lagos,14104,47,246,131,115,124,56,68,122,75,47
29323,los ríos,14,valdivia,141,los lagos,14104,48,283,134,149,125,54,71,158,80,78
29324,los ríos,14,valdivia,141,los lagos,14104,49,287,157,130,147,78,69,140,79,61
29325,los ríos,14,valdivia,141,los lagos,14104,50,261,131,130,111,51,60,150,80,70
29326,los ríos,14,valdivia,141,los lagos,14104,51,271,133,138,132,67,65,139,66,73
29327,los ríos,14,valdivia,141,los lagos,14104,52,294,136,158,143,64,79,151,72,79
29328,los ríos,14,valdivia,141,los lagos,14104,53,298,155,143,150,83,67,148,72,76
29329,los ríos,14,valdivia,141,los lagos,14104,54,307,148,159,128,53,75,179,95,84
29330,los ríos,14,valdivia,141,los lagos,14104,55,276,132,144,112,58,54,164,74,90
29331,los ríos,14,valdivia,141,los lagos,14104,56,286,144,142,134,65,69,152,79,73
29332,los ríos,14,valdivia,141,los lagos,14104,57,246,129,117,107,57,50,139,72,67
29333,los ríos,14,valdivia,141,los lagos,14104,58,222,104,118,104,44,60,118,60,58
29334,los ríos,14,valdivia,141,los lagos,14104,59,237,121,116,114,62,52,123,59,64
29335,los ríos,14,valdivia,141,los lagos,14104,60,244,128,116,90,44,46,154,84,70
29336,los ríos,14,valdivia,141,los lagos,14104,61,199,107,92,80,40,40,119,67,52
29337,los ríos,14,valdivia,141,los lagos,14104,62,198,112,86,87,46,41,111,66,45
29338,los ríos,14,valdivia,141,los lagos,14104,63,213,108,105,84,42,42,129,66,63
29339,los ríos,14,valdivia,141,los lagos,14104,64,214,98,116,93,38,55,121,60,61
29340,los ríos,14,valdivia,141,los lagos,14104,65,168,87,81,73,27,46,95,60,35
29341,los ríos,14,valdivia,141,los lagos,14104,66,149,78,71,68,31,37,81,47,34
29342,los ríos,14,valdivia,141,los lagos,14104,67,151,73,78,58,24,34,93,49,44
29343,los ríos,14,valdivia,141,los lagos,14104,68,157,83,74,62,30,32,95,53,42
29344,los ríos,14,valdivia,141,los lagos,14104,69,166,92,74,66,33,33,100,59,41
29345,los ríos,14,valdivia,141,los lagos,14104,70,156,74,82,71,34,37,85,40,45
29346,los ríos,14,valdivia,141,los lagos,14104,71,131,68,63,63,33,30,68,35,33
29347,los ríos,14,valdivia,141,los lagos,14104,72,153,66,87,70,28,42,83,38,45
29348,los ríos,14,valdivia,141,los lagos,14104,73,110,61,49,58,29,29,52,32,20
29349,los ríos,14,valdivia,141,los lagos,14104,74,132,61,71,60,25,35,72,36,36
29350,los ríos,14,valdivia,141,los lagos,14104,75,116,52,64,45,16,29,71,36,35
29351,los ríos,14,valdivia,141,los lagos,14104,76,106,48,58,45,17,28,61,31,30
29352,los ríos,14,valdivia,141,los lagos,14104,77,107,50,57,47,16,31,60,34,26
29353,los ríos,14,valdivia,141,los lagos,14104,78,90,44,46,47,25,22,43,19,24
29354,los ríos,14,valdivia,141,los lagos,14104,79,85,39,46,40,18,22,45,21,24
29355,los ríos,14,valdivia,141,los lagos,14104,80,65,33,32,30,15,15,35,18,17
29356,los ríos,14,valdivia,141,los lagos,14104,81,73,29,44,40,14,26,33,15,18
29357,los ríos,14,valdivia,141,los lagos,14104,82,60,23,37,29,11,18,31,12,19
29358,los ríos,14,valdivia,141,los lagos,14104,83,49,23,26,29,13,16,20,10,10
29359,los ríos,14,valdivia,141,los lagos,14104,84,49,24,25,26,14,12,23,10,13
29360,los ríos,14,valdivia,141,los lagos,14104,85,38,15,23,20,8,12,18,7,11
29361,los ríos,14,valdivia,141,los lagos,14104,86,47,20,27,24,10,14,23,10,13
29362,los ríos,14,valdivia,141,los lagos,14104,87,33,10,23,15,3,12,18,7,11
29363,los ríos,14,valdivia,141,los lagos,14104,88,21,11,10,5,3,2,16,8,8
29364,los ríos,14,valdivia,141,los lagos,14104,89,20,8,12,11,3,8,9,5,4
29365,los ríos,14,valdivia,141,los lagos,14104,90,19,6,13,7,2,5,12,4,8
29366,los ríos,14,valdivia,141,los lagos,14104,91,25,8,17,12,2,10,13,6,7
29367,los ríos,14,valdivia,141,los lagos,14104,92,13,6,7,8,2,6,5,4,1
29368,los ríos,14,valdivia,141,los lagos,14104,93,7,3,4,3,1,2,4,2,2
29369,los ríos,14,valdivia,141,los lagos,14104,94,6,2,4,3,0,3,3,2,1
29370,los ríos,14,valdivia,141,los lagos,14104,95,8,3,5,4,1,3,4,2,2
29371,los ríos,14,valdivia,141,los lagos,14104,96,5,1,4,4,1,3,1,0,1
29372,los ríos,14,valdivia,141,los lagos,14104,97,2,0,2,1,0,1,1,0,1
29373,los ríos,14,valdivia,141,los lagos,14104,98,5,1,4,2,0,2,3,1,2
29374,los ríos,14,valdivia,141,los lagos,14104,99,0,0,0,0,0,0,0,0,0
29375,los ríos,14,valdivia,141,los lagos,14104,100 o más,3,1,2,3,1,2,0,0,0
29376,los ríos,14,valdivia,141,máfil,14105,total comuna,7095,3492,3603,4243,2000,2243,2852,1492,1360
29377,los ríos,14,valdivia,141,máfil,14105,0,81,43,38,44,21,23,37,22,15
29378,los ríos,14,valdivia,141,máfil,14105,1,84,49,35,43,25,18,41,24,17
29379,los ríos,14,valdivia,141,máfil,14105,2,94,45,49,56,24,32,38,21,17
29380,los ríos,14,valdivia,141,máfil,14105,3,93,42,51,53,22,31,40,20,20
29381,los ríos,14,valdivia,141,máfil,14105,4,103,55,48,68,38,30,35,17,18
29382,los ríos,14,valdivia,141,máfil,14105,5,94,43,51,64,31,33,30,12,18
29383,los ríos,14,valdivia,141,máfil,14105,6,97,49,48,59,31,28,38,18,20
29384,los ríos,14,valdivia,141,máfil,14105,7,123,61,62,82,40,42,41,21,20
29385,los ríos,14,valdivia,141,máfil,14105,8,111,55,56,78,38,40,33,17,16
29386,los ríos,14,valdivia,141,máfil,14105,9,114,50,64,66,33,33,48,17,31
29387,los ríos,14,valdivia,141,máfil,14105,10,98,43,55,70,30,40,28,13,15
29388,los ríos,14,valdivia,141,máfil,14105,11,102,55,47,67,35,32,35,20,15
29389,los ríos,14,valdivia,141,máfil,14105,12,118,58,60,74,31,43,44,27,17
29390,los ríos,14,valdivia,141,máfil,14105,13,101,41,60,59,15,44,42,26,16
29391,los ríos,14,valdivia,141,máfil,14105,14,118,59,59,80,41,39,38,18,20
29392,los ríos,14,valdivia,141,máfil,14105,15,94,37,57,57,21,36,37,16,21
29393,los ríos,14,valdivia,141,máfil,14105,16,92,47,45,54,28,26,38,19,19
29394,los ríos,14,valdivia,141,máfil,14105,17,94,44,50,63,29,34,31,15,16
29395,los ríos,14,valdivia,141,máfil,14105,18,72,34,38,54,29,25,18,5,13
29396,los ríos,14,valdivia,141,máfil,14105,19,93,52,41,60,35,25,33,17,16
29397,los ríos,14,valdivia,141,máfil,14105,20,84,41,43,59,26,33,25,15,10
29398,los ríos,14,valdivia,141,máfil,14105,21,87,46,41,50,22,28,37,24,13
29399,los ríos,14,valdivia,141,máfil,14105,22,96,40,56,63,25,38,33,15,18
29400,los ríos,14,valdivia,141,máfil,14105,23,106,57,49,79,44,35,27,13,14
29401,los ríos,14,valdivia,141,máfil,14105,24,108,56,52,64,33,31,44,23,21
29402,los ríos,14,valdivia,141,máfil,14105,25,112,59,53,75,38,37,37,21,16
29403,los ríos,14,valdivia,141,máfil,14105,26,134,62,72,83,42,41,51,20,31
29404,los ríos,14,valdivia,141,máfil,14105,27,106,61,45,63,37,26,43,24,19
29405,los ríos,14,valdivia,141,máfil,14105,28,109,57,52,70,35,35,39,22,17
29406,los ríos,14,valdivia,141,máfil,14105,29,89,41,48,61,28,33,28,13,15
29407,los ríos,14,valdivia,141,máfil,14105,30,96,44,52,55,23,32,41,21,20
29408,los ríos,14,valdivia,141,máfil,14105,31,89,37,52,58,24,34,31,13,18
29409,los ríos,14,valdivia,141,máfil,14105,32,100,49,51,66,34,32,34,15,19
29410,los ríos,14,valdivia,141,máfil,14105,33,97,54,43,63,35,28,34,19,15
29411,los ríos,14,valdivia,141,máfil,14105,34,83,39,44,51,21,30,32,18,14
29412,los ríos,14,valdivia,141,máfil,14105,35,87,51,36,56,31,25,31,20,11
29413,los ríos,14,valdivia,141,máfil,14105,36,79,36,43,53,25,28,26,11,15
29414,los ríos,14,valdivia,141,máfil,14105,37,90,42,48,54,21,33,36,21,15
29415,los ríos,14,valdivia,141,máfil,14105,38,84,48,36,50,31,19,34,17,17
29416,los ríos,14,valdivia,141,máfil,14105,39,85,44,41,55,29,26,30,15,15
29417,los ríos,14,valdivia,141,máfil,14105,40,55,26,29,28,12,16,27,14,13
29418,los ríos,14,valdivia,141,máfil,14105,41,71,30,41,46,20,26,25,10,15
29419,los ríos,14,valdivia,141,máfil,14105,42,73,38,35,45,23,22,28,15,13
29420,los ríos,14,valdivia,141,máfil,14105,43,93,50,43,51,26,25,42,24,18
29421,los ríos,14,valdivia,141,máfil,14105,44,99,41,58,58,19,39,41,22,19
29422,los ríos,14,valdivia,141,máfil,14105,45,77,39,38,40,19,21,37,20,17
29423,los ríos,14,valdivia,141,máfil,14105,46,76,45,31,36,20,16,40,25,15
29424,los ríos,14,valdivia,141,máfil,14105,47,90,44,46,51,21,30,39,23,16
29425,los ríos,14,valdivia,141,máfil,14105,48,111,48,63,59,25,34,52,23,29
29426,los ríos,14,valdivia,141,máfil,14105,49,107,50,57,65,29,36,42,21,21
29427,los ríos,14,valdivia,141,máfil,14105,50,102,51,51,64,29,35,38,22,16
29428,los ríos,14,valdivia,141,máfil,14105,51,108,57,51,61,30,31,47,27,20
29429,los ríos,14,valdivia,141,máfil,14105,52,114,56,58,63,32,31,51,24,27
29430,los ríos,14,valdivia,141,máfil,14105,53,111,54,57,67,29,38,44,25,19
29431,los ríos,14,valdivia,141,máfil,14105,54,111,63,48,56,39,17,55,24,31
29432,los ríos,14,valdivia,141,máfil,14105,55,86,46,40,37,15,22,49,31,18
29433,los ríos,14,valdivia,141,máfil,14105,56,103,49,54,57,21,36,46,28,18
29434,los ríos,14,valdivia,141,máfil,14105,57,71,37,34,38,16,22,33,21,12
29435,los ríos,14,valdivia,141,máfil,14105,58,89,45,44,53,27,26,36,18,18
29436,los ríos,14,valdivia,141,máfil,14105,59,76,41,35,36,19,17,40,22,18
29437,los ríos,14,valdivia,141,máfil,14105,60,85,40,45,50,21,29,35,19,16
29438,los ríos,14,valdivia,141,máfil,14105,61,81,50,31,43,27,16,38,23,15
29439,los ríos,14,valdivia,141,máfil,14105,62,75,41,34,44,21,23,31,20,11
29440,los ríos,14,valdivia,141,máfil,14105,63,65,29,36,33,14,19,32,15,17
29441,los ríos,14,valdivia,141,máfil,14105,64,74,32,42,36,14,22,38,18,20
29442,los ríos,14,valdivia,141,máfil,14105,65,74,32,42,44,17,27,30,15,15
29443,los ríos,14,valdivia,141,máfil,14105,66,58,29,29,30,12,18,28,17,11
29444,los ríos,14,valdivia,141,máfil,14105,67,61,38,23,27,18,9,34,20,14
29445,los ríos,14,valdivia,141,máfil,14105,68,48,27,21,23,13,10,25,14,11
29446,los ríos,14,valdivia,141,máfil,14105,69,59,27,32,34,15,19,25,12,13
29447,los ríos,14,valdivia,141,máfil,14105,70,57,26,31,31,10,21,26,16,10
29448,los ríos,14,valdivia,141,máfil,14105,71,54,24,30,34,12,22,20,12,8
29449,los ríos,14,valdivia,141,máfil,14105,72,52,26,26,27,12,15,25,14,11
29450,los ríos,14,valdivia,141,máfil,14105,73,51,17,34,28,10,18,23,7,16
29451,los ríos,14,valdivia,141,máfil,14105,74,53,27,26,32,18,14,21,9,12
29452,los ríos,14,valdivia,141,máfil,14105,75,49,25,24,30,14,16,19,11,8
29453,los ríos,14,valdivia,141,máfil,14105,76,31,13,18,20,7,13,11,6,5
29454,los ríos,14,valdivia,141,máfil,14105,77,49,19,30,34,11,23,15,8,7
29455,los ríos,14,valdivia,141,máfil,14105,78,39,19,20,20,8,12,19,11,8
29456,los ríos,14,valdivia,141,máfil,14105,79,20,11,9,13,7,6,7,4,3
29457,los ríos,14,valdivia,141,máfil,14105,80,34,17,17,15,8,7,19,9,10
29458,los ríos,14,valdivia,141,máfil,14105,81,30,16,14,17,7,10,13,9,4
29459,los ríos,14,valdivia,141,máfil,14105,82,20,8,12,8,2,6,12,6,6
29460,los ríos,14,valdivia,141,máfil,14105,83,18,8,10,6,1,5,12,7,5
29461,los ríos,14,valdivia,141,máfil,14105,84,19,4,15,6,1,5,13,3,10
29462,los ríos,14,valdivia,141,máfil,14105,85,11,7,4,7,4,3,4,3,1
29463,los ríos,14,valdivia,141,máfil,14105,86,15,8,7,8,5,3,7,3,4
29464,los ríos,14,valdivia,141,máfil,14105,87,14,7,7,9,6,3,5,1,4
29465,los ríos,14,valdivia,141,máfil,14105,88,13,2,11,7,0,7,6,2,4
29466,los ríos,14,valdivia,141,máfil,14105,89,10,5,5,4,1,3,6,4,2
29467,los ríos,14,valdivia,141,máfil,14105,90,14,4,10,9,2,7,5,2,3
29468,los ríos,14,valdivia,141,máfil,14105,91,9,5,4,6,3,3,3,2,1
29469,los ríos,14,valdivia,141,máfil,14105,92,5,0,5,1,0,1,4,0,4
29470,los ríos,14,valdivia,141,máfil,14105,93,1,1,0,0,0,0,1,1,0
29471,los ríos,14,valdivia,141,máfil,14105,94,4,1,3,1,0,1,3,1,2
29472,los ríos,14,valdivia,141,máfil,14105,95,4,3,1,2,2,0,2,1,1
29473,los ríos,14,valdivia,141,máfil,14105,96,2,0,2,1,0,1,1,0,1
29474,los ríos,14,valdivia,141,máfil,14105,97,2,2,0,1,1,0,1,1,0
29475,los ríos,14,valdivia,141,máfil,14105,98,1,0,1,0,0,0,1,0,1
29476,los ríos,14,valdivia,141,máfil,14105,99,1,0,1,1,0,1,0,0,0
29477,los ríos,14,valdivia,141,máfil,14105,100 o más,13,6,7,11,4,7,2,2,0
29478,los ríos,14,valdivia,141,mariquina,14106,total comuna,21278,10607,10671,9959,4781,5178,11319,5826,5493
29479,los ríos,14,valdivia,141,mariquina,14106,0,243,133,110,122,72,50,121,61,60
29480,los ríos,14,valdivia,141,mariquina,14106,1,306,159,147,151,77,74,155,82,73
29481,los ríos,14,valdivia,141,mariquina,14106,2,314,159,155,164,76,88,150,83,67
29482,los ríos,14,valdivia,141,mariquina,14106,3,320,169,151,157,87,70,163,82,81
29483,los ríos,14,valdivia,141,mariquina,14106,4,335,170,165,152,72,80,183,98,85
29484,los ríos,14,valdivia,141,mariquina,14106,5,355,182,173,188,95,93,167,87,80
29485,los ríos,14,valdivia,141,mariquina,14106,6,367,167,200,187,85,102,180,82,98
29486,los ríos,14,valdivia,141,mariquina,14106,7,365,184,181,172,78,94,193,106,87
29487,los ríos,14,valdivia,141,mariquina,14106,8,349,170,179,167,77,90,182,93,89
29488,los ríos,14,valdivia,141,mariquina,14106,9,378,205,173,197,102,95,181,103,78
29489,los ríos,14,valdivia,141,mariquina,14106,10,358,175,183,181,80,101,177,95,82
29490,los ríos,14,valdivia,141,mariquina,14106,11,338,181,157,172,95,77,166,86,80
29491,los ríos,14,valdivia,141,mariquina,14106,12,322,154,168,167,73,94,155,81,74
29492,los ríos,14,valdivia,141,mariquina,14106,13,331,173,158,158,83,75,173,90,83
29493,los ríos,14,valdivia,141,mariquina,14106,14,324,171,153,155,78,77,169,93,76
29494,los ríos,14,valdivia,141,mariquina,14106,15,311,169,142,150,72,78,161,97,64
29495,los ríos,14,valdivia,141,mariquina,14106,16,279,148,131,144,79,65,135,69,66
29496,los ríos,14,valdivia,141,mariquina,14106,17,334,159,175,177,78,99,157,81,76
29497,los ríos,14,valdivia,141,mariquina,14106,18,290,144,146,151,71,80,139,73,66
29498,los ríos,14,valdivia,141,mariquina,14106,19,271,146,125,144,79,65,127,67,60
29499,los ríos,14,valdivia,141,mariquina,14106,20,307,160,147,148,81,67,159,79,80
29500,los ríos,14,valdivia,141,mariquina,14106,21,308,161,147,172,88,84,136,73,63
29501,los ríos,14,valdivia,141,mariquina,14106,22,308,162,146,165,82,83,143,80,63
29502,los ríos,14,valdivia,141,mariquina,14106,23,288,134,154,145,67,78,143,67,76
29503,los ríos,14,valdivia,141,mariquina,14106,24,310,141,169,164,77,87,146,64,82
29504,los ríos,14,valdivia,141,mariquina,14106,25,319,145,174,179,84,95,140,61,79
29505,los ríos,14,valdivia,141,mariquina,14106,26,339,142,197,188,71,117,151,71,80
29506,los ríos,14,valdivia,141,mariquina,14106,27,339,155,184,186,77,109,153,78,75
29507,los ríos,14,valdivia,141,mariquina,14106,28,299,148,151,155,80,75,144,68,76
29508,los ríos,14,valdivia,141,mariquina,14106,29,270,142,128,129,70,59,141,72,69
29509,los ríos,14,valdivia,141,mariquina,14106,30,261,125,136,122,61,61,139,64,75
29510,los ríos,14,valdivia,141,mariquina,14106,31,271,129,142,141,67,74,130,62,68
29511,los ríos,14,valdivia,141,mariquina,14106,32,270,143,127,138,75,63,132,68,64
29512,los ríos,14,valdivia,141,mariquina,14106,33,273,126,147,149,64,85,124,62,62
29513,los ríos,14,valdivia,141,mariquina,14106,34,289,150,139,150,83,67,139,67,72
29514,los ríos,14,valdivia,141,mariquina,14106,35,297,139,158,148,62,86,149,77,72
29515,los ríos,14,valdivia,141,mariquina,14106,36,273,137,136,135,65,70,138,72,66
29516,los ríos,14,valdivia,141,mariquina,14106,37,260,119,141,124,58,66,136,61,75
29517,los ríos,14,valdivia,141,mariquina,14106,38,235,106,129,112,45,67,123,61,62
29518,los ríos,14,valdivia,141,mariquina,14106,39,279,141,138,149,75,74,130,66,64
29519,los ríos,14,valdivia,141,mariquina,14106,40,268,124,144,111,52,59,157,72,85
29520,los ríos,14,valdivia,141,mariquina,14106,41,254,134,120,113,55,58,141,79,62
29521,los ríos,14,valdivia,141,mariquina,14106,42,277,140,137,122,60,62,155,80,75
29522,los ríos,14,valdivia,141,mariquina,14106,43,264,135,129,120,60,60,144,75,69
29523,los ríos,14,valdivia,141,mariquina,14106,44,300,152,148,135,68,67,165,84,81
29524,los ríos,14,valdivia,141,mariquina,14106,45,302,152,150,143,73,70,159,79,80
29525,los ríos,14,valdivia,141,mariquina,14106,46,269,134,135,126,57,69,143,77,66
29526,los ríos,14,valdivia,141,mariquina,14106,47,269,124,145,123,58,65,146,66,80
29527,los ríos,14,valdivia,141,mariquina,14106,48,307,138,169,132,56,76,175,82,93
29528,los ríos,14,valdivia,141,mariquina,14106,49,299,150,149,129,65,64,170,85,85
29529,los ríos,14,valdivia,141,mariquina,14106,50,320,177,143,137,70,67,183,107,76
29530,los ríos,14,valdivia,141,mariquina,14106,51,285,150,135,131,67,64,154,83,71
29531,los ríos,14,valdivia,141,mariquina,14106,52,277,144,133,109,55,54,168,89,79
29532,los ríos,14,valdivia,141,mariquina,14106,53,258,129,129,106,50,56,152,79,73
29533,los ríos,14,valdivia,141,mariquina,14106,54,280,152,128,106,53,53,174,99,75
29534,los ríos,14,valdivia,141,mariquina,14106,55,275,129,146,109,55,54,166,74,92
29535,los ríos,14,valdivia,141,mariquina,14106,56,258,139,119,113,57,56,145,82,63
29536,los ríos,14,valdivia,141,mariquina,14106,57,230,108,122,99,40,59,131,68,63
29537,los ríos,14,valdivia,141,mariquina,14106,58,230,117,113,95,44,51,135,73,62
29538,los ríos,14,valdivia,141,mariquina,14106,59,231,114,117,90,41,49,141,73,68
29539,los ríos,14,valdivia,141,mariquina,14106,60,220,116,104,87,40,47,133,76,57
29540,los ríos,14,valdivia,141,mariquina,14106,61,171,91,80,68,30,38,103,61,42
29541,los ríos,14,valdivia,141,mariquina,14106,62,199,93,106,81,30,51,118,63,55
29542,los ríos,14,valdivia,141,mariquina,14106,63,210,111,99,84,48,36,126,63,63
29543,los ríos,14,valdivia,141,mariquina,14106,64,161,83,78,58,22,36,103,61,42
29544,los ríos,14,valdivia,141,mariquina,14106,65,170,92,78,60,25,35,110,67,43
29545,los ríos,14,valdivia,141,mariquina,14106,66,160,85,75,59,28,31,101,57,44
29546,los ríos,14,valdivia,141,mariquina,14106,67,146,69,77,45,22,23,101,47,54
29547,los ríos,14,valdivia,141,mariquina,14106,68,164,86,78,55,26,29,109,60,49
29548,los ríos,14,valdivia,141,mariquina,14106,69,149,73,76,65,27,38,84,46,38
29549,los ríos,14,valdivia,141,mariquina,14106,70,160,79,81,64,24,40,96,55,41
29550,los ríos,14,valdivia,141,mariquina,14106,71,137,65,72,64,29,35,73,36,37
29551,los ríos,14,valdivia,141,mariquina,14106,72,155,79,76,51,24,27,104,55,49
29552,los ríos,14,valdivia,141,mariquina,14106,73,124,62,62,46,21,25,78,41,37
29553,los ríos,14,valdivia,141,mariquina,14106,74,122,64,58,43,21,22,79,43,36
29554,los ríos,14,valdivia,141,mariquina,14106,75,115,53,62,47,24,23,68,29,39
29555,los ríos,14,valdivia,141,mariquina,14106,76,117,49,68,40,15,25,77,34,43
29556,los ríos,14,valdivia,141,mariquina,14106,77,99,51,48,33,19,14,66,32,34
29557,los ríos,14,valdivia,141,mariquina,14106,78,84,37,47,32,13,19,52,24,28
29558,los ríos,14,valdivia,141,mariquina,14106,79,81,37,44,29,11,18,52,26,26
29559,los ríos,14,valdivia,141,mariquina,14106,80,69,35,34,32,15,17,37,20,17
29560,los ríos,14,valdivia,141,mariquina,14106,81,65,28,37,25,10,15,40,18,22
29561,los ríos,14,valdivia,141,mariquina,14106,82,55,27,28,28,15,13,27,12,15
29562,los ríos,14,valdivia,141,mariquina,14106,83,60,34,26,26,12,14,34,22,12
29563,los ríos,14,valdivia,141,mariquina,14106,84,51,15,36,18,5,13,33,10,23
29564,los ríos,14,valdivia,141,mariquina,14106,85,46,18,28,17,6,11,29,12,17
29565,los ríos,14,valdivia,141,mariquina,14106,86,48,22,26,22,10,12,26,12,14
29566,los ríos,14,valdivia,141,mariquina,14106,87,40,22,18,13,5,8,27,17,10
29567,los ríos,14,valdivia,141,mariquina,14106,88,33,14,19,16,6,10,17,8,9
29568,los ríos,14,valdivia,141,mariquina,14106,89,32,17,15,14,8,6,18,9,9
29569,los ríos,14,valdivia,141,mariquina,14106,90,11,5,6,6,2,4,5,3,2
29570,los ríos,14,valdivia,141,mariquina,14106,91,28,8,20,7,3,4,21,5,16
29571,los ríos,14,valdivia,141,mariquina,14106,92,17,6,11,6,2,4,11,4,7
29572,los ríos,14,valdivia,141,mariquina,14106,93,16,6,10,7,3,4,9,3,6
29573,los ríos,14,valdivia,141,mariquina,14106,94,8,3,5,0,0,0,8,3,5
29574,los ríos,14,valdivia,141,mariquina,14106,95,3,1,2,2,0,2,1,1,0
29575,los ríos,14,valdivia,141,mariquina,14106,96,5,1,4,2,1,1,3,0,3
29576,los ríos,14,valdivia,141,mariquina,14106,97,3,1,2,1,1,0,2,0,2
29577,los ríos,14,valdivia,141,mariquina,14106,98,2,1,1,1,0,1,1,1,0
29578,los ríos,14,valdivia,141,mariquina,14106,99,1,1,0,0,0,0,1,1,0
29579,los ríos,14,valdivia,141,mariquina,14106,100 o más,3,2,1,1,1,0,2,1,1
29580,los ríos,14,valdivia,141,paillaco,14107,total comuna,20188,10067,10121,12452,6117,6335,7736,3950,3786
29581,los ríos,14,valdivia,141,paillaco,14107,0,212,103,109,123,57,66,89,46,43
29582,los ríos,14,valdivia,141,paillaco,14107,1,264,133,131,173,87,86,91,46,45
29583,los ríos,14,valdivia,141,paillaco,14107,2,274,149,125,183,101,82,91,48,43
29584,los ríos,14,valdivia,141,paillaco,14107,3,259,135,124,161,88,73,98,47,51
29585,los ríos,14,valdivia,141,paillaco,14107,4,280,132,148,173,82,91,107,50,57
29586,los ríos,14,valdivia,141,paillaco,14107,5,271,129,142,178,83,95,93,46,47
29587,los ríos,14,valdivia,141,paillaco,14107,6,279,167,112,177,110,67,102,57,45
29588,los ríos,14,valdivia,141,paillaco,14107,7,310,166,144,198,102,96,112,64,48
29589,los ríos,14,valdivia,141,paillaco,14107,8,307,158,149,193,107,86,114,51,63
29590,los ríos,14,valdivia,141,paillaco,14107,9,270,145,125,174,95,79,96,50,46
29591,los ríos,14,valdivia,141,paillaco,14107,10,282,122,160,169,74,95,113,48,65
29592,los ríos,14,valdivia,141,paillaco,14107,11,274,121,153,170,76,94,104,45,59
29593,los ríos,14,valdivia,141,paillaco,14107,12,299,183,116,193,114,79,106,69,37
29594,los ríos,14,valdivia,141,paillaco,14107,13,297,148,149,186,104,82,111,44,67
29595,los ríos,14,valdivia,141,paillaco,14107,14,327,162,165,199,91,108,128,71,57
29596,los ríos,14,valdivia,141,paillaco,14107,15,353,172,181,197,102,95,156,70,86
29597,los ríos,14,valdivia,141,paillaco,14107,16,314,172,142,194,108,86,120,64,56
29598,los ríos,14,valdivia,141,paillaco,14107,17,317,170,147,188,96,92,129,74,55
29599,los ríos,14,valdivia,141,paillaco,14107,18,276,131,145,168,77,91,108,54,54
29600,los ríos,14,valdivia,141,paillaco,14107,19,269,140,129,182,93,89,87,47,40
29601,los ríos,14,valdivia,141,paillaco,14107,20,250,116,134,177,87,90,73,29,44
29602,los ríos,14,valdivia,141,paillaco,14107,21,231,108,123,158,73,85,73,35,38
29603,los ríos,14,valdivia,141,paillaco,14107,22,276,140,136,192,99,93,84,41,43
29604,los ríos,14,valdivia,141,paillaco,14107,23,279,152,127,177,101,76,102,51,51
29605,los ríos,14,valdivia,141,paillaco,14107,24,307,132,175,211,90,121,96,42,54
29606,los ríos,14,valdivia,141,paillaco,14107,25,264,133,131,182,91,91,82,42,40
29607,los ríos,14,valdivia,141,paillaco,14107,26,281,136,145,203,100,103,78,36,42
29608,los ríos,14,valdivia,141,paillaco,14107,27,296,154,142,191,100,91,105,54,51
29609,los ríos,14,valdivia,141,paillaco,14107,28,283,139,144,192,93,99,91,46,45
29610,los ríos,14,valdivia,141,paillaco,14107,29,254,129,125,160,79,81,94,50,44
29611,los ríos,14,valdivia,141,paillaco,14107,30,249,141,108,168,102,66,81,39,42
29612,los ríos,14,valdivia,141,paillaco,14107,31,264,125,139,168,77,91,96,48,48
29613,los ríos,14,valdivia,141,paillaco,14107,32,230,111,119,162,78,84,68,33,35
29614,los ríos,14,valdivia,141,paillaco,14107,33,246,120,126,168,88,80,78,32,46
29615,los ríos,14,valdivia,141,paillaco,14107,34,252,111,141,162,73,89,90,38,52
29616,los ríos,14,valdivia,141,paillaco,14107,35,277,136,141,180,81,99,97,55,42
29617,los ríos,14,valdivia,141,paillaco,14107,36,231,116,115,152,79,73,79,37,42
29618,los ríos,14,valdivia,141,paillaco,14107,37,279,147,132,183,92,91,96,55,41
29619,los ríos,14,valdivia,141,paillaco,14107,38,227,107,120,132,65,67,95,42,53
29620,los ríos,14,valdivia,141,paillaco,14107,39,241,127,114,143,68,75,98,59,39
29621,los ríos,14,valdivia,141,paillaco,14107,40,242,123,119,150,74,76,92,49,43
29622,los ríos,14,valdivia,141,paillaco,14107,41,267,125,142,169,77,92,98,48,50
29623,los ríos,14,valdivia,141,paillaco,14107,42,234,129,105,145,78,67,89,51,38
29624,los ríos,14,valdivia,141,paillaco,14107,43,292,150,142,176,83,93,116,67,49
29625,los ríos,14,valdivia,141,paillaco,14107,44,271,136,135,164,82,82,107,54,53
29626,los ríos,14,valdivia,141,paillaco,14107,45,255,136,119,150,80,70,105,56,49
29627,los ríos,14,valdivia,141,paillaco,14107,46,263,114,149,161,76,85,102,38,64
29628,los ríos,14,valdivia,141,paillaco,14107,47,265,134,131,152,77,75,113,57,56
29629,los ríos,14,valdivia,141,paillaco,14107,48,271,133,138,151,71,80,120,62,58
29630,los ríos,14,valdivia,141,paillaco,14107,49,315,169,146,185,98,87,130,71,59
29631,los ríos,14,valdivia,141,paillaco,14107,50,306,139,167,191,92,99,115,47,68
29632,los ríos,14,valdivia,141,paillaco,14107,51,276,145,131,171,90,81,105,55,50
29633,los ríos,14,valdivia,141,paillaco,14107,52,299,160,139,170,88,82,129,72,57
29634,los ríos,14,valdivia,141,paillaco,14107,53,269,148,121,151,80,71,118,68,50
29635,los ríos,14,valdivia,141,paillaco,14107,54,290,166,124,168,87,81,122,79,43
29636,los ríos,14,valdivia,141,paillaco,14107,55,289,135,154,159,71,88,130,64,66
29637,los ríos,14,valdivia,141,paillaco,14107,56,263,135,128,161,78,83,102,57,45
29638,los ríos,14,valdivia,141,paillaco,14107,57,259,128,131,144,64,80,115,64,51
29639,los ríos,14,valdivia,141,paillaco,14107,58,250,135,115,135,62,73,115,73,42
29640,los ríos,14,valdivia,141,paillaco,14107,59,248,123,125,148,69,79,100,54,46
29641,los ríos,14,valdivia,141,paillaco,14107,60,225,113,112,127,60,67,98,53,45
29642,los ríos,14,valdivia,141,paillaco,14107,61,249,127,122,148,78,70,101,49,52
29643,los ríos,14,valdivia,141,paillaco,14107,62,203,90,113,109,46,63,94,44,50
29644,los ríos,14,valdivia,141,paillaco,14107,63,228,113,115,134,58,76,94,55,39
29645,los ríos,14,valdivia,141,paillaco,14107,64,212,92,120,120,52,68,92,40,52
29646,los ríos,14,valdivia,141,paillaco,14107,65,166,87,79,85,42,43,81,45,36
29647,los ríos,14,valdivia,141,paillaco,14107,66,154,79,75,82,41,41,72,38,34
29648,los ríos,14,valdivia,141,paillaco,14107,67,184,87,97,100,45,55,84,42,42
29649,los ríos,14,valdivia,141,paillaco,14107,68,155,69,86,95,40,55,60,29,31
29650,los ríos,14,valdivia,141,paillaco,14107,69,172,82,90,99,43,56,73,39,34
29651,los ríos,14,valdivia,141,paillaco,14107,70,167,86,81,99,50,49,68,36,32
29652,los ríos,14,valdivia,141,paillaco,14107,71,141,77,64,80,38,42,61,39,22
29653,los ríos,14,valdivia,141,paillaco,14107,72,132,54,78,84,33,51,48,21,27
29654,los ríos,14,valdivia,141,paillaco,14107,73,143,65,78,76,31,45,67,34,33
29655,los ríos,14,valdivia,141,paillaco,14107,74,129,60,69,79,31,48,50,29,21
29656,los ríos,14,valdivia,141,paillaco,14107,75,120,48,72,72,28,44,48,20,28
29657,los ríos,14,valdivia,141,paillaco,14107,76,99,44,55,57,25,32,42,19,23
29658,los ríos,14,valdivia,141,paillaco,14107,77,110,46,64,65,23,42,45,23,22
29659,los ríos,14,valdivia,141,paillaco,14107,78,88,48,40,51,25,26,37,23,14
29660,los ríos,14,valdivia,141,paillaco,14107,79,85,41,44,43,21,22,42,20,22
29661,los ríos,14,valdivia,141,paillaco,14107,80,77,27,50,50,19,31,27,8,19
29662,los ríos,14,valdivia,141,paillaco,14107,81,71,32,39,47,20,27,24,12,12
29663,los ríos,14,valdivia,141,paillaco,14107,82,74,36,38,44,20,24,30,16,14
29664,los ríos,14,valdivia,141,paillaco,14107,83,45,20,25,30,17,13,15,3,12
29665,los ríos,14,valdivia,141,paillaco,14107,84,51,32,19,27,15,12,24,17,7
29666,los ríos,14,valdivia,141,paillaco,14107,85,58,24,34,38,17,21,20,7,13
29667,los ríos,14,valdivia,141,paillaco,14107,86,51,21,30,29,11,18,22,10,12
29668,los ríos,14,valdivia,141,paillaco,14107,87,43,19,24,26,11,15,17,8,9
29669,los ríos,14,valdivia,141,paillaco,14107,88,41,17,24,20,8,12,21,9,12
29670,los ríos,14,valdivia,141,paillaco,14107,89,33,13,20,26,12,14,7,1,6
29671,los ríos,14,valdivia,141,paillaco,14107,90,27,9,18,17,3,14,10,6,4
29672,los ríos,14,valdivia,141,paillaco,14107,91,16,5,11,11,3,8,5,2,3
29673,los ríos,14,valdivia,141,paillaco,14107,92,24,7,17,15,5,10,9,2,7
29674,los ríos,14,valdivia,141,paillaco,14107,93,14,4,10,9,0,9,5,4,1
29675,los ríos,14,valdivia,141,paillaco,14107,94,8,4,4,5,1,4,3,3,0
29676,los ríos,14,valdivia,141,paillaco,14107,95,2,1,1,2,1,1,0,0,0
29677,los ríos,14,valdivia,141,paillaco,14107,96,5,3,2,3,2,1,2,1,1
29678,los ríos,14,valdivia,141,paillaco,14107,97,2,1,1,1,0,1,1,1,0
29679,los ríos,14,valdivia,141,paillaco,14107,98,1,0,1,1,0,1,0,0,0
29680,los ríos,14,valdivia,141,paillaco,14107,99,0,0,0,0,0,0,0,0,0
29681,los ríos,14,valdivia,141,paillaco,14107,100 o más,8,3,5,5,2,3,3,1,2
29682,los ríos,14,valdivia,141,panguipulli,14108,total comuna,34539,17199,17340,15273,7260,8013,19266,9939,9327
29683,los ríos,14,valdivia,141,panguipulli,14108,0,422,218,204,191,97,94,231,121,110
29684,los ríos,14,valdivia,141,panguipulli,14108,1,440,236,204,203,91,112,237,145,92
29685,los ríos,14,valdivia,141,panguipulli,14108,2,432,244,188,185,98,87,247,146,101
29686,los ríos,14,valdivia,141,panguipulli,14108,3,452,217,235,214,104,110,238,113,125
29687,los ríos,14,valdivia,141,panguipulli,14108,4,465,224,241,230,106,124,235,118,117
29688,los ríos,14,valdivia,141,panguipulli,14108,5,452,227,225,172,95,77,280,132,148
29689,los ríos,14,valdivia,141,panguipulli,14108,6,548,260,288,227,100,127,321,160,161
29690,los ríos,14,valdivia,141,panguipulli,14108,7,532,269,263,243,124,119,289,145,144
29691,los ríos,14,valdivia,141,panguipulli,14108,8,498,260,238,208,107,101,290,153,137
29692,los ríos,14,valdivia,141,panguipulli,14108,9,486,260,226,211,113,98,275,147,128
29693,los ríos,14,valdivia,141,panguipulli,14108,10,499,236,263,217,105,112,282,131,151
29694,los ríos,14,valdivia,141,panguipulli,14108,11,469,250,219,198,107,91,271,143,128
29695,los ríos,14,valdivia,141,panguipulli,14108,12,518,254,264,254,123,131,264,131,133
29696,los ríos,14,valdivia,141,panguipulli,14108,13,512,262,250,237,121,116,275,141,134
29697,los ríos,14,valdivia,141,panguipulli,14108,14,644,332,312,370,175,195,274,157,117
29698,los ríos,14,valdivia,141,panguipulli,14108,15,611,329,282,307,146,161,304,183,121
29699,los ríos,14,valdivia,141,panguipulli,14108,16,634,329,305,331,161,170,303,168,135
29700,los ríos,14,valdivia,141,panguipulli,14108,17,528,259,269,287,134,153,241,125,116
29701,los ríos,14,valdivia,141,panguipulli,14108,18,400,202,198,196,98,98,204,104,100
29702,los ríos,14,valdivia,141,panguipulli,14108,19,392,203,189,168,85,83,224,118,106
29703,los ríos,14,valdivia,141,panguipulli,14108,20,406,204,202,180,95,85,226,109,117
29704,los ríos,14,valdivia,141,panguipulli,14108,21,379,184,195,189,96,93,190,88,102
29705,los ríos,14,valdivia,141,panguipulli,14108,22,439,211,228,209,86,123,230,125,105
29706,los ríos,14,valdivia,141,panguipulli,14108,23,446,210,236,221,103,118,225,107,118
29707,los ríos,14,valdivia,141,panguipulli,14108,24,482,209,273,229,91,138,253,118,135
29708,los ríos,14,valdivia,141,panguipulli,14108,25,464,240,224,246,124,122,218,116,102
29709,los ríos,14,valdivia,141,panguipulli,14108,26,454,214,240,214,94,120,240,120,120
29710,los ríos,14,valdivia,141,panguipulli,14108,27,540,256,284,268,126,142,272,130,142
29711,los ríos,14,valdivia,141,panguipulli,14108,28,482,230,252,238,113,125,244,117,127
29712,los ríos,14,valdivia,141,panguipulli,14108,29,456,222,234,219,94,125,237,128,109
29713,los ríos,14,valdivia,141,panguipulli,14108,30,486,229,257,224,104,120,262,125,137
29714,los ríos,14,valdivia,141,panguipulli,14108,31,448,211,237,212,100,112,236,111,125
29715,los ríos,14,valdivia,141,panguipulli,14108,32,433,218,215,209,99,110,224,119,105
29716,los ríos,14,valdivia,141,panguipulli,14108,33,477,225,252,216,108,108,261,117,144
29717,los ríos,14,valdivia,141,panguipulli,14108,34,479,225,254,236,121,115,243,104,139
29718,los ríos,14,valdivia,141,panguipulli,14108,35,476,219,257,232,109,123,244,110,134
29719,los ríos,14,valdivia,141,panguipulli,14108,36,446,212,234,202,95,107,244,117,127
29720,los ríos,14,valdivia,141,panguipulli,14108,37,435,212,223,187,86,101,248,126,122
29721,los ríos,14,valdivia,141,panguipulli,14108,38,408,197,211,174,85,89,234,112,122
29722,los ríos,14,valdivia,141,panguipulli,14108,39,402,211,191,161,73,88,241,138,103
29723,los ríos,14,valdivia,141,panguipulli,14108,40,439,247,192,160,74,86,279,173,106
29724,los ríos,14,valdivia,141,panguipulli,14108,41,469,237,232,212,96,116,257,141,116
29725,los ríos,14,valdivia,141,panguipulli,14108,42,470,204,266,186,71,115,284,133,151
29726,los ríos,14,valdivia,141,panguipulli,14108,43,488,258,230,202,94,108,286,164,122
29727,los ríos,14,valdivia,141,panguipulli,14108,44,501,245,256,207,104,103,294,141,153
29728,los ríos,14,valdivia,141,panguipulli,14108,45,417,206,211,157,76,81,260,130,130
29729,los ríos,14,valdivia,141,panguipulli,14108,46,513,286,227,209,113,96,304,173,131
29730,los ríos,14,valdivia,141,panguipulli,14108,47,505,262,243,218,105,113,287,157,130
29731,los ríos,14,valdivia,141,panguipulli,14108,48,503,250,253,212,102,110,291,148,143
29732,los ríos,14,valdivia,141,panguipulli,14108,49,491,253,238,213,109,104,278,144,134
29733,los ríos,14,valdivia,141,panguipulli,14108,50,547,285,262,220,115,105,327,170,157
29734,los ríos,14,valdivia,141,panguipulli,14108,51,500,249,251,200,99,101,300,150,150
29735,los ríos,14,valdivia,141,panguipulli,14108,52,513,272,241,210,107,103,303,165,138
29736,los ríos,14,valdivia,141,panguipulli,14108,53,491,253,238,206,101,105,285,152,133
29737,los ríos,14,valdivia,141,panguipulli,14108,54,464,236,228,204,103,101,260,133,127
29738,los ríos,14,valdivia,141,panguipulli,14108,55,443,219,224,188,87,101,255,132,123
29739,los ríos,14,valdivia,141,panguipulli,14108,56,435,240,195,176,96,80,259,144,115
29740,los ríos,14,valdivia,141,panguipulli,14108,57,401,210,191,174,90,84,227,120,107
29741,los ríos,14,valdivia,141,panguipulli,14108,58,409,199,210,187,90,97,222,109,113
29742,los ríos,14,valdivia,141,panguipulli,14108,59,400,191,209,168,73,95,232,118,114
29743,los ríos,14,valdivia,141,panguipulli,14108,60,385,202,183,154,73,81,231,129,102
29744,los ríos,14,valdivia,141,panguipulli,14108,61,344,174,170,144,64,80,200,110,90
29745,los ríos,14,valdivia,141,panguipulli,14108,62,354,173,181,156,68,88,198,105,93
29746,los ríos,14,valdivia,141,panguipulli,14108,63,342,161,181,131,56,75,211,105,106
29747,los ríos,14,valdivia,141,panguipulli,14108,64,317,159,158,142,68,74,175,91,84
29748,los ríos,14,valdivia,141,panguipulli,14108,65,305,155,150,124,52,72,181,103,78
29749,los ríos,14,valdivia,141,panguipulli,14108,66,293,157,136,110,57,53,183,100,83
29750,los ríos,14,valdivia,141,panguipulli,14108,67,292,133,159,98,42,56,194,91,103
29751,los ríos,14,valdivia,141,panguipulli,14108,68,299,153,146,125,59,66,174,94,80
29752,los ríos,14,valdivia,141,panguipulli,14108,69,269,141,128,111,53,58,158,88,70
29753,los ríos,14,valdivia,141,panguipulli,14108,70,232,115,117,89,43,46,143,72,71
29754,los ríos,14,valdivia,141,panguipulli,14108,71,241,117,124,88,37,51,153,80,73
29755,los ríos,14,valdivia,141,panguipulli,14108,72,211,103,108,85,40,45,126,63,63
29756,los ríos,14,valdivia,141,panguipulli,14108,73,200,97,103,63,30,33,137,67,70
29757,los ríos,14,valdivia,141,panguipulli,14108,74,223,117,106,93,37,56,130,80,50
29758,los ríos,14,valdivia,141,panguipulli,14108,75,189,81,108,67,25,42,122,56,66
29759,los ríos,14,valdivia,141,panguipulli,14108,76,189,89,100,74,27,47,115,62,53
29760,los ríos,14,valdivia,141,panguipulli,14108,77,181,77,104,80,29,51,101,48,53
29761,los ríos,14,valdivia,141,panguipulli,14108,78,134,64,70,45,14,31,89,50,39
29762,los ríos,14,valdivia,141,panguipulli,14108,79,137,63,74,54,22,32,83,41,42
29763,los ríos,14,valdivia,141,panguipulli,14108,80,115,56,59,42,15,27,73,41,32
29764,los ríos,14,valdivia,141,panguipulli,14108,81,102,45,57,40,18,22,62,27,35
29765,los ríos,14,valdivia,141,panguipulli,14108,82,106,43,63,35,13,22,71,30,41
29766,los ríos,14,valdivia,141,panguipulli,14108,83,103,44,59,40,11,29,63,33,30
29767,los ríos,14,valdivia,141,panguipulli,14108,84,77,39,38,30,15,15,47,24,23
29768,los ríos,14,valdivia,141,panguipulli,14108,85,70,35,35,32,14,18,38,21,17
29769,los ríos,14,valdivia,141,panguipulli,14108,86,95,43,52,46,21,25,49,22,27
29770,los ríos,14,valdivia,141,panguipulli,14108,87,79,30,49,36,12,24,43,18,25
29771,los ríos,14,valdivia,141,panguipulli,14108,88,58,29,29,28,18,10,30,11,19
29772,los ríos,14,valdivia,141,panguipulli,14108,89,48,28,20,14,6,8,34,22,12
29773,los ríos,14,valdivia,141,panguipulli,14108,90,33,13,20,14,5,9,19,8,11
29774,los ríos,14,valdivia,141,panguipulli,14108,91,39,15,24,16,7,9,23,8,15
29775,los ríos,14,valdivia,141,panguipulli,14108,92,23,9,14,9,1,8,14,8,6
29776,los ríos,14,valdivia,141,panguipulli,14108,93,17,7,10,9,4,5,8,3,5
29777,los ríos,14,valdivia,141,panguipulli,14108,94,12,3,9,6,0,6,6,3,3
29778,los ríos,14,valdivia,141,panguipulli,14108,95,14,7,7,4,2,2,10,5,5
29779,los ríos,14,valdivia,141,panguipulli,14108,96,13,3,10,5,1,4,8,2,6
29780,los ríos,14,valdivia,141,panguipulli,14108,97,5,2,3,5,2,3,0,0,0
29781,los ríos,14,valdivia,141,panguipulli,14108,98,7,0,7,1,0,1,6,0,6
29782,los ríos,14,valdivia,141,panguipulli,14108,99,2,0,2,1,0,1,1,0,1
29783,los ríos,14,valdivia,141,panguipulli,14108,100 o más,13,5,8,3,2,1,10,3,7
29784,los ríos,14,ranco,142,la unión,14201,total comuna,38036,18729,19307,26662,12634,14028,11374,6095,5279
29785,los ríos,14,ranco,142,la unión,14201,0,436,221,215,319,166,153,117,55,62
29786,los ríos,14,ranco,142,la unión,14201,1,493,257,236,371,196,175,122,61,61
29787,los ríos,14,ranco,142,la unión,14201,2,472,244,228,339,175,164,133,69,64
29788,los ríos,14,ranco,142,la unión,14201,3,510,266,244,365,185,180,145,81,64
29789,los ríos,14,ranco,142,la unión,14201,4,473,247,226,353,181,172,120,66,54
29790,los ríos,14,ranco,142,la unión,14201,5,524,259,265,364,172,192,160,87,73
29791,los ríos,14,ranco,142,la unión,14201,6,523,252,271,370,168,202,153,84,69
29792,los ríos,14,ranco,142,la unión,14201,7,572,322,250,442,248,194,130,74,56
29793,los ríos,14,ranco,142,la unión,14201,8,539,265,274,394,193,201,145,72,73
29794,los ríos,14,ranco,142,la unión,14201,9,513,270,243,366,182,184,147,88,59
29795,los ríos,14,ranco,142,la unión,14201,10,539,277,262,398,203,195,141,74,67
29796,los ríos,14,ranco,142,la unión,14201,11,543,282,261,385,197,188,158,85,73
29797,los ríos,14,ranco,142,la unión,14201,12,503,250,253,360,168,192,143,82,61
29798,los ríos,14,ranco,142,la unión,14201,13,525,260,265,373,176,197,152,84,68
29799,los ríos,14,ranco,142,la unión,14201,14,597,340,257,390,195,195,207,145,62
29800,los ríos,14,ranco,142,la unión,14201,15,582,327,255,368,186,182,214,141,73
29801,los ríos,14,ranco,142,la unión,14201,16,613,342,271,408,205,203,205,137,68
29802,los ríos,14,ranco,142,la unión,14201,17,632,341,291,436,221,215,196,120,76
29803,los ríos,14,ranco,142,la unión,14201,18,560,331,229,439,257,182,121,74,47
29804,los ríos,14,ranco,142,la unión,14201,19,487,269,218,397,214,183,90,55,35
29805,los ríos,14,ranco,142,la unión,14201,20,511,249,262,389,188,201,122,61,61
29806,los ríos,14,ranco,142,la unión,14201,21,485,251,234,368,191,177,117,60,57
29807,los ríos,14,ranco,142,la unión,14201,22,487,231,256,369,172,197,118,59,59
29808,los ríos,14,ranco,142,la unión,14201,23,479,228,251,383,177,206,96,51,45
29809,los ríos,14,ranco,142,la unión,14201,24,523,241,282,402,182,220,121,59,62
29810,los ríos,14,ranco,142,la unión,14201,25,540,259,281,428,211,217,112,48,64
29811,los ríos,14,ranco,142,la unión,14201,26,488,213,275,381,161,220,107,52,55
29812,los ríos,14,ranco,142,la unión,14201,27,558,264,294,447,207,240,111,57,54
29813,los ríos,14,ranco,142,la unión,14201,28,543,259,284,419,201,218,124,58,66
29814,los ríos,14,ranco,142,la unión,14201,29,482,237,245,369,178,191,113,59,54
29815,los ríos,14,ranco,142,la unión,14201,30,490,258,232,397,202,195,93,56,37
29816,los ríos,14,ranco,142,la unión,14201,31,445,197,248,350,159,191,95,38,57
29817,los ríos,14,ranco,142,la unión,14201,32,481,238,243,371,186,185,110,52,58
29818,los ríos,14,ranco,142,la unión,14201,33,449,201,248,334,149,185,115,52,63
29819,los ríos,14,ranco,142,la unión,14201,34,448,208,240,340,151,189,108,57,51
29820,los ríos,14,ranco,142,la unión,14201,35,476,242,234,363,179,184,113,63,50
29821,los ríos,14,ranco,142,la unión,14201,36,472,224,248,343,155,188,129,69,60
29822,los ríos,14,ranco,142,la unión,14201,37,456,220,236,327,154,173,129,66,63
29823,los ríos,14,ranco,142,la unión,14201,38,421,181,240,303,122,181,118,59,59
29824,los ríos,14,ranco,142,la unión,14201,39,442,210,232,317,141,176,125,69,56
29825,los ríos,14,ranco,142,la unión,14201,40,453,211,242,328,157,171,125,54,71
29826,los ríos,14,ranco,142,la unión,14201,41,496,244,252,348,161,187,148,83,65
29827,los ríos,14,ranco,142,la unión,14201,42,475,224,251,331,145,186,144,79,65
29828,los ríos,14,ranco,142,la unión,14201,43,530,263,267,378,181,197,152,82,70
29829,los ríos,14,ranco,142,la unión,14201,44,483,232,251,318,146,172,165,86,79
29830,los ríos,14,ranco,142,la unión,14201,45,477,245,232,316,157,159,161,88,73
29831,los ríos,14,ranco,142,la unión,14201,46,474,225,249,320,158,162,154,67,87
29832,los ríos,14,ranco,142,la unión,14201,47,495,246,249,332,161,171,163,85,78
29833,los ríos,14,ranco,142,la unión,14201,48,540,260,280,374,167,207,166,93,73
29834,los ríos,14,ranco,142,la unión,14201,49,584,284,300,378,178,200,206,106,100
29835,los ríos,14,ranco,142,la unión,14201,50,568,274,294,356,162,194,212,112,100
29836,los ríos,14,ranco,142,la unión,14201,51,534,262,272,358,166,192,176,96,80
29837,los ríos,14,ranco,142,la unión,14201,52,569,293,276,347,162,185,222,131,91
29838,los ríos,14,ranco,142,la unión,14201,53,576,308,268,378,192,186,198,116,82
29839,los ríos,14,ranco,142,la unión,14201,54,549,273,276,350,166,184,199,107,92
29840,los ríos,14,ranco,142,la unión,14201,55,528,253,275,341,150,191,187,103,84
29841,los ríos,14,ranco,142,la unión,14201,56,511,232,279,329,145,184,182,87,95
29842,los ríos,14,ranco,142,la unión,14201,57,544,291,253,357,189,168,187,102,85
29843,los ríos,14,ranco,142,la unión,14201,58,485,249,236,312,152,160,173,97,76
29844,los ríos,14,ranco,142,la unión,14201,59,457,239,218,304,165,139,153,74,79
29845,los ríos,14,ranco,142,la unión,14201,60,440,208,232,294,139,155,146,69,77
29846,los ríos,14,ranco,142,la unión,14201,61,392,195,197,260,121,139,132,74,58
29847,los ríos,14,ranco,142,la unión,14201,62,410,194,216,266,107,159,144,87,57
29848,los ríos,14,ranco,142,la unión,14201,63,397,194,203,249,113,136,148,81,67
29849,los ríos,14,ranco,142,la unión,14201,64,380,176,204,241,109,132,139,67,72
29850,los ríos,14,ranco,142,la unión,14201,65,399,193,206,265,113,152,134,80,54
29851,los ríos,14,ranco,142,la unión,14201,66,364,169,195,233,102,131,131,67,64
29852,los ríos,14,ranco,142,la unión,14201,67,337,153,184,223,94,129,114,59,55
29853,los ríos,14,ranco,142,la unión,14201,68,309,165,144,199,104,95,110,61,49
29854,los ríos,14,ranco,142,la unión,14201,69,339,157,182,227,106,121,112,51,61
29855,los ríos,14,ranco,142,la unión,14201,70,317,158,159,195,90,105,122,68,54
29856,los ríos,14,ranco,142,la unión,14201,71,272,115,157,170,65,105,102,50,52
29857,los ríos,14,ranco,142,la unión,14201,72,273,130,143,172,70,102,101,60,41
29858,los ríos,14,ranco,142,la unión,14201,73,248,112,136,143,61,82,105,51,54
29859,los ríos,14,ranco,142,la unión,14201,74,248,110,138,160,63,97,88,47,41
29860,los ríos,14,ranco,142,la unión,14201,75,231,119,112,137,64,73,94,55,39
29861,los ríos,14,ranco,142,la unión,14201,76,205,91,114,123,45,78,82,46,36
29862,los ríos,14,ranco,142,la unión,14201,77,174,82,92,113,57,56,61,25,36
29863,los ríos,14,ranco,142,la unión,14201,78,190,76,114,112,38,74,78,38,40
29864,los ríos,14,ranco,142,la unión,14201,79,157,75,82,107,49,58,50,26,24
29865,los ríos,14,ranco,142,la unión,14201,80,182,74,108,122,43,79,60,31,29
29866,los ríos,14,ranco,142,la unión,14201,81,134,55,79,89,32,57,45,23,22
29867,los ríos,14,ranco,142,la unión,14201,82,143,59,84,85,30,55,58,29,29
29868,los ríos,14,ranco,142,la unión,14201,83,134,60,74,87,37,50,47,23,24
29869,los ríos,14,ranco,142,la unión,14201,84,141,65,76,93,41,52,48,24,24
29870,los ríos,14,ranco,142,la unión,14201,85,87,36,51,61,22,39,26,14,12
29871,los ríos,14,ranco,142,la unión,14201,86,95,31,64,59,17,42,36,14,22
29872,los ríos,14,ranco,142,la unión,14201,87,79,30,49,49,19,30,30,11,19
29873,los ríos,14,ranco,142,la unión,14201,88,55,16,39,42,9,33,13,7,6
29874,los ríos,14,ranco,142,la unión,14201,89,59,22,37,43,13,30,16,9,7
29875,los ríos,14,ranco,142,la unión,14201,90,45,13,32,35,9,26,10,4,6
29876,los ríos,14,ranco,142,la unión,14201,91,40,13,27,28,9,19,12,4,8
29877,los ríos,14,ranco,142,la unión,14201,92,30,12,18,20,7,13,10,5,5
29878,los ríos,14,ranco,142,la unión,14201,93,23,11,12,17,9,8,6,2,4
29879,los ríos,14,ranco,142,la unión,14201,94,19,5,14,13,3,10,6,2,4
29880,los ríos,14,ranco,142,la unión,14201,95,10,3,7,9,3,6,1,0,1
29881,los ríos,14,ranco,142,la unión,14201,96,7,2,5,6,2,4,1,0,1
29882,los ríos,14,ranco,142,la unión,14201,97,7,1,6,6,1,5,1,0,1
29883,los ríos,14,ranco,142,la unión,14201,98,2,0,2,0,0,0,2,0,2
29884,los ríos,14,ranco,142,la unión,14201,99,4,2,2,3,1,2,1,1,0
29885,los ríos,14,ranco,142,la unión,14201,100 o más,18,6,12,14,3,11,4,3,1
29886,los ríos,14,ranco,142,futrono,14202,total comuna,14665,7252,7413,8183,3929,4254,6482,3323,3159
29887,los ríos,14,ranco,142,futrono,14202,0,181,92,89,108,50,58,73,42,31
29888,los ríos,14,ranco,142,futrono,14202,1,206,110,96,116,58,58,90,52,38
29889,los ríos,14,ranco,142,futrono,14202,2,234,117,117,133,71,62,101,46,55
29890,los ríos,14,ranco,142,futrono,14202,3,217,110,107,122,60,62,95,50,45
29891,los ríos,14,ranco,142,futrono,14202,4,242,120,122,140,63,77,102,57,45
29892,los ríos,14,ranco,142,futrono,14202,5,244,118,126,145,73,72,99,45,54
29893,los ríos,14,ranco,142,futrono,14202,6,238,114,124,124,62,62,114,52,62
29894,los ríos,14,ranco,142,futrono,14202,7,206,115,91,112,68,44,94,47,47
29895,los ríos,14,ranco,142,futrono,14202,8,224,113,111,138,73,65,86,40,46
29896,los ríos,14,ranco,142,futrono,14202,9,243,132,111,137,74,63,106,58,48
29897,los ríos,14,ranco,142,futrono,14202,10,215,108,107,121,57,64,94,51,43
29898,los ríos,14,ranco,142,futrono,14202,11,205,98,107,123,54,69,82,44,38
29899,los ríos,14,ranco,142,futrono,14202,12,218,103,115,117,48,69,101,55,46
29900,los ríos,14,ranco,142,futrono,14202,13,218,101,117,115,54,61,103,47,56
29901,los ríos,14,ranco,142,futrono,14202,14,209,93,116,114,52,62,95,41,54
29902,los ríos,14,ranco,142,futrono,14202,15,225,111,114,134,71,63,91,40,51
29903,los ríos,14,ranco,142,futrono,14202,16,224,101,123,122,55,67,102,46,56
29904,los ríos,14,ranco,142,futrono,14202,17,225,126,99,131,69,62,94,57,37
29905,los ríos,14,ranco,142,futrono,14202,18,167,80,87,107,56,51,60,24,36
29906,los ríos,14,ranco,142,futrono,14202,19,162,83,79,101,42,59,61,41,20
29907,los ríos,14,ranco,142,futrono,14202,20,171,88,83,110,50,60,61,38,23
29908,los ríos,14,ranco,142,futrono,14202,21,168,73,95,102,44,58,66,29,37
29909,los ríos,14,ranco,142,futrono,14202,22,178,83,95,105,50,55,73,33,40
29910,los ríos,14,ranco,142,futrono,14202,23,177,83,94,106,57,49,71,26,45
29911,los ríos,14,ranco,142,futrono,14202,24,211,90,121,119,46,73,92,44,48
29912,los ríos,14,ranco,142,futrono,14202,25,212,92,120,128,54,74,84,38,46
29913,los ríos,14,ranco,142,futrono,14202,26,203,98,105,123,59,64,80,39,41
29914,los ríos,14,ranco,142,futrono,14202,27,229,119,110,145,73,72,84,46,38
29915,los ríos,14,ranco,142,futrono,14202,28,228,114,114,147,70,77,81,44,37
29916,los ríos,14,ranco,142,futrono,14202,29,204,107,97,132,71,61,72,36,36
29917,los ríos,14,ranco,142,futrono,14202,30,188,102,86,115,62,53,73,40,33
29918,los ríos,14,ranco,142,futrono,14202,31,190,87,103,125,57,68,65,30,35
29919,los ríos,14,ranco,142,futrono,14202,32,169,87,82,104,53,51,65,34,31
29920,los ríos,14,ranco,142,futrono,14202,33,184,87,97,106,45,61,78,42,36
29921,los ríos,14,ranco,142,futrono,14202,34,172,86,86,100,54,46,72,32,40
29922,los ríos,14,ranco,142,futrono,14202,35,196,85,111,115,48,67,81,37,44
29923,los ríos,14,ranco,142,futrono,14202,36,194,106,88,119,66,53,75,40,35
29924,los ríos,14,ranco,142,futrono,14202,37,147,67,80,84,38,46,63,29,34
29925,los ríos,14,ranco,142,futrono,14202,38,170,66,104,90,34,56,80,32,48
29926,los ríos,14,ranco,142,futrono,14202,39,176,90,86,101,45,56,75,45,30
29927,los ríos,14,ranco,142,futrono,14202,40,216,104,112,116,52,64,100,52,48
29928,los ríos,14,ranco,142,futrono,14202,41,190,98,92,96,47,49,94,51,43
29929,los ríos,14,ranco,142,futrono,14202,42,193,102,91,108,56,52,85,46,39
29930,los ríos,14,ranco,142,futrono,14202,43,187,100,87,101,52,49,86,48,38
29931,los ríos,14,ranco,142,futrono,14202,44,230,117,113,127,58,69,103,59,44
29932,los ríos,14,ranco,142,futrono,14202,45,213,109,104,120,59,61,93,50,43
29933,los ríos,14,ranco,142,futrono,14202,46,190,98,92,110,51,59,80,47,33
29934,los ríos,14,ranco,142,futrono,14202,47,219,101,118,104,43,61,115,58,57
29935,los ríos,14,ranco,142,futrono,14202,48,201,93,108,96,36,60,105,57,48
29936,los ríos,14,ranco,142,futrono,14202,49,199,81,118,102,36,66,97,45,52
29937,los ríos,14,ranco,142,futrono,14202,50,207,108,99,118,65,53,89,43,46
29938,los ríos,14,ranco,142,futrono,14202,51,226,116,110,127,66,61,99,50,49
29939,los ríos,14,ranco,142,futrono,14202,52,185,99,86,96,50,46,89,49,40
29940,los ríos,14,ranco,142,futrono,14202,53,206,105,101,105,50,55,101,55,46
29941,los ríos,14,ranco,142,futrono,14202,54,244,123,121,132,63,69,112,60,52
29942,los ríos,14,ranco,142,futrono,14202,55,214,111,103,112,54,58,102,57,45
29943,los ríos,14,ranco,142,futrono,14202,56,188,90,98,87,42,45,101,48,53
29944,los ríos,14,ranco,142,futrono,14202,57,171,103,68,92,52,40,79,51,28
29945,los ríos,14,ranco,142,futrono,14202,58,196,112,84,99,59,40,97,53,44
29946,los ríos,14,ranco,142,futrono,14202,59,167,87,80,94,43,51,73,44,29
29947,los ríos,14,ranco,142,futrono,14202,60,163,82,81,78,42,36,85,40,45
29948,los ríos,14,ranco,142,futrono,14202,61,163,81,82,85,41,44,78,40,38
29949,los ríos,14,ranco,142,futrono,14202,62,139,62,77,65,25,40,74,37,37
29950,los ríos,14,ranco,142,futrono,14202,63,142,64,78,64,24,40,78,40,38
29951,los ríos,14,ranco,142,futrono,14202,64,139,68,71,66,28,38,73,40,33
29952,los ríos,14,ranco,142,futrono,14202,65,128,51,77,70,28,42,58,23,35
29953,los ríos,14,ranco,142,futrono,14202,66,127,55,72,65,30,35,62,25,37
29954,los ríos,14,ranco,142,futrono,14202,67,110,58,52,57,31,26,53,27,26
29955,los ríos,14,ranco,142,futrono,14202,68,104,44,60,58,26,32,46,18,28
29956,los ríos,14,ranco,142,futrono,14202,69,125,72,53,75,40,35,50,32,18
29957,los ríos,14,ranco,142,futrono,14202,70,105,50,55,62,27,35,43,23,20
29958,los ríos,14,ranco,142,futrono,14202,71,103,55,48,54,33,21,49,22,27
29959,los ríos,14,ranco,142,futrono,14202,72,85,46,39,54,28,26,31,18,13
29960,los ríos,14,ranco,142,futrono,14202,73,85,36,49,46,19,27,39,17,22
29961,los ríos,14,ranco,142,futrono,14202,74,85,47,38,41,20,21,44,27,17
29962,los ríos,14,ranco,142,futrono,14202,75,78,35,43,36,15,21,42,20,22
29963,los ríos,14,ranco,142,futrono,14202,76,80,42,38,35,19,16,45,23,22
29964,los ríos,14,ranco,142,futrono,14202,77,61,28,33,27,12,15,34,16,18
29965,los ríos,14,ranco,142,futrono,14202,78,69,34,35,38,15,23,31,19,12
29966,los ríos,14,ranco,142,futrono,14202,79,67,34,33,34,15,19,33,19,14
29967,los ríos,14,ranco,142,futrono,14202,80,43,29,14,19,9,10,24,20,4
29968,los ríos,14,ranco,142,futrono,14202,81,60,27,33,32,15,17,28,12,16
29969,los ríos,14,ranco,142,futrono,14202,82,45,23,22,21,11,10,24,12,12
29970,los ríos,14,ranco,142,futrono,14202,83,36,11,25,20,6,14,16,5,11
29971,los ríos,14,ranco,142,futrono,14202,84,38,25,13,16,10,6,22,15,7
29972,los ríos,14,ranco,142,futrono,14202,85,26,13,13,13,8,5,13,5,8
29973,los ríos,14,ranco,142,futrono,14202,86,31,12,19,21,8,13,10,4,6
29974,los ríos,14,ranco,142,futrono,14202,87,28,9,19,15,5,10,13,4,9
29975,los ríos,14,ranco,142,futrono,14202,88,17,10,7,8,5,3,9,5,4
29976,los ríos,14,ranco,142,futrono,14202,89,19,13,6,9,7,2,10,6,4
29977,los ríos,14,ranco,142,futrono,14202,90,13,4,9,5,1,4,8,3,5
29978,los ríos,14,ranco,142,futrono,14202,91,7,4,3,5,2,3,2,2,0
29979,los ríos,14,ranco,142,futrono,14202,92,11,6,5,4,2,2,7,4,3
29980,los ríos,14,ranco,142,futrono,14202,93,6,4,2,2,1,1,4,3,1
29981,los ríos,14,ranco,142,futrono,14202,94,9,3,6,2,0,2,7,3,4
29982,los ríos,14,ranco,142,futrono,14202,95,0,0,0,0,0,0,0,0,0
29983,los ríos,14,ranco,142,futrono,14202,96,2,1,1,1,0,1,1,1,0
29984,los ríos,14,ranco,142,futrono,14202,97,1,0,1,0,0,0,1,0,1
29985,los ríos,14,ranco,142,futrono,14202,98,1,0,1,1,0,1,0,0,0
29986,los ríos,14,ranco,142,futrono,14202,99,0,0,0,0,0,0,0,0,0
29987,los ríos,14,ranco,142,futrono,14202,100 o más,2,2,0,1,1,0,1,1,0
29988,los ríos,14,ranco,142,lago ranco,14203,total comuna,9896,5045,4851,2269,1100,1169,7627,3945,3682
29989,los ríos,14,ranco,142,lago ranco,14203,0,116,52,64,31,15,16,85,37,48
29990,los ríos,14,ranco,142,lago ranco,14203,1,130,68,62,36,21,15,94,47,47
29991,los ríos,14,ranco,142,lago ranco,14203,2,107,56,51,19,12,7,88,44,44
29992,los ríos,14,ranco,142,lago ranco,14203,3,131,59,72,23,14,9,108,45,63
29993,los ríos,14,ranco,142,lago ranco,14203,4,143,84,59,29,17,12,114,67,47
29994,los ríos,14,ranco,142,lago ranco,14203,5,143,78,65,34,15,19,109,63,46
29995,los ríos,14,ranco,142,lago ranco,14203,6,134,79,55,29,19,10,105,60,45
29996,los ríos,14,ranco,142,lago ranco,14203,7,137,60,77,32,15,17,105,45,60
29997,los ríos,14,ranco,142,lago ranco,14203,8,142,66,76,37,22,15,105,44,61
29998,los ríos,14,ranco,142,lago ranco,14203,9,152,73,79,37,17,20,115,56,59
29999,los ríos,14,ranco,142,lago ranco,14203,10,134,74,60,32,24,8,102,50,52
30000,los ríos,14,ranco,142,lago ranco,14203,11,145,76,69,28,19,9,117,57,60
30001,los ríos,14,ranco,142,lago ranco,14203,12,129,73,56,21,12,9,108,61,47
30002,los ríos,14,ranco,142,lago ranco,14203,13,136,71,65,26,13,13,110,58,52
30003,los ríos,14,ranco,142,lago ranco,14203,14,150,67,83,30,10,20,120,57,63
30004,los ríos,14,ranco,142,lago ranco,14203,15,138,73,65,38,23,15,100,50,50
30005,los ríos,14,ranco,142,lago ranco,14203,16,144,90,54,42,29,13,102,61,41
30006,los ríos,14,ranco,142,lago ranco,14203,17,125,64,61,37,21,16,88,43,45
30007,los ríos,14,ranco,142,lago ranco,14203,18,105,57,48,23,12,11,82,45,37
30008,los ríos,14,ranco,142,lago ranco,14203,19,84,34,50,20,5,15,64,29,35
30009,los ríos,14,ranco,142,lago ranco,14203,20,114,63,51,28,17,11,86,46,40
30010,los ríos,14,ranco,142,lago ranco,14203,21,98,48,50,23,11,12,75,37,38
30011,los ríos,14,ranco,142,lago ranco,14203,22,91,49,42,21,13,8,70,36,34
30012,los ríos,14,ranco,142,lago ranco,14203,23,141,70,71,43,24,19,98,46,52
30013,los ríos,14,ranco,142,lago ranco,14203,24,95,38,57,24,12,12,71,26,45
30014,los ríos,14,ranco,142,lago ranco,14203,25,126,69,57,35,17,18,91,52,39
30015,los ríos,14,ranco,142,lago ranco,14203,26,153,79,74,35,14,21,118,65,53
30016,los ríos,14,ranco,142,lago ranco,14203,27,137,66,71,40,18,22,97,48,49
30017,los ríos,14,ranco,142,lago ranco,14203,28,126,57,69,32,13,19,94,44,50
30018,los ríos,14,ranco,142,lago ranco,14203,29,99,46,53,27,14,13,72,32,40
30019,los ríos,14,ranco,142,lago ranco,14203,30,117,64,53,26,13,13,91,51,40
30020,los ríos,14,ranco,142,lago ranco,14203,31,98,43,55,30,11,19,68,32,36
30021,los ríos,14,ranco,142,lago ranco,14203,32,115,63,52,30,16,14,85,47,38
30022,los ríos,14,ranco,142,lago ranco,14203,33,114,56,58,28,18,10,86,38,48
30023,los ríos,14,ranco,142,lago ranco,14203,34,125,52,73,27,9,18,98,43,55
30024,los ríos,14,ranco,142,lago ranco,14203,35,112,54,58,25,9,16,87,45,42
30025,los ríos,14,ranco,142,lago ranco,14203,36,105,53,52,29,9,20,76,44,32
30026,los ríos,14,ranco,142,lago ranco,14203,37,126,70,56,26,10,16,100,60,40
30027,los ríos,14,ranco,142,lago ranco,14203,38,109,62,47,28,16,12,81,46,35
30028,los ríos,14,ranco,142,lago ranco,14203,39,122,61,61,28,12,16,94,49,45
30029,los ríos,14,ranco,142,lago ranco,14203,40,129,64,65,34,16,18,95,48,47
30030,los ríos,14,ranco,142,lago ranco,14203,41,153,75,78,36,17,19,117,58,59
30031,los ríos,14,ranco,142,lago ranco,14203,42,130,58,72,38,16,22,92,42,50
30032,los ríos,14,ranco,142,lago ranco,14203,43,128,62,66,27,10,17,101,52,49
30033,los ríos,14,ranco,142,lago ranco,14203,44,157,75,82,34,12,22,123,63,60
30034,los ríos,14,ranco,142,lago ranco,14203,45,165,82,83,29,13,16,136,69,67
30035,los ríos,14,ranco,142,lago ranco,14203,46,158,83,75,26,17,9,132,66,66
30036,los ríos,14,ranco,142,lago ranco,14203,47,135,71,64,25,18,7,110,53,57
30037,los ríos,14,ranco,142,lago ranco,14203,48,145,76,69,34,16,18,111,60,51
30038,los ríos,14,ranco,142,lago ranco,14203,49,150,86,64,28,12,16,122,74,48
30039,los ríos,14,ranco,142,lago ranco,14203,50,163,82,81,28,11,17,135,71,64
30040,los ríos,14,ranco,142,lago ranco,14203,51,153,74,79,28,12,16,125,62,63
30041,los ríos,14,ranco,142,lago ranco,14203,52,157,78,79,27,11,16,130,67,63
30042,los ríos,14,ranco,142,lago ranco,14203,53,149,82,67,35,14,21,114,68,46
30043,los ríos,14,ranco,142,lago ranco,14203,54,146,92,54,27,17,10,119,75,44
30044,los ríos,14,ranco,142,lago ranco,14203,55,131,66,65,28,11,17,103,55,48
30045,los ríos,14,ranco,142,lago ranco,14203,56,144,85,59,28,13,15,116,72,44
30046,los ríos,14,ranco,142,lago ranco,14203,57,115,65,50,28,12,16,87,53,34
30047,los ríos,14,ranco,142,lago ranco,14203,58,143,75,68,33,17,16,110,58,52
30048,los ríos,14,ranco,142,lago ranco,14203,59,130,70,60,41,20,21,89,50,39
30049,los ríos,14,ranco,142,lago ranco,14203,60,124,72,52,27,15,12,97,57,40
30050,los ríos,14,ranco,142,lago ranco,14203,61,121,76,45,15,8,7,106,68,38
30051,los ríos,14,ranco,142,lago ranco,14203,62,110,53,57,25,10,15,85,43,42
30052,los ríos,14,ranco,142,lago ranco,14203,63,122,52,70,39,16,23,83,36,47
30053,los ríos,14,ranco,142,lago ranco,14203,64,117,63,54,32,15,17,85,48,37
30054,los ríos,14,ranco,142,lago ranco,14203,65,100,51,49,25,17,8,75,34,41
30055,los ríos,14,ranco,142,lago ranco,14203,66,87,42,45,24,10,14,63,32,31
30056,los ríos,14,ranco,142,lago ranco,14203,67,102,51,51,25,12,13,77,39,38
30057,los ríos,14,ranco,142,lago ranco,14203,68,84,47,37,20,11,9,64,36,28
30058,los ríos,14,ranco,142,lago ranco,14203,69,91,46,45,23,7,16,68,39,29
30059,los ríos,14,ranco,142,lago ranco,14203,70,85,37,48,18,5,13,67,32,35
30060,los ríos,14,ranco,142,lago ranco,14203,71,68,36,32,13,5,8,55,31,24
30061,los ríos,14,ranco,142,lago ranco,14203,72,68,34,34,21,11,10,47,23,24
30062,los ríos,14,ranco,142,lago ranco,14203,73,80,36,44,14,2,12,66,34,32
30063,los ríos,14,ranco,142,lago ranco,14203,74,65,36,29,14,8,6,51,28,23
30064,los ríos,14,ranco,142,lago ranco,14203,75,55,30,25,9,5,4,46,25,21
30065,los ríos,14,ranco,142,lago ranco,14203,76,68,37,31,10,5,5,58,32,26
30066,los ríos,14,ranco,142,lago ranco,14203,77,58,18,40,11,3,8,47,15,32
30067,los ríos,14,ranco,142,lago ranco,14203,78,61,26,35,10,6,4,51,20,31
30068,los ríos,14,ranco,142,lago ranco,14203,79,43,23,20,8,6,2,35,17,18
30069,los ríos,14,ranco,142,lago ranco,14203,80,45,21,24,10,2,8,35,19,16
30070,los ríos,14,ranco,142,lago ranco,14203,81,36,12,24,7,1,6,29,11,18
30071,los ríos,14,ranco,142,lago ranco,14203,82,57,32,25,14,5,9,43,27,16
30072,los ríos,14,ranco,142,lago ranco,14203,83,23,13,10,5,2,3,18,11,7
30073,los ríos,14,ranco,142,lago ranco,14203,84,35,20,15,8,3,5,27,17,10
30074,los ríos,14,ranco,142,lago ranco,14203,85,25,7,18,7,1,6,18,6,12
30075,los ríos,14,ranco,142,lago ranco,14203,86,25,10,15,8,4,4,17,6,11
30076,los ríos,14,ranco,142,lago ranco,14203,87,32,15,17,7,3,4,25,12,13
30077,los ríos,14,ranco,142,lago ranco,14203,88,15,3,12,2,0,2,13,3,10
30078,los ríos,14,ranco,142,lago ranco,14203,89,11,6,5,3,1,2,8,5,3
30079,los ríos,14,ranco,142,lago ranco,14203,90,14,6,8,0,0,0,14,6,8
30080,los ríos,14,ranco,142,lago ranco,14203,91,8,4,4,3,2,1,5,2,3
30081,los ríos,14,ranco,142,lago ranco,14203,92,9,2,7,2,1,1,7,1,6
30082,los ríos,14,ranco,142,lago ranco,14203,93,5,3,2,1,0,1,4,3,1
30083,los ríos,14,ranco,142,lago ranco,14203,94,2,0,2,0,0,0,2,0,2
30084,los ríos,14,ranco,142,lago ranco,14203,95,2,2,0,1,1,0,1,1,0
30085,los ríos,14,ranco,142,lago ranco,14203,96,1,0,1,0,0,0,1,0,1
30086,los ríos,14,ranco,142,lago ranco,14203,97,3,2,1,1,0,1,2,2,0
30087,los ríos,14,ranco,142,lago ranco,14203,98,3,1,2,0,0,0,3,1,2
30088,los ríos,14,ranco,142,lago ranco,14203,99,2,0,2,1,0,1,1,0,1
30089,los ríos,14,ranco,142,lago ranco,14203,100 o más,5,2,3,3,1,2,2,1,1
30090,los ríos,14,ranco,142,río bueno,14204,total comuna,31372,15492,15880,17143,8044,9099,14229,7448,6781
30091,los ríos,14,ranco,142,río bueno,14204,0,336,158,178,197,106,91,139,52,87
30092,los ríos,14,ranco,142,río bueno,14204,1,377,198,179,220,112,108,157,86,71
30093,los ríos,14,ranco,142,río bueno,14204,2,376,199,177,230,120,110,146,79,67
30094,los ríos,14,ranco,142,río bueno,14204,3,402,217,185,231,129,102,171,88,83
30095,los ríos,14,ranco,142,río bueno,14204,4,413,202,211,264,119,145,149,83,66
30096,los ríos,14,ranco,142,río bueno,14204,5,400,218,182,242,128,114,158,90,68
30097,los ríos,14,ranco,142,río bueno,14204,6,423,208,215,231,112,119,192,96,96
30098,los ríos,14,ranco,142,río bueno,14204,7,456,237,219,254,122,132,202,115,87
30099,los ríos,14,ranco,142,río bueno,14204,8,403,205,198,224,118,106,179,87,92
30100,los ríos,14,ranco,142,río bueno,14204,9,405,191,214,223,102,121,182,89,93
30101,los ríos,14,ranco,142,río bueno,14204,10,405,191,214,216,100,116,189,91,98
30102,los ríos,14,ranco,142,río bueno,14204,11,422,207,215,241,122,119,181,85,96
30103,los ríos,14,ranco,142,río bueno,14204,12,411,212,199,241,129,112,170,83,87
30104,los ríos,14,ranco,142,río bueno,14204,13,444,226,218,252,124,128,192,102,90
30105,los ríos,14,ranco,142,río bueno,14204,14,444,222,222,261,139,122,183,83,100
30106,los ríos,14,ranco,142,río bueno,14204,15,413,220,193,272,141,131,141,79,62
30107,los ríos,14,ranco,142,río bueno,14204,16,433,215,218,258,129,129,175,86,89
30108,los ríos,14,ranco,142,río bueno,14204,17,459,228,231,282,131,151,177,97,80
30109,los ríos,14,ranco,142,río bueno,14204,18,387,208,179,228,121,107,159,87,72
30110,los ríos,14,ranco,142,río bueno,14204,19,356,170,186,231,112,119,125,58,67
30111,los ríos,14,ranco,142,río bueno,14204,20,395,189,206,249,111,138,146,78,68
30112,los ríos,14,ranco,142,río bueno,14204,21,383,206,177,252,126,126,131,80,51
30113,los ríos,14,ranco,142,río bueno,14204,22,391,189,202,251,115,136,140,74,66
30114,los ríos,14,ranco,142,río bueno,14204,23,378,178,200,232,93,139,146,85,61
30115,los ríos,14,ranco,142,río bueno,14204,24,400,187,213,266,116,150,134,71,63
30116,los ríos,14,ranco,142,río bueno,14204,25,430,206,224,274,139,135,156,67,89
30117,los ríos,14,ranco,142,río bueno,14204,26,458,223,235,292,145,147,166,78,88
30118,los ríos,14,ranco,142,río bueno,14204,27,429,205,224,245,109,136,184,96,88
30119,los ríos,14,ranco,142,río bueno,14204,28,415,224,191,268,150,118,147,74,73
30120,los ríos,14,ranco,142,río bueno,14204,29,416,189,227,261,120,141,155,69,86
30121,los ríos,14,ranco,142,río bueno,14204,30,379,185,194,241,118,123,138,67,71
30122,los ríos,14,ranco,142,río bueno,14204,31,369,180,189,238,120,118,131,60,71
30123,los ríos,14,ranco,142,río bueno,14204,32,381,191,190,233,111,122,148,80,68
30124,los ríos,14,ranco,142,río bueno,14204,33,371,174,197,231,106,125,140,68,72
30125,los ríos,14,ranco,142,río bueno,14204,34,358,169,189,229,107,122,129,62,67
30126,los ríos,14,ranco,142,río bueno,14204,35,376,175,201,220,100,120,156,75,81
30127,los ríos,14,ranco,142,río bueno,14204,36,345,190,155,197,103,94,148,87,61
30128,los ríos,14,ranco,142,río bueno,14204,37,373,174,199,220,96,124,153,78,75
30129,los ríos,14,ranco,142,río bueno,14204,38,347,171,176,188,89,99,159,82,77
30130,los ríos,14,ranco,142,río bueno,14204,39,374,177,197,199,93,106,175,84,91
30131,los ríos,14,ranco,142,río bueno,14204,40,380,191,189,193,91,102,187,100,87
30132,los ríos,14,ranco,142,río bueno,14204,41,431,213,218,231,102,129,200,111,89
30133,los ríos,14,ranco,142,río bueno,14204,42,423,208,215,216,98,118,207,110,97
30134,los ríos,14,ranco,142,río bueno,14204,43,444,198,246,237,102,135,207,96,111
30135,los ríos,14,ranco,142,río bueno,14204,44,445,236,209,219,105,114,226,131,95
30136,los ríos,14,ranco,142,río bueno,14204,45,438,217,221,223,99,124,215,118,97
30137,los ríos,14,ranco,142,río bueno,14204,46,395,202,193,207,103,104,188,99,89
30138,los ríos,14,ranco,142,río bueno,14204,47,444,223,221,230,114,116,214,109,105
30139,los ríos,14,ranco,142,río bueno,14204,48,457,239,218,231,110,121,226,129,97
30140,los ríos,14,ranco,142,río bueno,14204,49,498,266,232,244,119,125,254,147,107
30141,los ríos,14,ranco,142,río bueno,14204,50,504,265,239,247,112,135,257,153,104
30142,los ríos,14,ranco,142,río bueno,14204,51,470,258,212,235,123,112,235,135,100
30143,los ríos,14,ranco,142,río bueno,14204,52,477,245,232,232,97,135,245,148,97
30144,los ríos,14,ranco,142,río bueno,14204,53,478,233,245,228,102,126,250,131,119
30145,los ríos,14,ranco,142,río bueno,14204,54,467,239,228,197,87,110,270,152,118
30146,los ríos,14,ranco,142,río bueno,14204,55,470,273,197,210,110,100,260,163,97
30147,los ríos,14,ranco,142,río bueno,14204,56,461,211,250,222,94,128,239,117,122
30148,los ríos,14,ranco,142,río bueno,14204,57,414,214,200,189,90,99,225,124,101
30149,los ríos,14,ranco,142,río bueno,14204,58,422,217,205,188,90,98,234,127,107
30150,los ríos,14,ranco,142,río bueno,14204,59,412,195,217,192,84,108,220,111,109
30151,los ríos,14,ranco,142,río bueno,14204,60,407,211,196,201,91,110,206,120,86
30152,los ríos,14,ranco,142,río bueno,14204,61,403,209,194,189,98,91,214,111,103
30153,los ríos,14,ranco,142,río bueno,14204,62,362,174,188,181,81,100,181,93,88
30154,los ríos,14,ranco,142,río bueno,14204,63,343,162,181,164,66,98,179,96,83
30155,los ríos,14,ranco,142,río bueno,14204,64,307,154,153,152,69,83,155,85,70
30156,los ríos,14,ranco,142,río bueno,14204,65,316,147,169,148,56,92,168,91,77
30157,los ríos,14,ranco,142,río bueno,14204,66,323,147,176,134,58,76,189,89,100
30158,los ríos,14,ranco,142,río bueno,14204,67,272,137,135,127,60,67,145,77,68
30159,los ríos,14,ranco,142,río bueno,14204,68,280,137,143,124,56,68,156,81,75
30160,los ríos,14,ranco,142,río bueno,14204,69,277,137,140,135,58,77,142,79,63
30161,los ríos,14,ranco,142,río bueno,14204,70,258,117,141,135,50,85,123,67,56
30162,los ríos,14,ranco,142,río bueno,14204,71,268,125,143,127,45,82,141,80,61
30163,los ríos,14,ranco,142,río bueno,14204,72,237,113,124,129,57,72,108,56,52
30164,los ríos,14,ranco,142,río bueno,14204,73,212,114,98,99,48,51,113,66,47
30165,los ríos,14,ranco,142,río bueno,14204,74,228,112,116,113,53,60,115,59,56
30166,los ríos,14,ranco,142,río bueno,14204,75,202,99,103,93,46,47,109,53,56
30167,los ríos,14,ranco,142,río bueno,14204,76,185,79,106,93,35,58,92,44,48
30168,los ríos,14,ranco,142,río bueno,14204,77,200,87,113,98,42,56,102,45,57
30169,los ríos,14,ranco,142,río bueno,14204,78,177,72,105,91,29,62,86,43,43
30170,los ríos,14,ranco,142,río bueno,14204,79,159,72,87,73,30,43,86,42,44
30171,los ríos,14,ranco,142,río bueno,14204,80,144,62,82,82,29,53,62,33,29
30172,los ríos,14,ranco,142,río bueno,14204,81,127,60,67,68,31,37,59,29,30
30173,los ríos,14,ranco,142,río bueno,14204,82,100,42,58,53,16,37,47,26,21
30174,los ríos,14,ranco,142,río bueno,14204,83,111,53,58,57,24,33,54,29,25
30175,los ríos,14,ranco,142,río bueno,14204,84,87,27,60,49,13,36,38,14,24
30176,los ríos,14,ranco,142,río bueno,14204,85,87,28,59,47,11,36,40,17,23
30177,los ríos,14,ranco,142,río bueno,14204,86,73,25,48,34,11,23,39,14,25
30178,los ríos,14,ranco,142,río bueno,14204,87,71,27,44,41,15,26,30,12,18
30179,los ríos,14,ranco,142,río bueno,14204,88,49,20,29,24,10,14,25,10,15
30180,los ríos,14,ranco,142,río bueno,14204,89,56,18,38,25,9,16,31,9,22
30181,los ríos,14,ranco,142,río bueno,14204,90,38,11,27,21,4,17,17,7,10
30182,los ríos,14,ranco,142,río bueno,14204,91,31,15,16,18,7,11,13,8,5
30183,los ríos,14,ranco,142,río bueno,14204,92,24,6,18,13,3,10,11,3,8
30184,los ríos,14,ranco,142,río bueno,14204,93,23,13,10,14,6,8,9,7,2
30185,los ríos,14,ranco,142,río bueno,14204,94,23,12,11,12,6,6,11,6,5
30186,los ríos,14,ranco,142,río bueno,14204,95,11,2,9,5,2,3,6,0,6
30187,los ríos,14,ranco,142,río bueno,14204,96,10,2,8,2,0,2,8,2,6
30188,los ríos,14,ranco,142,río bueno,14204,97,8,1,7,5,0,5,3,1,2
30189,los ríos,14,ranco,142,río bueno,14204,98,8,2,6,8,2,6,0,0,0
30190,los ríos,14,ranco,142,río bueno,14204,99,4,1,3,0,0,0,4,1,3
30191,los ríos,14,ranco,142,río bueno,14204,100 o más,8,3,5,4,2,2,4,1,3
30192,los lagos,10,llanquihue,101,puerto montt,10101,total comuna,245902,121019,124883,220143,107709,112434,25759,13310,12449
30193,los lagos,10,llanquihue,101,puerto montt,10101,0,3383,1690,1693,3110,1573,1537,273,117,156
30194,los lagos,10,llanquihue,101,puerto montt,10101,1,3482,1749,1733,3146,1577,1569,336,172,164
30195,los lagos,10,llanquihue,101,puerto montt,10101,2,3418,1735,1683,3105,1580,1525,313,155,158
30196,los lagos,10,llanquihue,101,puerto montt,10101,3,3349,1692,1657,3047,1531,1516,302,161,141
30197,los lagos,10,llanquihue,101,puerto montt,10101,4,3372,1657,1715,3067,1486,1581,305,171,134
30198,los lagos,10,llanquihue,101,puerto montt,10101,5,3414,1729,1685,3101,1575,1526,313,154,159
30199,los lagos,10,llanquihue,101,puerto montt,10101,6,3882,1970,1912,3553,1790,1763,329,180,149
30200,los lagos,10,llanquihue,101,puerto montt,10101,7,3894,1976,1918,3532,1797,1735,362,179,183
30201,los lagos,10,llanquihue,101,puerto montt,10101,8,3680,1905,1775,3321,1733,1588,359,172,187
30202,los lagos,10,llanquihue,101,puerto montt,10101,9,3754,1897,1857,3395,1728,1667,359,169,190
30203,los lagos,10,llanquihue,101,puerto montt,10101,10,3542,1845,1697,3197,1667,1530,345,178,167
30204,los lagos,10,llanquihue,101,puerto montt,10101,11,3674,1932,1742,3318,1741,1577,356,191,165
30205,los lagos,10,llanquihue,101,puerto montt,10101,12,3473,1799,1674,3156,1628,1528,317,171,146
30206,los lagos,10,llanquihue,101,puerto montt,10101,13,3454,1767,1687,3091,1576,1515,363,191,172
30207,los lagos,10,llanquihue,101,puerto montt,10101,14,3728,1902,1826,3340,1686,1654,388,216,172
30208,los lagos,10,llanquihue,101,puerto montt,10101,15,3609,1858,1751,3270,1678,1592,339,180,159
30209,los lagos,10,llanquihue,101,puerto montt,10101,16,3767,1897,1870,3399,1695,1704,368,202,166
30210,los lagos,10,llanquihue,101,puerto montt,10101,17,3707,1882,1825,3366,1717,1649,341,165,176
30211,los lagos,10,llanquihue,101,puerto montt,10101,18,3856,1902,1954,3498,1716,1782,358,186,172
30212,los lagos,10,llanquihue,101,puerto montt,10101,19,3886,1945,1941,3548,1761,1787,338,184,154
30213,los lagos,10,llanquihue,101,puerto montt,10101,20,4104,2065,2039,3768,1898,1870,336,167,169
30214,los lagos,10,llanquihue,101,puerto montt,10101,21,3986,1974,2012,3669,1820,1849,317,154,163
30215,los lagos,10,llanquihue,101,puerto montt,10101,22,4137,2070,2067,3824,1887,1937,313,183,130
30216,los lagos,10,llanquihue,101,puerto montt,10101,23,4026,2002,2024,3713,1841,1872,313,161,152
30217,los lagos,10,llanquihue,101,puerto montt,10101,24,4248,2077,2171,3891,1891,2000,357,186,171
30218,los lagos,10,llanquihue,101,puerto montt,10101,25,4367,2155,2212,4032,1987,2045,335,168,167
30219,los lagos,10,llanquihue,101,puerto montt,10101,26,4407,2125,2282,4036,1949,2087,371,176,195
30220,los lagos,10,llanquihue,101,puerto montt,10101,27,4443,2238,2205,4083,2052,2031,360,186,174
30221,los lagos,10,llanquihue,101,puerto montt,10101,28,4306,2175,2131,3960,2015,1945,346,160,186
30222,los lagos,10,llanquihue,101,puerto montt,10101,29,3898,2017,1881,3600,1850,1750,298,167,131
30223,los lagos,10,llanquihue,101,puerto montt,10101,30,3934,1957,1977,3610,1804,1806,324,153,171
30224,los lagos,10,llanquihue,101,puerto montt,10101,31,3744,1797,1947,3417,1639,1778,327,158,169
30225,los lagos,10,llanquihue,101,puerto montt,10101,32,3715,1852,1863,3381,1679,1702,334,173,161
30226,los lagos,10,llanquihue,101,puerto montt,10101,33,3640,1762,1878,3330,1610,1720,310,152,158
30227,los lagos,10,llanquihue,101,puerto montt,10101,34,3907,1909,1998,3516,1715,1801,391,194,197
30228,los lagos,10,llanquihue,101,puerto montt,10101,35,3814,1963,1851,3472,1787,1685,342,176,166
30229,los lagos,10,llanquihue,101,puerto montt,10101,36,3697,1797,1900,3371,1647,1724,326,150,176
30230,los lagos,10,llanquihue,101,puerto montt,10101,37,3783,1906,1877,3440,1717,1723,343,189,154
30231,los lagos,10,llanquihue,101,puerto montt,10101,38,3481,1718,1763,3174,1543,1631,307,175,132
30232,los lagos,10,llanquihue,101,puerto montt,10101,39,3414,1684,1730,3092,1514,1578,322,170,152
30233,los lagos,10,llanquihue,101,puerto montt,10101,40,3485,1708,1777,3137,1519,1618,348,189,159
30234,los lagos,10,llanquihue,101,puerto montt,10101,41,3620,1772,1848,3208,1563,1645,412,209,203
30235,los lagos,10,llanquihue,101,puerto montt,10101,42,3528,1762,1766,3124,1547,1577,404,215,189
30236,los lagos,10,llanquihue,101,puerto montt,10101,43,3761,1888,1873,3396,1696,1700,365,192,173
30237,los lagos,10,llanquihue,101,puerto montt,10101,44,3672,1807,1865,3225,1562,1663,447,245,202
30238,los lagos,10,llanquihue,101,puerto montt,10101,45,3531,1697,1834,3156,1522,1634,375,175,200
30239,los lagos,10,llanquihue,101,puerto montt,10101,46,3435,1700,1735,3025,1482,1543,410,218,192
30240,los lagos,10,llanquihue,101,puerto montt,10101,47,3403,1686,1717,2975,1469,1506,428,217,211
30241,los lagos,10,llanquihue,101,puerto montt,10101,48,3384,1622,1762,2992,1404,1588,392,218,174
30242,los lagos,10,llanquihue,101,puerto montt,10101,49,3377,1659,1718,2975,1454,1521,402,205,197
30243,los lagos,10,llanquihue,101,puerto montt,10101,50,3389,1617,1772,2988,1404,1584,401,213,188
30244,los lagos,10,llanquihue,101,puerto montt,10101,51,3340,1674,1666,2931,1450,1481,409,224,185
30245,los lagos,10,llanquihue,101,puerto montt,10101,52,3370,1670,1700,2947,1430,1517,423,240,183
30246,los lagos,10,llanquihue,101,puerto montt,10101,53,3103,1524,1579,2715,1322,1393,388,202,186
30247,los lagos,10,llanquihue,101,puerto montt,10101,54,3029,1439,1590,2629,1227,1402,400,212,188
30248,los lagos,10,llanquihue,101,puerto montt,10101,55,2743,1305,1438,2375,1111,1264,368,194,174
30249,los lagos,10,llanquihue,101,puerto montt,10101,56,2740,1327,1413,2376,1141,1235,364,186,178
30250,los lagos,10,llanquihue,101,puerto montt,10101,57,2397,1150,1247,2061,982,1079,336,168,168
30251,los lagos,10,llanquihue,101,puerto montt,10101,58,2419,1159,1260,2107,990,1117,312,169,143
30252,los lagos,10,llanquihue,101,puerto montt,10101,59,2265,1132,1133,1968,965,1003,297,167,130
30253,los lagos,10,llanquihue,101,puerto montt,10101,60,2165,1045,1120,1860,892,968,305,153,152
30254,los lagos,10,llanquihue,101,puerto montt,10101,61,2019,971,1048,1722,817,905,297,154,143
30255,los lagos,10,llanquihue,101,puerto montt,10101,62,1884,910,974,1614,760,854,270,150,120
30256,los lagos,10,llanquihue,101,puerto montt,10101,63,1853,872,981,1591,725,866,262,147,115
30257,los lagos,10,llanquihue,101,puerto montt,10101,64,1663,764,899,1412,634,778,251,130,121
30258,los lagos,10,llanquihue,101,puerto montt,10101,65,1633,768,865,1390,652,738,243,116,127
30259,los lagos,10,llanquihue,101,puerto montt,10101,66,1470,723,747,1245,607,638,225,116,109
30260,los lagos,10,llanquihue,101,puerto montt,10101,67,1404,680,724,1166,550,616,238,130,108
30261,los lagos,10,llanquihue,101,puerto montt,10101,68,1347,637,710,1151,532,619,196,105,91
30262,los lagos,10,llanquihue,101,puerto montt,10101,69,1347,610,737,1123,486,637,224,124,100
30263,los lagos,10,llanquihue,101,puerto montt,10101,70,1234,571,663,1043,478,565,191,93,98
30264,los lagos,10,llanquihue,101,puerto montt,10101,71,1125,533,592,949,441,508,176,92,84
30265,los lagos,10,llanquihue,101,puerto montt,10101,72,1042,482,560,857,376,481,185,106,79
30266,los lagos,10,llanquihue,101,puerto montt,10101,73,966,421,545,817,342,475,149,79,70
30267,los lagos,10,llanquihue,101,puerto montt,10101,74,980,456,524,820,373,447,160,83,77
30268,los lagos,10,llanquihue,101,puerto montt,10101,75,930,418,512,786,345,441,144,73,71
30269,los lagos,10,llanquihue,101,puerto montt,10101,76,857,359,498,719,294,425,138,65,73
30270,los lagos,10,llanquihue,101,puerto montt,10101,77,806,335,471,685,273,412,121,62,59
30271,los lagos,10,llanquihue,101,puerto montt,10101,78,645,244,401,571,211,360,74,33,41
30272,los lagos,10,llanquihue,101,puerto montt,10101,79,653,261,392,556,217,339,97,44,53
30273,los lagos,10,llanquihue,101,puerto montt,10101,80,542,236,306,461,196,265,81,40,41
30274,los lagos,10,llanquihue,101,puerto montt,10101,81,519,210,309,447,181,266,72,29,43
30275,los lagos,10,llanquihue,101,puerto montt,10101,82,467,190,277,396,157,239,71,33,38
30276,los lagos,10,llanquihue,101,puerto montt,10101,83,406,142,264,346,114,232,60,28,32
30277,los lagos,10,llanquihue,101,puerto montt,10101,84,376,143,233,319,113,206,57,30,27
30278,los lagos,10,llanquihue,101,puerto montt,10101,85,346,134,212,290,107,183,56,27,29
30279,los lagos,10,llanquihue,101,puerto montt,10101,86,339,109,230,280,83,197,59,26,33
30280,los lagos,10,llanquihue,101,puerto montt,10101,87,285,94,191,232,73,159,53,21,32
30281,los lagos,10,llanquihue,101,puerto montt,10101,88,228,81,147,194,68,126,34,13,21
30282,los lagos,10,llanquihue,101,puerto montt,10101,89,205,75,130,174,63,111,31,12,19
30283,los lagos,10,llanquihue,101,puerto montt,10101,90,167,49,118,145,41,104,22,8,14
30284,los lagos,10,llanquihue,101,puerto montt,10101,91,135,44,91,109,33,76,26,11,15
30285,los lagos,10,llanquihue,101,puerto montt,10101,92,118,53,65,97,45,52,21,8,13
30286,los lagos,10,llanquihue,101,puerto montt,10101,93,98,32,66,85,29,56,13,3,10
30287,los lagos,10,llanquihue,101,puerto montt,10101,94,73,23,50,60,17,43,13,6,7
30288,los lagos,10,llanquihue,101,puerto montt,10101,95,45,16,29,42,14,28,3,2,1
30289,los lagos,10,llanquihue,101,puerto montt,10101,96,34,10,24,30,9,21,4,1,3
30290,los lagos,10,llanquihue,101,puerto montt,10101,97,30,9,21,26,9,17,4,0,4
30291,los lagos,10,llanquihue,101,puerto montt,10101,98,20,8,12,15,5,10,5,3,2
30292,los lagos,10,llanquihue,101,puerto montt,10101,99,20,8,12,16,6,10,4,2,2
30293,los lagos,10,llanquihue,101,puerto montt,10101,100 o más,60,23,37,53,21,32,7,2,5
30294,los lagos,10,llanquihue,101,calbuco,10102,total comuna,33985,17104,16881,15996,7836,8160,17989,9268,8721
30295,los lagos,10,llanquihue,101,calbuco,10102,0,421,205,216,245,126,119,176,79,97
30296,los lagos,10,llanquihue,101,calbuco,10102,1,423,224,199,247,132,115,176,92,84
30297,los lagos,10,llanquihue,101,calbuco,10102,2,433,226,207,235,125,110,198,101,97
30298,los lagos,10,llanquihue,101,calbuco,10102,3,429,225,204,221,111,110,208,114,94
30299,los lagos,10,llanquihue,101,calbuco,10102,4,422,223,199,219,112,107,203,111,92
30300,los lagos,10,llanquihue,101,calbuco,10102,5,463,251,212,224,121,103,239,130,109
30301,los lagos,10,llanquihue,101,calbuco,10102,6,507,249,258,276,130,146,231,119,112
30302,los lagos,10,llanquihue,101,calbuco,10102,7,527,269,258,257,131,126,270,138,132
30303,los lagos,10,llanquihue,101,calbuco,10102,8,460,238,222,233,123,110,227,115,112
30304,los lagos,10,llanquihue,101,calbuco,10102,9,530,282,248,255,143,112,275,139,136
30305,los lagos,10,llanquihue,101,calbuco,10102,10,533,271,262,280,136,144,253,135,118
30306,los lagos,10,llanquihue,101,calbuco,10102,11,513,256,257,249,135,114,264,121,143
30307,los lagos,10,llanquihue,101,calbuco,10102,12,526,266,260,250,128,122,276,138,138
30308,los lagos,10,llanquihue,101,calbuco,10102,13,528,268,260,247,120,127,281,148,133
30309,los lagos,10,llanquihue,101,calbuco,10102,14,523,243,280,266,121,145,257,122,135
30310,los lagos,10,llanquihue,101,calbuco,10102,15,479,252,227,271,143,128,208,109,99
30311,los lagos,10,llanquihue,101,calbuco,10102,16,466,240,226,228,117,111,238,123,115
30312,los lagos,10,llanquihue,101,calbuco,10102,17,475,245,230,243,120,123,232,125,107
30313,los lagos,10,llanquihue,101,calbuco,10102,18,431,235,196,229,123,106,202,112,90
30314,los lagos,10,llanquihue,101,calbuco,10102,19,439,210,229,241,117,124,198,93,105
30315,los lagos,10,llanquihue,101,calbuco,10102,20,412,202,210,221,110,111,191,92,99
30316,los lagos,10,llanquihue,101,calbuco,10102,21,466,225,241,250,109,141,216,116,100
30317,los lagos,10,llanquihue,101,calbuco,10102,22,501,255,246,300,151,149,201,104,97
30318,los lagos,10,llanquihue,101,calbuco,10102,23,464,229,235,237,127,110,227,102,125
30319,los lagos,10,llanquihue,101,calbuco,10102,24,529,254,275,282,127,155,247,127,120
30320,los lagos,10,llanquihue,101,calbuco,10102,25,537,255,282,278,123,155,259,132,127
30321,los lagos,10,llanquihue,101,calbuco,10102,26,566,297,269,303,158,145,263,139,124
30322,los lagos,10,llanquihue,101,calbuco,10102,27,507,259,248,286,150,136,221,109,112
30323,los lagos,10,llanquihue,101,calbuco,10102,28,481,241,240,272,130,142,209,111,98
30324,los lagos,10,llanquihue,101,calbuco,10102,29,472,223,249,266,120,146,206,103,103
30325,los lagos,10,llanquihue,101,calbuco,10102,30,454,230,224,226,115,111,228,115,113
30326,los lagos,10,llanquihue,101,calbuco,10102,31,440,221,219,237,117,120,203,104,99
30327,los lagos,10,llanquihue,101,calbuco,10102,32,441,216,225,219,98,121,222,118,104
30328,los lagos,10,llanquihue,101,calbuco,10102,33,445,222,223,233,107,126,212,115,97
30329,los lagos,10,llanquihue,101,calbuco,10102,34,430,223,207,213,103,110,217,120,97
30330,los lagos,10,llanquihue,101,calbuco,10102,35,419,220,199,222,120,102,197,100,97
30331,los lagos,10,llanquihue,101,calbuco,10102,36,388,208,180,204,103,101,184,105,79
30332,los lagos,10,llanquihue,101,calbuco,10102,37,411,206,205,205,104,101,206,102,104
30333,los lagos,10,llanquihue,101,calbuco,10102,38,416,205,211,217,113,104,199,92,107
30334,los lagos,10,llanquihue,101,calbuco,10102,39,438,198,240,204,86,118,234,112,122
30335,los lagos,10,llanquihue,101,calbuco,10102,40,412,204,208,222,104,118,190,100,90
30336,los lagos,10,llanquihue,101,calbuco,10102,41,400,190,210,198,84,114,202,106,96
30337,los lagos,10,llanquihue,101,calbuco,10102,42,504,252,252,217,102,115,287,150,137
30338,los lagos,10,llanquihue,101,calbuco,10102,43,489,241,248,230,116,114,259,125,134
30339,los lagos,10,llanquihue,101,calbuco,10102,44,534,278,256,259,131,128,275,147,128
30340,los lagos,10,llanquihue,101,calbuco,10102,45,511,274,237,243,113,130,268,161,107
30341,los lagos,10,llanquihue,101,calbuco,10102,46,530,280,250,227,119,108,303,161,142
30342,los lagos,10,llanquihue,101,calbuco,10102,47,559,291,268,257,135,122,302,156,146
30343,los lagos,10,llanquihue,101,calbuco,10102,48,507,273,234,239,117,122,268,156,112
30344,los lagos,10,llanquihue,101,calbuco,10102,49,515,274,241,255,133,122,260,141,119
30345,los lagos,10,llanquihue,101,calbuco,10102,50,472,252,220,200,101,99,272,151,121
30346,los lagos,10,llanquihue,101,calbuco,10102,51,499,260,239,219,101,118,280,159,121
30347,los lagos,10,llanquihue,101,calbuco,10102,52,519,264,255,224,117,107,295,147,148
30348,los lagos,10,llanquihue,101,calbuco,10102,53,481,248,233,197,94,103,284,154,130
30349,los lagos,10,llanquihue,101,calbuco,10102,54,477,258,219,188,92,96,289,166,123
30350,los lagos,10,llanquihue,101,calbuco,10102,55,408,206,202,169,82,87,239,124,115
30351,los lagos,10,llanquihue,101,calbuco,10102,56,424,206,218,182,87,95,242,119,123
30352,los lagos,10,llanquihue,101,calbuco,10102,57,370,192,178,144,70,74,226,122,104
30353,los lagos,10,llanquihue,101,calbuco,10102,58,400,210,190,165,84,81,235,126,109
30354,los lagos,10,llanquihue,101,calbuco,10102,59,345,171,174,136,67,69,209,104,105
30355,los lagos,10,llanquihue,101,calbuco,10102,60,357,193,164,138,68,70,219,125,94
30356,los lagos,10,llanquihue,101,calbuco,10102,61,303,152,151,108,60,48,195,92,103
30357,los lagos,10,llanquihue,101,calbuco,10102,62,306,162,144,106,51,55,200,111,89
30358,los lagos,10,llanquihue,101,calbuco,10102,63,295,149,146,126,62,64,169,87,82
30359,los lagos,10,llanquihue,101,calbuco,10102,64,276,142,134,101,49,52,175,93,82
30360,los lagos,10,llanquihue,101,calbuco,10102,65,262,129,133,93,46,47,169,83,86
30361,los lagos,10,llanquihue,101,calbuco,10102,66,273,132,141,104,40,64,169,92,77
30362,los lagos,10,llanquihue,101,calbuco,10102,67,258,115,143,89,33,56,169,82,87
30363,los lagos,10,llanquihue,101,calbuco,10102,68,269,132,137,101,41,60,168,91,77
30364,los lagos,10,llanquihue,101,calbuco,10102,69,258,125,133,80,41,39,178,84,94
30365,los lagos,10,llanquihue,101,calbuco,10102,70,243,118,125,81,41,40,162,77,85
30366,los lagos,10,llanquihue,101,calbuco,10102,71,236,109,127,82,35,47,154,74,80
30367,los lagos,10,llanquihue,101,calbuco,10102,72,229,118,111,75,36,39,154,82,72
30368,los lagos,10,llanquihue,101,calbuco,10102,73,183,85,98,68,27,41,115,58,57
30369,los lagos,10,llanquihue,101,calbuco,10102,74,225,103,122,75,31,44,150,72,78
30370,los lagos,10,llanquihue,101,calbuco,10102,75,167,78,89,54,24,30,113,54,59
30371,los lagos,10,llanquihue,101,calbuco,10102,76,178,90,88,56,23,33,122,67,55
30372,los lagos,10,llanquihue,101,calbuco,10102,77,174,79,95,56,25,31,118,54,64
30373,los lagos,10,llanquihue,101,calbuco,10102,78,149,70,79,47,16,31,102,54,48
30374,los lagos,10,llanquihue,101,calbuco,10102,79,154,66,88,50,27,23,104,39,65
30375,los lagos,10,llanquihue,101,calbuco,10102,80,123,58,65,43,18,25,80,40,40
30376,los lagos,10,llanquihue,101,calbuco,10102,81,102,45,57,36,14,22,66,31,35
30377,los lagos,10,llanquihue,101,calbuco,10102,82,111,53,58,34,19,15,77,34,43
30378,los lagos,10,llanquihue,101,calbuco,10102,83,80,37,43,30,11,19,50,26,24
30379,los lagos,10,llanquihue,101,calbuco,10102,84,91,39,52,27,9,18,64,30,34
30380,los lagos,10,llanquihue,101,calbuco,10102,85,81,37,44,31,11,20,50,26,24
30381,los lagos,10,llanquihue,101,calbuco,10102,86,96,44,52,29,12,17,67,32,35
30382,los lagos,10,llanquihue,101,calbuco,10102,87,79,40,39,24,10,14,55,30,25
30383,los lagos,10,llanquihue,101,calbuco,10102,88,70,25,45,22,5,17,48,20,28
30384,los lagos,10,llanquihue,101,calbuco,10102,89,53,24,29,11,3,8,42,21,21
30385,los lagos,10,llanquihue,101,calbuco,10102,90,41,14,27,8,4,4,33,10,23
30386,los lagos,10,llanquihue,101,calbuco,10102,91,34,16,18,14,4,10,20,12,8
30387,los lagos,10,llanquihue,101,calbuco,10102,92,38,10,28,8,0,8,30,10,20
30388,los lagos,10,llanquihue,101,calbuco,10102,93,22,4,18,4,1,3,18,3,15
30389,los lagos,10,llanquihue,101,calbuco,10102,94,19,6,13,5,2,3,14,4,10
30390,los lagos,10,llanquihue,101,calbuco,10102,95,9,3,6,1,1,0,8,2,6
30391,los lagos,10,llanquihue,101,calbuco,10102,96,12,3,9,5,0,5,7,3,4
30392,los lagos,10,llanquihue,101,calbuco,10102,97,7,2,5,2,0,2,5,2,3
30393,los lagos,10,llanquihue,101,calbuco,10102,98,8,4,4,5,1,4,3,3,0
30394,los lagos,10,llanquihue,101,calbuco,10102,99,5,0,5,2,0,2,3,0,3
30395,los lagos,10,llanquihue,101,calbuco,10102,100 o más,8,2,6,3,1,2,5,1,4
30396,los lagos,10,llanquihue,101,cochamó,10103,total comuna,4023,2195,1828,0,0,0,4023,2195,1828
30397,los lagos,10,llanquihue,101,cochamó,10103,0,34,15,19,0,0,0,34,15,19
30398,los lagos,10,llanquihue,101,cochamó,10103,1,43,19,24,0,0,0,43,19,24
30399,los lagos,10,llanquihue,101,cochamó,10103,2,41,24,17,0,0,0,41,24,17
30400,los lagos,10,llanquihue,101,cochamó,10103,3,33,17,16,0,0,0,33,17,16
30401,los lagos,10,llanquihue,101,cochamó,10103,4,43,18,25,0,0,0,43,18,25
30402,los lagos,10,llanquihue,101,cochamó,10103,5,37,18,19,0,0,0,37,18,19
30403,los lagos,10,llanquihue,101,cochamó,10103,6,50,28,22,0,0,0,50,28,22
30404,los lagos,10,llanquihue,101,cochamó,10103,7,39,23,16,0,0,0,39,23,16
30405,los lagos,10,llanquihue,101,cochamó,10103,8,51,30,21,0,0,0,51,30,21
30406,los lagos,10,llanquihue,101,cochamó,10103,9,50,22,28,0,0,0,50,22,28
30407,los lagos,10,llanquihue,101,cochamó,10103,10,49,23,26,0,0,0,49,23,26
30408,los lagos,10,llanquihue,101,cochamó,10103,11,51,27,24,0,0,0,51,27,24
30409,los lagos,10,llanquihue,101,cochamó,10103,12,49,20,29,0,0,0,49,20,29
30410,los lagos,10,llanquihue,101,cochamó,10103,13,55,27,28,0,0,0,55,27,28
30411,los lagos,10,llanquihue,101,cochamó,10103,14,45,28,17,0,0,0,45,28,17
30412,los lagos,10,llanquihue,101,cochamó,10103,15,36,14,22,0,0,0,36,14,22
30413,los lagos,10,llanquihue,101,cochamó,10103,16,56,35,21,0,0,0,56,35,21
30414,los lagos,10,llanquihue,101,cochamó,10103,17,21,8,13,0,0,0,21,8,13
30415,los lagos,10,llanquihue,101,cochamó,10103,18,23,13,10,0,0,0,23,13,10
30416,los lagos,10,llanquihue,101,cochamó,10103,19,33,15,18,0,0,0,33,15,18
30417,los lagos,10,llanquihue,101,cochamó,10103,20,35,22,13,0,0,0,35,22,13
30418,los lagos,10,llanquihue,101,cochamó,10103,21,36,23,13,0,0,0,36,23,13
30419,los lagos,10,llanquihue,101,cochamó,10103,22,37,25,12,0,0,0,37,25,12
30420,los lagos,10,llanquihue,101,cochamó,10103,23,46,28,18,0,0,0,46,28,18
30421,los lagos,10,llanquihue,101,cochamó,10103,24,56,31,25,0,0,0,56,31,25
30422,los lagos,10,llanquihue,101,cochamó,10103,25,50,30,20,0,0,0,50,30,20
30423,los lagos,10,llanquihue,101,cochamó,10103,26,75,43,32,0,0,0,75,43,32
30424,los lagos,10,llanquihue,101,cochamó,10103,27,52,24,28,0,0,0,52,24,28
30425,los lagos,10,llanquihue,101,cochamó,10103,28,55,29,26,0,0,0,55,29,26
30426,los lagos,10,llanquihue,101,cochamó,10103,29,53,29,24,0,0,0,53,29,24
30427,los lagos,10,llanquihue,101,cochamó,10103,30,64,36,28,0,0,0,64,36,28
30428,los lagos,10,llanquihue,101,cochamó,10103,31,48,30,18,0,0,0,48,30,18
30429,los lagos,10,llanquihue,101,cochamó,10103,32,44,25,19,0,0,0,44,25,19
30430,los lagos,10,llanquihue,101,cochamó,10103,33,38,22,16,0,0,0,38,22,16
30431,los lagos,10,llanquihue,101,cochamó,10103,34,63,27,36,0,0,0,63,27,36
30432,los lagos,10,llanquihue,101,cochamó,10103,35,55,33,22,0,0,0,55,33,22
30433,los lagos,10,llanquihue,101,cochamó,10103,36,48,26,22,0,0,0,48,26,22
30434,los lagos,10,llanquihue,101,cochamó,10103,37,62,33,29,0,0,0,62,33,29
30435,los lagos,10,llanquihue,101,cochamó,10103,38,46,22,24,0,0,0,46,22,24
30436,los lagos,10,llanquihue,101,cochamó,10103,39,62,38,24,0,0,0,62,38,24
30437,los lagos,10,llanquihue,101,cochamó,10103,40,50,31,19,0,0,0,50,31,19
30438,los lagos,10,llanquihue,101,cochamó,10103,41,54,30,24,0,0,0,54,30,24
30439,los lagos,10,llanquihue,101,cochamó,10103,42,60,40,20,0,0,0,60,40,20
30440,los lagos,10,llanquihue,101,cochamó,10103,43,67,45,22,0,0,0,67,45,22
30441,los lagos,10,llanquihue,101,cochamó,10103,44,61,36,25,0,0,0,61,36,25
30442,los lagos,10,llanquihue,101,cochamó,10103,45,56,32,24,0,0,0,56,32,24
30443,los lagos,10,llanquihue,101,cochamó,10103,46,62,34,28,0,0,0,62,34,28
30444,los lagos,10,llanquihue,101,cochamó,10103,47,70,34,36,0,0,0,70,34,36
30445,los lagos,10,llanquihue,101,cochamó,10103,48,55,26,29,0,0,0,55,26,29
30446,los lagos,10,llanquihue,101,cochamó,10103,49,72,44,28,0,0,0,72,44,28
30447,los lagos,10,llanquihue,101,cochamó,10103,50,74,35,39,0,0,0,74,35,39
30448,los lagos,10,llanquihue,101,cochamó,10103,51,78,40,38,0,0,0,78,40,38
30449,los lagos,10,llanquihue,101,cochamó,10103,52,74,40,34,0,0,0,74,40,34
30450,los lagos,10,llanquihue,101,cochamó,10103,53,58,37,21,0,0,0,58,37,21
30451,los lagos,10,llanquihue,101,cochamó,10103,54,65,31,34,0,0,0,65,31,34
30452,los lagos,10,llanquihue,101,cochamó,10103,55,67,33,34,0,0,0,67,33,34
30453,los lagos,10,llanquihue,101,cochamó,10103,56,58,40,18,0,0,0,58,40,18
30454,los lagos,10,llanquihue,101,cochamó,10103,57,62,34,28,0,0,0,62,34,28
30455,los lagos,10,llanquihue,101,cochamó,10103,58,47,31,16,0,0,0,47,31,16
30456,los lagos,10,llanquihue,101,cochamó,10103,59,62,38,24,0,0,0,62,38,24
30457,los lagos,10,llanquihue,101,cochamó,10103,60,50,30,20,0,0,0,50,30,20
30458,los lagos,10,llanquihue,101,cochamó,10103,61,63,30,33,0,0,0,63,30,33
30459,los lagos,10,llanquihue,101,cochamó,10103,62,64,29,35,0,0,0,64,29,35
30460,los lagos,10,llanquihue,101,cochamó,10103,63,35,20,15,0,0,0,35,20,15
30461,los lagos,10,llanquihue,101,cochamó,10103,64,48,36,12,0,0,0,48,36,12
30462,los lagos,10,llanquihue,101,cochamó,10103,65,43,27,16,0,0,0,43,27,16
30463,los lagos,10,llanquihue,101,cochamó,10103,66,51,30,21,0,0,0,51,30,21
30464,los lagos,10,llanquihue,101,cochamó,10103,67,41,23,18,0,0,0,41,23,18
30465,los lagos,10,llanquihue,101,cochamó,10103,68,33,16,17,0,0,0,33,16,17
30466,los lagos,10,llanquihue,101,cochamó,10103,69,29,19,10,0,0,0,29,19,10
30467,los lagos,10,llanquihue,101,cochamó,10103,70,42,22,20,0,0,0,42,22,20
30468,los lagos,10,llanquihue,101,cochamó,10103,71,31,14,17,0,0,0,31,14,17
30469,los lagos,10,llanquihue,101,cochamó,10103,72,33,21,12,0,0,0,33,21,12
30470,los lagos,10,llanquihue,101,cochamó,10103,73,26,12,14,0,0,0,26,12,14
30471,los lagos,10,llanquihue,101,cochamó,10103,74,27,15,12,0,0,0,27,15,12
30472,los lagos,10,llanquihue,101,cochamó,10103,75,35,18,17,0,0,0,35,18,17
30473,los lagos,10,llanquihue,101,cochamó,10103,76,23,12,11,0,0,0,23,12,11
30474,los lagos,10,llanquihue,101,cochamó,10103,77,29,11,18,0,0,0,29,11,18
30475,los lagos,10,llanquihue,101,cochamó,10103,78,17,11,6,0,0,0,17,11,6
30476,los lagos,10,llanquihue,101,cochamó,10103,79,21,11,10,0,0,0,21,11,10
30477,los lagos,10,llanquihue,101,cochamó,10103,80,17,6,11,0,0,0,17,6,11
30478,los lagos,10,llanquihue,101,cochamó,10103,81,18,10,8,0,0,0,18,10,8
30479,los lagos,10,llanquihue,101,cochamó,10103,82,16,8,8,0,0,0,16,8,8
30480,los lagos,10,llanquihue,101,cochamó,10103,83,20,9,11,0,0,0,20,9,11
30481,los lagos,10,llanquihue,101,cochamó,10103,84,18,8,10,0,0,0,18,8,10
30482,los lagos,10,llanquihue,101,cochamó,10103,85,8,1,7,0,0,0,8,1,7
30483,los lagos,10,llanquihue,101,cochamó,10103,86,14,5,9,0,0,0,14,5,9
30484,los lagos,10,llanquihue,101,cochamó,10103,87,10,8,2,0,0,0,10,8,2
30485,los lagos,10,llanquihue,101,cochamó,10103,88,10,5,5,0,0,0,10,5,5
30486,los lagos,10,llanquihue,101,cochamó,10103,89,9,5,4,0,0,0,9,5,4
30487,los lagos,10,llanquihue,101,cochamó,10103,90,4,2,2,0,0,0,4,2,2
30488,los lagos,10,llanquihue,101,cochamó,10103,91,3,2,1,0,0,0,3,2,1
30489,los lagos,10,llanquihue,101,cochamó,10103,92,7,3,4,0,0,0,7,3,4
30490,los lagos,10,llanquihue,101,cochamó,10103,93,5,4,1,0,0,0,5,4,1
30491,los lagos,10,llanquihue,101,cochamó,10103,94,2,0,2,0,0,0,2,0,2
30492,los lagos,10,llanquihue,101,cochamó,10103,95,1,1,0,0,0,0,1,1,0
30493,los lagos,10,llanquihue,101,cochamó,10103,96,3,0,3,0,0,0,3,0,3
30494,los lagos,10,llanquihue,101,cochamó,10103,97,0,0,0,0,0,0,0,0,0
30495,los lagos,10,llanquihue,101,cochamó,10103,98,0,0,0,0,0,0,0,0,0
30496,los lagos,10,llanquihue,101,cochamó,10103,99,0,0,0,0,0,0,0,0,0
30497,los lagos,10,llanquihue,101,cochamó,10103,100 o más,1,0,1,0,0,0,1,0,1
30498,los lagos,10,llanquihue,101,fresia,10104,total comuna,12261,6181,6080,7331,3552,3779,4930,2629,2301
30499,los lagos,10,llanquihue,101,fresia,10104,0,123,59,64,90,44,46,33,15,18
30500,los lagos,10,llanquihue,101,fresia,10104,1,166,87,79,109,56,53,57,31,26
30501,los lagos,10,llanquihue,101,fresia,10104,2,152,74,78,100,55,45,52,19,33
30502,los lagos,10,llanquihue,101,fresia,10104,3,151,75,76,117,55,62,34,20,14
30503,los lagos,10,llanquihue,101,fresia,10104,4,131,66,65,94,49,45,37,17,20
30504,los lagos,10,llanquihue,101,fresia,10104,5,128,63,65,85,45,40,43,18,25
30505,los lagos,10,llanquihue,101,fresia,10104,6,162,82,80,103,51,52,59,31,28
30506,los lagos,10,llanquihue,101,fresia,10104,7,141,73,68,91,47,44,50,26,24
30507,los lagos,10,llanquihue,101,fresia,10104,8,167,88,79,105,54,51,62,34,28
30508,los lagos,10,llanquihue,101,fresia,10104,9,157,76,81,90,44,46,67,32,35
30509,los lagos,10,llanquihue,101,fresia,10104,10,180,92,88,119,57,62,61,35,26
30510,los lagos,10,llanquihue,101,fresia,10104,11,172,87,85,105,55,50,67,32,35
30511,los lagos,10,llanquihue,101,fresia,10104,12,157,83,74,101,52,49,56,31,25
30512,los lagos,10,llanquihue,101,fresia,10104,13,177,87,90,105,46,59,72,41,31
30513,los lagos,10,llanquihue,101,fresia,10104,14,152,87,65,100,57,43,52,30,22
30514,los lagos,10,llanquihue,101,fresia,10104,15,166,81,85,107,50,57,59,31,28
30515,los lagos,10,llanquihue,101,fresia,10104,16,189,107,82,116,65,51,73,42,31
30516,los lagos,10,llanquihue,101,fresia,10104,17,181,104,77,132,68,64,49,36,13
30517,los lagos,10,llanquihue,101,fresia,10104,18,127,62,65,92,45,47,35,17,18
30518,los lagos,10,llanquihue,101,fresia,10104,19,163,69,94,110,47,63,53,22,31
30519,los lagos,10,llanquihue,101,fresia,10104,20,161,85,76,111,55,56,50,30,20
30520,los lagos,10,llanquihue,101,fresia,10104,21,145,76,69,101,55,46,44,21,23
30521,los lagos,10,llanquihue,101,fresia,10104,22,167,84,83,121,56,65,46,28,18
30522,los lagos,10,llanquihue,101,fresia,10104,23,143,65,78,99,39,60,44,26,18
30523,los lagos,10,llanquihue,101,fresia,10104,24,177,88,89,130,65,65,47,23,24
30524,los lagos,10,llanquihue,101,fresia,10104,25,169,73,96,125,47,78,44,26,18
30525,los lagos,10,llanquihue,101,fresia,10104,26,171,84,87,116,60,56,55,24,31
30526,los lagos,10,llanquihue,101,fresia,10104,27,145,64,81,107,49,58,38,15,23
30527,los lagos,10,llanquihue,101,fresia,10104,28,136,64,72,99,45,54,37,19,18
30528,los lagos,10,llanquihue,101,fresia,10104,29,157,77,80,109,49,60,48,28,20
30529,los lagos,10,llanquihue,101,fresia,10104,30,146,60,86,101,43,58,45,17,28
30530,los lagos,10,llanquihue,101,fresia,10104,31,132,67,65,92,42,50,40,25,15
30531,los lagos,10,llanquihue,101,fresia,10104,32,129,70,59,84,44,40,45,26,19
30532,los lagos,10,llanquihue,101,fresia,10104,33,132,65,67,92,43,49,40,22,18
30533,los lagos,10,llanquihue,101,fresia,10104,34,140,63,77,91,44,47,49,19,30
30534,los lagos,10,llanquihue,101,fresia,10104,35,147,66,81,97,44,53,50,22,28
30535,los lagos,10,llanquihue,101,fresia,10104,36,136,69,67,86,43,43,50,26,24
30536,los lagos,10,llanquihue,101,fresia,10104,37,133,58,75,88,37,51,45,21,24
30537,los lagos,10,llanquihue,101,fresia,10104,38,144,76,68,84,40,44,60,36,24
30538,los lagos,10,llanquihue,101,fresia,10104,39,145,76,69,93,47,46,52,29,23
30539,los lagos,10,llanquihue,101,fresia,10104,40,156,88,68,91,54,37,65,34,31
30540,los lagos,10,llanquihue,101,fresia,10104,41,187,92,95,100,48,52,87,44,43
30541,los lagos,10,llanquihue,101,fresia,10104,42,184,101,83,104,58,46,80,43,37
30542,los lagos,10,llanquihue,101,fresia,10104,43,169,84,85,96,41,55,73,43,30
30543,los lagos,10,llanquihue,101,fresia,10104,44,168,101,67,96,57,39,72,44,28
30544,los lagos,10,llanquihue,101,fresia,10104,45,183,96,87,110,53,57,73,43,30
30545,los lagos,10,llanquihue,101,fresia,10104,46,190,91,99,108,50,58,82,41,41
30546,los lagos,10,llanquihue,101,fresia,10104,47,172,83,89,94,43,51,78,40,38
30547,los lagos,10,llanquihue,101,fresia,10104,48,178,80,98,103,47,56,75,33,42
30548,los lagos,10,llanquihue,101,fresia,10104,49,195,89,106,100,38,62,95,51,44
30549,los lagos,10,llanquihue,101,fresia,10104,50,192,110,82,103,50,53,89,60,29
30550,los lagos,10,llanquihue,101,fresia,10104,51,185,103,82,95,50,45,90,53,37
30551,los lagos,10,llanquihue,101,fresia,10104,52,196,102,94,105,55,50,91,47,44
30552,los lagos,10,llanquihue,101,fresia,10104,53,215,115,100,124,65,59,91,50,41
30553,los lagos,10,llanquihue,101,fresia,10104,54,188,100,88,105,49,56,83,51,32
30554,los lagos,10,llanquihue,101,fresia,10104,55,167,101,66,91,51,40,76,50,26
30555,los lagos,10,llanquihue,101,fresia,10104,56,179,95,84,96,49,47,83,46,37
30556,los lagos,10,llanquihue,101,fresia,10104,57,185,91,94,83,41,42,102,50,52
30557,los lagos,10,llanquihue,101,fresia,10104,58,161,70,91,87,35,52,74,35,39
30558,los lagos,10,llanquihue,101,fresia,10104,59,138,76,62,65,35,30,73,41,32
30559,los lagos,10,llanquihue,101,fresia,10104,60,156,81,75,84,40,44,72,41,31
30560,los lagos,10,llanquihue,101,fresia,10104,61,162,89,73,83,45,38,79,44,35
30561,los lagos,10,llanquihue,101,fresia,10104,62,160,85,75,77,36,41,83,49,34
30562,los lagos,10,llanquihue,101,fresia,10104,63,135,64,71,72,33,39,63,31,32
30563,los lagos,10,llanquihue,101,fresia,10104,64,131,74,57,64,36,28,67,38,29
30564,los lagos,10,llanquihue,101,fresia,10104,65,149,71,78,68,31,37,81,40,41
30565,los lagos,10,llanquihue,101,fresia,10104,66,115,51,64,56,25,31,59,26,33
30566,los lagos,10,llanquihue,101,fresia,10104,67,113,63,50,52,32,20,61,31,30
30567,los lagos,10,llanquihue,101,fresia,10104,68,106,57,49,59,28,31,47,29,18
30568,los lagos,10,llanquihue,101,fresia,10104,69,105,57,48,59,33,26,46,24,22
30569,los lagos,10,llanquihue,101,fresia,10104,70,99,50,49,44,19,25,55,31,24
30570,los lagos,10,llanquihue,101,fresia,10104,71,89,43,46,45,22,23,44,21,23
30571,los lagos,10,llanquihue,101,fresia,10104,72,87,51,36,43,23,20,44,28,16
30572,los lagos,10,llanquihue,101,fresia,10104,73,95,43,52,42,15,27,53,28,25
30573,los lagos,10,llanquihue,101,fresia,10104,74,74,38,36,36,19,17,38,19,19
30574,los lagos,10,llanquihue,101,fresia,10104,75,93,55,38,40,23,17,53,32,21
30575,los lagos,10,llanquihue,101,fresia,10104,76,75,33,42,31,10,21,44,23,21
30576,los lagos,10,llanquihue,101,fresia,10104,77,68,36,32,30,17,13,38,19,19
30577,los lagos,10,llanquihue,101,fresia,10104,78,47,24,23,20,10,10,27,14,13
30578,los lagos,10,llanquihue,101,fresia,10104,79,62,29,33,31,14,17,31,15,16
30579,los lagos,10,llanquihue,101,fresia,10104,80,63,27,36,41,14,27,22,13,9
30580,los lagos,10,llanquihue,101,fresia,10104,81,48,22,26,24,11,13,24,11,13
30581,los lagos,10,llanquihue,101,fresia,10104,82,51,22,29,27,11,16,24,11,13
30582,los lagos,10,llanquihue,101,fresia,10104,83,52,21,31,21,9,12,31,12,19
30583,los lagos,10,llanquihue,101,fresia,10104,84,31,11,20,14,5,9,17,6,11
30584,los lagos,10,llanquihue,101,fresia,10104,85,27,14,13,13,6,7,14,8,6
30585,los lagos,10,llanquihue,101,fresia,10104,86,34,15,19,18,6,12,16,9,7
30586,los lagos,10,llanquihue,101,fresia,10104,87,37,17,20,21,8,13,16,9,7
30587,los lagos,10,llanquihue,101,fresia,10104,88,22,9,13,13,5,8,9,4,5
30588,los lagos,10,llanquihue,101,fresia,10104,89,23,6,17,11,0,11,12,6,6
30589,los lagos,10,llanquihue,101,fresia,10104,90,15,5,10,7,1,6,8,4,4
30590,los lagos,10,llanquihue,101,fresia,10104,91,8,2,6,5,1,4,3,1,2
30591,los lagos,10,llanquihue,101,fresia,10104,92,16,4,12,12,2,10,4,2,2
30592,los lagos,10,llanquihue,101,fresia,10104,93,6,2,4,3,1,2,3,1,2
30593,los lagos,10,llanquihue,101,fresia,10104,94,1,0,1,1,0,1,0,0,0
30594,los lagos,10,llanquihue,101,fresia,10104,95,4,3,1,2,1,1,2,2,0
30595,los lagos,10,llanquihue,101,fresia,10104,96,4,2,2,3,1,2,1,1,0
30596,los lagos,10,llanquihue,101,fresia,10104,97,7,2,5,2,0,2,5,2,3
30597,los lagos,10,llanquihue,101,fresia,10104,98,3,2,1,2,1,1,1,1,0
30598,los lagos,10,llanquihue,101,fresia,10104,99,1,1,0,0,0,0,1,1,0
30599,los lagos,10,llanquihue,101,fresia,10104,100 o más,2,0,2,2,0,2,0,0,0
30600,los lagos,10,llanquihue,101,frutillar,10105,total comuna,18428,9093,9335,12952,6268,6684,5476,2825,2651
30601,los lagos,10,llanquihue,101,frutillar,10105,0,208,106,102,155,84,71,53,22,31
30602,los lagos,10,llanquihue,101,frutillar,10105,1,224,123,101,159,91,68,65,32,33
30603,los lagos,10,llanquihue,101,frutillar,10105,2,236,118,118,172,85,87,64,33,31
30604,los lagos,10,llanquihue,101,frutillar,10105,3,234,108,126,178,86,92,56,22,34
30605,los lagos,10,llanquihue,101,frutillar,10105,4,257,139,118,185,95,90,72,44,28
30606,los lagos,10,llanquihue,101,frutillar,10105,5,275,125,150,185,81,104,90,44,46
30607,los lagos,10,llanquihue,101,frutillar,10105,6,263,137,126,195,99,96,68,38,30
30608,los lagos,10,llanquihue,101,frutillar,10105,7,300,150,150,227,116,111,73,34,39
30609,los lagos,10,llanquihue,101,frutillar,10105,8,288,150,138,223,121,102,65,29,36
30610,los lagos,10,llanquihue,101,frutillar,10105,9,269,139,130,200,101,99,69,38,31
30611,los lagos,10,llanquihue,101,frutillar,10105,10,272,153,119,199,105,94,73,48,25
30612,los lagos,10,llanquihue,101,frutillar,10105,11,239,125,114,169,84,85,70,41,29
30613,los lagos,10,llanquihue,101,frutillar,10105,12,253,134,119,185,93,92,68,41,27
30614,los lagos,10,llanquihue,101,frutillar,10105,13,259,113,146,186,82,104,73,31,42
30615,los lagos,10,llanquihue,101,frutillar,10105,14,228,115,113,168,86,82,60,29,31
30616,los lagos,10,llanquihue,101,frutillar,10105,15,258,140,118,190,105,85,68,35,33
30617,los lagos,10,llanquihue,101,frutillar,10105,16,275,132,143,209,100,109,66,32,34
30618,los lagos,10,llanquihue,101,frutillar,10105,17,248,132,116,184,95,89,64,37,27
30619,los lagos,10,llanquihue,101,frutillar,10105,18,227,112,115,175,85,90,52,27,25
30620,los lagos,10,llanquihue,101,frutillar,10105,19,230,107,123,176,80,96,54,27,27
30621,los lagos,10,llanquihue,101,frutillar,10105,20,229,107,122,172,84,88,57,23,34
30622,los lagos,10,llanquihue,101,frutillar,10105,21,252,122,130,189,87,102,63,35,28
30623,los lagos,10,llanquihue,101,frutillar,10105,22,223,109,114,177,90,87,46,19,27
30624,los lagos,10,llanquihue,101,frutillar,10105,23,259,141,118,205,111,94,54,30,24
30625,los lagos,10,llanquihue,101,frutillar,10105,24,280,133,147,221,105,116,59,28,31
30626,los lagos,10,llanquihue,101,frutillar,10105,25,288,141,147,223,108,115,65,33,32
30627,los lagos,10,llanquihue,101,frutillar,10105,26,297,139,158,237,105,132,60,34,26
30628,los lagos,10,llanquihue,101,frutillar,10105,27,319,153,166,239,114,125,80,39,41
30629,los lagos,10,llanquihue,101,frutillar,10105,28,268,137,131,202,105,97,66,32,34
30630,los lagos,10,llanquihue,101,frutillar,10105,29,248,129,119,185,91,94,63,38,25
30631,los lagos,10,llanquihue,101,frutillar,10105,30,260,130,130,209,106,103,51,24,27
30632,los lagos,10,llanquihue,101,frutillar,10105,31,238,122,116,170,86,84,68,36,32
30633,los lagos,10,llanquihue,101,frutillar,10105,32,255,121,134,177,91,86,78,30,48
30634,los lagos,10,llanquihue,101,frutillar,10105,33,242,126,116,183,91,92,59,35,24
30635,los lagos,10,llanquihue,101,frutillar,10105,34,245,103,142,183,71,112,62,32,30
30636,los lagos,10,llanquihue,101,frutillar,10105,35,241,125,116,184,96,88,57,29,28
30637,los lagos,10,llanquihue,101,frutillar,10105,36,252,121,131,183,87,96,69,34,35
30638,los lagos,10,llanquihue,101,frutillar,10105,37,254,113,141,187,80,107,67,33,34
30639,los lagos,10,llanquihue,101,frutillar,10105,38,238,125,113,180,96,84,58,29,29
30640,los lagos,10,llanquihue,101,frutillar,10105,39,232,117,115,166,83,83,66,34,32
30641,los lagos,10,llanquihue,101,frutillar,10105,40,235,120,115,168,85,83,67,35,32
30642,los lagos,10,llanquihue,101,frutillar,10105,41,271,115,156,181,76,105,90,39,51
30643,los lagos,10,llanquihue,101,frutillar,10105,42,260,130,130,183,90,93,77,40,37
30644,los lagos,10,llanquihue,101,frutillar,10105,43,265,134,131,170,83,87,95,51,44
30645,los lagos,10,llanquihue,101,frutillar,10105,44,285,155,130,200,108,92,85,47,38
30646,los lagos,10,llanquihue,101,frutillar,10105,45,235,110,125,157,72,85,78,38,40
30647,los lagos,10,llanquihue,101,frutillar,10105,46,241,109,132,170,76,94,71,33,38
30648,los lagos,10,llanquihue,101,frutillar,10105,47,208,95,113,146,61,85,62,34,28
30649,los lagos,10,llanquihue,101,frutillar,10105,48,258,118,140,183,82,101,75,36,39
30650,los lagos,10,llanquihue,101,frutillar,10105,49,288,138,150,193,93,100,95,45,50
30651,los lagos,10,llanquihue,101,frutillar,10105,50,280,147,133,185,92,93,95,55,40
30652,los lagos,10,llanquihue,101,frutillar,10105,51,285,137,148,183,89,94,102,48,54
30653,los lagos,10,llanquihue,101,frutillar,10105,52,286,140,146,193,92,101,93,48,45
30654,los lagos,10,llanquihue,101,frutillar,10105,53,283,139,144,166,78,88,117,61,56
30655,los lagos,10,llanquihue,101,frutillar,10105,54,270,137,133,175,84,91,95,53,42
30656,los lagos,10,llanquihue,101,frutillar,10105,55,265,133,132,160,73,87,105,60,45
30657,los lagos,10,llanquihue,101,frutillar,10105,56,251,128,123,158,75,83,93,53,40
30658,los lagos,10,llanquihue,101,frutillar,10105,57,229,115,114,143,60,83,86,55,31
30659,los lagos,10,llanquihue,101,frutillar,10105,58,237,121,116,140,68,72,97,53,44
30660,los lagos,10,llanquihue,101,frutillar,10105,59,212,108,104,128,55,73,84,53,31
30661,los lagos,10,llanquihue,101,frutillar,10105,60,205,113,92,127,63,64,78,50,28
30662,los lagos,10,llanquihue,101,frutillar,10105,61,220,114,106,131,67,64,89,47,42
30663,los lagos,10,llanquihue,101,frutillar,10105,62,168,87,81,109,59,50,59,28,31
30664,los lagos,10,llanquihue,101,frutillar,10105,63,172,81,91,122,57,65,50,24,26
30665,los lagos,10,llanquihue,101,frutillar,10105,64,165,76,89,95,41,54,70,35,35
30666,los lagos,10,llanquihue,101,frutillar,10105,65,159,83,76,97,50,47,62,33,29
30667,los lagos,10,llanquihue,101,frutillar,10105,66,157,70,87,102,45,57,55,25,30
30668,los lagos,10,llanquihue,101,frutillar,10105,67,141,62,79,86,43,43,55,19,36
30669,los lagos,10,llanquihue,101,frutillar,10105,68,146,62,84,97,38,59,49,24,25
30670,los lagos,10,llanquihue,101,frutillar,10105,69,145,75,70,97,47,50,48,28,20
30671,los lagos,10,llanquihue,101,frutillar,10105,70,131,62,69,86,38,48,45,24,21
30672,los lagos,10,llanquihue,101,frutillar,10105,71,121,52,69,79,34,45,42,18,24
30673,los lagos,10,llanquihue,101,frutillar,10105,72,106,51,55,66,35,31,40,16,24
30674,los lagos,10,llanquihue,101,frutillar,10105,73,80,37,43,48,18,30,32,19,13
30675,los lagos,10,llanquihue,101,frutillar,10105,74,101,55,46,62,28,34,39,27,12
30676,los lagos,10,llanquihue,101,frutillar,10105,75,100,55,45,67,37,30,33,18,15
30677,los lagos,10,llanquihue,101,frutillar,10105,76,97,48,49,62,30,32,35,18,17
30678,los lagos,10,llanquihue,101,frutillar,10105,77,86,37,49,52,22,30,34,15,19
30679,los lagos,10,llanquihue,101,frutillar,10105,78,71,31,40,47,21,26,24,10,14
30680,los lagos,10,llanquihue,101,frutillar,10105,79,68,31,37,39,20,19,29,11,18
30681,los lagos,10,llanquihue,101,frutillar,10105,80,69,26,43,41,14,27,28,12,16
30682,los lagos,10,llanquihue,101,frutillar,10105,81,45,20,25,25,8,17,20,12,8
30683,los lagos,10,llanquihue,101,frutillar,10105,82,55,24,31,36,11,25,19,13,6
30684,los lagos,10,llanquihue,101,frutillar,10105,83,34,12,22,21,7,14,13,5,8
30685,los lagos,10,llanquihue,101,frutillar,10105,84,48,26,22,35,20,15,13,6,7
30686,los lagos,10,llanquihue,101,frutillar,10105,85,49,21,28,33,13,20,16,8,8
30687,los lagos,10,llanquihue,101,frutillar,10105,86,34,13,21,28,11,17,6,2,4
30688,los lagos,10,llanquihue,101,frutillar,10105,87,21,10,11,13,4,9,8,6,2
30689,los lagos,10,llanquihue,101,frutillar,10105,88,21,10,11,11,5,6,10,5,5
30690,los lagos,10,llanquihue,101,frutillar,10105,89,19,10,9,12,6,6,7,4,3
30691,los lagos,10,llanquihue,101,frutillar,10105,90,23,11,12,14,7,7,9,4,5
30692,los lagos,10,llanquihue,101,frutillar,10105,91,15,10,5,11,6,5,4,4,0
30693,los lagos,10,llanquihue,101,frutillar,10105,92,17,6,11,9,3,6,8,3,5
30694,los lagos,10,llanquihue,101,frutillar,10105,93,6,1,5,2,0,2,4,1,3
30695,los lagos,10,llanquihue,101,frutillar,10105,94,10,3,7,7,3,4,3,0,3
30696,los lagos,10,llanquihue,101,frutillar,10105,95,6,2,4,4,1,3,2,1,1
30697,los lagos,10,llanquihue,101,frutillar,10105,96,2,2,0,1,1,0,1,1,0
30698,los lagos,10,llanquihue,101,frutillar,10105,97,2,1,1,1,1,0,1,0,1
30699,los lagos,10,llanquihue,101,frutillar,10105,98,0,0,0,0,0,0,0,0,0
30700,los lagos,10,llanquihue,101,frutillar,10105,99,2,0,2,2,0,2,0,0,0
30701,los lagos,10,llanquihue,101,frutillar,10105,100 o más,4,2,2,1,1,0,3,1,2
30702,los lagos,10,llanquihue,101,los muermos,10106,total comuna,17068,8681,8387,8106,3840,4266,8962,4841,4121
30703,los lagos,10,llanquihue,101,los muermos,10106,0,180,98,82,94,50,44,86,48,38
30704,los lagos,10,llanquihue,101,los muermos,10106,1,220,107,113,127,54,73,93,53,40
30705,los lagos,10,llanquihue,101,los muermos,10106,2,243,100,143,145,57,88,98,43,55
30706,los lagos,10,llanquihue,101,los muermos,10106,3,228,129,99,128,73,55,100,56,44
30707,los lagos,10,llanquihue,101,los muermos,10106,4,202,107,95,102,55,47,100,52,48
30708,los lagos,10,llanquihue,101,los muermos,10106,5,216,108,108,124,64,60,92,44,48
30709,los lagos,10,llanquihue,101,los muermos,10106,6,224,128,96,118,66,52,106,62,44
30710,los lagos,10,llanquihue,101,los muermos,10106,7,225,102,123,114,45,69,111,57,54
30711,los lagos,10,llanquihue,101,los muermos,10106,8,240,114,126,145,69,76,95,45,50
30712,los lagos,10,llanquihue,101,los muermos,10106,9,258,135,123,136,77,59,122,58,64
30713,los lagos,10,llanquihue,101,los muermos,10106,10,242,116,126,128,59,69,114,57,57
30714,los lagos,10,llanquihue,101,los muermos,10106,11,226,105,121,116,48,68,110,57,53
30715,los lagos,10,llanquihue,101,los muermos,10106,12,210,94,116,110,54,56,100,40,60
30716,los lagos,10,llanquihue,101,los muermos,10106,13,245,129,116,126,66,60,119,63,56
30717,los lagos,10,llanquihue,101,los muermos,10106,14,231,109,122,122,57,65,109,52,57
30718,los lagos,10,llanquihue,101,los muermos,10106,15,234,122,112,129,59,70,105,63,42
30719,los lagos,10,llanquihue,101,los muermos,10106,16,249,114,135,147,56,91,102,58,44
30720,los lagos,10,llanquihue,101,los muermos,10106,17,222,123,99,121,67,54,101,56,45
30721,los lagos,10,llanquihue,101,los muermos,10106,18,220,105,115,138,64,74,82,41,41
30722,los lagos,10,llanquihue,101,los muermos,10106,19,199,107,92,121,64,57,78,43,35
30723,los lagos,10,llanquihue,101,los muermos,10106,20,226,132,94,128,75,53,98,57,41
30724,los lagos,10,llanquihue,101,los muermos,10106,21,213,103,110,125,54,71,88,49,39
30725,los lagos,10,llanquihue,101,los muermos,10106,22,188,101,87,109,61,48,79,40,39
30726,los lagos,10,llanquihue,101,los muermos,10106,23,217,103,114,110,47,63,107,56,51
30727,los lagos,10,llanquihue,101,los muermos,10106,24,202,93,109,120,55,65,82,38,44
30728,los lagos,10,llanquihue,101,los muermos,10106,25,225,127,98,123,65,58,102,62,40
30729,los lagos,10,llanquihue,101,los muermos,10106,26,247,124,123,152,76,76,95,48,47
30730,los lagos,10,llanquihue,101,los muermos,10106,27,225,97,128,134,52,82,91,45,46
30731,los lagos,10,llanquihue,101,los muermos,10106,28,242,122,120,136,56,80,106,66,40
30732,los lagos,10,llanquihue,101,los muermos,10106,29,224,111,113,124,62,62,100,49,51
30733,los lagos,10,llanquihue,101,los muermos,10106,30,211,108,103,115,51,64,96,57,39
30734,los lagos,10,llanquihue,101,los muermos,10106,31,210,90,120,109,50,59,101,40,61
30735,los lagos,10,llanquihue,101,los muermos,10106,32,183,80,103,101,38,63,82,42,40
30736,los lagos,10,llanquihue,101,los muermos,10106,33,197,90,107,113,51,62,84,39,45
30737,los lagos,10,llanquihue,101,los muermos,10106,34,198,104,94,114,60,54,84,44,40
30738,los lagos,10,llanquihue,101,los muermos,10106,35,208,91,117,97,34,63,111,57,54
30739,los lagos,10,llanquihue,101,los muermos,10106,36,182,85,97,88,41,47,94,44,50
30740,los lagos,10,llanquihue,101,los muermos,10106,37,205,108,97,113,49,64,92,59,33
30741,los lagos,10,llanquihue,101,los muermos,10106,38,199,105,94,95,49,46,104,56,48
30742,los lagos,10,llanquihue,101,los muermos,10106,39,198,109,89,97,49,48,101,60,41
30743,los lagos,10,llanquihue,101,los muermos,10106,40,235,120,115,100,41,59,135,79,56
30744,los lagos,10,llanquihue,101,los muermos,10106,41,248,118,130,125,53,72,123,65,58
30745,los lagos,10,llanquihue,101,los muermos,10106,42,249,128,121,117,58,59,132,70,62
30746,los lagos,10,llanquihue,101,los muermos,10106,43,251,137,114,112,59,53,139,78,61
30747,los lagos,10,llanquihue,101,los muermos,10106,44,225,129,96,101,52,49,124,77,47
30748,los lagos,10,llanquihue,101,los muermos,10106,45,249,133,116,108,50,58,141,83,58
30749,los lagos,10,llanquihue,101,los muermos,10106,46,222,126,96,97,53,44,125,73,52
30750,los lagos,10,llanquihue,101,los muermos,10106,47,235,130,105,111,51,60,124,79,45
30751,los lagos,10,llanquihue,101,los muermos,10106,48,291,148,143,136,55,81,155,93,62
30752,los lagos,10,llanquihue,101,los muermos,10106,49,286,151,135,121,57,64,165,94,71
30753,los lagos,10,llanquihue,101,los muermos,10106,50,283,145,138,114,45,69,169,100,69
30754,los lagos,10,llanquihue,101,los muermos,10106,51,274,137,137,108,50,58,166,87,79
30755,los lagos,10,llanquihue,101,los muermos,10106,52,247,132,115,112,62,50,135,70,65
30756,los lagos,10,llanquihue,101,los muermos,10106,53,263,139,124,108,57,51,155,82,73
30757,los lagos,10,llanquihue,101,los muermos,10106,54,275,130,145,114,51,63,161,79,82
30758,los lagos,10,llanquihue,101,los muermos,10106,55,225,116,109,83,35,48,142,81,61
30759,los lagos,10,llanquihue,101,los muermos,10106,56,201,105,96,94,44,50,107,61,46
30760,los lagos,10,llanquihue,101,los muermos,10106,57,233,123,110,75,37,38,158,86,72
30761,los lagos,10,llanquihue,101,los muermos,10106,58,214,112,102,84,41,43,130,71,59
30762,los lagos,10,llanquihue,101,los muermos,10106,59,208,108,100,96,46,50,112,62,50
30763,los lagos,10,llanquihue,101,los muermos,10106,60,212,110,102,72,37,35,140,73,67
30764,los lagos,10,llanquihue,101,los muermos,10106,61,189,101,88,76,35,41,113,66,47
30765,los lagos,10,llanquihue,101,los muermos,10106,62,192,112,80,65,38,27,127,74,53
30766,los lagos,10,llanquihue,101,los muermos,10106,63,163,91,72,52,33,19,111,58,53
30767,los lagos,10,llanquihue,101,los muermos,10106,64,156,74,82,53,23,30,103,51,52
30768,los lagos,10,llanquihue,101,los muermos,10106,65,166,84,82,60,28,32,106,56,50
30769,los lagos,10,llanquihue,101,los muermos,10106,66,158,83,75,62,26,36,96,57,39
30770,los lagos,10,llanquihue,101,los muermos,10106,67,160,96,64,57,26,31,103,70,33
30771,los lagos,10,llanquihue,101,los muermos,10106,68,156,81,75,51,25,26,105,56,49
30772,los lagos,10,llanquihue,101,los muermos,10106,69,174,91,83,56,24,32,118,67,51
30773,los lagos,10,llanquihue,101,los muermos,10106,70,152,87,65,50,32,18,102,55,47
30774,los lagos,10,llanquihue,101,los muermos,10106,71,116,55,61,39,18,21,77,37,40
30775,los lagos,10,llanquihue,101,los muermos,10106,72,137,77,60,39,20,19,98,57,41
30776,los lagos,10,llanquihue,101,los muermos,10106,73,99,48,51,39,17,22,60,31,29
30777,los lagos,10,llanquihue,101,los muermos,10106,74,128,66,62,38,17,21,90,49,41
30778,los lagos,10,llanquihue,101,los muermos,10106,75,119,66,53,43,21,22,76,45,31
30779,los lagos,10,llanquihue,101,los muermos,10106,76,95,43,52,33,13,20,62,30,32
30780,los lagos,10,llanquihue,101,los muermos,10106,77,112,52,60,43,18,25,69,34,35
30781,los lagos,10,llanquihue,101,los muermos,10106,78,89,47,42,30,15,15,59,32,27
30782,los lagos,10,llanquihue,101,los muermos,10106,79,77,43,34,25,8,17,52,35,17
30783,los lagos,10,llanquihue,101,los muermos,10106,80,72,39,33,33,16,17,39,23,16
30784,los lagos,10,llanquihue,101,los muermos,10106,81,77,41,36,24,14,10,53,27,26
30785,los lagos,10,llanquihue,101,los muermos,10106,82,60,28,32,19,7,12,41,21,20
30786,los lagos,10,llanquihue,101,los muermos,10106,83,64,24,40,31,9,22,33,15,18
30787,los lagos,10,llanquihue,101,los muermos,10106,84,45,18,27,10,2,8,35,16,19
30788,los lagos,10,llanquihue,101,los muermos,10106,85,31,16,15,9,4,5,22,12,10
30789,los lagos,10,llanquihue,101,los muermos,10106,86,41,16,25,12,4,8,29,12,17
30790,los lagos,10,llanquihue,101,los muermos,10106,87,34,18,16,10,3,7,24,15,9
30791,los lagos,10,llanquihue,101,los muermos,10106,88,35,16,19,13,6,7,22,10,12
30792,los lagos,10,llanquihue,101,los muermos,10106,89,29,14,15,12,6,6,17,8,9
30793,los lagos,10,llanquihue,101,los muermos,10106,90,20,8,12,6,3,3,14,5,9
30794,los lagos,10,llanquihue,101,los muermos,10106,91,16,5,11,8,3,5,8,2,6
30795,los lagos,10,llanquihue,101,los muermos,10106,92,21,9,12,7,4,3,14,5,9
30796,los lagos,10,llanquihue,101,los muermos,10106,93,11,1,10,4,0,4,7,1,6
30797,los lagos,10,llanquihue,101,los muermos,10106,94,10,7,3,6,3,3,4,4,0
30798,los lagos,10,llanquihue,101,los muermos,10106,95,5,4,1,1,1,0,4,3,1
30799,los lagos,10,llanquihue,101,los muermos,10106,96,8,3,5,2,1,1,6,2,4
30800,los lagos,10,llanquihue,101,los muermos,10106,97,2,1,1,1,0,1,1,1,0
30801,los lagos,10,llanquihue,101,los muermos,10106,98,4,2,2,2,2,0,2,0,2
30802,los lagos,10,llanquihue,101,los muermos,10106,99,1,1,0,1,1,0,0,0,0
30803,los lagos,10,llanquihue,101,los muermos,10106,100 o más,4,1,3,2,1,1,2,0,2
30804,los lagos,10,llanquihue,101,llanquihue,10107,total comuna,17591,8627,8964,14222,6901,7321,3369,1726,1643
30805,los lagos,10,llanquihue,101,llanquihue,10107,0,190,95,95,159,80,79,31,15,16
30806,los lagos,10,llanquihue,101,llanquihue,10107,1,205,101,104,161,84,77,44,17,27
30807,los lagos,10,llanquihue,101,llanquihue,10107,2,228,121,107,186,98,88,42,23,19
30808,los lagos,10,llanquihue,101,llanquihue,10107,3,239,114,125,188,89,99,51,25,26
30809,los lagos,10,llanquihue,101,llanquihue,10107,4,235,124,111,195,99,96,40,25,15
30810,los lagos,10,llanquihue,101,llanquihue,10107,5,257,127,130,211,105,106,46,22,24
30811,los lagos,10,llanquihue,101,llanquihue,10107,6,218,102,116,181,86,95,37,16,21
30812,los lagos,10,llanquihue,101,llanquihue,10107,7,267,132,135,218,101,117,49,31,18
30813,los lagos,10,llanquihue,101,llanquihue,10107,8,254,125,129,207,99,108,47,26,21
30814,los lagos,10,llanquihue,101,llanquihue,10107,9,243,119,124,196,100,96,47,19,28
30815,los lagos,10,llanquihue,101,llanquihue,10107,10,243,118,125,198,96,102,45,22,23
30816,los lagos,10,llanquihue,101,llanquihue,10107,11,241,136,105,201,110,91,40,26,14
30817,los lagos,10,llanquihue,101,llanquihue,10107,12,244,107,137,205,86,119,39,21,18
30818,los lagos,10,llanquihue,101,llanquihue,10107,13,249,128,121,209,109,100,40,19,21
30819,los lagos,10,llanquihue,101,llanquihue,10107,14,258,129,129,215,111,104,43,18,25
30820,los lagos,10,llanquihue,101,llanquihue,10107,15,254,131,123,201,102,99,53,29,24
30821,los lagos,10,llanquihue,101,llanquihue,10107,16,270,153,117,228,131,97,42,22,20
30822,los lagos,10,llanquihue,101,llanquihue,10107,17,246,110,136,199,88,111,47,22,25
30823,los lagos,10,llanquihue,101,llanquihue,10107,18,257,130,127,220,115,105,37,15,22
30824,los lagos,10,llanquihue,101,llanquihue,10107,19,275,127,148,241,113,128,34,14,20
30825,los lagos,10,llanquihue,101,llanquihue,10107,20,282,139,143,248,122,126,34,17,17
30826,los lagos,10,llanquihue,101,llanquihue,10107,21,242,123,119,206,103,103,36,20,16
30827,los lagos,10,llanquihue,101,llanquihue,10107,22,246,125,121,221,111,110,25,14,11
30828,los lagos,10,llanquihue,101,llanquihue,10107,23,275,139,136,237,123,114,38,16,22
30829,los lagos,10,llanquihue,101,llanquihue,10107,24,249,122,127,221,111,110,28,11,17
30830,los lagos,10,llanquihue,101,llanquihue,10107,25,266,138,128,233,119,114,33,19,14
30831,los lagos,10,llanquihue,101,llanquihue,10107,26,294,141,153,245,121,124,49,20,29
30832,los lagos,10,llanquihue,101,llanquihue,10107,27,255,123,132,229,112,117,26,11,15
30833,los lagos,10,llanquihue,101,llanquihue,10107,28,228,110,118,203,99,104,25,11,14
30834,los lagos,10,llanquihue,101,llanquihue,10107,29,231,112,119,197,89,108,34,23,11
30835,los lagos,10,llanquihue,101,llanquihue,10107,30,229,107,122,192,89,103,37,18,19
30836,los lagos,10,llanquihue,101,llanquihue,10107,31,211,105,106,178,89,89,33,16,17
30837,los lagos,10,llanquihue,101,llanquihue,10107,32,244,123,121,204,104,100,40,19,21
30838,los lagos,10,llanquihue,101,llanquihue,10107,33,218,105,113,178,87,91,40,18,22
30839,los lagos,10,llanquihue,101,llanquihue,10107,34,213,103,110,180,85,95,33,18,15
30840,los lagos,10,llanquihue,101,llanquihue,10107,35,225,104,121,186,85,101,39,19,20
30841,los lagos,10,llanquihue,101,llanquihue,10107,36,204,111,93,165,90,75,39,21,18
30842,los lagos,10,llanquihue,101,llanquihue,10107,37,224,105,119,178,84,94,46,21,25
30843,los lagos,10,llanquihue,101,llanquihue,10107,38,226,110,116,173,84,89,53,26,27
30844,los lagos,10,llanquihue,101,llanquihue,10107,39,222,113,109,157,81,76,65,32,33
30845,los lagos,10,llanquihue,101,llanquihue,10107,40,214,103,111,183,87,96,31,16,15
30846,los lagos,10,llanquihue,101,llanquihue,10107,41,234,103,131,194,85,109,40,18,22
30847,los lagos,10,llanquihue,101,llanquihue,10107,42,254,132,122,204,107,97,50,25,25
30848,los lagos,10,llanquihue,101,llanquihue,10107,43,274,133,141,215,106,109,59,27,32
30849,los lagos,10,llanquihue,101,llanquihue,10107,44,273,133,140,227,106,121,46,27,19
30850,los lagos,10,llanquihue,101,llanquihue,10107,45,247,114,133,214,98,116,33,16,17
30851,los lagos,10,llanquihue,101,llanquihue,10107,46,259,131,128,198,99,99,61,32,29
30852,los lagos,10,llanquihue,101,llanquihue,10107,47,247,126,121,201,98,103,46,28,18
30853,los lagos,10,llanquihue,101,llanquihue,10107,48,257,128,129,198,99,99,59,29,30
30854,los lagos,10,llanquihue,101,llanquihue,10107,49,261,124,137,208,97,111,53,27,26
30855,los lagos,10,llanquihue,101,llanquihue,10107,50,271,125,146,212,94,118,59,31,28
30856,los lagos,10,llanquihue,101,llanquihue,10107,51,286,149,137,238,123,115,48,26,22
30857,los lagos,10,llanquihue,101,llanquihue,10107,52,264,132,132,203,101,102,61,31,30
30858,los lagos,10,llanquihue,101,llanquihue,10107,53,266,123,143,196,86,110,70,37,33
30859,los lagos,10,llanquihue,101,llanquihue,10107,54,268,144,124,210,109,101,58,35,23
30860,los lagos,10,llanquihue,101,llanquihue,10107,55,219,102,117,157,74,83,62,28,34
30861,los lagos,10,llanquihue,101,llanquihue,10107,56,250,130,120,186,93,93,64,37,27
30862,los lagos,10,llanquihue,101,llanquihue,10107,57,213,116,97,160,84,76,53,32,21
30863,los lagos,10,llanquihue,101,llanquihue,10107,58,211,109,102,170,83,87,41,26,15
30864,los lagos,10,llanquihue,101,llanquihue,10107,59,187,95,92,140,71,69,47,24,23
30865,los lagos,10,llanquihue,101,llanquihue,10107,60,198,109,89,143,76,67,55,33,22
30866,los lagos,10,llanquihue,101,llanquihue,10107,61,179,76,103,133,56,77,46,20,26
30867,los lagos,10,llanquihue,101,llanquihue,10107,62,184,94,90,140,65,75,44,29,15
30868,los lagos,10,llanquihue,101,llanquihue,10107,63,180,91,89,138,69,69,42,22,20
30869,los lagos,10,llanquihue,101,llanquihue,10107,64,176,76,100,124,50,74,52,26,26
30870,los lagos,10,llanquihue,101,llanquihue,10107,65,158,75,83,112,56,56,46,19,27
30871,los lagos,10,llanquihue,101,llanquihue,10107,66,153,73,80,119,57,62,34,16,18
30872,los lagos,10,llanquihue,101,llanquihue,10107,67,122,66,56,85,43,42,37,23,14
30873,los lagos,10,llanquihue,101,llanquihue,10107,68,134,80,54,100,55,45,34,25,9
30874,los lagos,10,llanquihue,101,llanquihue,10107,69,108,50,58,78,30,48,30,20,10
30875,los lagos,10,llanquihue,101,llanquihue,10107,70,127,54,73,98,38,60,29,16,13
30876,los lagos,10,llanquihue,101,llanquihue,10107,71,127,61,66,105,46,59,22,15,7
30877,los lagos,10,llanquihue,101,llanquihue,10107,72,110,51,59,91,41,50,19,10,9
30878,los lagos,10,llanquihue,101,llanquihue,10107,73,87,41,46,69,31,38,18,10,8
30879,los lagos,10,llanquihue,101,llanquihue,10107,74,117,59,58,96,46,50,21,13,8
30880,los lagos,10,llanquihue,101,llanquihue,10107,75,85,36,49,65,26,39,20,10,10
30881,los lagos,10,llanquihue,101,llanquihue,10107,76,76,29,47,55,18,37,21,11,10
30882,los lagos,10,llanquihue,101,llanquihue,10107,77,85,43,42,69,37,32,16,6,10
30883,los lagos,10,llanquihue,101,llanquihue,10107,78,83,36,47,65,28,37,18,8,10
30884,los lagos,10,llanquihue,101,llanquihue,10107,79,79,35,44,56,24,32,23,11,12
30885,los lagos,10,llanquihue,101,llanquihue,10107,80,50,23,27,41,21,20,9,2,7
30886,los lagos,10,llanquihue,101,llanquihue,10107,81,61,22,39,41,11,30,20,11,9
30887,los lagos,10,llanquihue,101,llanquihue,10107,82,38,18,20,28,13,15,10,5,5
30888,los lagos,10,llanquihue,101,llanquihue,10107,83,41,17,24,34,15,19,7,2,5
30889,los lagos,10,llanquihue,101,llanquihue,10107,84,31,11,20,29,10,19,2,1,1
30890,los lagos,10,llanquihue,101,llanquihue,10107,85,29,5,24,23,5,18,6,0,6
30891,los lagos,10,llanquihue,101,llanquihue,10107,86,32,9,23,26,7,19,6,2,4
30892,los lagos,10,llanquihue,101,llanquihue,10107,87,24,9,15,15,5,10,9,4,5
30893,los lagos,10,llanquihue,101,llanquihue,10107,88,20,6,14,15,5,10,5,1,4
30894,los lagos,10,llanquihue,101,llanquihue,10107,89,22,9,13,17,7,10,5,2,3
30895,los lagos,10,llanquihue,101,llanquihue,10107,90,11,3,8,10,3,7,1,0,1
30896,los lagos,10,llanquihue,101,llanquihue,10107,91,12,6,6,8,5,3,4,1,3
30897,los lagos,10,llanquihue,101,llanquihue,10107,92,12,4,8,10,4,6,2,0,2
30898,los lagos,10,llanquihue,101,llanquihue,10107,93,9,2,7,5,0,5,4,2,2
30899,los lagos,10,llanquihue,101,llanquihue,10107,94,4,1,3,2,0,2,2,1,1
30900,los lagos,10,llanquihue,101,llanquihue,10107,95,3,1,2,2,1,1,1,0,1
30901,los lagos,10,llanquihue,101,llanquihue,10107,96,4,2,2,3,2,1,1,0,1
30902,los lagos,10,llanquihue,101,llanquihue,10107,97,2,2,0,2,2,0,0,0,0
30903,los lagos,10,llanquihue,101,llanquihue,10107,98,2,0,2,2,0,2,0,0,0
30904,los lagos,10,llanquihue,101,llanquihue,10107,99,2,2,0,2,2,0,0,0,0
30905,los lagos,10,llanquihue,101,llanquihue,10107,100 o más,2,1,1,2,1,1,0,0,0
30906,los lagos,10,llanquihue,101,maullín,10108,total comuna,14216,7231,6985,6626,3246,3380,7590,3985,3605
30907,los lagos,10,llanquihue,101,maullín,10108,0,123,70,53,77,44,33,46,26,20
30908,los lagos,10,llanquihue,101,maullín,10108,1,161,82,79,88,47,41,73,35,38
30909,los lagos,10,llanquihue,101,maullín,10108,2,145,81,64,75,43,32,70,38,32
30910,los lagos,10,llanquihue,101,maullín,10108,3,171,91,80,88,49,39,83,42,41
30911,los lagos,10,llanquihue,101,maullín,10108,4,170,85,85,82,39,43,88,46,42
30912,los lagos,10,llanquihue,101,maullín,10108,5,155,89,66,84,46,38,71,43,28
30913,los lagos,10,llanquihue,101,maullín,10108,6,189,87,102,98,47,51,91,40,51
30914,los lagos,10,llanquihue,101,maullín,10108,7,178,86,92,91,43,48,87,43,44
30915,los lagos,10,llanquihue,101,maullín,10108,8,188,100,88,88,36,52,100,64,36
30916,los lagos,10,llanquihue,101,maullín,10108,9,178,103,75,96,62,34,82,41,41
30917,los lagos,10,llanquihue,101,maullín,10108,10,169,80,89,84,41,43,85,39,46
30918,los lagos,10,llanquihue,101,maullín,10108,11,191,100,91,105,56,49,86,44,42
30919,los lagos,10,llanquihue,101,maullín,10108,12,206,99,107,94,45,49,112,54,58
30920,los lagos,10,llanquihue,101,maullín,10108,13,180,93,87,90,42,48,90,51,39
30921,los lagos,10,llanquihue,101,maullín,10108,14,181,95,86,101,51,50,80,44,36
30922,los lagos,10,llanquihue,101,maullín,10108,15,185,96,89,80,47,33,105,49,56
30923,los lagos,10,llanquihue,101,maullín,10108,16,182,106,76,103,54,49,79,52,27
30924,los lagos,10,llanquihue,101,maullín,10108,17,186,99,87,105,54,51,81,45,36
30925,los lagos,10,llanquihue,101,maullín,10108,18,160,81,79,83,38,45,77,43,34
30926,los lagos,10,llanquihue,101,maullín,10108,19,138,67,71,79,38,41,59,29,30
30927,los lagos,10,llanquihue,101,maullín,10108,20,142,72,70,82,38,44,60,34,26
30928,los lagos,10,llanquihue,101,maullín,10108,21,178,73,105,97,44,53,81,29,52
30929,los lagos,10,llanquihue,101,maullín,10108,22,157,80,77,69,39,30,88,41,47
30930,los lagos,10,llanquihue,101,maullín,10108,23,157,73,84,89,39,50,68,34,34
30931,los lagos,10,llanquihue,101,maullín,10108,24,171,85,86,96,49,47,75,36,39
30932,los lagos,10,llanquihue,101,maullín,10108,25,190,89,101,107,49,58,83,40,43
30933,los lagos,10,llanquihue,101,maullín,10108,26,182,91,91,102,43,59,80,48,32
30934,los lagos,10,llanquihue,101,maullín,10108,27,193,91,102,111,50,61,82,41,41
30935,los lagos,10,llanquihue,101,maullín,10108,28,176,85,91,101,44,57,75,41,34
30936,los lagos,10,llanquihue,101,maullín,10108,29,190,86,104,116,50,66,74,36,38
30937,los lagos,10,llanquihue,101,maullín,10108,30,177,76,101,91,46,45,86,30,56
30938,los lagos,10,llanquihue,101,maullín,10108,31,153,82,71,77,36,41,76,46,30
30939,los lagos,10,llanquihue,101,maullín,10108,32,144,75,69,77,48,29,67,27,40
30940,los lagos,10,llanquihue,101,maullín,10108,33,155,82,73,84,43,41,71,39,32
30941,los lagos,10,llanquihue,101,maullín,10108,34,146,74,72,74,39,35,72,35,37
30942,los lagos,10,llanquihue,101,maullín,10108,35,155,73,82,85,35,50,70,38,32
30943,los lagos,10,llanquihue,101,maullín,10108,36,144,61,83,65,28,37,79,33,46
30944,los lagos,10,llanquihue,101,maullín,10108,37,134,67,67,62,28,34,72,39,33
30945,los lagos,10,llanquihue,101,maullín,10108,38,156,81,75,73,35,38,83,46,37
30946,los lagos,10,llanquihue,101,maullín,10108,39,164,72,92,90,37,53,74,35,39
30947,los lagos,10,llanquihue,101,maullín,10108,40,155,80,75,74,31,43,81,49,32
30948,los lagos,10,llanquihue,101,maullín,10108,41,177,89,88,75,35,40,102,54,48
30949,los lagos,10,llanquihue,101,maullín,10108,42,192,94,98,85,38,47,107,56,51
30950,los lagos,10,llanquihue,101,maullín,10108,43,212,103,109,93,38,55,119,65,54
30951,los lagos,10,llanquihue,101,maullín,10108,44,228,115,113,97,48,49,131,67,64
30952,los lagos,10,llanquihue,101,maullín,10108,45,228,124,104,124,71,53,104,53,51
30953,los lagos,10,llanquihue,101,maullín,10108,46,229,114,115,107,52,55,122,62,60
30954,los lagos,10,llanquihue,101,maullín,10108,47,225,128,97,97,56,41,128,72,56
30955,los lagos,10,llanquihue,101,maullín,10108,48,239,128,111,110,61,49,129,67,62
30956,los lagos,10,llanquihue,101,maullín,10108,49,217,116,101,104,47,57,113,69,44
30957,los lagos,10,llanquihue,101,maullín,10108,50,246,122,124,104,50,54,142,72,70
30958,los lagos,10,llanquihue,101,maullín,10108,51,261,132,129,101,48,53,160,84,76
30959,los lagos,10,llanquihue,101,maullín,10108,52,220,112,108,92,44,48,128,68,60
30960,los lagos,10,llanquihue,101,maullín,10108,53,235,127,108,95,47,48,140,80,60
30961,los lagos,10,llanquihue,101,maullín,10108,54,251,141,110,99,54,45,152,87,65
30962,los lagos,10,llanquihue,101,maullín,10108,55,213,117,96,85,45,40,128,72,56
30963,los lagos,10,llanquihue,101,maullín,10108,56,205,121,84,89,44,45,116,77,39
30964,los lagos,10,llanquihue,101,maullín,10108,57,204,108,96,83,46,37,121,62,59
30965,los lagos,10,llanquihue,101,maullín,10108,58,189,96,93,75,35,40,114,61,53
30966,los lagos,10,llanquihue,101,maullín,10108,59,183,88,95,95,40,55,88,48,40
30967,los lagos,10,llanquihue,101,maullín,10108,60,191,103,88,75,42,33,116,61,55
30968,los lagos,10,llanquihue,101,maullín,10108,61,166,88,78,69,32,37,97,56,41
30969,los lagos,10,llanquihue,101,maullín,10108,62,160,79,81,68,30,38,92,49,43
30970,los lagos,10,llanquihue,101,maullín,10108,63,193,99,94,80,43,37,113,56,57
30971,los lagos,10,llanquihue,101,maullín,10108,64,158,72,86,60,23,37,98,49,49
30972,los lagos,10,llanquihue,101,maullín,10108,65,138,76,62,49,25,24,89,51,38
30973,los lagos,10,llanquihue,101,maullín,10108,66,153,80,73,57,28,29,96,52,44
30974,los lagos,10,llanquihue,101,maullín,10108,67,152,84,68,56,31,25,96,53,43
30975,los lagos,10,llanquihue,101,maullín,10108,68,138,71,67,47,24,23,91,47,44
30976,los lagos,10,llanquihue,101,maullín,10108,69,137,69,68,53,31,22,84,38,46
30977,los lagos,10,llanquihue,101,maullín,10108,70,145,82,63,54,29,25,91,53,38
30978,los lagos,10,llanquihue,101,maullín,10108,71,118,67,51,41,22,19,77,45,32
30979,los lagos,10,llanquihue,101,maullín,10108,72,133,67,66,53,22,31,80,45,35
30980,los lagos,10,llanquihue,101,maullín,10108,73,104,54,50,33,20,13,71,34,37
30981,los lagos,10,llanquihue,101,maullín,10108,74,121,59,62,42,21,21,79,38,41
30982,los lagos,10,llanquihue,101,maullín,10108,75,92,48,44,28,11,17,64,37,27
30983,los lagos,10,llanquihue,101,maullín,10108,76,122,60,62,46,22,24,76,38,38
30984,los lagos,10,llanquihue,101,maullín,10108,77,99,47,52,37,18,19,62,29,33
30985,los lagos,10,llanquihue,101,maullín,10108,78,68,35,33,26,11,15,42,24,18
30986,los lagos,10,llanquihue,101,maullín,10108,79,81,34,47,31,11,20,50,23,27
30987,los lagos,10,llanquihue,101,maullín,10108,80,56,31,25,16,7,9,40,24,16
30988,los lagos,10,llanquihue,101,maullín,10108,81,70,39,31,27,14,13,43,25,18
30989,los lagos,10,llanquihue,101,maullín,10108,82,69,30,39,24,10,14,45,20,25
30990,los lagos,10,llanquihue,101,maullín,10108,83,66,30,36,27,9,18,39,21,18
30991,los lagos,10,llanquihue,101,maullín,10108,84,40,25,15,20,13,7,20,12,8
30992,los lagos,10,llanquihue,101,maullín,10108,85,39,18,21,10,5,5,29,13,16
30993,los lagos,10,llanquihue,101,maullín,10108,86,34,15,19,11,4,7,23,11,12
30994,los lagos,10,llanquihue,101,maullín,10108,87,43,15,28,18,4,14,25,11,14
30995,los lagos,10,llanquihue,101,maullín,10108,88,24,9,15,7,4,3,17,5,12
30996,los lagos,10,llanquihue,101,maullín,10108,89,17,5,12,5,1,4,12,4,8
30997,los lagos,10,llanquihue,101,maullín,10108,90,20,5,15,6,1,5,14,4,10
30998,los lagos,10,llanquihue,101,maullín,10108,91,17,6,11,6,1,5,11,5,6
30999,los lagos,10,llanquihue,101,maullín,10108,92,12,6,6,5,2,3,7,4,3
31000,los lagos,10,llanquihue,101,maullín,10108,93,8,2,6,5,0,5,3,2,1
31001,los lagos,10,llanquihue,101,maullín,10108,94,6,2,4,2,1,1,4,1,3
31002,los lagos,10,llanquihue,101,maullín,10108,95,4,1,3,3,1,2,1,0,1
31003,los lagos,10,llanquihue,101,maullín,10108,96,4,2,2,1,0,1,3,2,1
31004,los lagos,10,llanquihue,101,maullín,10108,97,4,2,2,1,0,1,3,2,1
31005,los lagos,10,llanquihue,101,maullín,10108,98,1,0,1,1,0,1,0,0,0
31006,los lagos,10,llanquihue,101,maullín,10108,99,2,0,2,1,0,1,1,0,1
31007,los lagos,10,llanquihue,101,maullín,10108,100 o más,2,1,1,2,1,1,0,0,0
31008,los lagos,10,llanquihue,101,puerto varas,10109,total comuna,44578,21878,22700,32210,15465,16745,12368,6413,5955
31009,los lagos,10,llanquihue,101,puerto varas,10109,0,628,329,299,464,245,219,164,84,80
31010,los lagos,10,llanquihue,101,puerto varas,10109,1,664,301,363,508,231,277,156,70,86
31011,los lagos,10,llanquihue,101,puerto varas,10109,2,676,351,325,498,253,245,178,98,80
31012,los lagos,10,llanquihue,101,puerto varas,10109,3,679,341,338,513,258,255,166,83,83
31013,los lagos,10,llanquihue,101,puerto varas,10109,4,720,358,362,529,262,267,191,96,95
31014,los lagos,10,llanquihue,101,puerto varas,10109,5,688,368,320,496,265,231,192,103,89
31015,los lagos,10,llanquihue,101,puerto varas,10109,6,718,368,350,511,254,257,207,114,93
31016,los lagos,10,llanquihue,101,puerto varas,10109,7,664,328,336,473,236,237,191,92,99
31017,los lagos,10,llanquihue,101,puerto varas,10109,8,636,351,285,440,245,195,196,106,90
31018,los lagos,10,llanquihue,101,puerto varas,10109,9,628,315,313,454,234,220,174,81,93
31019,los lagos,10,llanquihue,101,puerto varas,10109,10,661,314,347,470,229,241,191,85,106
31020,los lagos,10,llanquihue,101,puerto varas,10109,11,599,303,296,436,219,217,163,84,79
31021,los lagos,10,llanquihue,101,puerto varas,10109,12,579,295,284,403,199,204,176,96,80
31022,los lagos,10,llanquihue,101,puerto varas,10109,13,614,304,310,432,212,220,182,92,90
31023,los lagos,10,llanquihue,101,puerto varas,10109,14,655,342,313,468,242,226,187,100,87
31024,los lagos,10,llanquihue,101,puerto varas,10109,15,616,323,293,443,224,219,173,99,74
31025,los lagos,10,llanquihue,101,puerto varas,10109,16,615,304,311,453,210,243,162,94,68
31026,los lagos,10,llanquihue,101,puerto varas,10109,17,664,340,324,465,214,251,199,126,73
31027,los lagos,10,llanquihue,101,puerto varas,10109,18,670,369,301,404,200,204,266,169,97
31028,los lagos,10,llanquihue,101,puerto varas,10109,19,567,318,249,413,222,191,154,96,58
31029,los lagos,10,llanquihue,101,puerto varas,10109,20,483,255,228,367,194,173,116,61,55
31030,los lagos,10,llanquihue,101,puerto varas,10109,21,487,250,237,388,208,180,99,42,57
31031,los lagos,10,llanquihue,101,puerto varas,10109,22,510,260,250,412,203,209,98,57,41
31032,los lagos,10,llanquihue,101,puerto varas,10109,23,524,253,271,413,196,217,111,57,54
31033,los lagos,10,llanquihue,101,puerto varas,10109,24,577,265,312,447,196,251,130,69,61
31034,los lagos,10,llanquihue,101,puerto varas,10109,25,636,300,336,488,220,268,148,80,68
31035,los lagos,10,llanquihue,101,puerto varas,10109,26,642,283,359,505,221,284,137,62,75
31036,los lagos,10,llanquihue,101,puerto varas,10109,27,761,396,365,580,294,286,181,102,79
31037,los lagos,10,llanquihue,101,puerto varas,10109,28,711,348,363,566,272,294,145,76,69
31038,los lagos,10,llanquihue,101,puerto varas,10109,29,723,345,378,558,271,287,165,74,91
31039,los lagos,10,llanquihue,101,puerto varas,10109,30,673,324,349,529,253,276,144,71,73
31040,los lagos,10,llanquihue,101,puerto varas,10109,31,719,329,390,533,241,292,186,88,98
31041,los lagos,10,llanquihue,101,puerto varas,10109,32,694,320,374,552,248,304,142,72,70
31042,los lagos,10,llanquihue,101,puerto varas,10109,33,674,320,354,526,239,287,148,81,67
31043,los lagos,10,llanquihue,101,puerto varas,10109,34,694,324,370,528,252,276,166,72,94
31044,los lagos,10,llanquihue,101,puerto varas,10109,35,774,376,398,586,288,298,188,88,100
31045,los lagos,10,llanquihue,101,puerto varas,10109,36,686,323,363,506,235,271,180,88,92
31046,los lagos,10,llanquihue,101,puerto varas,10109,37,746,350,396,534,254,280,212,96,116
31047,los lagos,10,llanquihue,101,puerto varas,10109,38,693,350,343,493,247,246,200,103,97
31048,los lagos,10,llanquihue,101,puerto varas,10109,39,688,358,330,484,244,240,204,114,90
31049,los lagos,10,llanquihue,101,puerto varas,10109,40,668,316,352,474,225,249,194,91,103
31050,los lagos,10,llanquihue,101,puerto varas,10109,41,712,333,379,514,240,274,198,93,105
31051,los lagos,10,llanquihue,101,puerto varas,10109,42,758,384,374,535,265,270,223,119,104
31052,los lagos,10,llanquihue,101,puerto varas,10109,43,673,341,332,497,245,252,176,96,80
31053,los lagos,10,llanquihue,101,puerto varas,10109,44,700,336,364,491,230,261,209,106,103
31054,los lagos,10,llanquihue,101,puerto varas,10109,45,690,331,359,485,226,259,205,105,100
31055,los lagos,10,llanquihue,101,puerto varas,10109,46,674,329,345,460,224,236,214,105,109
31056,los lagos,10,llanquihue,101,puerto varas,10109,47,642,324,318,443,211,232,199,113,86
31057,los lagos,10,llanquihue,101,puerto varas,10109,48,625,328,297,451,227,224,174,101,73
31058,los lagos,10,llanquihue,101,puerto varas,10109,49,637,334,303,458,234,224,179,100,79
31059,los lagos,10,llanquihue,101,puerto varas,10109,50,540,259,281,371,175,196,169,84,85
31060,los lagos,10,llanquihue,101,puerto varas,10109,51,592,318,274,413,219,194,179,99,80
31061,los lagos,10,llanquihue,101,puerto varas,10109,52,567,276,291,400,190,210,167,86,81
31062,los lagos,10,llanquihue,101,puerto varas,10109,53,610,303,307,434,207,227,176,96,80
31063,los lagos,10,llanquihue,101,puerto varas,10109,54,572,294,278,398,197,201,174,97,77
31064,los lagos,10,llanquihue,101,puerto varas,10109,55,544,257,287,388,177,211,156,80,76
31065,los lagos,10,llanquihue,101,puerto varas,10109,56,545,270,275,382,186,196,163,84,79
31066,los lagos,10,llanquihue,101,puerto varas,10109,57,507,274,233,350,191,159,157,83,74
31067,los lagos,10,llanquihue,101,puerto varas,10109,58,478,231,247,322,146,176,156,85,71
31068,los lagos,10,llanquihue,101,puerto varas,10109,59,500,239,261,338,147,191,162,92,70
31069,los lagos,10,llanquihue,101,puerto varas,10109,60,435,211,224,278,133,145,157,78,79
31070,los lagos,10,llanquihue,101,puerto varas,10109,61,389,190,199,257,120,137,132,70,62
31071,los lagos,10,llanquihue,101,puerto varas,10109,62,385,173,212,271,114,157,114,59,55
31072,los lagos,10,llanquihue,101,puerto varas,10109,63,365,168,197,250,110,140,115,58,57
31073,los lagos,10,llanquihue,101,puerto varas,10109,64,373,181,192,254,125,129,119,56,63
31074,los lagos,10,llanquihue,101,puerto varas,10109,65,325,153,172,212,100,112,113,53,60
31075,los lagos,10,llanquihue,101,puerto varas,10109,66,312,155,157,211,102,109,101,53,48
31076,los lagos,10,llanquihue,101,puerto varas,10109,67,302,149,153,206,99,107,96,50,46
31077,los lagos,10,llanquihue,101,puerto varas,10109,68,290,130,160,202,87,115,88,43,45
31078,los lagos,10,llanquihue,101,puerto varas,10109,69,253,115,138,172,67,105,81,48,33
31079,los lagos,10,llanquihue,101,puerto varas,10109,70,268,131,137,173,79,94,95,52,43
31080,los lagos,10,llanquihue,101,puerto varas,10109,71,223,110,113,147,73,74,76,37,39
31081,los lagos,10,llanquihue,101,puerto varas,10109,72,230,109,121,164,73,91,66,36,30
31082,los lagos,10,llanquihue,101,puerto varas,10109,73,214,105,109,141,65,76,73,40,33
31083,los lagos,10,llanquihue,101,puerto varas,10109,74,220,79,141,145,50,95,75,29,46
31084,los lagos,10,llanquihue,101,puerto varas,10109,75,172,72,100,123,52,71,49,20,29
31085,los lagos,10,llanquihue,101,puerto varas,10109,76,173,74,99,125,49,76,48,25,23
31086,los lagos,10,llanquihue,101,puerto varas,10109,77,147,62,85,108,45,63,39,17,22
31087,los lagos,10,llanquihue,101,puerto varas,10109,78,128,48,80,96,35,61,32,13,19
31088,los lagos,10,llanquihue,101,puerto varas,10109,79,149,69,80,112,49,63,37,20,17
31089,los lagos,10,llanquihue,101,puerto varas,10109,80,120,54,66,84,36,48,36,18,18
31090,los lagos,10,llanquihue,101,puerto varas,10109,81,125,51,74,87,31,56,38,20,18
31091,los lagos,10,llanquihue,101,puerto varas,10109,82,101,50,51,72,31,41,29,19,10
31092,los lagos,10,llanquihue,101,puerto varas,10109,83,69,26,43,46,15,31,23,11,12
31093,los lagos,10,llanquihue,101,puerto varas,10109,84,107,42,65,78,27,51,29,15,14
31094,los lagos,10,llanquihue,101,puerto varas,10109,85,71,24,47,56,19,37,15,5,10
31095,los lagos,10,llanquihue,101,puerto varas,10109,86,64,21,43,51,19,32,13,2,11
31096,los lagos,10,llanquihue,101,puerto varas,10109,87,49,17,32,35,13,22,14,4,10
31097,los lagos,10,llanquihue,101,puerto varas,10109,88,43,16,27,31,12,19,12,4,8
31098,los lagos,10,llanquihue,101,puerto varas,10109,89,45,14,31,31,9,22,14,5,9
31099,los lagos,10,llanquihue,101,puerto varas,10109,90,37,17,20,23,8,15,14,9,5
31100,los lagos,10,llanquihue,101,puerto varas,10109,91,23,10,13,16,8,8,7,2,5
31101,los lagos,10,llanquihue,101,puerto varas,10109,92,26,7,19,24,6,18,2,1,1
31102,los lagos,10,llanquihue,101,puerto varas,10109,93,17,5,12,12,3,9,5,2,3
31103,los lagos,10,llanquihue,101,puerto varas,10109,94,10,3,7,10,3,7,0,0,0
31104,los lagos,10,llanquihue,101,puerto varas,10109,95,16,4,12,13,3,10,3,1,2
31105,los lagos,10,llanquihue,101,puerto varas,10109,96,10,1,9,6,1,5,4,0,4
31106,los lagos,10,llanquihue,101,puerto varas,10109,97,7,1,6,4,0,4,3,1,2
31107,los lagos,10,llanquihue,101,puerto varas,10109,98,4,0,4,4,0,4,0,0,0
31108,los lagos,10,llanquihue,101,puerto varas,10109,99,3,0,3,2,0,2,1,0,1
31109,los lagos,10,llanquihue,101,puerto varas,10109,100 o más,8,3,5,6,2,4,2,1,1
31110,los lagos,10,chiloé,102,castro,10201,total comuna,43807,21471,22336,34044,16596,17448,9763,4875,4888
31111,los lagos,10,chiloé,102,castro,10201,0,477,235,242,385,189,196,92,46,46
31112,los lagos,10,chiloé,102,castro,10201,1,550,290,260,433,225,208,117,65,52
31113,los lagos,10,chiloé,102,castro,10201,2,564,280,284,448,217,231,116,63,53
31114,los lagos,10,chiloé,102,castro,10201,3,560,298,262,455,247,208,105,51,54
31115,los lagos,10,chiloé,102,castro,10201,4,613,337,276,490,270,220,123,67,56
31116,los lagos,10,chiloé,102,castro,10201,5,651,346,305,530,286,244,121,60,61
31117,los lagos,10,chiloé,102,castro,10201,6,650,334,316,532,270,262,118,64,54
31118,los lagos,10,chiloé,102,castro,10201,7,608,328,280,483,256,227,125,72,53
31119,los lagos,10,chiloé,102,castro,10201,8,637,328,309,486,255,231,151,73,78
31120,los lagos,10,chiloé,102,castro,10201,9,609,301,308,473,235,238,136,66,70
31121,los lagos,10,chiloé,102,castro,10201,10,630,323,307,493,252,241,137,71,66
31122,los lagos,10,chiloé,102,castro,10201,11,608,297,311,470,225,245,138,72,66
31123,los lagos,10,chiloé,102,castro,10201,12,598,310,288,461,242,219,137,68,69
31124,los lagos,10,chiloé,102,castro,10201,13,651,349,302,517,281,236,134,68,66
31125,los lagos,10,chiloé,102,castro,10201,14,717,355,362,567,282,285,150,73,77
31126,los lagos,10,chiloé,102,castro,10201,15,671,346,325,526,270,256,145,76,69
31127,los lagos,10,chiloé,102,castro,10201,16,722,376,346,571,292,279,151,84,67
31128,los lagos,10,chiloé,102,castro,10201,17,656,340,316,517,267,250,139,73,66
31129,los lagos,10,chiloé,102,castro,10201,18,498,248,250,404,198,206,94,50,44
31130,los lagos,10,chiloé,102,castro,10201,19,450,241,209,354,186,168,96,55,41
31131,los lagos,10,chiloé,102,castro,10201,20,535,275,260,422,214,208,113,61,52
31132,los lagos,10,chiloé,102,castro,10201,21,477,241,236,405,204,201,72,37,35
31133,los lagos,10,chiloé,102,castro,10201,22,528,278,250,440,225,215,88,53,35
31134,los lagos,10,chiloé,102,castro,10201,23,547,258,289,453,207,246,94,51,43
31135,los lagos,10,chiloé,102,castro,10201,24,573,271,302,464,213,251,109,58,51
31136,los lagos,10,chiloé,102,castro,10201,25,695,354,341,581,294,287,114,60,54
31137,los lagos,10,chiloé,102,castro,10201,26,701,345,356,610,304,306,91,41,50
31138,los lagos,10,chiloé,102,castro,10201,27,748,361,387,635,305,330,113,56,57
31139,los lagos,10,chiloé,102,castro,10201,28,620,326,294,505,265,240,115,61,54
31140,los lagos,10,chiloé,102,castro,10201,29,676,338,338,556,284,272,120,54,66
31141,los lagos,10,chiloé,102,castro,10201,30,730,376,354,607,312,295,123,64,59
31142,los lagos,10,chiloé,102,castro,10201,31,682,331,351,569,274,295,113,57,56
31143,los lagos,10,chiloé,102,castro,10201,32,674,323,351,535,258,277,139,65,74
31144,los lagos,10,chiloé,102,castro,10201,33,667,311,356,531,252,279,136,59,77
31145,los lagos,10,chiloé,102,castro,10201,34,676,317,359,546,263,283,130,54,76
31146,los lagos,10,chiloé,102,castro,10201,35,714,356,358,565,286,279,149,70,79
31147,los lagos,10,chiloé,102,castro,10201,36,738,362,376,581,285,296,157,77,80
31148,los lagos,10,chiloé,102,castro,10201,37,691,335,356,525,251,274,166,84,82
31149,los lagos,10,chiloé,102,castro,10201,38,653,318,335,498,246,252,155,72,83
31150,los lagos,10,chiloé,102,castro,10201,39,684,320,364,528,247,281,156,73,83
31151,los lagos,10,chiloé,102,castro,10201,40,662,338,324,499,245,254,163,93,70
31152,los lagos,10,chiloé,102,castro,10201,41,703,346,357,573,286,287,130,60,70
31153,los lagos,10,chiloé,102,castro,10201,42,707,354,353,519,249,270,188,105,83
31154,los lagos,10,chiloé,102,castro,10201,43,662,318,344,513,249,264,149,69,80
31155,los lagos,10,chiloé,102,castro,10201,44,636,300,336,491,222,269,145,78,67
31156,los lagos,10,chiloé,102,castro,10201,45,595,299,296,442,220,222,153,79,74
31157,los lagos,10,chiloé,102,castro,10201,46,585,286,299,431,208,223,154,78,76
31158,los lagos,10,chiloé,102,castro,10201,47,636,326,310,490,235,255,146,91,55
31159,los lagos,10,chiloé,102,castro,10201,48,651,337,314,507,265,242,144,72,72
31160,los lagos,10,chiloé,102,castro,10201,49,711,337,374,556,256,300,155,81,74
31161,los lagos,10,chiloé,102,castro,10201,50,627,308,319,497,241,256,130,67,63
31162,los lagos,10,chiloé,102,castro,10201,51,618,319,299,487,250,237,131,69,62
31163,los lagos,10,chiloé,102,castro,10201,52,624,303,321,460,224,236,164,79,85
31164,los lagos,10,chiloé,102,castro,10201,53,578,287,291,421,202,219,157,85,72
31165,los lagos,10,chiloé,102,castro,10201,54,625,315,310,474,242,232,151,73,78
31166,los lagos,10,chiloé,102,castro,10201,55,552,282,270,427,214,213,125,68,57
31167,los lagos,10,chiloé,102,castro,10201,56,510,255,255,383,187,196,127,68,59
31168,los lagos,10,chiloé,102,castro,10201,57,496,243,253,378,176,202,118,67,51
31169,los lagos,10,chiloé,102,castro,10201,58,393,206,187,294,150,144,99,56,43
31170,los lagos,10,chiloé,102,castro,10201,59,454,209,245,333,154,179,121,55,66
31171,los lagos,10,chiloé,102,castro,10201,60,396,191,205,285,136,149,111,55,56
31172,los lagos,10,chiloé,102,castro,10201,61,397,192,205,283,124,159,114,68,46
31173,los lagos,10,chiloé,102,castro,10201,62,379,183,196,277,126,151,102,57,45
31174,los lagos,10,chiloé,102,castro,10201,63,384,187,197,278,130,148,106,57,49
31175,los lagos,10,chiloé,102,castro,10201,64,309,128,181,221,95,126,88,33,55
31176,los lagos,10,chiloé,102,castro,10201,65,325,137,188,246,106,140,79,31,48
31177,los lagos,10,chiloé,102,castro,10201,66,330,161,169,235,107,128,95,54,41
31178,los lagos,10,chiloé,102,castro,10201,67,282,121,161,207,89,118,75,32,43
31179,los lagos,10,chiloé,102,castro,10201,68,275,122,153,204,89,115,71,33,38
31180,los lagos,10,chiloé,102,castro,10201,69,270,119,151,203,86,117,67,33,34
31181,los lagos,10,chiloé,102,castro,10201,70,248,107,141,190,87,103,58,20,38
31182,los lagos,10,chiloé,102,castro,10201,71,248,109,139,178,77,101,70,32,38
31183,los lagos,10,chiloé,102,castro,10201,72,239,107,132,179,71,108,60,36,24
31184,los lagos,10,chiloé,102,castro,10201,73,228,101,127,153,69,84,75,32,43
31185,los lagos,10,chiloé,102,castro,10201,74,235,94,141,177,69,108,58,25,33
31186,los lagos,10,chiloé,102,castro,10201,75,218,97,121,148,68,80,70,29,41
31187,los lagos,10,chiloé,102,castro,10201,76,190,83,107,132,58,74,58,25,33
31188,los lagos,10,chiloé,102,castro,10201,77,202,78,124,141,51,90,61,27,34
31189,los lagos,10,chiloé,102,castro,10201,78,163,62,101,103,41,62,60,21,39
31190,los lagos,10,chiloé,102,castro,10201,79,159,52,107,107,38,69,52,14,38
31191,los lagos,10,chiloé,102,castro,10201,80,149,57,92,95,34,61,54,23,31
31192,los lagos,10,chiloé,102,castro,10201,81,133,53,80,98,38,60,35,15,20
31193,los lagos,10,chiloé,102,castro,10201,82,137,57,80,92,39,53,45,18,27
31194,los lagos,10,chiloé,102,castro,10201,83,89,28,61,57,18,39,32,10,22
31195,los lagos,10,chiloé,102,castro,10201,84,86,30,56,59,19,40,27,11,16
31196,los lagos,10,chiloé,102,castro,10201,85,80,29,51,47,19,28,33,10,23
31197,los lagos,10,chiloé,102,castro,10201,86,68,19,49,41,12,29,27,7,20
31198,los lagos,10,chiloé,102,castro,10201,87,71,22,49,44,13,31,27,9,18
31199,los lagos,10,chiloé,102,castro,10201,88,66,21,45,43,13,30,23,8,15
31200,los lagos,10,chiloé,102,castro,10201,89,40,8,32,29,6,23,11,2,9
31201,los lagos,10,chiloé,102,castro,10201,90,50,22,28,37,17,20,13,5,8
31202,los lagos,10,chiloé,102,castro,10201,91,42,14,28,22,8,14,20,6,14
31203,los lagos,10,chiloé,102,castro,10201,92,42,15,27,29,9,20,13,6,7
31204,los lagos,10,chiloé,102,castro,10201,93,31,14,17,23,9,14,8,5,3
31205,los lagos,10,chiloé,102,castro,10201,94,30,6,24,18,4,14,12,2,10
31206,los lagos,10,chiloé,102,castro,10201,95,13,3,10,8,2,6,5,1,4
31207,los lagos,10,chiloé,102,castro,10201,96,14,4,10,7,1,6,7,3,4
31208,los lagos,10,chiloé,102,castro,10201,97,4,2,2,1,0,1,3,2,1
31209,los lagos,10,chiloé,102,castro,10201,98,9,1,8,5,0,5,4,1,3
31210,los lagos,10,chiloé,102,castro,10201,99,4,1,3,2,1,1,2,0,2
31211,los lagos,10,chiloé,102,castro,10201,100 o más,18,8,10,14,8,6,4,0,4
31212,los lagos,10,chiloé,102,ancud,10202,total comuna,38991,19029,19962,28265,13481,14784,10726,5548,5178
31213,los lagos,10,chiloé,102,ancud,10202,0,406,202,204,317,151,166,89,51,38
31214,los lagos,10,chiloé,102,ancud,10202,1,489,250,239,371,192,179,118,58,60
31215,los lagos,10,chiloé,102,ancud,10202,2,465,252,213,357,197,160,108,55,53
31216,los lagos,10,chiloé,102,ancud,10202,3,464,234,230,366,193,173,98,41,57
31217,los lagos,10,chiloé,102,ancud,10202,4,499,278,221,382,215,167,117,63,54
31218,los lagos,10,chiloé,102,ancud,10202,5,497,250,247,393,197,196,104,53,51
31219,los lagos,10,chiloé,102,ancud,10202,6,516,257,259,419,208,211,97,49,48
31220,los lagos,10,chiloé,102,ancud,10202,7,554,275,279,428,213,215,126,62,64
31221,los lagos,10,chiloé,102,ancud,10202,8,536,280,256,421,213,208,115,67,48
31222,los lagos,10,chiloé,102,ancud,10202,9,567,289,278,426,217,209,141,72,69
31223,los lagos,10,chiloé,102,ancud,10202,10,505,236,269,375,167,208,130,69,61
31224,los lagos,10,chiloé,102,ancud,10202,11,577,282,295,429,210,219,148,72,76
31225,los lagos,10,chiloé,102,ancud,10202,12,542,290,252,412,224,188,130,66,64
31226,los lagos,10,chiloé,102,ancud,10202,13,564,281,283,430,201,229,134,80,54
31227,los lagos,10,chiloé,102,ancud,10202,14,595,291,304,463,216,247,132,75,57
31228,los lagos,10,chiloé,102,ancud,10202,15,593,308,285,480,238,242,113,70,43
31229,los lagos,10,chiloé,102,ancud,10202,16,612,283,329,498,230,268,114,53,61
31230,los lagos,10,chiloé,102,ancud,10202,17,597,282,315,482,234,248,115,48,67
31231,los lagos,10,chiloé,102,ancud,10202,18,497,265,232,391,202,189,106,63,43
31232,los lagos,10,chiloé,102,ancud,10202,19,420,234,186,329,186,143,91,48,43
31233,los lagos,10,chiloé,102,ancud,10202,20,408,231,177,329,185,144,79,46,33
31234,los lagos,10,chiloé,102,ancud,10202,21,382,200,182,292,150,142,90,50,40
31235,los lagos,10,chiloé,102,ancud,10202,22,509,250,259,399,197,202,110,53,57
31236,los lagos,10,chiloé,102,ancud,10202,23,445,231,214,367,187,180,78,44,34
31237,los lagos,10,chiloé,102,ancud,10202,24,472,230,242,374,177,197,98,53,45
31238,los lagos,10,chiloé,102,ancud,10202,25,523,269,254,412,209,203,111,60,51
31239,los lagos,10,chiloé,102,ancud,10202,26,573,278,295,480,238,242,93,40,53
31240,los lagos,10,chiloé,102,ancud,10202,27,563,276,287,464,224,240,99,52,47
31241,los lagos,10,chiloé,102,ancud,10202,28,574,276,298,458,222,236,116,54,62
31242,los lagos,10,chiloé,102,ancud,10202,29,537,251,286,436,199,237,101,52,49
31243,los lagos,10,chiloé,102,ancud,10202,30,582,275,307,481,219,262,101,56,45
31244,los lagos,10,chiloé,102,ancud,10202,31,523,232,291,400,165,235,123,67,56
31245,los lagos,10,chiloé,102,ancud,10202,32,502,229,273,386,176,210,116,53,63
31246,los lagos,10,chiloé,102,ancud,10202,33,461,219,242,359,167,192,102,52,50
31247,los lagos,10,chiloé,102,ancud,10202,34,502,234,268,379,176,203,123,58,65
31248,los lagos,10,chiloé,102,ancud,10202,35,544,246,298,396,169,227,148,77,71
31249,los lagos,10,chiloé,102,ancud,10202,36,505,259,246,368,183,185,137,76,61
31250,los lagos,10,chiloé,102,ancud,10202,37,508,249,259,376,191,185,132,58,74
31251,los lagos,10,chiloé,102,ancud,10202,38,521,249,272,381,180,201,140,69,71
31252,los lagos,10,chiloé,102,ancud,10202,39,494,254,240,365,184,181,129,70,59
31253,los lagos,10,chiloé,102,ancud,10202,40,542,238,304,374,154,220,168,84,84
31254,los lagos,10,chiloé,102,ancud,10202,41,536,259,277,385,170,215,151,89,62
31255,los lagos,10,chiloé,102,ancud,10202,42,526,228,298,382,154,228,144,74,70
31256,los lagos,10,chiloé,102,ancud,10202,43,554,270,284,376,167,209,178,103,75
31257,los lagos,10,chiloé,102,ancud,10202,44,606,290,316,431,196,235,175,94,81
31258,los lagos,10,chiloé,102,ancud,10202,45,563,275,288,378,179,199,185,96,89
31259,los lagos,10,chiloé,102,ancud,10202,46,558,264,294,371,158,213,187,106,81
31260,los lagos,10,chiloé,102,ancud,10202,47,528,241,287,357,158,199,171,83,88
31261,los lagos,10,chiloé,102,ancud,10202,48,586,282,304,405,192,213,181,90,91
31262,los lagos,10,chiloé,102,ancud,10202,49,593,301,292,401,206,195,192,95,97
31263,los lagos,10,chiloé,102,ancud,10202,50,601,286,315,411,190,221,190,96,94
31264,los lagos,10,chiloé,102,ancud,10202,51,640,319,321,435,204,231,205,115,90
31265,los lagos,10,chiloé,102,ancud,10202,52,623,320,303,433,207,226,190,113,77
31266,los lagos,10,chiloé,102,ancud,10202,53,581,294,287,394,196,198,187,98,89
31267,los lagos,10,chiloé,102,ancud,10202,54,549,273,276,382,185,197,167,88,79
31268,los lagos,10,chiloé,102,ancud,10202,55,533,293,240,366,190,176,167,103,64
31269,los lagos,10,chiloé,102,ancud,10202,56,532,268,264,356,166,190,176,102,74
31270,los lagos,10,chiloé,102,ancud,10202,57,526,238,288,349,143,206,177,95,82
31271,los lagos,10,chiloé,102,ancud,10202,58,468,234,234,311,147,164,157,87,70
31272,los lagos,10,chiloé,102,ancud,10202,59,453,209,244,296,129,167,157,80,77
31273,los lagos,10,chiloé,102,ancud,10202,60,474,226,248,311,149,162,163,77,86
31274,los lagos,10,chiloé,102,ancud,10202,61,464,207,257,322,146,176,142,61,81
31275,los lagos,10,chiloé,102,ancud,10202,62,382,191,191,254,127,127,128,64,64
31276,los lagos,10,chiloé,102,ancud,10202,63,388,192,196,247,122,125,141,70,71
31277,los lagos,10,chiloé,102,ancud,10202,64,351,172,179,239,121,118,112,51,61
31278,los lagos,10,chiloé,102,ancud,10202,65,334,160,174,213,97,116,121,63,58
31279,los lagos,10,chiloé,102,ancud,10202,66,329,155,174,205,85,120,124,70,54
31280,los lagos,10,chiloé,102,ancud,10202,67,314,149,165,209,94,115,105,55,50
31281,los lagos,10,chiloé,102,ancud,10202,68,314,148,166,202,97,105,112,51,61
31282,los lagos,10,chiloé,102,ancud,10202,69,311,162,149,197,101,96,114,61,53
31283,los lagos,10,chiloé,102,ancud,10202,70,343,167,176,200,95,105,143,72,71
31284,los lagos,10,chiloé,102,ancud,10202,71,272,151,121,162,88,74,110,63,47
31285,los lagos,10,chiloé,102,ancud,10202,72,248,123,125,146,64,82,102,59,43
31286,los lagos,10,chiloé,102,ancud,10202,73,269,118,151,159,67,92,110,51,59
31287,los lagos,10,chiloé,102,ancud,10202,74,243,106,137,150,64,86,93,42,51
31288,los lagos,10,chiloé,102,ancud,10202,75,249,110,139,156,65,91,93,45,48
31289,los lagos,10,chiloé,102,ancud,10202,76,228,92,136,140,58,82,88,34,54
31290,los lagos,10,chiloé,102,ancud,10202,77,206,102,104,135,63,72,71,39,32
31291,los lagos,10,chiloé,102,ancud,10202,78,173,84,89,107,52,55,66,32,34
31292,los lagos,10,chiloé,102,ancud,10202,79,167,73,94,90,40,50,77,33,44
31293,los lagos,10,chiloé,102,ancud,10202,80,164,75,89,92,40,52,72,35,37
31294,los lagos,10,chiloé,102,ancud,10202,81,149,63,86,100,40,60,49,23,26
31295,los lagos,10,chiloé,102,ancud,10202,82,123,49,74,80,27,53,43,22,21
31296,los lagos,10,chiloé,102,ancud,10202,83,90,41,49,59,23,36,31,18,13
31297,los lagos,10,chiloé,102,ancud,10202,84,94,29,65,63,17,46,31,12,19
31298,los lagos,10,chiloé,102,ancud,10202,85,86,41,45,57,29,28,29,12,17
31299,los lagos,10,chiloé,102,ancud,10202,86,84,31,53,46,17,29,38,14,24
31300,los lagos,10,chiloé,102,ancud,10202,87,98,47,51,67,31,36,31,16,15
31301,los lagos,10,chiloé,102,ancud,10202,88,63,24,39,37,16,21,26,8,18
31302,los lagos,10,chiloé,102,ancud,10202,89,44,19,25,24,11,13,20,8,12
31303,los lagos,10,chiloé,102,ancud,10202,90,50,20,30,32,7,25,18,13,5
31304,los lagos,10,chiloé,102,ancud,10202,91,38,11,27,24,5,19,14,6,8
31305,los lagos,10,chiloé,102,ancud,10202,92,26,7,19,14,6,8,12,1,11
31306,los lagos,10,chiloé,102,ancud,10202,93,19,6,13,11,3,8,8,3,5
31307,los lagos,10,chiloé,102,ancud,10202,94,18,6,12,12,3,9,6,3,3
31308,los lagos,10,chiloé,102,ancud,10202,95,19,10,9,9,4,5,10,6,4
31309,los lagos,10,chiloé,102,ancud,10202,96,17,6,11,13,4,9,4,2,2
31310,los lagos,10,chiloé,102,ancud,10202,97,4,0,4,1,0,1,3,0,3
31311,los lagos,10,chiloé,102,ancud,10202,98,2,2,0,2,2,0,0,0,0
31312,los lagos,10,chiloé,102,ancud,10202,99,11,7,4,4,2,2,7,5,2
31313,los lagos,10,chiloé,102,ancud,10202,100 o más,12,8,4,10,6,4,2,2,0
31314,los lagos,10,chiloé,102,chonchi,10203,total comuna,14858,7445,7413,5714,2827,2887,9144,4618,4526
31315,los lagos,10,chiloé,102,chonchi,10203,0,162,73,89,72,33,39,90,40,50
31316,los lagos,10,chiloé,102,chonchi,10203,1,165,85,80,70,33,37,95,52,43
31317,los lagos,10,chiloé,102,chonchi,10203,2,182,95,87,85,47,38,97,48,49
31318,los lagos,10,chiloé,102,chonchi,10203,3,185,86,99,77,32,45,108,54,54
31319,los lagos,10,chiloé,102,chonchi,10203,4,185,89,96,71,35,36,114,54,60
31320,los lagos,10,chiloé,102,chonchi,10203,5,193,106,87,87,49,38,106,57,49
31321,los lagos,10,chiloé,102,chonchi,10203,6,182,98,84,83,45,38,99,53,46
31322,los lagos,10,chiloé,102,chonchi,10203,7,207,109,98,99,57,42,108,52,56
31323,los lagos,10,chiloé,102,chonchi,10203,8,181,88,93,65,32,33,116,56,60
31324,los lagos,10,chiloé,102,chonchi,10203,9,210,105,105,70,33,37,140,72,68
31325,los lagos,10,chiloé,102,chonchi,10203,10,198,102,96,79,42,37,119,60,59
31326,los lagos,10,chiloé,102,chonchi,10203,11,208,116,92,74,44,30,134,72,62
31327,los lagos,10,chiloé,102,chonchi,10203,12,187,88,99,84,47,37,103,41,62
31328,los lagos,10,chiloé,102,chonchi,10203,13,207,103,104,90,44,46,117,59,58
31329,los lagos,10,chiloé,102,chonchi,10203,14,279,138,141,152,78,74,127,60,67
31330,los lagos,10,chiloé,102,chonchi,10203,15,310,171,139,154,97,57,156,74,82
31331,los lagos,10,chiloé,102,chonchi,10203,16,308,182,126,168,115,53,140,67,73
31332,los lagos,10,chiloé,102,chonchi,10203,17,264,149,115,144,86,58,120,63,57
31333,los lagos,10,chiloé,102,chonchi,10203,18,204,124,80,112,69,43,92,55,37
31334,los lagos,10,chiloé,102,chonchi,10203,19,179,94,85,89,46,43,90,48,42
31335,los lagos,10,chiloé,102,chonchi,10203,20,151,77,74,67,36,31,84,41,43
31336,los lagos,10,chiloé,102,chonchi,10203,21,164,84,80,77,37,40,87,47,40
31337,los lagos,10,chiloé,102,chonchi,10203,22,191,97,94,93,49,44,98,48,50
31338,los lagos,10,chiloé,102,chonchi,10203,23,161,80,81,80,40,40,81,40,41
31339,los lagos,10,chiloé,102,chonchi,10203,24,202,93,109,95,39,56,107,54,53
31340,los lagos,10,chiloé,102,chonchi,10203,25,197,98,99,82,39,43,115,59,56
31341,los lagos,10,chiloé,102,chonchi,10203,26,210,109,101,88,45,43,122,64,58
31342,los lagos,10,chiloé,102,chonchi,10203,27,235,121,114,109,46,63,126,75,51
31343,los lagos,10,chiloé,102,chonchi,10203,28,188,96,92,85,46,39,103,50,53
31344,los lagos,10,chiloé,102,chonchi,10203,29,232,98,134,102,44,58,130,54,76
31345,los lagos,10,chiloé,102,chonchi,10203,30,202,104,98,102,51,51,100,53,47
31346,los lagos,10,chiloé,102,chonchi,10203,31,234,108,126,94,40,54,140,68,72
31347,los lagos,10,chiloé,102,chonchi,10203,32,209,116,93,70,39,31,139,77,62
31348,los lagos,10,chiloé,102,chonchi,10203,33,224,113,111,76,38,38,148,75,73
31349,los lagos,10,chiloé,102,chonchi,10203,34,242,114,128,101,53,48,141,61,80
31350,los lagos,10,chiloé,102,chonchi,10203,35,215,101,114,82,36,46,133,65,68
31351,los lagos,10,chiloé,102,chonchi,10203,36,194,102,92,83,43,40,111,59,52
31352,los lagos,10,chiloé,102,chonchi,10203,37,231,108,123,78,36,42,153,72,81
31353,los lagos,10,chiloé,102,chonchi,10203,38,199,113,86,68,41,27,131,72,59
31354,los lagos,10,chiloé,102,chonchi,10203,39,215,111,104,71,36,35,144,75,69
31355,los lagos,10,chiloé,102,chonchi,10203,40,231,118,113,97,49,48,134,69,65
31356,los lagos,10,chiloé,102,chonchi,10203,41,220,119,101,73,37,36,147,82,65
31357,los lagos,10,chiloé,102,chonchi,10203,42,224,112,112,82,32,50,142,80,62
31358,los lagos,10,chiloé,102,chonchi,10203,43,267,142,125,88,40,48,179,102,77
31359,los lagos,10,chiloé,102,chonchi,10203,44,219,122,97,76,41,35,143,81,62
31360,los lagos,10,chiloé,102,chonchi,10203,45,212,98,114,69,26,43,143,72,71
31361,los lagos,10,chiloé,102,chonchi,10203,46,221,116,105,72,33,39,149,83,66
31362,los lagos,10,chiloé,102,chonchi,10203,47,212,116,96,73,33,40,139,83,56
31363,los lagos,10,chiloé,102,chonchi,10203,48,219,116,103,79,33,46,140,83,57
31364,los lagos,10,chiloé,102,chonchi,10203,49,238,131,107,81,34,47,157,97,60
31365,los lagos,10,chiloé,102,chonchi,10203,50,229,105,124,80,34,46,149,71,78
31366,los lagos,10,chiloé,102,chonchi,10203,51,231,113,118,65,32,33,166,81,85
31367,los lagos,10,chiloé,102,chonchi,10203,52,241,110,131,64,25,39,177,85,92
31368,los lagos,10,chiloé,102,chonchi,10203,53,186,100,86,53,32,21,133,68,65
31369,los lagos,10,chiloé,102,chonchi,10203,54,196,98,98,64,31,33,132,67,65
31370,los lagos,10,chiloé,102,chonchi,10203,55,182,99,83,54,25,29,128,74,54
31371,los lagos,10,chiloé,102,chonchi,10203,56,173,94,79,53,27,26,120,67,53
31372,los lagos,10,chiloé,102,chonchi,10203,57,161,79,82,46,24,22,115,55,60
31373,los lagos,10,chiloé,102,chonchi,10203,58,155,88,67,47,24,23,108,64,44
31374,los lagos,10,chiloé,102,chonchi,10203,59,152,74,78,43,18,25,109,56,53
31375,los lagos,10,chiloé,102,chonchi,10203,60,177,76,101,62,23,39,115,53,62
31376,los lagos,10,chiloé,102,chonchi,10203,61,146,77,69,50,17,33,96,60,36
31377,los lagos,10,chiloé,102,chonchi,10203,62,138,65,73,44,20,24,94,45,49
31378,los lagos,10,chiloé,102,chonchi,10203,63,124,63,61,38,17,21,86,46,40
31379,los lagos,10,chiloé,102,chonchi,10203,64,110,51,59,32,17,15,78,34,44
31380,los lagos,10,chiloé,102,chonchi,10203,65,115,55,60,50,25,25,65,30,35
31381,los lagos,10,chiloé,102,chonchi,10203,66,95,39,56,27,12,15,68,27,41
31382,los lagos,10,chiloé,102,chonchi,10203,67,111,51,60,28,13,15,83,38,45
31383,los lagos,10,chiloé,102,chonchi,10203,68,104,51,53,34,13,21,70,38,32
31384,los lagos,10,chiloé,102,chonchi,10203,69,101,49,52,33,17,16,68,32,36
31385,los lagos,10,chiloé,102,chonchi,10203,70,102,48,54,30,10,20,72,38,34
31386,los lagos,10,chiloé,102,chonchi,10203,71,84,36,48,20,8,12,64,28,36
31387,los lagos,10,chiloé,102,chonchi,10203,72,95,43,52,26,12,14,69,31,38
31388,los lagos,10,chiloé,102,chonchi,10203,73,86,38,48,24,11,13,62,27,35
31389,los lagos,10,chiloé,102,chonchi,10203,74,64,32,32,12,4,8,52,28,24
31390,los lagos,10,chiloé,102,chonchi,10203,75,75,38,37,20,15,5,55,23,32
31391,los lagos,10,chiloé,102,chonchi,10203,76,77,31,46,16,6,10,61,25,36
31392,los lagos,10,chiloé,102,chonchi,10203,77,59,28,31,17,5,12,42,23,19
31393,los lagos,10,chiloé,102,chonchi,10203,78,70,30,40,15,5,10,55,25,30
31394,los lagos,10,chiloé,102,chonchi,10203,79,65,25,40,17,7,10,48,18,30
31395,los lagos,10,chiloé,102,chonchi,10203,80,43,14,29,12,4,8,31,10,21
31396,los lagos,10,chiloé,102,chonchi,10203,81,46,12,34,14,4,10,32,8,24
31397,los lagos,10,chiloé,102,chonchi,10203,82,43,16,27,16,6,10,27,10,17
31398,los lagos,10,chiloé,102,chonchi,10203,83,34,11,23,11,3,8,23,8,15
31399,los lagos,10,chiloé,102,chonchi,10203,84,38,9,29,14,1,13,24,8,16
31400,los lagos,10,chiloé,102,chonchi,10203,85,31,10,21,15,6,9,16,4,12
31401,los lagos,10,chiloé,102,chonchi,10203,86,29,8,21,6,4,2,23,4,19
31402,los lagos,10,chiloé,102,chonchi,10203,87,24,9,15,7,2,5,17,7,10
31403,los lagos,10,chiloé,102,chonchi,10203,88,29,9,20,8,1,7,21,8,13
31404,los lagos,10,chiloé,102,chonchi,10203,89,19,7,12,8,1,7,11,6,5
31405,los lagos,10,chiloé,102,chonchi,10203,90,16,4,12,9,3,6,7,1,6
31406,los lagos,10,chiloé,102,chonchi,10203,91,8,3,5,2,1,1,6,2,4
31407,los lagos,10,chiloé,102,chonchi,10203,92,11,3,8,2,2,0,9,1,8
31408,los lagos,10,chiloé,102,chonchi,10203,93,10,4,6,3,2,1,7,2,5
31409,los lagos,10,chiloé,102,chonchi,10203,94,6,1,5,2,0,2,4,1,3
31410,los lagos,10,chiloé,102,chonchi,10203,95,4,2,2,2,1,1,2,1,1
31411,los lagos,10,chiloé,102,chonchi,10203,96,2,1,1,1,1,0,1,0,1
31412,los lagos,10,chiloé,102,chonchi,10203,97,0,0,0,0,0,0,0,0,0
31413,los lagos,10,chiloé,102,chonchi,10203,98,5,2,3,0,0,0,5,2,3
31414,los lagos,10,chiloé,102,chonchi,10203,99,0,0,0,0,0,0,0,0,0
31415,los lagos,10,chiloé,102,chonchi,10203,100 o más,1,0,1,0,0,0,1,0,1
31416,los lagos,10,chiloé,102,curaco de vélez,10204,total comuna,3829,1853,1976,1106,508,598,2723,1345,1378
31417,los lagos,10,chiloé,102,curaco de vélez,10204,0,40,22,18,10,6,4,30,16,14
31418,los lagos,10,chiloé,102,curaco de vélez,10204,1,25,15,10,6,4,2,19,11,8
31419,los lagos,10,chiloé,102,curaco de vélez,10204,2,50,26,24,19,10,9,31,16,15
31420,los lagos,10,chiloé,102,curaco de vélez,10204,3,39,26,13,8,6,2,31,20,11
31421,los lagos,10,chiloé,102,curaco de vélez,10204,4,43,24,19,15,12,3,28,12,16
31422,los lagos,10,chiloé,102,curaco de vélez,10204,5,41,21,20,6,3,3,35,18,17
31423,los lagos,10,chiloé,102,curaco de vélez,10204,6,53,36,17,20,13,7,33,23,10
31424,los lagos,10,chiloé,102,curaco de vélez,10204,7,68,29,39,22,10,12,46,19,27
31425,los lagos,10,chiloé,102,curaco de vélez,10204,8,58,33,25,21,15,6,37,18,19
31426,los lagos,10,chiloé,102,curaco de vélez,10204,9,67,33,34,15,5,10,52,28,24
31427,los lagos,10,chiloé,102,curaco de vélez,10204,10,56,27,29,20,5,15,36,22,14
31428,los lagos,10,chiloé,102,curaco de vélez,10204,11,62,23,39,23,10,13,39,13,26
31429,los lagos,10,chiloé,102,curaco de vélez,10204,12,43,16,27,18,6,12,25,10,15
31430,los lagos,10,chiloé,102,curaco de vélez,10204,13,52,30,22,16,9,7,36,21,15
31431,los lagos,10,chiloé,102,curaco de vélez,10204,14,95,41,54,39,10,29,56,31,25
31432,los lagos,10,chiloé,102,curaco de vélez,10204,15,65,33,32,23,10,13,42,23,19
31433,los lagos,10,chiloé,102,curaco de vélez,10204,16,86,37,49,33,13,20,53,24,29
31434,los lagos,10,chiloé,102,curaco de vélez,10204,17,77,36,41,33,12,21,44,24,20
31435,los lagos,10,chiloé,102,curaco de vélez,10204,18,39,23,16,13,6,7,26,17,9
31436,los lagos,10,chiloé,102,curaco de vélez,10204,19,40,21,19,15,7,8,25,14,11
31437,los lagos,10,chiloé,102,curaco de vélez,10204,20,40,23,17,14,8,6,26,15,11
31438,los lagos,10,chiloé,102,curaco de vélez,10204,21,36,22,14,7,5,2,29,17,12
31439,los lagos,10,chiloé,102,curaco de vélez,10204,22,40,21,19,16,5,11,24,16,8
31440,los lagos,10,chiloé,102,curaco de vélez,10204,23,49,29,20,16,8,8,33,21,12
31441,los lagos,10,chiloé,102,curaco de vélez,10204,24,50,22,28,16,8,8,34,14,20
31442,los lagos,10,chiloé,102,curaco de vélez,10204,25,40,22,18,14,5,9,26,17,9
31443,los lagos,10,chiloé,102,curaco de vélez,10204,26,35,15,20,14,6,8,21,9,12
31444,los lagos,10,chiloé,102,curaco de vélez,10204,27,55,18,37,15,6,9,40,12,28
31445,los lagos,10,chiloé,102,curaco de vélez,10204,28,53,28,25,16,9,7,37,19,18
31446,los lagos,10,chiloé,102,curaco de vélez,10204,29,40,17,23,14,7,7,26,10,16
31447,los lagos,10,chiloé,102,curaco de vélez,10204,30,49,19,30,19,7,12,30,12,18
31448,los lagos,10,chiloé,102,curaco de vélez,10204,31,45,20,25,13,6,7,32,14,18
31449,los lagos,10,chiloé,102,curaco de vélez,10204,32,57,28,29,16,8,8,41,20,21
31450,los lagos,10,chiloé,102,curaco de vélez,10204,33,41,16,25,16,6,10,25,10,15
31451,los lagos,10,chiloé,102,curaco de vélez,10204,34,53,31,22,13,8,5,40,23,17
31452,los lagos,10,chiloé,102,curaco de vélez,10204,35,41,20,21,13,7,6,28,13,15
31453,los lagos,10,chiloé,102,curaco de vélez,10204,36,52,29,23,17,10,7,35,19,16
31454,los lagos,10,chiloé,102,curaco de vélez,10204,37,61,31,30,16,7,9,45,24,21
31455,los lagos,10,chiloé,102,curaco de vélez,10204,38,56,31,25,13,8,5,43,23,20
31456,los lagos,10,chiloé,102,curaco de vélez,10204,39,68,29,39,20,7,13,48,22,26
31457,los lagos,10,chiloé,102,curaco de vélez,10204,40,56,34,22,17,10,7,39,24,15
31458,los lagos,10,chiloé,102,curaco de vélez,10204,41,50,20,30,13,4,9,37,16,21
31459,los lagos,10,chiloé,102,curaco de vélez,10204,42,59,27,32,16,5,11,43,22,21
31460,los lagos,10,chiloé,102,curaco de vélez,10204,43,64,40,24,15,10,5,49,30,19
31461,los lagos,10,chiloé,102,curaco de vélez,10204,44,46,28,18,15,9,6,31,19,12
31462,los lagos,10,chiloé,102,curaco de vélez,10204,45,41,21,20,11,6,5,30,15,15
31463,los lagos,10,chiloé,102,curaco de vélez,10204,46,65,37,28,26,16,10,39,21,18
31464,los lagos,10,chiloé,102,curaco de vélez,10204,47,60,31,29,18,6,12,42,25,17
31465,los lagos,10,chiloé,102,curaco de vélez,10204,48,65,29,36,18,8,10,47,21,26
31466,los lagos,10,chiloé,102,curaco de vélez,10204,49,50,33,17,12,6,6,38,27,11
31467,los lagos,10,chiloé,102,curaco de vélez,10204,50,47,25,22,9,5,4,38,20,18
31468,los lagos,10,chiloé,102,curaco de vélez,10204,51,62,29,33,20,12,8,42,17,25
31469,los lagos,10,chiloé,102,curaco de vélez,10204,52,45,28,17,12,10,2,33,18,15
31470,los lagos,10,chiloé,102,curaco de vélez,10204,53,54,27,27,11,7,4,43,20,23
31471,los lagos,10,chiloé,102,curaco de vélez,10204,54,43,19,24,11,4,7,32,15,17
31472,los lagos,10,chiloé,102,curaco de vélez,10204,55,42,18,24,12,6,6,30,12,18
31473,los lagos,10,chiloé,102,curaco de vélez,10204,56,29,17,12,9,3,6,20,14,6
31474,los lagos,10,chiloé,102,curaco de vélez,10204,57,53,29,24,12,5,7,41,24,17
31475,los lagos,10,chiloé,102,curaco de vélez,10204,58,39,13,26,16,4,12,23,9,14
31476,los lagos,10,chiloé,102,curaco de vélez,10204,59,29,18,11,7,5,2,22,13,9
31477,los lagos,10,chiloé,102,curaco de vélez,10204,60,37,15,22,7,3,4,30,12,18
31478,los lagos,10,chiloé,102,curaco de vélez,10204,61,36,19,17,7,4,3,29,15,14
31479,los lagos,10,chiloé,102,curaco de vélez,10204,62,38,18,20,10,4,6,28,14,14
31480,los lagos,10,chiloé,102,curaco de vélez,10204,63,40,21,19,11,4,7,29,17,12
31481,los lagos,10,chiloé,102,curaco de vélez,10204,64,32,16,16,6,2,4,26,14,12
31482,los lagos,10,chiloé,102,curaco de vélez,10204,65,24,7,17,4,1,3,20,6,14
31483,los lagos,10,chiloé,102,curaco de vélez,10204,66,40,18,22,8,4,4,32,14,18
31484,los lagos,10,chiloé,102,curaco de vélez,10204,67,25,12,13,4,1,3,21,11,10
31485,los lagos,10,chiloé,102,curaco de vélez,10204,68,36,10,26,9,2,7,27,8,19
31486,los lagos,10,chiloé,102,curaco de vélez,10204,69,29,14,15,4,1,3,25,13,12
31487,los lagos,10,chiloé,102,curaco de vélez,10204,70,34,19,15,7,3,4,27,16,11
31488,los lagos,10,chiloé,102,curaco de vélez,10204,71,33,13,20,5,2,3,28,11,17
31489,los lagos,10,chiloé,102,curaco de vélez,10204,72,20,9,11,4,2,2,16,7,9
31490,los lagos,10,chiloé,102,curaco de vélez,10204,73,30,10,20,2,1,1,28,9,19
31491,los lagos,10,chiloé,102,curaco de vélez,10204,74,32,16,16,8,5,3,24,11,13
31492,los lagos,10,chiloé,102,curaco de vélez,10204,75,21,8,13,2,2,0,19,6,13
31493,los lagos,10,chiloé,102,curaco de vélez,10204,76,27,5,22,4,1,3,23,4,19
31494,los lagos,10,chiloé,102,curaco de vélez,10204,77,23,10,13,7,2,5,16,8,8
31495,los lagos,10,chiloé,102,curaco de vélez,10204,78,25,11,14,7,3,4,18,8,10
31496,los lagos,10,chiloé,102,curaco de vélez,10204,79,16,8,8,2,0,2,14,8,6
31497,los lagos,10,chiloé,102,curaco de vélez,10204,80,9,2,7,2,0,2,7,2,5
31498,los lagos,10,chiloé,102,curaco de vélez,10204,81,20,7,13,4,1,3,16,6,10
31499,los lagos,10,chiloé,102,curaco de vélez,10204,82,15,3,12,5,0,5,10,3,7
31500,los lagos,10,chiloé,102,curaco de vélez,10204,83,17,6,11,6,1,5,11,5,6
31501,los lagos,10,chiloé,102,curaco de vélez,10204,84,11,5,6,3,1,2,8,4,4
31502,los lagos,10,chiloé,102,curaco de vélez,10204,85,12,7,5,1,0,1,11,7,4
31503,los lagos,10,chiloé,102,curaco de vélez,10204,86,13,2,11,2,0,2,11,2,9
31504,los lagos,10,chiloé,102,curaco de vélez,10204,87,13,2,11,2,0,2,11,2,9
31505,los lagos,10,chiloé,102,curaco de vélez,10204,88,11,1,10,3,0,3,8,1,7
31506,los lagos,10,chiloé,102,curaco de vélez,10204,89,17,2,15,1,0,1,16,2,14
31507,los lagos,10,chiloé,102,curaco de vélez,10204,90,4,2,2,1,1,0,3,1,2
31508,los lagos,10,chiloé,102,curaco de vélez,10204,91,6,3,3,1,1,0,5,2,3
31509,los lagos,10,chiloé,102,curaco de vélez,10204,92,6,3,3,2,2,0,4,1,3
31510,los lagos,10,chiloé,102,curaco de vélez,10204,93,6,2,4,1,0,1,5,2,3
31511,los lagos,10,chiloé,102,curaco de vélez,10204,94,4,0,4,0,0,0,4,0,4
31512,los lagos,10,chiloé,102,curaco de vélez,10204,95,2,0,2,1,0,1,1,0,1
31513,los lagos,10,chiloé,102,curaco de vélez,10204,96,1,0,1,0,0,0,1,0,1
31514,los lagos,10,chiloé,102,curaco de vélez,10204,97,1,0,1,0,0,0,1,0,1
31515,los lagos,10,chiloé,102,curaco de vélez,10204,98,2,1,1,0,0,0,2,1,1
31516,los lagos,10,chiloé,102,curaco de vélez,10204,99,1,0,1,0,0,0,1,0,1
31517,los lagos,10,chiloé,102,curaco de vélez,10204,100 o más,1,0,1,0,0,0,1,0,1
31518,los lagos,10,chiloé,102,dalcahue,10205,total comuna,13762,6913,6849,7200,3531,3669,6562,3382,3180
31519,los lagos,10,chiloé,102,dalcahue,10205,0,169,81,88,88,37,51,81,44,37
31520,los lagos,10,chiloé,102,dalcahue,10205,1,178,101,77,100,58,42,78,43,35
31521,los lagos,10,chiloé,102,dalcahue,10205,2,184,94,90,112,54,58,72,40,32
31522,los lagos,10,chiloé,102,dalcahue,10205,3,165,98,67,105,62,43,60,36,24
31523,los lagos,10,chiloé,102,dalcahue,10205,4,175,82,93,98,43,55,77,39,38
31524,los lagos,10,chiloé,102,dalcahue,10205,5,182,100,82,85,44,41,97,56,41
31525,los lagos,10,chiloé,102,dalcahue,10205,6,213,115,98,135,76,59,78,39,39
31526,los lagos,10,chiloé,102,dalcahue,10205,7,212,108,104,123,64,59,89,44,45
31527,los lagos,10,chiloé,102,dalcahue,10205,8,202,112,90,117,63,54,85,49,36
31528,los lagos,10,chiloé,102,dalcahue,10205,9,230,123,107,141,75,66,89,48,41
31529,los lagos,10,chiloé,102,dalcahue,10205,10,208,107,101,119,63,56,89,44,45
31530,los lagos,10,chiloé,102,dalcahue,10205,11,222,113,109,129,65,64,93,48,45
31531,los lagos,10,chiloé,102,dalcahue,10205,12,204,99,105,125,57,68,79,42,37
31532,los lagos,10,chiloé,102,dalcahue,10205,13,214,121,93,127,69,58,87,52,35
31533,los lagos,10,chiloé,102,dalcahue,10205,14,198,104,94,107,53,54,91,51,40
31534,los lagos,10,chiloé,102,dalcahue,10205,15,202,110,92,111,62,49,91,48,43
31535,los lagos,10,chiloé,102,dalcahue,10205,16,228,130,98,127,65,62,101,65,36
31536,los lagos,10,chiloé,102,dalcahue,10205,17,206,104,102,130,63,67,76,41,35
31537,los lagos,10,chiloé,102,dalcahue,10205,18,169,78,91,96,46,50,73,32,41
31538,los lagos,10,chiloé,102,dalcahue,10205,19,146,83,63,93,56,37,53,27,26
31539,los lagos,10,chiloé,102,dalcahue,10205,20,156,80,76,82,39,43,74,41,33
31540,los lagos,10,chiloé,102,dalcahue,10205,21,164,78,86,103,44,59,61,34,27
31541,los lagos,10,chiloé,102,dalcahue,10205,22,177,93,84,103,57,46,74,36,38
31542,los lagos,10,chiloé,102,dalcahue,10205,23,195,99,96,118,63,55,77,36,41
31543,los lagos,10,chiloé,102,dalcahue,10205,24,215,107,108,128,64,64,87,43,44
31544,los lagos,10,chiloé,102,dalcahue,10205,25,231,118,113,133,63,70,98,55,43
31545,los lagos,10,chiloé,102,dalcahue,10205,26,211,115,96,122,61,61,89,54,35
31546,los lagos,10,chiloé,102,dalcahue,10205,27,220,102,118,126,54,72,94,48,46
31547,los lagos,10,chiloé,102,dalcahue,10205,28,198,99,99,136,63,73,62,36,26
31548,los lagos,10,chiloé,102,dalcahue,10205,29,209,90,119,115,56,59,94,34,60
31549,los lagos,10,chiloé,102,dalcahue,10205,30,199,95,104,106,50,56,93,45,48
31550,los lagos,10,chiloé,102,dalcahue,10205,31,178,81,97,96,42,54,82,39,43
31551,los lagos,10,chiloé,102,dalcahue,10205,32,185,86,99,105,46,59,80,40,40
31552,los lagos,10,chiloé,102,dalcahue,10205,33,236,118,118,126,63,63,110,55,55
31553,los lagos,10,chiloé,102,dalcahue,10205,34,201,94,107,100,43,57,101,51,50
31554,los lagos,10,chiloé,102,dalcahue,10205,35,178,83,95,94,39,55,84,44,40
31555,los lagos,10,chiloé,102,dalcahue,10205,36,203,99,104,129,60,69,74,39,35
31556,los lagos,10,chiloé,102,dalcahue,10205,37,200,99,101,111,55,56,89,44,45
31557,los lagos,10,chiloé,102,dalcahue,10205,38,205,93,112,115,45,70,90,48,42
31558,los lagos,10,chiloé,102,dalcahue,10205,39,185,95,90,102,51,51,83,44,39
31559,los lagos,10,chiloé,102,dalcahue,10205,40,183,99,84,108,63,45,75,36,39
31560,los lagos,10,chiloé,102,dalcahue,10205,41,203,95,108,113,44,69,90,51,39
31561,los lagos,10,chiloé,102,dalcahue,10205,42,203,93,110,108,45,63,95,48,47
31562,los lagos,10,chiloé,102,dalcahue,10205,43,187,98,89,102,51,51,85,47,38
31563,los lagos,10,chiloé,102,dalcahue,10205,44,233,119,114,145,74,71,88,45,43
31564,los lagos,10,chiloé,102,dalcahue,10205,45,199,99,100,105,51,54,94,48,46
31565,los lagos,10,chiloé,102,dalcahue,10205,46,205,100,105,98,47,51,107,53,54
31566,los lagos,10,chiloé,102,dalcahue,10205,47,208,101,107,106,52,54,102,49,53
31567,los lagos,10,chiloé,102,dalcahue,10205,48,204,107,97,103,60,43,101,47,54
31568,los lagos,10,chiloé,102,dalcahue,10205,49,211,105,106,108,50,58,103,55,48
31569,los lagos,10,chiloé,102,dalcahue,10205,50,210,110,100,100,50,50,110,60,50
31570,los lagos,10,chiloé,102,dalcahue,10205,51,211,117,94,110,62,48,101,55,46
31571,los lagos,10,chiloé,102,dalcahue,10205,52,212,119,93,109,53,56,103,66,37
31572,los lagos,10,chiloé,102,dalcahue,10205,53,223,124,99,109,56,53,114,68,46
31573,los lagos,10,chiloé,102,dalcahue,10205,54,162,88,74,79,46,33,83,42,41
31574,los lagos,10,chiloé,102,dalcahue,10205,55,155,84,71,69,37,32,86,47,39
31575,los lagos,10,chiloé,102,dalcahue,10205,56,147,79,68,65,29,36,82,50,32
31576,los lagos,10,chiloé,102,dalcahue,10205,57,155,81,74,62,31,31,93,50,43
31577,los lagos,10,chiloé,102,dalcahue,10205,58,110,49,61,43,20,23,67,29,38
31578,los lagos,10,chiloé,102,dalcahue,10205,59,153,83,70,68,31,37,85,52,33
31579,los lagos,10,chiloé,102,dalcahue,10205,60,142,71,71,61,31,30,81,40,41
31580,los lagos,10,chiloé,102,dalcahue,10205,61,111,56,55,50,29,21,61,27,34
31581,los lagos,10,chiloé,102,dalcahue,10205,62,122,61,61,45,20,25,77,41,36
31582,los lagos,10,chiloé,102,dalcahue,10205,63,99,47,52,33,15,18,66,32,34
31583,los lagos,10,chiloé,102,dalcahue,10205,64,94,40,54,40,18,22,54,22,32
31584,los lagos,10,chiloé,102,dalcahue,10205,65,88,47,41,35,20,15,53,27,26
31585,los lagos,10,chiloé,102,dalcahue,10205,66,105,56,49,36,21,15,69,35,34
31586,los lagos,10,chiloé,102,dalcahue,10205,67,79,33,46,33,11,22,46,22,24
31587,los lagos,10,chiloé,102,dalcahue,10205,68,90,49,41,26,13,13,64,36,28
31588,los lagos,10,chiloé,102,dalcahue,10205,69,91,44,47,35,16,19,56,28,28
31589,los lagos,10,chiloé,102,dalcahue,10205,70,91,41,50,33,16,17,58,25,33
31590,los lagos,10,chiloé,102,dalcahue,10205,71,81,38,43,24,8,16,57,30,27
31591,los lagos,10,chiloé,102,dalcahue,10205,72,71,31,40,23,12,11,48,19,29
31592,los lagos,10,chiloé,102,dalcahue,10205,73,67,31,36,15,8,7,52,23,29
31593,los lagos,10,chiloé,102,dalcahue,10205,74,75,26,49,28,11,17,47,15,32
31594,los lagos,10,chiloé,102,dalcahue,10205,75,61,31,30,23,10,13,38,21,17
31595,los lagos,10,chiloé,102,dalcahue,10205,76,66,32,34,26,9,17,40,23,17
31596,los lagos,10,chiloé,102,dalcahue,10205,77,72,33,39,24,11,13,48,22,26
31597,los lagos,10,chiloé,102,dalcahue,10205,78,42,17,25,18,7,11,24,10,14
31598,los lagos,10,chiloé,102,dalcahue,10205,79,58,25,33,20,7,13,38,18,20
31599,los lagos,10,chiloé,102,dalcahue,10205,80,52,25,27,18,9,9,34,16,18
31600,los lagos,10,chiloé,102,dalcahue,10205,81,55,29,26,22,9,13,33,20,13
31601,los lagos,10,chiloé,102,dalcahue,10205,82,37,16,21,12,5,7,25,11,14
31602,los lagos,10,chiloé,102,dalcahue,10205,83,34,12,22,10,2,8,24,10,14
31603,los lagos,10,chiloé,102,dalcahue,10205,84,40,14,26,11,7,4,29,7,22
31604,los lagos,10,chiloé,102,dalcahue,10205,85,34,12,22,10,1,9,24,11,13
31605,los lagos,10,chiloé,102,dalcahue,10205,86,30,8,22,9,4,5,21,4,17
31606,los lagos,10,chiloé,102,dalcahue,10205,87,30,8,22,10,3,7,20,5,15
31607,los lagos,10,chiloé,102,dalcahue,10205,88,27,8,19,5,1,4,22,7,15
31608,los lagos,10,chiloé,102,dalcahue,10205,89,15,7,8,7,5,2,8,2,6
31609,los lagos,10,chiloé,102,dalcahue,10205,90,15,6,9,8,1,7,7,5,2
31610,los lagos,10,chiloé,102,dalcahue,10205,91,12,5,7,4,1,3,8,4,4
31611,los lagos,10,chiloé,102,dalcahue,10205,92,9,3,6,4,1,3,5,2,3
31612,los lagos,10,chiloé,102,dalcahue,10205,93,8,3,5,5,3,2,3,0,3
31613,los lagos,10,chiloé,102,dalcahue,10205,94,9,3,6,5,1,4,4,2,2
31614,los lagos,10,chiloé,102,dalcahue,10205,95,8,3,5,1,0,1,7,3,4
31615,los lagos,10,chiloé,102,dalcahue,10205,96,6,4,2,1,0,1,5,4,1
31616,los lagos,10,chiloé,102,dalcahue,10205,97,2,1,1,0,0,0,2,1,1
31617,los lagos,10,chiloé,102,dalcahue,10205,98,2,0,2,1,0,1,1,0,1
31618,los lagos,10,chiloé,102,dalcahue,10205,99,1,0,1,0,0,0,1,0,1
31619,los lagos,10,chiloé,102,dalcahue,10205,100 o más,4,0,4,1,0,1,3,0,3
31620,los lagos,10,chiloé,102,puqueldón,10206,total comuna,3921,1973,1948,0,0,0,3921,1973,1948
31621,los lagos,10,chiloé,102,puqueldón,10206,0,33,20,13,0,0,0,33,20,13
31622,los lagos,10,chiloé,102,puqueldón,10206,1,41,26,15,0,0,0,41,26,15
31623,los lagos,10,chiloé,102,puqueldón,10206,2,54,32,22,0,0,0,54,32,22
31624,los lagos,10,chiloé,102,puqueldón,10206,3,42,19,23,0,0,0,42,19,23
31625,los lagos,10,chiloé,102,puqueldón,10206,4,47,24,23,0,0,0,47,24,23
31626,los lagos,10,chiloé,102,puqueldón,10206,5,41,22,19,0,0,0,41,22,19
31627,los lagos,10,chiloé,102,puqueldón,10206,6,47,24,23,0,0,0,47,24,23
31628,los lagos,10,chiloé,102,puqueldón,10206,7,58,35,23,0,0,0,58,35,23
31629,los lagos,10,chiloé,102,puqueldón,10206,8,55,26,29,0,0,0,55,26,29
31630,los lagos,10,chiloé,102,puqueldón,10206,9,56,31,25,0,0,0,56,31,25
31631,los lagos,10,chiloé,102,puqueldón,10206,10,44,25,19,0,0,0,44,25,19
31632,los lagos,10,chiloé,102,puqueldón,10206,11,37,27,10,0,0,0,37,27,10
31633,los lagos,10,chiloé,102,puqueldón,10206,12,55,29,26,0,0,0,55,29,26
31634,los lagos,10,chiloé,102,puqueldón,10206,13,56,32,24,0,0,0,56,32,24
31635,los lagos,10,chiloé,102,puqueldón,10206,14,39,23,16,0,0,0,39,23,16
31636,los lagos,10,chiloé,102,puqueldón,10206,15,53,29,24,0,0,0,53,29,24
31637,los lagos,10,chiloé,102,puqueldón,10206,16,57,36,21,0,0,0,57,36,21
31638,los lagos,10,chiloé,102,puqueldón,10206,17,35,20,15,0,0,0,35,20,15
31639,los lagos,10,chiloé,102,puqueldón,10206,18,40,24,16,0,0,0,40,24,16
31640,los lagos,10,chiloé,102,puqueldón,10206,19,48,29,19,0,0,0,48,29,19
31641,los lagos,10,chiloé,102,puqueldón,10206,20,38,18,20,0,0,0,38,18,20
31642,los lagos,10,chiloé,102,puqueldón,10206,21,42,27,15,0,0,0,42,27,15
31643,los lagos,10,chiloé,102,puqueldón,10206,22,45,23,22,0,0,0,45,23,22
31644,los lagos,10,chiloé,102,puqueldón,10206,23,34,23,11,0,0,0,34,23,11
31645,los lagos,10,chiloé,102,puqueldón,10206,24,52,31,21,0,0,0,52,31,21
31646,los lagos,10,chiloé,102,puqueldón,10206,25,50,19,31,0,0,0,50,19,31
31647,los lagos,10,chiloé,102,puqueldón,10206,26,60,30,30,0,0,0,60,30,30
31648,los lagos,10,chiloé,102,puqueldón,10206,27,55,28,27,0,0,0,55,28,27
31649,los lagos,10,chiloé,102,puqueldón,10206,28,59,23,36,0,0,0,59,23,36
31650,los lagos,10,chiloé,102,puqueldón,10206,29,40,23,17,0,0,0,40,23,17
31651,los lagos,10,chiloé,102,puqueldón,10206,30,52,25,27,0,0,0,52,25,27
31652,los lagos,10,chiloé,102,puqueldón,10206,31,54,28,26,0,0,0,54,28,26
31653,los lagos,10,chiloé,102,puqueldón,10206,32,51,30,21,0,0,0,51,30,21
31654,los lagos,10,chiloé,102,puqueldón,10206,33,61,29,32,0,0,0,61,29,32
31655,los lagos,10,chiloé,102,puqueldón,10206,34,64,31,33,0,0,0,64,31,33
31656,los lagos,10,chiloé,102,puqueldón,10206,35,65,41,24,0,0,0,65,41,24
31657,los lagos,10,chiloé,102,puqueldón,10206,36,67,41,26,0,0,0,67,41,26
31658,los lagos,10,chiloé,102,puqueldón,10206,37,51,28,23,0,0,0,51,28,23
31659,los lagos,10,chiloé,102,puqueldón,10206,38,54,30,24,0,0,0,54,30,24
31660,los lagos,10,chiloé,102,puqueldón,10206,39,65,36,29,0,0,0,65,36,29
31661,los lagos,10,chiloé,102,puqueldón,10206,40,58,33,25,0,0,0,58,33,25
31662,los lagos,10,chiloé,102,puqueldón,10206,41,53,26,27,0,0,0,53,26,27
31663,los lagos,10,chiloé,102,puqueldón,10206,42,54,31,23,0,0,0,54,31,23
31664,los lagos,10,chiloé,102,puqueldón,10206,43,59,30,29,0,0,0,59,30,29
31665,los lagos,10,chiloé,102,puqueldón,10206,44,62,26,36,0,0,0,62,26,36
31666,los lagos,10,chiloé,102,puqueldón,10206,45,61,32,29,0,0,0,61,32,29
31667,los lagos,10,chiloé,102,puqueldón,10206,46,50,31,19,0,0,0,50,31,19
31668,los lagos,10,chiloé,102,puqueldón,10206,47,52,29,23,0,0,0,52,29,23
31669,los lagos,10,chiloé,102,puqueldón,10206,48,65,37,28,0,0,0,65,37,28
31670,los lagos,10,chiloé,102,puqueldón,10206,49,58,23,35,0,0,0,58,23,35
31671,los lagos,10,chiloé,102,puqueldón,10206,50,58,32,26,0,0,0,58,32,26
31672,los lagos,10,chiloé,102,puqueldón,10206,51,50,18,32,0,0,0,50,18,32
31673,los lagos,10,chiloé,102,puqueldón,10206,52,61,33,28,0,0,0,61,33,28
31674,los lagos,10,chiloé,102,puqueldón,10206,53,56,31,25,0,0,0,56,31,25
31675,los lagos,10,chiloé,102,puqueldón,10206,54,48,25,23,0,0,0,48,25,23
31676,los lagos,10,chiloé,102,puqueldón,10206,55,52,18,34,0,0,0,52,18,34
31677,los lagos,10,chiloé,102,puqueldón,10206,56,47,22,25,0,0,0,47,22,25
31678,los lagos,10,chiloé,102,puqueldón,10206,57,41,23,18,0,0,0,41,23,18
31679,los lagos,10,chiloé,102,puqueldón,10206,58,51,21,30,0,0,0,51,21,30
31680,los lagos,10,chiloé,102,puqueldón,10206,59,45,19,26,0,0,0,45,19,26
31681,los lagos,10,chiloé,102,puqueldón,10206,60,46,20,26,0,0,0,46,20,26
31682,los lagos,10,chiloé,102,puqueldón,10206,61,37,17,20,0,0,0,37,17,20
31683,los lagos,10,chiloé,102,puqueldón,10206,62,41,20,21,0,0,0,41,20,21
31684,los lagos,10,chiloé,102,puqueldón,10206,63,35,20,15,0,0,0,35,20,15
31685,los lagos,10,chiloé,102,puqueldón,10206,64,37,19,18,0,0,0,37,19,18
31686,los lagos,10,chiloé,102,puqueldón,10206,65,36,14,22,0,0,0,36,14,22
31687,los lagos,10,chiloé,102,puqueldón,10206,66,49,21,28,0,0,0,49,21,28
31688,los lagos,10,chiloé,102,puqueldón,10206,67,41,18,23,0,0,0,41,18,23
31689,los lagos,10,chiloé,102,puqueldón,10206,68,30,18,12,0,0,0,30,18,12
31690,los lagos,10,chiloé,102,puqueldón,10206,69,39,18,21,0,0,0,39,18,21
31691,los lagos,10,chiloé,102,puqueldón,10206,70,33,11,22,0,0,0,33,11,22
31692,los lagos,10,chiloé,102,puqueldón,10206,71,33,13,20,0,0,0,33,13,20
31693,los lagos,10,chiloé,102,puqueldón,10206,72,34,16,18,0,0,0,34,16,18
31694,los lagos,10,chiloé,102,puqueldón,10206,73,23,10,13,0,0,0,23,10,13
31695,los lagos,10,chiloé,102,puqueldón,10206,74,28,12,16,0,0,0,28,12,16
31696,los lagos,10,chiloé,102,puqueldón,10206,75,27,14,13,0,0,0,27,14,13
31697,los lagos,10,chiloé,102,puqueldón,10206,76,30,8,22,0,0,0,30,8,22
31698,los lagos,10,chiloé,102,puqueldón,10206,77,27,12,15,0,0,0,27,12,15
31699,los lagos,10,chiloé,102,puqueldón,10206,78,24,7,17,0,0,0,24,7,17
31700,los lagos,10,chiloé,102,puqueldón,10206,79,23,7,16,0,0,0,23,7,16
31701,los lagos,10,chiloé,102,puqueldón,10206,80,15,5,10,0,0,0,15,5,10
31702,los lagos,10,chiloé,102,puqueldón,10206,81,25,6,19,0,0,0,25,6,19
31703,los lagos,10,chiloé,102,puqueldón,10206,82,18,5,13,0,0,0,18,5,13
31704,los lagos,10,chiloé,102,puqueldón,10206,83,14,5,9,0,0,0,14,5,9
31705,los lagos,10,chiloé,102,puqueldón,10206,84,7,1,6,0,0,0,7,1,6
31706,los lagos,10,chiloé,102,puqueldón,10206,85,8,2,6,0,0,0,8,2,6
31707,los lagos,10,chiloé,102,puqueldón,10206,86,16,1,15,0,0,0,16,1,15
31708,los lagos,10,chiloé,102,puqueldón,10206,87,10,2,8,0,0,0,10,2,8
31709,los lagos,10,chiloé,102,puqueldón,10206,88,7,4,3,0,0,0,7,4,3
31710,los lagos,10,chiloé,102,puqueldón,10206,89,13,4,9,0,0,0,13,4,9
31711,los lagos,10,chiloé,102,puqueldón,10206,90,10,1,9,0,0,0,10,1,9
31712,los lagos,10,chiloé,102,puqueldón,10206,91,4,0,4,0,0,0,4,0,4
31713,los lagos,10,chiloé,102,puqueldón,10206,92,2,0,2,0,0,0,2,0,2
31714,los lagos,10,chiloé,102,puqueldón,10206,93,4,0,4,0,0,0,4,0,4
31715,los lagos,10,chiloé,102,puqueldón,10206,94,3,3,0,0,0,0,3,3,0
31716,los lagos,10,chiloé,102,puqueldón,10206,95,3,1,2,0,0,0,3,1,2
31717,los lagos,10,chiloé,102,puqueldón,10206,96,3,1,2,0,0,0,3,1,2
31718,los lagos,10,chiloé,102,puqueldón,10206,97,3,0,3,0,0,0,3,0,3
31719,los lagos,10,chiloé,102,puqueldón,10206,98,0,0,0,0,0,0,0,0,0
31720,los lagos,10,chiloé,102,puqueldón,10206,99,1,0,1,0,0,0,1,0,1
31721,los lagos,10,chiloé,102,puqueldón,10206,100 o más,4,0,4,0,0,0,4,0,4
31722,los lagos,10,chiloé,102,queilén,10207,total comuna,5385,2773,2612,2323,1162,1161,3062,1611,1451
31723,los lagos,10,chiloé,102,queilén,10207,0,58,25,33,31,13,18,27,12,15
31724,los lagos,10,chiloé,102,queilén,10207,1,57,35,22,28,15,13,29,20,9
31725,los lagos,10,chiloé,102,queilén,10207,2,63,33,30,34,19,15,29,14,15
31726,los lagos,10,chiloé,102,queilén,10207,3,63,38,25,34,19,15,29,19,10
31727,los lagos,10,chiloé,102,queilén,10207,4,68,35,33,35,20,15,33,15,18
31728,los lagos,10,chiloé,102,queilén,10207,5,68,35,33,34,17,17,34,18,16
31729,los lagos,10,chiloé,102,queilén,10207,6,71,37,34,30,17,13,41,20,21
31730,los lagos,10,chiloé,102,queilén,10207,7,71,27,44,37,15,22,34,12,22
31731,los lagos,10,chiloé,102,queilén,10207,8,78,37,41,38,17,21,40,20,20
31732,los lagos,10,chiloé,102,queilén,10207,9,70,40,30,45,24,21,25,16,9
31733,los lagos,10,chiloé,102,queilén,10207,10,70,36,34,31,16,15,39,20,19
31734,los lagos,10,chiloé,102,queilén,10207,11,95,49,46,46,27,19,49,22,27
31735,los lagos,10,chiloé,102,queilén,10207,12,78,46,32,41,24,17,37,22,15
31736,los lagos,10,chiloé,102,queilén,10207,13,90,40,50,34,14,20,56,26,30
31737,los lagos,10,chiloé,102,queilén,10207,14,86,37,49,37,19,18,49,18,31
31738,los lagos,10,chiloé,102,queilén,10207,15,90,57,33,49,26,23,41,31,10
31739,los lagos,10,chiloé,102,queilén,10207,16,76,38,38,48,23,25,28,15,13
31740,los lagos,10,chiloé,102,queilén,10207,17,66,34,32,38,21,17,28,13,15
31741,los lagos,10,chiloé,102,queilén,10207,18,45,23,22,23,11,12,22,12,10
31742,los lagos,10,chiloé,102,queilén,10207,19,52,23,29,21,12,9,31,11,20
31743,los lagos,10,chiloé,102,queilén,10207,20,58,35,23,29,17,12,29,18,11
31744,los lagos,10,chiloé,102,queilén,10207,21,65,31,34,34,16,18,31,15,16
31745,los lagos,10,chiloé,102,queilén,10207,22,64,34,30,34,19,15,30,15,15
31746,los lagos,10,chiloé,102,queilén,10207,23,70,40,30,29,12,17,41,28,13
31747,los lagos,10,chiloé,102,queilén,10207,24,72,39,33,42,25,17,30,14,16
31748,los lagos,10,chiloé,102,queilén,10207,25,84,41,43,52,25,27,32,16,16
31749,los lagos,10,chiloé,102,queilén,10207,26,85,53,32,41,24,17,44,29,15
31750,los lagos,10,chiloé,102,queilén,10207,27,83,43,40,38,22,16,45,21,24
31751,los lagos,10,chiloé,102,queilén,10207,28,74,36,38,33,17,16,41,19,22
31752,los lagos,10,chiloé,102,queilén,10207,29,66,33,33,38,21,17,28,12,16
31753,los lagos,10,chiloé,102,queilén,10207,30,64,34,30,33,16,17,31,18,13
31754,los lagos,10,chiloé,102,queilén,10207,31,61,32,29,34,16,18,27,16,11
31755,los lagos,10,chiloé,102,queilén,10207,32,77,39,38,42,20,22,35,19,16
31756,los lagos,10,chiloé,102,queilén,10207,33,61,35,26,34,16,18,27,19,8
31757,los lagos,10,chiloé,102,queilén,10207,34,80,44,36,35,16,19,45,28,17
31758,los lagos,10,chiloé,102,queilén,10207,35,74,40,34,35,17,18,39,23,16
31759,los lagos,10,chiloé,102,queilén,10207,36,70,32,38,32,15,17,38,17,21
31760,los lagos,10,chiloé,102,queilén,10207,37,77,36,41,36,17,19,41,19,22
31761,los lagos,10,chiloé,102,queilén,10207,38,70,32,38,33,14,19,37,18,19
31762,los lagos,10,chiloé,102,queilén,10207,39,102,44,58,46,17,29,56,27,29
31763,los lagos,10,chiloé,102,queilén,10207,40,74,43,31,28,13,15,46,30,16
31764,los lagos,10,chiloé,102,queilén,10207,41,64,28,36,21,7,14,43,21,22
31765,los lagos,10,chiloé,102,queilén,10207,42,86,48,38,27,15,12,59,33,26
31766,los lagos,10,chiloé,102,queilén,10207,43,95,61,34,37,21,16,58,40,18
31767,los lagos,10,chiloé,102,queilén,10207,44,85,53,32,32,20,12,53,33,20
31768,los lagos,10,chiloé,102,queilén,10207,45,67,38,29,27,16,11,40,22,18
31769,los lagos,10,chiloé,102,queilén,10207,46,81,39,42,28,15,13,53,24,29
31770,los lagos,10,chiloé,102,queilén,10207,47,68,35,33,27,12,15,41,23,18
31771,los lagos,10,chiloé,102,queilén,10207,48,95,45,50,37,18,19,58,27,31
31772,los lagos,10,chiloé,102,queilén,10207,49,79,43,36,26,12,14,53,31,22
31773,los lagos,10,chiloé,102,queilén,10207,50,82,44,38,32,17,15,50,27,23
31774,los lagos,10,chiloé,102,queilén,10207,51,73,42,31,24,11,13,49,31,18
31775,los lagos,10,chiloé,102,queilén,10207,52,83,51,32,33,20,13,50,31,19
31776,los lagos,10,chiloé,102,queilén,10207,53,85,51,34,27,15,12,58,36,22
31777,los lagos,10,chiloé,102,queilén,10207,54,84,43,41,38,17,21,46,26,20
31778,los lagos,10,chiloé,102,queilén,10207,55,71,39,32,19,9,10,52,30,22
31779,los lagos,10,chiloé,102,queilén,10207,56,73,41,32,24,10,14,49,31,18
31780,los lagos,10,chiloé,102,queilén,10207,57,63,24,39,30,13,17,33,11,22
31781,los lagos,10,chiloé,102,queilén,10207,58,63,33,30,27,15,12,36,18,18
31782,los lagos,10,chiloé,102,queilén,10207,59,72,42,30,27,13,14,45,29,16
31783,los lagos,10,chiloé,102,queilén,10207,60,51,20,31,21,8,13,30,12,18
31784,los lagos,10,chiloé,102,queilén,10207,61,67,39,28,23,14,9,44,25,19
31785,los lagos,10,chiloé,102,queilén,10207,62,48,23,25,19,11,8,29,12,17
31786,los lagos,10,chiloé,102,queilén,10207,63,51,26,25,14,3,11,37,23,14
31787,los lagos,10,chiloé,102,queilén,10207,64,48,25,23,18,9,9,30,16,14
31788,los lagos,10,chiloé,102,queilén,10207,65,56,29,27,15,8,7,41,21,20
31789,los lagos,10,chiloé,102,queilén,10207,66,42,19,23,21,11,10,21,8,13
31790,los lagos,10,chiloé,102,queilén,10207,67,33,16,17,8,4,4,25,12,13
31791,los lagos,10,chiloé,102,queilén,10207,68,36,15,21,16,7,9,20,8,12
31792,los lagos,10,chiloé,102,queilén,10207,69,38,20,18,8,4,4,30,16,14
31793,los lagos,10,chiloé,102,queilén,10207,70,43,20,23,13,8,5,30,12,18
31794,los lagos,10,chiloé,102,queilén,10207,71,33,13,20,5,3,2,28,10,18
31795,los lagos,10,chiloé,102,queilén,10207,72,36,21,15,11,5,6,25,16,9
31796,los lagos,10,chiloé,102,queilén,10207,73,29,13,16,10,7,3,19,6,13
31797,los lagos,10,chiloé,102,queilén,10207,74,35,19,16,10,4,6,25,15,10
31798,los lagos,10,chiloé,102,queilén,10207,75,27,10,17,6,2,4,21,8,13
31799,los lagos,10,chiloé,102,queilén,10207,76,27,11,16,13,6,7,14,5,9
31800,los lagos,10,chiloé,102,queilén,10207,77,27,16,11,7,4,3,20,12,8
31801,los lagos,10,chiloé,102,queilén,10207,78,24,9,15,6,1,5,18,8,10
31802,los lagos,10,chiloé,102,queilén,10207,79,30,12,18,7,2,5,23,10,13
31803,los lagos,10,chiloé,102,queilén,10207,80,19,8,11,7,4,3,12,4,8
31804,los lagos,10,chiloé,102,queilén,10207,81,20,9,11,6,2,4,14,7,7
31805,los lagos,10,chiloé,102,queilén,10207,82,20,11,9,5,2,3,15,9,6
31806,los lagos,10,chiloé,102,queilén,10207,83,20,6,14,8,4,4,12,2,10
31807,los lagos,10,chiloé,102,queilén,10207,84,12,2,10,1,0,1,11,2,9
31808,los lagos,10,chiloé,102,queilén,10207,85,19,6,13,5,0,5,14,6,8
31809,los lagos,10,chiloé,102,queilén,10207,86,18,8,10,5,3,2,13,5,8
31810,los lagos,10,chiloé,102,queilén,10207,87,13,8,5,3,0,3,10,8,2
31811,los lagos,10,chiloé,102,queilén,10207,88,3,1,2,1,0,1,2,1,1
31812,los lagos,10,chiloé,102,queilén,10207,89,3,2,1,2,1,1,1,1,0
31813,los lagos,10,chiloé,102,queilén,10207,90,7,4,3,4,3,1,3,1,2
31814,los lagos,10,chiloé,102,queilén,10207,91,10,3,7,4,1,3,6,2,4
31815,los lagos,10,chiloé,102,queilén,10207,92,9,3,6,2,0,2,7,3,4
31816,los lagos,10,chiloé,102,queilén,10207,93,4,1,3,0,0,0,4,1,3
31817,los lagos,10,chiloé,102,queilén,10207,94,2,0,2,2,0,2,0,0,0
31818,los lagos,10,chiloé,102,queilén,10207,95,4,2,2,1,1,0,3,1,2
31819,los lagos,10,chiloé,102,queilén,10207,96,0,0,0,0,0,0,0,0,0
31820,los lagos,10,chiloé,102,queilén,10207,97,1,0,1,0,0,0,1,0,1
31821,los lagos,10,chiloé,102,queilén,10207,98,1,1,0,0,0,0,1,1,0
31822,los lagos,10,chiloé,102,queilén,10207,99,1,0,1,0,0,0,1,0,1
31823,los lagos,10,chiloé,102,queilén,10207,100 o más,3,1,2,1,0,1,2,1,1
31824,los lagos,10,chiloé,102,quellón,10208,total comuna,27192,13857,13335,17814,8897,8917,9378,4960,4418
31825,los lagos,10,chiloé,102,quellón,10208,0,387,191,196,284,141,143,103,50,53
31826,los lagos,10,chiloé,102,quellón,10208,1,403,199,204,290,149,141,113,50,63
31827,los lagos,10,chiloé,102,quellón,10208,2,410,205,205,294,149,145,116,56,60
31828,los lagos,10,chiloé,102,quellón,10208,3,397,194,203,282,130,152,115,64,51
31829,los lagos,10,chiloé,102,quellón,10208,4,406,205,201,273,133,140,133,72,61
31830,los lagos,10,chiloé,102,quellón,10208,5,403,208,195,285,143,142,118,65,53
31831,los lagos,10,chiloé,102,quellón,10208,6,436,217,219,302,156,146,134,61,73
31832,los lagos,10,chiloé,102,quellón,10208,7,484,252,232,327,167,160,157,85,72
31833,los lagos,10,chiloé,102,quellón,10208,8,477,254,223,331,173,158,146,81,65
31834,los lagos,10,chiloé,102,quellón,10208,9,438,220,218,304,157,147,134,63,71
31835,los lagos,10,chiloé,102,quellón,10208,10,434,207,227,283,132,151,151,75,76
31836,los lagos,10,chiloé,102,quellón,10208,11,429,217,212,290,154,136,139,63,76
31837,los lagos,10,chiloé,102,quellón,10208,12,409,212,197,265,132,133,144,80,64
31838,los lagos,10,chiloé,102,quellón,10208,13,405,219,186,273,147,126,132,72,60
31839,los lagos,10,chiloé,102,quellón,10208,14,411,186,225,276,124,152,135,62,73
31840,los lagos,10,chiloé,102,quellón,10208,15,377,199,178,253,139,114,124,60,64
31841,los lagos,10,chiloé,102,quellón,10208,16,458,232,226,325,159,166,133,73,60
31842,los lagos,10,chiloé,102,quellón,10208,17,398,189,209,277,126,151,121,63,58
31843,los lagos,10,chiloé,102,quellón,10208,18,336,165,171,233,112,121,103,53,50
31844,los lagos,10,chiloé,102,quellón,10208,19,280,151,129,193,103,90,87,48,39
31845,los lagos,10,chiloé,102,quellón,10208,20,313,168,145,220,110,110,93,58,35
31846,los lagos,10,chiloé,102,quellón,10208,21,378,197,181,268,133,135,110,64,46
31847,los lagos,10,chiloé,102,quellón,10208,22,335,167,168,240,119,121,95,48,47
31848,los lagos,10,chiloé,102,quellón,10208,23,410,204,206,276,129,147,134,75,59
31849,los lagos,10,chiloé,102,quellón,10208,24,400,198,202,289,140,149,111,58,53
31850,los lagos,10,chiloé,102,quellón,10208,25,482,225,257,346,162,184,136,63,73
31851,los lagos,10,chiloé,102,quellón,10208,26,503,256,247,371,188,183,132,68,64
31852,los lagos,10,chiloé,102,quellón,10208,27,525,273,252,381,190,191,144,83,61
31853,los lagos,10,chiloé,102,quellón,10208,28,502,257,245,363,184,179,139,73,66
31854,los lagos,10,chiloé,102,quellón,10208,29,493,235,258,354,162,192,139,73,66
31855,los lagos,10,chiloé,102,quellón,10208,30,492,241,251,350,163,187,142,78,64
31856,los lagos,10,chiloé,102,quellón,10208,31,497,249,248,348,176,172,149,73,76
31857,los lagos,10,chiloé,102,quellón,10208,32,462,240,222,313,165,148,149,75,74
31858,los lagos,10,chiloé,102,quellón,10208,33,452,227,225,337,165,172,115,62,53
31859,los lagos,10,chiloé,102,quellón,10208,34,465,225,240,320,158,162,145,67,78
31860,los lagos,10,chiloé,102,quellón,10208,35,421,206,215,284,140,144,137,66,71
31861,los lagos,10,chiloé,102,quellón,10208,36,462,239,223,314,160,154,148,79,69
31862,los lagos,10,chiloé,102,quellón,10208,37,475,232,243,310,136,174,165,96,69
31863,los lagos,10,chiloé,102,quellón,10208,38,387,198,189,249,128,121,138,70,68
31864,los lagos,10,chiloé,102,quellón,10208,39,414,213,201,275,138,137,139,75,64
31865,los lagos,10,chiloé,102,quellón,10208,40,339,183,156,223,114,109,116,69,47
31866,los lagos,10,chiloé,102,quellón,10208,41,385,188,197,249,119,130,136,69,67
31867,los lagos,10,chiloé,102,quellón,10208,42,357,187,170,235,116,119,122,71,51
31868,los lagos,10,chiloé,102,quellón,10208,43,426,229,197,254,130,124,172,99,73
31869,los lagos,10,chiloé,102,quellón,10208,44,389,209,180,236,123,113,153,86,67
31870,los lagos,10,chiloé,102,quellón,10208,45,407,213,194,257,126,131,150,87,63
31871,los lagos,10,chiloé,102,quellón,10208,46,379,193,186,250,114,136,129,79,50
31872,los lagos,10,chiloé,102,quellón,10208,47,381,196,185,231,119,112,150,77,73
31873,los lagos,10,chiloé,102,quellón,10208,48,460,233,227,295,142,153,165,91,74
31874,los lagos,10,chiloé,102,quellón,10208,49,408,251,157,258,157,101,150,94,56
31875,los lagos,10,chiloé,102,quellón,10208,50,400,219,181,248,131,117,152,88,64
31876,los lagos,10,chiloé,102,quellón,10208,51,370,194,176,224,111,113,146,83,63
31877,los lagos,10,chiloé,102,quellón,10208,52,372,195,177,224,115,109,148,80,68
31878,los lagos,10,chiloé,102,quellón,10208,53,363,185,178,223,119,104,140,66,74
31879,los lagos,10,chiloé,102,quellón,10208,54,332,200,132,209,122,87,123,78,45
31880,los lagos,10,chiloé,102,quellón,10208,55,316,160,156,190,94,96,126,66,60
31881,los lagos,10,chiloé,102,quellón,10208,56,312,173,139,184,95,89,128,78,50
31882,los lagos,10,chiloé,102,quellón,10208,57,286,157,129,186,101,85,100,56,44
31883,los lagos,10,chiloé,102,quellón,10208,58,270,156,114,163,94,69,107,62,45
31884,los lagos,10,chiloé,102,quellón,10208,59,235,121,114,129,62,67,106,59,47
31885,los lagos,10,chiloé,102,quellón,10208,60,234,132,102,146,82,64,88,50,38
31886,los lagos,10,chiloé,102,quellón,10208,61,211,95,116,120,58,62,91,37,54
31887,los lagos,10,chiloé,102,quellón,10208,62,198,105,93,108,53,55,90,52,38
31888,los lagos,10,chiloé,102,quellón,10208,63,189,108,81,103,60,43,86,48,38
31889,los lagos,10,chiloé,102,quellón,10208,64,162,89,73,78,43,35,84,46,38
31890,los lagos,10,chiloé,102,quellón,10208,65,138,72,66,85,44,41,53,28,25
31891,los lagos,10,chiloé,102,quellón,10208,66,146,75,71,84,45,39,62,30,32
31892,los lagos,10,chiloé,102,quellón,10208,67,148,83,65,69,36,33,79,47,32
31893,los lagos,10,chiloé,102,quellón,10208,68,113,55,58,60,30,30,53,25,28
31894,los lagos,10,chiloé,102,quellón,10208,69,117,55,62,55,24,31,62,31,31
31895,los lagos,10,chiloé,102,quellón,10208,70,115,51,64,54,21,33,61,30,31
31896,los lagos,10,chiloé,102,quellón,10208,71,86,34,52,43,18,25,43,16,27
31897,los lagos,10,chiloé,102,quellón,10208,72,111,53,58,54,24,30,57,29,28
31898,los lagos,10,chiloé,102,quellón,10208,73,112,55,57,46,17,29,66,38,28
31899,los lagos,10,chiloé,102,quellón,10208,74,103,51,52,47,24,23,56,27,29
31900,los lagos,10,chiloé,102,quellón,10208,75,83,41,42,37,21,16,46,20,26
31901,los lagos,10,chiloé,102,quellón,10208,76,91,49,42,32,16,16,59,33,26
31902,los lagos,10,chiloé,102,quellón,10208,77,76,34,42,31,12,19,45,22,23
31903,los lagos,10,chiloé,102,quellón,10208,78,75,37,38,40,18,22,35,19,16
31904,los lagos,10,chiloé,102,quellón,10208,79,48,21,27,27,13,14,21,8,13
31905,los lagos,10,chiloé,102,quellón,10208,80,56,25,31,24,10,14,32,15,17
31906,los lagos,10,chiloé,102,quellón,10208,81,42,17,25,21,9,12,21,8,13
31907,los lagos,10,chiloé,102,quellón,10208,82,46,22,24,22,7,15,24,15,9
31908,los lagos,10,chiloé,102,quellón,10208,83,29,8,21,16,3,13,13,5,8
31909,los lagos,10,chiloé,102,quellón,10208,84,36,16,20,17,7,10,19,9,10
31910,los lagos,10,chiloé,102,quellón,10208,85,22,10,12,12,6,6,10,4,6
31911,los lagos,10,chiloé,102,quellón,10208,86,29,7,22,9,3,6,20,4,16
31912,los lagos,10,chiloé,102,quellón,10208,87,23,8,15,13,4,9,10,4,6
31913,los lagos,10,chiloé,102,quellón,10208,88,25,7,18,6,1,5,19,6,13
31914,los lagos,10,chiloé,102,quellón,10208,89,25,10,15,13,5,8,12,5,7
31915,los lagos,10,chiloé,102,quellón,10208,90,19,8,11,4,2,2,15,6,9
31916,los lagos,10,chiloé,102,quellón,10208,91,7,3,4,5,2,3,2,1,1
31917,los lagos,10,chiloé,102,quellón,10208,92,9,2,7,4,2,2,5,0,5
31918,los lagos,10,chiloé,102,quellón,10208,93,8,3,5,3,1,2,5,2,3
31919,los lagos,10,chiloé,102,quellón,10208,94,9,2,7,3,0,3,6,2,4
31920,los lagos,10,chiloé,102,quellón,10208,95,3,0,3,0,0,0,3,0,3
31921,los lagos,10,chiloé,102,quellón,10208,96,3,0,3,0,0,0,3,0,3
31922,los lagos,10,chiloé,102,quellón,10208,97,2,0,2,1,0,1,1,0,1
31923,los lagos,10,chiloé,102,quellón,10208,98,2,0,2,2,0,2,0,0,0
31924,los lagos,10,chiloé,102,quellón,10208,99,2,0,2,0,0,0,2,0,2
31925,los lagos,10,chiloé,102,quellón,10208,100 o más,6,0,6,4,0,4,2,0,2
31926,los lagos,10,chiloé,102,quemchi,10209,total comuna,8352,4308,4044,2512,1218,1294,5840,3090,2750
31927,los lagos,10,chiloé,102,quemchi,10209,0,64,31,33,22,8,14,42,23,19
31928,los lagos,10,chiloé,102,quemchi,10209,1,82,47,35,35,20,15,47,27,20
31929,los lagos,10,chiloé,102,quemchi,10209,2,109,56,53,43,24,19,66,32,34
31930,los lagos,10,chiloé,102,quemchi,10209,3,76,33,43,36,15,21,40,18,22
31931,los lagos,10,chiloé,102,quemchi,10209,4,79,45,34,27,15,12,52,30,22
31932,los lagos,10,chiloé,102,quemchi,10209,5,114,59,55,44,22,22,70,37,33
31933,los lagos,10,chiloé,102,quemchi,10209,6,106,51,55,42,21,21,64,30,34
31934,los lagos,10,chiloé,102,quemchi,10209,7,110,56,54,42,24,18,68,32,36
31935,los lagos,10,chiloé,102,quemchi,10209,8,112,71,41,39,24,15,73,47,26
31936,los lagos,10,chiloé,102,quemchi,10209,9,125,60,65,37,20,17,88,40,48
31937,los lagos,10,chiloé,102,quemchi,10209,10,128,66,62,45,25,20,83,41,42
31938,los lagos,10,chiloé,102,quemchi,10209,11,137,62,75,40,19,21,97,43,54
31939,los lagos,10,chiloé,102,quemchi,10209,12,131,70,61,46,23,23,85,47,38
31940,los lagos,10,chiloé,102,quemchi,10209,13,109,62,47,36,19,17,73,43,30
31941,los lagos,10,chiloé,102,quemchi,10209,14,113,58,55,34,17,17,79,41,38
31942,los lagos,10,chiloé,102,quemchi,10209,15,95,40,55,35,13,22,60,27,33
31943,los lagos,10,chiloé,102,quemchi,10209,16,108,49,59,46,19,27,62,30,32
31944,los lagos,10,chiloé,102,quemchi,10209,17,96,44,52,34,17,17,62,27,35
31945,los lagos,10,chiloé,102,quemchi,10209,18,84,37,47,37,18,19,47,19,28
31946,los lagos,10,chiloé,102,quemchi,10209,19,92,52,40,36,18,18,56,34,22
31947,los lagos,10,chiloé,102,quemchi,10209,20,91,55,36,35,19,16,56,36,20
31948,los lagos,10,chiloé,102,quemchi,10209,21,85,45,40,29,12,17,56,33,23
31949,los lagos,10,chiloé,102,quemchi,10209,22,80,43,37,37,14,23,43,29,14
31950,los lagos,10,chiloé,102,quemchi,10209,23,112,69,43,47,25,22,65,44,21
31951,los lagos,10,chiloé,102,quemchi,10209,24,90,43,47,33,12,21,57,31,26
31952,los lagos,10,chiloé,102,quemchi,10209,25,116,51,65,44,17,27,72,34,38
31953,los lagos,10,chiloé,102,quemchi,10209,26,114,60,54,47,26,21,67,34,33
31954,los lagos,10,chiloé,102,quemchi,10209,27,117,64,53,57,31,26,60,33,27
31955,los lagos,10,chiloé,102,quemchi,10209,28,108,46,62,45,19,26,63,27,36
31956,los lagos,10,chiloé,102,quemchi,10209,29,101,56,45,37,19,18,64,37,27
31957,los lagos,10,chiloé,102,quemchi,10209,30,107,56,51,42,21,21,65,35,30
31958,los lagos,10,chiloé,102,quemchi,10209,31,102,51,51,42,20,22,60,31,29
31959,los lagos,10,chiloé,102,quemchi,10209,32,101,59,42,35,24,11,66,35,31
31960,los lagos,10,chiloé,102,quemchi,10209,33,105,49,56,35,14,21,70,35,35
31961,los lagos,10,chiloé,102,quemchi,10209,34,104,48,56,29,9,20,75,39,36
31962,los lagos,10,chiloé,102,quemchi,10209,35,106,51,55,44,17,27,62,34,28
31963,los lagos,10,chiloé,102,quemchi,10209,36,110,58,52,50,27,23,60,31,29
31964,los lagos,10,chiloé,102,quemchi,10209,37,123,66,57,39,18,21,84,48,36
31965,los lagos,10,chiloé,102,quemchi,10209,38,129,68,61,41,20,21,88,48,40
31966,los lagos,10,chiloé,102,quemchi,10209,39,111,63,48,38,21,17,73,42,31
31967,los lagos,10,chiloé,102,quemchi,10209,40,129,67,62,35,18,17,94,49,45
31968,los lagos,10,chiloé,102,quemchi,10209,41,128,69,59,49,28,21,79,41,38
31969,los lagos,10,chiloé,102,quemchi,10209,42,123,65,58,29,13,16,94,52,42
31970,los lagos,10,chiloé,102,quemchi,10209,43,142,77,65,34,14,20,108,63,45
31971,los lagos,10,chiloé,102,quemchi,10209,44,139,77,62,35,19,16,104,58,46
31972,los lagos,10,chiloé,102,quemchi,10209,45,128,65,63,30,14,16,98,51,47
31973,los lagos,10,chiloé,102,quemchi,10209,46,120,69,51,22,12,10,98,57,41
31974,los lagos,10,chiloé,102,quemchi,10209,47,132,72,60,32,19,13,100,53,47
31975,los lagos,10,chiloé,102,quemchi,10209,48,130,73,57,30,13,17,100,60,40
31976,los lagos,10,chiloé,102,quemchi,10209,49,135,83,52,34,16,18,101,67,34
31977,los lagos,10,chiloé,102,quemchi,10209,50,136,74,62,40,20,20,96,54,42
31978,los lagos,10,chiloé,102,quemchi,10209,51,117,68,49,33,17,16,84,51,33
31979,los lagos,10,chiloé,102,quemchi,10209,52,125,63,62,37,16,21,88,47,41
31980,los lagos,10,chiloé,102,quemchi,10209,53,107,49,58,29,14,15,78,35,43
31981,los lagos,10,chiloé,102,quemchi,10209,54,128,72,56,32,19,13,96,53,43
31982,los lagos,10,chiloé,102,quemchi,10209,55,124,57,67,35,18,17,89,39,50
31983,los lagos,10,chiloé,102,quemchi,10209,56,109,61,48,28,14,14,81,47,34
31984,los lagos,10,chiloé,102,quemchi,10209,57,109,65,44,18,6,12,91,59,32
31985,los lagos,10,chiloé,102,quemchi,10209,58,91,39,52,23,8,15,68,31,37
31986,los lagos,10,chiloé,102,quemchi,10209,59,87,47,40,23,13,10,64,34,30
31987,los lagos,10,chiloé,102,quemchi,10209,60,103,63,40,13,5,8,90,58,32
31988,los lagos,10,chiloé,102,quemchi,10209,61,80,43,37,12,7,5,68,36,32
31989,los lagos,10,chiloé,102,quemchi,10209,62,96,47,49,21,9,12,75,38,37
31990,los lagos,10,chiloé,102,quemchi,10209,63,84,46,38,15,7,8,69,39,30
31991,los lagos,10,chiloé,102,quemchi,10209,64,75,35,40,25,14,11,50,21,29
31992,los lagos,10,chiloé,102,quemchi,10209,65,80,39,41,19,8,11,61,31,30
31993,los lagos,10,chiloé,102,quemchi,10209,66,86,43,43,18,6,12,68,37,31
31994,los lagos,10,chiloé,102,quemchi,10209,67,61,29,32,15,4,11,46,25,21
31995,los lagos,10,chiloé,102,quemchi,10209,68,77,36,41,15,8,7,62,28,34
31996,los lagos,10,chiloé,102,quemchi,10209,69,71,32,39,12,6,6,59,26,33
31997,los lagos,10,chiloé,102,quemchi,10209,70,59,36,23,12,7,5,47,29,18
31998,los lagos,10,chiloé,102,quemchi,10209,71,65,28,37,11,4,7,54,24,30
31999,los lagos,10,chiloé,102,quemchi,10209,72,54,29,25,8,5,3,46,24,22
32000,los lagos,10,chiloé,102,quemchi,10209,73,70,36,34,16,9,7,54,27,27
32001,los lagos,10,chiloé,102,quemchi,10209,74,70,39,31,8,3,5,62,36,26
32002,los lagos,10,chiloé,102,quemchi,10209,75,52,30,22,11,6,5,41,24,17
32003,los lagos,10,chiloé,102,quemchi,10209,76,51,23,28,9,4,5,42,19,23
32004,los lagos,10,chiloé,102,quemchi,10209,77,58,24,34,14,5,9,44,19,25
32005,los lagos,10,chiloé,102,quemchi,10209,78,44,23,21,9,4,5,35,19,16
32006,los lagos,10,chiloé,102,quemchi,10209,79,46,22,24,11,4,7,35,18,17
32007,los lagos,10,chiloé,102,quemchi,10209,80,42,15,27,9,6,3,33,9,24
32008,los lagos,10,chiloé,102,quemchi,10209,81,45,18,27,3,0,3,42,18,24
32009,los lagos,10,chiloé,102,quemchi,10209,82,30,13,17,4,1,3,26,12,14
32010,los lagos,10,chiloé,102,quemchi,10209,83,33,18,15,2,1,1,31,17,14
32011,los lagos,10,chiloé,102,quemchi,10209,84,24,12,12,2,1,1,22,11,11
32012,los lagos,10,chiloé,102,quemchi,10209,85,34,13,21,7,3,4,27,10,17
32013,los lagos,10,chiloé,102,quemchi,10209,86,25,8,17,2,0,2,23,8,15
32014,los lagos,10,chiloé,102,quemchi,10209,87,25,9,16,2,0,2,23,9,14
32015,los lagos,10,chiloé,102,quemchi,10209,88,22,12,10,6,1,5,16,11,5
32016,los lagos,10,chiloé,102,quemchi,10209,89,14,6,8,2,0,2,12,6,6
32017,los lagos,10,chiloé,102,quemchi,10209,90,14,7,7,5,2,3,9,5,4
32018,los lagos,10,chiloé,102,quemchi,10209,91,6,2,4,0,0,0,6,2,4
32019,los lagos,10,chiloé,102,quemchi,10209,92,11,3,8,0,0,0,11,3,8
32020,los lagos,10,chiloé,102,quemchi,10209,93,7,1,6,1,0,1,6,1,5
32021,los lagos,10,chiloé,102,quemchi,10209,94,5,1,4,2,1,1,3,0,3
32022,los lagos,10,chiloé,102,quemchi,10209,95,2,1,1,0,0,0,2,1,1
32023,los lagos,10,chiloé,102,quemchi,10209,96,0,0,0,0,0,0,0,0,0
32024,los lagos,10,chiloé,102,quemchi,10209,97,3,0,3,1,0,1,2,0,2
32025,los lagos,10,chiloé,102,quemchi,10209,98,0,0,0,0,0,0,0,0,0
32026,los lagos,10,chiloé,102,quemchi,10209,99,5,3,2,0,0,0,5,3,2
32027,los lagos,10,chiloé,102,quemchi,10209,100 o más,2,1,1,0,0,0,2,1,1
32028,los lagos,10,chiloé,102,quinchao,10210,total comuna,8088,3941,4147,3209,1456,1753,4879,2485,2394
32029,los lagos,10,chiloé,102,quinchao,10210,0,64,35,29,29,19,10,35,16,19
32030,los lagos,10,chiloé,102,quinchao,10210,1,107,53,54,46,20,26,61,33,28
32031,los lagos,10,chiloé,102,quinchao,10210,2,87,41,46,32,12,20,55,29,26
32032,los lagos,10,chiloé,102,quinchao,10210,3,91,47,44,33,16,17,58,31,27
32033,los lagos,10,chiloé,102,quinchao,10210,4,76,41,35,30,16,14,46,25,21
32034,los lagos,10,chiloé,102,quinchao,10210,5,87,41,46,43,21,22,44,20,24
32035,los lagos,10,chiloé,102,quinchao,10210,6,106,49,57,51,20,31,55,29,26
32036,los lagos,10,chiloé,102,quinchao,10210,7,120,60,60,53,26,27,67,34,33
32037,los lagos,10,chiloé,102,quinchao,10210,8,124,56,68,57,29,28,67,27,40
32038,los lagos,10,chiloé,102,quinchao,10210,9,106,51,55,40,20,20,66,31,35
32039,los lagos,10,chiloé,102,quinchao,10210,10,122,54,68,49,18,31,73,36,37
32040,los lagos,10,chiloé,102,quinchao,10210,11,116,62,54,51,25,26,65,37,28
32041,los lagos,10,chiloé,102,quinchao,10210,12,128,64,64,45,21,24,83,43,40
32042,los lagos,10,chiloé,102,quinchao,10210,13,117,61,56,44,22,22,73,39,34
32043,los lagos,10,chiloé,102,quinchao,10210,14,137,59,78,67,23,44,70,36,34
32044,los lagos,10,chiloé,102,quinchao,10210,15,111,52,59,56,23,33,55,29,26
32045,los lagos,10,chiloé,102,quinchao,10210,16,112,54,58,57,26,31,55,28,27
32046,los lagos,10,chiloé,102,quinchao,10210,17,125,70,55,59,29,30,66,41,25
32047,los lagos,10,chiloé,102,quinchao,10210,18,74,44,30,29,18,11,45,26,19
32048,los lagos,10,chiloé,102,quinchao,10210,19,86,45,41,43,22,21,43,23,20
32049,los lagos,10,chiloé,102,quinchao,10210,20,79,43,36,31,15,16,48,28,20
32050,los lagos,10,chiloé,102,quinchao,10210,21,75,40,35,23,9,14,52,31,21
32051,los lagos,10,chiloé,102,quinchao,10210,22,90,41,49,41,14,27,49,27,22
32052,los lagos,10,chiloé,102,quinchao,10210,23,96,56,40,44,24,20,52,32,20
32053,los lagos,10,chiloé,102,quinchao,10210,24,85,47,38,42,21,21,43,26,17
32054,los lagos,10,chiloé,102,quinchao,10210,25,99,47,52,53,22,31,46,25,21
32055,los lagos,10,chiloé,102,quinchao,10210,26,98,43,55,48,21,27,50,22,28
32056,los lagos,10,chiloé,102,quinchao,10210,27,129,73,56,65,32,33,64,41,23
32057,los lagos,10,chiloé,102,quinchao,10210,28,90,46,44,37,19,18,53,27,26
32058,los lagos,10,chiloé,102,quinchao,10210,29,107,52,55,48,17,31,59,35,24
32059,los lagos,10,chiloé,102,quinchao,10210,30,113,52,61,56,22,34,57,30,27
32060,los lagos,10,chiloé,102,quinchao,10210,31,116,55,61,43,20,23,73,35,38
32061,los lagos,10,chiloé,102,quinchao,10210,32,105,57,48,39,16,23,66,41,25
32062,los lagos,10,chiloé,102,quinchao,10210,33,108,62,46,43,26,17,65,36,29
32063,los lagos,10,chiloé,102,quinchao,10210,34,139,73,66,58,26,32,81,47,34
32064,los lagos,10,chiloé,102,quinchao,10210,35,104,57,47,46,20,26,58,37,21
32065,los lagos,10,chiloé,102,quinchao,10210,36,116,47,69,42,14,28,74,33,41
32066,los lagos,10,chiloé,102,quinchao,10210,37,132,55,77,54,22,32,78,33,45
32067,los lagos,10,chiloé,102,quinchao,10210,38,104,56,48,44,26,18,60,30,30
32068,los lagos,10,chiloé,102,quinchao,10210,39,109,54,55,42,17,25,67,37,30
32069,los lagos,10,chiloé,102,quinchao,10210,40,110,60,50,44,19,25,66,41,25
32070,los lagos,10,chiloé,102,quinchao,10210,41,117,68,49,47,24,23,70,44,26
32071,los lagos,10,chiloé,102,quinchao,10210,42,122,61,61,43,19,24,79,42,37
32072,los lagos,10,chiloé,102,quinchao,10210,43,145,74,71,63,29,34,82,45,37
32073,los lagos,10,chiloé,102,quinchao,10210,44,129,66,63,47,23,24,82,43,39
32074,los lagos,10,chiloé,102,quinchao,10210,45,126,64,62,54,26,28,72,38,34
32075,los lagos,10,chiloé,102,quinchao,10210,46,111,62,49,35,21,14,76,41,35
32076,los lagos,10,chiloé,102,quinchao,10210,47,126,69,57,50,28,22,76,41,35
32077,los lagos,10,chiloé,102,quinchao,10210,48,108,49,59,41,16,25,67,33,34
32078,los lagos,10,chiloé,102,quinchao,10210,49,123,67,56,50,19,31,73,48,25
32079,los lagos,10,chiloé,102,quinchao,10210,50,132,77,55,33,22,11,99,55,44
32080,los lagos,10,chiloé,102,quinchao,10210,51,111,58,53,41,20,21,70,38,32
32081,los lagos,10,chiloé,102,quinchao,10210,52,110,65,45,54,30,24,56,35,21
32082,los lagos,10,chiloé,102,quinchao,10210,53,106,57,49,34,19,15,72,38,34
32083,los lagos,10,chiloé,102,quinchao,10210,54,112,52,60,46,19,27,66,33,33
32084,los lagos,10,chiloé,102,quinchao,10210,55,94,40,54,42,18,24,52,22,30
32085,los lagos,10,chiloé,102,quinchao,10210,56,91,46,45,33,14,19,58,32,26
32086,los lagos,10,chiloé,102,quinchao,10210,57,93,41,52,38,16,22,55,25,30
32087,los lagos,10,chiloé,102,quinchao,10210,58,106,57,49,41,21,20,65,36,29
32088,los lagos,10,chiloé,102,quinchao,10210,59,85,37,48,40,18,22,45,19,26
32089,los lagos,10,chiloé,102,quinchao,10210,60,83,37,46,30,11,19,53,26,27
32090,los lagos,10,chiloé,102,quinchao,10210,61,91,41,50,29,12,17,62,29,33
32091,los lagos,10,chiloé,102,quinchao,10210,62,95,52,43,36,19,17,59,33,26
32092,los lagos,10,chiloé,102,quinchao,10210,63,79,34,45,26,16,10,53,18,35
32093,los lagos,10,chiloé,102,quinchao,10210,64,75,27,48,28,10,18,47,17,30
32094,los lagos,10,chiloé,102,quinchao,10210,65,73,37,36,23,10,13,50,27,23
32095,los lagos,10,chiloé,102,quinchao,10210,66,80,28,52,26,10,16,54,18,36
32096,los lagos,10,chiloé,102,quinchao,10210,67,69,34,35,25,9,16,44,25,19
32097,los lagos,10,chiloé,102,quinchao,10210,68,75,35,40,27,11,16,48,24,24
32098,los lagos,10,chiloé,102,quinchao,10210,69,77,30,47,28,14,14,49,16,33
32099,los lagos,10,chiloé,102,quinchao,10210,70,68,34,34,20,9,11,48,25,23
32100,los lagos,10,chiloé,102,quinchao,10210,71,59,26,33,12,1,11,47,25,22
32101,los lagos,10,chiloé,102,quinchao,10210,72,57,27,30,22,7,15,35,20,15
32102,los lagos,10,chiloé,102,quinchao,10210,73,58,20,38,19,8,11,39,12,27
32103,los lagos,10,chiloé,102,quinchao,10210,74,71,26,45,24,8,16,47,18,29
32104,los lagos,10,chiloé,102,quinchao,10210,75,75,36,39,16,8,8,59,28,31
32105,los lagos,10,chiloé,102,quinchao,10210,76,49,19,30,14,7,7,35,12,23
32106,los lagos,10,chiloé,102,quinchao,10210,77,44,15,29,11,5,6,33,10,23
32107,los lagos,10,chiloé,102,quinchao,10210,78,27,9,18,9,4,5,18,5,13
32108,los lagos,10,chiloé,102,quinchao,10210,79,41,13,28,14,2,12,27,11,16
32109,los lagos,10,chiloé,102,quinchao,10210,80,27,10,17,7,3,4,20,7,13
32110,los lagos,10,chiloé,102,quinchao,10210,81,30,9,21,9,3,6,21,6,15
32111,los lagos,10,chiloé,102,quinchao,10210,82,27,7,20,11,5,6,16,2,14
32112,los lagos,10,chiloé,102,quinchao,10210,83,32,18,14,6,1,5,26,17,9
32113,los lagos,10,chiloé,102,quinchao,10210,84,24,8,16,2,0,2,22,8,14
32114,los lagos,10,chiloé,102,quinchao,10210,85,20,11,9,6,3,3,14,8,6
32115,los lagos,10,chiloé,102,quinchao,10210,86,21,7,14,9,3,6,12,4,8
32116,los lagos,10,chiloé,102,quinchao,10210,87,21,5,16,2,0,2,19,5,14
32117,los lagos,10,chiloé,102,quinchao,10210,88,12,3,9,8,3,5,4,0,4
32118,los lagos,10,chiloé,102,quinchao,10210,89,16,3,13,2,0,2,14,3,11
32119,los lagos,10,chiloé,102,quinchao,10210,90,18,6,12,7,2,5,11,4,7
32120,los lagos,10,chiloé,102,quinchao,10210,91,10,1,9,1,0,1,9,1,8
32121,los lagos,10,chiloé,102,quinchao,10210,92,10,2,8,1,0,1,9,2,7
32122,los lagos,10,chiloé,102,quinchao,10210,93,8,1,7,4,0,4,4,1,3
32123,los lagos,10,chiloé,102,quinchao,10210,94,6,2,4,2,0,2,4,2,2
32124,los lagos,10,chiloé,102,quinchao,10210,95,3,1,2,2,1,1,1,0,1
32125,los lagos,10,chiloé,102,quinchao,10210,96,3,1,2,1,0,1,2,1,1
32126,los lagos,10,chiloé,102,quinchao,10210,97,0,0,0,0,0,0,0,0,0
32127,los lagos,10,chiloé,102,quinchao,10210,98,2,0,2,0,0,0,2,0,2
32128,los lagos,10,chiloé,102,quinchao,10210,99,2,0,2,0,0,0,2,0,2
32129,los lagos,10,chiloé,102,quinchao,10210,100 o más,3,1,2,1,1,0,2,0,2
32130,los lagos,10,osorno,103,osorno,10301,total comuna,161460,77155,84305,147826,70168,77658,13634,6987,6647
32131,los lagos,10,osorno,103,osorno,10301,0,1824,955,869,1708,894,814,116,61,55
32132,los lagos,10,osorno,103,osorno,10301,1,2059,1049,1010,1897,969,928,162,80,82
32133,los lagos,10,osorno,103,osorno,10301,2,2113,1108,1005,1925,995,930,188,113,75
32134,los lagos,10,osorno,103,osorno,10301,3,2092,1057,1035,1914,970,944,178,87,91
32135,los lagos,10,osorno,103,osorno,10301,4,2208,1099,1109,2044,1010,1034,164,89,75
32136,los lagos,10,osorno,103,osorno,10301,5,2280,1184,1096,2096,1091,1005,184,93,91
32137,los lagos,10,osorno,103,osorno,10301,6,2316,1147,1169,2133,1049,1084,183,98,85
32138,los lagos,10,osorno,103,osorno,10301,7,2305,1180,1125,2102,1067,1035,203,113,90
32139,los lagos,10,osorno,103,osorno,10301,8,2399,1183,1216,2221,1084,1137,178,99,79
32140,los lagos,10,osorno,103,osorno,10301,9,2238,1136,1102,2050,1061,989,188,75,113
32141,los lagos,10,osorno,103,osorno,10301,10,2200,1172,1028,1998,1061,937,202,111,91
32142,los lagos,10,osorno,103,osorno,10301,11,2250,1109,1141,2061,1024,1037,189,85,104
32143,los lagos,10,osorno,103,osorno,10301,12,2149,1114,1035,1995,1045,950,154,69,85
32144,los lagos,10,osorno,103,osorno,10301,13,2156,1083,1073,1972,989,983,184,94,90
32145,los lagos,10,osorno,103,osorno,10301,14,2174,1057,1117,2000,976,1024,174,81,93
32146,los lagos,10,osorno,103,osorno,10301,15,2290,1187,1103,2106,1087,1019,184,100,84
32147,los lagos,10,osorno,103,osorno,10301,16,2408,1205,1203,2216,1103,1113,192,102,90
32148,los lagos,10,osorno,103,osorno,10301,17,2424,1185,1239,2241,1089,1152,183,96,87
32149,los lagos,10,osorno,103,osorno,10301,18,2238,1053,1185,2002,916,1086,236,137,99
32150,los lagos,10,osorno,103,osorno,10301,19,2273,1109,1164,2069,994,1075,204,115,89
32151,los lagos,10,osorno,103,osorno,10301,20,2274,1138,1136,2106,1047,1059,168,91,77
32152,los lagos,10,osorno,103,osorno,10301,21,2228,1114,1114,2084,1037,1047,144,77,67
32153,los lagos,10,osorno,103,osorno,10301,22,2342,1151,1191,2217,1073,1144,125,78,47
32154,los lagos,10,osorno,103,osorno,10301,23,2381,1165,1216,2221,1081,1140,160,84,76
32155,los lagos,10,osorno,103,osorno,10301,24,2487,1256,1231,2324,1177,1147,163,79,84
32156,los lagos,10,osorno,103,osorno,10301,25,2458,1196,1262,2304,1122,1182,154,74,80
32157,los lagos,10,osorno,103,osorno,10301,26,2608,1277,1331,2450,1198,1252,158,79,79
32158,los lagos,10,osorno,103,osorno,10301,27,2685,1308,1377,2522,1231,1291,163,77,86
32159,los lagos,10,osorno,103,osorno,10301,28,2483,1216,1267,2359,1156,1203,124,60,64
32160,los lagos,10,osorno,103,osorno,10301,29,2577,1254,1323,2416,1174,1242,161,80,81
32161,los lagos,10,osorno,103,osorno,10301,30,2380,1195,1185,2232,1127,1105,148,68,80
32162,los lagos,10,osorno,103,osorno,10301,31,2319,1154,1165,2156,1081,1075,163,73,90
32163,los lagos,10,osorno,103,osorno,10301,32,2306,1132,1174,2160,1058,1102,146,74,72
32164,los lagos,10,osorno,103,osorno,10301,33,2242,1128,1114,2098,1062,1036,144,66,78
32165,los lagos,10,osorno,103,osorno,10301,34,2397,1174,1223,2215,1090,1125,182,84,98
32166,los lagos,10,osorno,103,osorno,10301,35,2437,1166,1271,2249,1053,1196,188,113,75
32167,los lagos,10,osorno,103,osorno,10301,36,2283,1102,1181,2098,1009,1089,185,93,92
32168,los lagos,10,osorno,103,osorno,10301,37,2191,1034,1157,2045,960,1085,146,74,72
32169,los lagos,10,osorno,103,osorno,10301,38,2190,1032,1158,2015,952,1063,175,80,95
32170,los lagos,10,osorno,103,osorno,10301,39,2075,988,1087,1896,894,1002,179,94,85
32171,los lagos,10,osorno,103,osorno,10301,40,2223,1049,1174,2047,954,1093,176,95,81
32172,los lagos,10,osorno,103,osorno,10301,41,2299,1064,1235,2094,963,1131,205,101,104
32173,los lagos,10,osorno,103,osorno,10301,42,2380,1152,1228,2171,1052,1119,209,100,109
32174,los lagos,10,osorno,103,osorno,10301,43,2478,1159,1319,2240,1045,1195,238,114,124
32175,los lagos,10,osorno,103,osorno,10301,44,2394,1152,1242,2195,1044,1151,199,108,91
32176,los lagos,10,osorno,103,osorno,10301,45,2203,1068,1135,1961,943,1018,242,125,117
32177,los lagos,10,osorno,103,osorno,10301,46,2159,989,1170,1959,892,1067,200,97,103
32178,los lagos,10,osorno,103,osorno,10301,47,2099,1002,1097,1897,898,999,202,104,98
32179,los lagos,10,osorno,103,osorno,10301,48,2183,997,1186,1969,883,1086,214,114,100
32180,los lagos,10,osorno,103,osorno,10301,49,2223,1033,1190,2010,924,1086,213,109,104
32181,los lagos,10,osorno,103,osorno,10301,50,2238,1065,1173,2019,942,1077,219,123,96
32182,los lagos,10,osorno,103,osorno,10301,51,2257,1090,1167,2032,972,1060,225,118,107
32183,los lagos,10,osorno,103,osorno,10301,52,2189,1004,1185,1940,877,1063,249,127,122
32184,los lagos,10,osorno,103,osorno,10301,53,2106,1020,1086,1880,890,990,226,130,96
32185,los lagos,10,osorno,103,osorno,10301,54,2131,1031,1100,1924,926,998,207,105,102
32186,los lagos,10,osorno,103,osorno,10301,55,2020,940,1080,1826,823,1003,194,117,77
32187,los lagos,10,osorno,103,osorno,10301,56,2016,972,1044,1816,864,952,200,108,92
32188,los lagos,10,osorno,103,osorno,10301,57,1951,896,1055,1778,806,972,173,90,83
32189,los lagos,10,osorno,103,osorno,10301,58,1835,852,983,1669,768,901,166,84,82
32190,los lagos,10,osorno,103,osorno,10301,59,1791,865,926,1613,766,847,178,99,79
32191,los lagos,10,osorno,103,osorno,10301,60,1683,793,890,1514,712,802,169,81,88
32192,los lagos,10,osorno,103,osorno,10301,61,1581,719,862,1420,625,795,161,94,67
32193,los lagos,10,osorno,103,osorno,10301,62,1517,691,826,1348,602,746,169,89,80
32194,los lagos,10,osorno,103,osorno,10301,63,1466,661,805,1308,580,728,158,81,77
32195,los lagos,10,osorno,103,osorno,10301,64,1392,635,757,1249,562,687,143,73,70
32196,los lagos,10,osorno,103,osorno,10301,65,1318,564,754,1202,502,700,116,62,54
32197,los lagos,10,osorno,103,osorno,10301,66,1227,552,675,1106,496,610,121,56,65
32198,los lagos,10,osorno,103,osorno,10301,67,1124,513,611,1006,453,553,118,60,58
32199,los lagos,10,osorno,103,osorno,10301,68,1177,482,695,1049,425,624,128,57,71
32200,los lagos,10,osorno,103,osorno,10301,69,1118,488,630,1002,435,567,116,53,63
32201,los lagos,10,osorno,103,osorno,10301,70,1127,488,639,1011,430,581,116,58,58
32202,los lagos,10,osorno,103,osorno,10301,71,993,397,596,879,336,543,114,61,53
32203,los lagos,10,osorno,103,osorno,10301,72,927,410,517,815,343,472,112,67,45
32204,los lagos,10,osorno,103,osorno,10301,73,853,370,483,765,323,442,88,47,41
32205,los lagos,10,osorno,103,osorno,10301,74,866,370,496,768,314,454,98,56,42
32206,los lagos,10,osorno,103,osorno,10301,75,789,327,462,705,288,417,84,39,45
32207,los lagos,10,osorno,103,osorno,10301,76,757,291,466,687,258,429,70,33,37
32208,los lagos,10,osorno,103,osorno,10301,77,725,312,413,651,273,378,74,39,35
32209,los lagos,10,osorno,103,osorno,10301,78,632,266,366,570,234,336,62,32,30
32210,los lagos,10,osorno,103,osorno,10301,79,607,243,364,537,206,331,70,37,33
32211,los lagos,10,osorno,103,osorno,10301,80,548,224,324,498,205,293,50,19,31
32212,los lagos,10,osorno,103,osorno,10301,81,527,189,338,485,171,314,42,18,24
32213,los lagos,10,osorno,103,osorno,10301,82,489,185,304,449,176,273,40,9,31
32214,los lagos,10,osorno,103,osorno,10301,83,397,142,255,360,124,236,37,18,19
32215,los lagos,10,osorno,103,osorno,10301,84,390,155,235,361,143,218,29,12,17
32216,los lagos,10,osorno,103,osorno,10301,85,382,129,253,359,119,240,23,10,13
32217,los lagos,10,osorno,103,osorno,10301,86,338,119,219,309,104,205,29,15,14
32218,los lagos,10,osorno,103,osorno,10301,87,312,104,208,287,93,194,25,11,14
32219,los lagos,10,osorno,103,osorno,10301,88,266,86,180,237,75,162,29,11,18
32220,los lagos,10,osorno,103,osorno,10301,89,203,61,142,186,55,131,17,6,11
32221,los lagos,10,osorno,103,osorno,10301,90,167,55,112,152,50,102,15,5,10
32222,los lagos,10,osorno,103,osorno,10301,91,153,43,110,140,40,100,13,3,10
32223,los lagos,10,osorno,103,osorno,10301,92,119,35,84,105,30,75,14,5,9
32224,los lagos,10,osorno,103,osorno,10301,93,89,26,63,84,25,59,5,1,4
32225,los lagos,10,osorno,103,osorno,10301,94,80,26,54,74,25,49,6,1,5
32226,los lagos,10,osorno,103,osorno,10301,95,48,10,38,46,10,36,2,0,2
32227,los lagos,10,osorno,103,osorno,10301,96,41,8,33,38,6,32,3,2,1
32228,los lagos,10,osorno,103,osorno,10301,97,35,9,26,30,7,23,5,2,3
32229,los lagos,10,osorno,103,osorno,10301,98,17,5,12,16,5,11,1,0,1
32230,los lagos,10,osorno,103,osorno,10301,99,16,5,11,15,5,10,1,0,1
32231,los lagos,10,osorno,103,osorno,10301,100 o más,50,15,35,46,15,31,4,0,4
32232,los lagos,10,osorno,103,puerto octay,10302,total comuna,8999,4721,4278,2053,1041,1012,6946,3680,3266
32233,los lagos,10,osorno,103,puerto octay,10302,0,96,50,46,25,11,14,71,39,32
32234,los lagos,10,osorno,103,puerto octay,10302,1,103,59,44,20,10,10,83,49,34
32235,los lagos,10,osorno,103,puerto octay,10302,2,106,55,51,27,15,12,79,40,39
32236,los lagos,10,osorno,103,puerto octay,10302,3,113,56,57,28,9,19,85,47,38
32237,los lagos,10,osorno,103,puerto octay,10302,4,122,60,62,24,13,11,98,47,51
32238,los lagos,10,osorno,103,puerto octay,10302,5,120,56,64,28,14,14,92,42,50
32239,los lagos,10,osorno,103,puerto octay,10302,6,115,59,56,29,17,12,86,42,44
32240,los lagos,10,osorno,103,puerto octay,10302,7,135,74,61,28,15,13,107,59,48
32241,los lagos,10,osorno,103,puerto octay,10302,8,121,60,61,23,12,11,98,48,50
32242,los lagos,10,osorno,103,puerto octay,10302,9,111,56,55,29,15,14,82,41,41
32243,los lagos,10,osorno,103,puerto octay,10302,10,136,71,65,29,15,14,107,56,51
32244,los lagos,10,osorno,103,puerto octay,10302,11,135,76,59,21,15,6,114,61,53
32245,los lagos,10,osorno,103,puerto octay,10302,12,115,61,54,23,13,10,92,48,44
32246,los lagos,10,osorno,103,puerto octay,10302,13,116,72,44,26,17,9,90,55,35
32247,los lagos,10,osorno,103,puerto octay,10302,14,107,55,52,36,22,14,71,33,38
32248,los lagos,10,osorno,103,puerto octay,10302,15,120,64,56,29,14,15,91,50,41
32249,los lagos,10,osorno,103,puerto octay,10302,16,143,74,69,35,16,19,108,58,50
32250,los lagos,10,osorno,103,puerto octay,10302,17,134,73,61,33,18,15,101,55,46
32251,los lagos,10,osorno,103,puerto octay,10302,18,104,55,49,22,12,10,82,43,39
32252,los lagos,10,osorno,103,puerto octay,10302,19,140,74,66,37,19,18,103,55,48
32253,los lagos,10,osorno,103,puerto octay,10302,20,123,68,55,30,15,15,93,53,40
32254,los lagos,10,osorno,103,puerto octay,10302,21,117,63,54,29,15,14,88,48,40
32255,los lagos,10,osorno,103,puerto octay,10302,22,128,69,59,37,18,19,91,51,40
32256,los lagos,10,osorno,103,puerto octay,10302,23,132,65,67,42,19,23,90,46,44
32257,los lagos,10,osorno,103,puerto octay,10302,24,138,81,57,37,19,18,101,62,39
32258,los lagos,10,osorno,103,puerto octay,10302,25,121,64,57,28,15,13,93,49,44
32259,los lagos,10,osorno,103,puerto octay,10302,26,122,55,67,39,20,19,83,35,48
32260,los lagos,10,osorno,103,puerto octay,10302,27,130,66,64,33,14,19,97,52,45
32261,los lagos,10,osorno,103,puerto octay,10302,28,123,62,61,31,13,18,92,49,43
32262,los lagos,10,osorno,103,puerto octay,10302,29,128,67,61,33,19,14,95,48,47
32263,los lagos,10,osorno,103,puerto octay,10302,30,113,60,53,26,13,13,87,47,40
32264,los lagos,10,osorno,103,puerto octay,10302,31,106,57,49,31,15,16,75,42,33
32265,los lagos,10,osorno,103,puerto octay,10302,32,94,42,52,22,12,10,72,30,42
32266,los lagos,10,osorno,103,puerto octay,10302,33,100,54,46,21,13,8,79,41,38
32267,los lagos,10,osorno,103,puerto octay,10302,34,105,55,50,21,13,8,84,42,42
32268,los lagos,10,osorno,103,puerto octay,10302,35,119,56,63,24,11,13,95,45,50
32269,los lagos,10,osorno,103,puerto octay,10302,36,111,59,52,25,16,9,86,43,43
32270,los lagos,10,osorno,103,puerto octay,10302,37,127,62,65,19,14,5,108,48,60
32271,los lagos,10,osorno,103,puerto octay,10302,38,125,62,63,24,9,15,101,53,48
32272,los lagos,10,osorno,103,puerto octay,10302,39,97,56,41,20,12,8,77,44,33
32273,los lagos,10,osorno,103,puerto octay,10302,40,100,59,41,18,6,12,82,53,29
32274,los lagos,10,osorno,103,puerto octay,10302,41,119,65,54,35,18,17,84,47,37
32275,los lagos,10,osorno,103,puerto octay,10302,42,120,60,60,25,10,15,95,50,45
32276,los lagos,10,osorno,103,puerto octay,10302,43,117,54,63,27,12,15,90,42,48
32277,los lagos,10,osorno,103,puerto octay,10302,44,129,66,63,27,8,19,102,58,44
32278,los lagos,10,osorno,103,puerto octay,10302,45,126,62,64,28,13,15,98,49,49
32279,los lagos,10,osorno,103,puerto octay,10302,46,154,83,71,37,21,16,117,62,55
32280,los lagos,10,osorno,103,puerto octay,10302,47,118,65,53,25,12,13,93,53,40
32281,los lagos,10,osorno,103,puerto octay,10302,48,130,69,61,33,17,16,97,52,45
32282,los lagos,10,osorno,103,puerto octay,10302,49,143,73,70,32,20,12,111,53,58
32283,los lagos,10,osorno,103,puerto octay,10302,50,131,71,60,25,13,12,106,58,48
32284,los lagos,10,osorno,103,puerto octay,10302,51,140,78,62,31,17,14,109,61,48
32285,los lagos,10,osorno,103,puerto octay,10302,52,165,84,81,29,14,15,136,70,66
32286,los lagos,10,osorno,103,puerto octay,10302,53,129,85,44,27,17,10,102,68,34
32287,los lagos,10,osorno,103,puerto octay,10302,54,155,83,72,30,14,16,125,69,56
32288,los lagos,10,osorno,103,puerto octay,10302,55,145,79,66,33,21,12,112,58,54
32289,los lagos,10,osorno,103,puerto octay,10302,56,133,66,67,28,15,13,105,51,54
32290,los lagos,10,osorno,103,puerto octay,10302,57,121,65,56,34,14,20,87,51,36
32291,los lagos,10,osorno,103,puerto octay,10302,58,102,54,48,26,14,12,76,40,36
32292,los lagos,10,osorno,103,puerto octay,10302,59,120,62,58,33,17,16,87,45,42
32293,los lagos,10,osorno,103,puerto octay,10302,60,107,61,46,26,14,12,81,47,34
32294,los lagos,10,osorno,103,puerto octay,10302,61,109,64,45,22,11,11,87,53,34
32295,los lagos,10,osorno,103,puerto octay,10302,62,111,57,54,28,11,17,83,46,37
32296,los lagos,10,osorno,103,puerto octay,10302,63,101,53,48,17,11,6,84,42,42
32297,los lagos,10,osorno,103,puerto octay,10302,64,91,44,47,31,12,19,60,32,28
32298,los lagos,10,osorno,103,puerto octay,10302,65,90,51,39,22,11,11,68,40,28
32299,los lagos,10,osorno,103,puerto octay,10302,66,70,36,34,14,6,8,56,30,26
32300,los lagos,10,osorno,103,puerto octay,10302,67,68,31,37,11,4,7,57,27,30
32301,los lagos,10,osorno,103,puerto octay,10302,68,75,40,35,13,4,9,62,36,26
32302,los lagos,10,osorno,103,puerto octay,10302,69,70,42,28,15,11,4,55,31,24
32303,los lagos,10,osorno,103,puerto octay,10302,70,59,22,37,15,9,6,44,13,31
32304,los lagos,10,osorno,103,puerto octay,10302,71,62,29,33,10,4,6,52,25,27
32305,los lagos,10,osorno,103,puerto octay,10302,72,58,38,20,17,13,4,41,25,16
32306,los lagos,10,osorno,103,puerto octay,10302,73,53,30,23,10,6,4,43,24,19
32307,los lagos,10,osorno,103,puerto octay,10302,74,48,25,23,7,4,3,41,21,20
32308,los lagos,10,osorno,103,puerto octay,10302,75,57,30,27,14,6,8,43,24,19
32309,los lagos,10,osorno,103,puerto octay,10302,76,41,27,14,7,3,4,34,24,10
32310,los lagos,10,osorno,103,puerto octay,10302,77,50,30,20,7,5,2,43,25,18
32311,los lagos,10,osorno,103,puerto octay,10302,78,49,21,28,4,0,4,45,21,24
32312,los lagos,10,osorno,103,puerto octay,10302,79,46,23,23,12,2,10,34,21,13
32313,los lagos,10,osorno,103,puerto octay,10302,80,42,15,27,9,2,7,33,13,20
32314,los lagos,10,osorno,103,puerto octay,10302,81,20,10,10,2,1,1,18,9,9
32315,los lagos,10,osorno,103,puerto octay,10302,82,26,10,16,3,2,1,23,8,15
32316,los lagos,10,osorno,103,puerto octay,10302,83,21,12,9,6,3,3,15,9,6
32317,los lagos,10,osorno,103,puerto octay,10302,84,23,8,15,5,1,4,18,7,11
32318,los lagos,10,osorno,103,puerto octay,10302,85,23,8,15,6,1,5,17,7,10
32319,los lagos,10,osorno,103,puerto octay,10302,86,18,9,9,2,0,2,16,9,7
32320,los lagos,10,osorno,103,puerto octay,10302,87,15,6,9,2,1,1,13,5,8
32321,los lagos,10,osorno,103,puerto octay,10302,88,9,3,6,2,0,2,7,3,4
32322,los lagos,10,osorno,103,puerto octay,10302,89,8,2,6,1,0,1,7,2,5
32323,los lagos,10,osorno,103,puerto octay,10302,90,5,4,1,2,2,0,3,2,1
32324,los lagos,10,osorno,103,puerto octay,10302,91,6,2,4,1,0,1,5,2,3
32325,los lagos,10,osorno,103,puerto octay,10302,92,6,4,2,0,0,0,6,4,2
32326,los lagos,10,osorno,103,puerto octay,10302,93,3,3,0,0,0,0,3,3,0
32327,los lagos,10,osorno,103,puerto octay,10302,94,4,1,3,1,0,1,3,1,2
32328,los lagos,10,osorno,103,puerto octay,10302,95,2,1,1,1,0,1,1,1,0
32329,los lagos,10,osorno,103,puerto octay,10302,96,2,1,1,0,0,0,2,1,1
32330,los lagos,10,osorno,103,puerto octay,10302,97,0,0,0,0,0,0,0,0,0
32331,los lagos,10,osorno,103,puerto octay,10302,98,0,0,0,0,0,0,0,0,0
32332,los lagos,10,osorno,103,puerto octay,10302,99,1,1,0,1,1,0,0,0,0
32333,los lagos,10,osorno,103,puerto octay,10302,100 o más,2,1,1,0,0,0,2,1,1
32334,los lagos,10,osorno,103,purranque,10303,total comuna,20369,9976,10393,14403,6838,7565,5966,3138,2828
32335,los lagos,10,osorno,103,purranque,10303,0,243,112,131,177,81,96,66,31,35
32336,los lagos,10,osorno,103,purranque,10303,1,277,136,141,211,102,109,66,34,32
32337,los lagos,10,osorno,103,purranque,10303,2,276,146,130,203,101,102,73,45,28
32338,los lagos,10,osorno,103,purranque,10303,3,251,134,117,179,99,80,72,35,37
32339,los lagos,10,osorno,103,purranque,10303,4,256,134,122,176,91,85,80,43,37
32340,los lagos,10,osorno,103,purranque,10303,5,273,142,131,209,101,108,64,41,23
32341,los lagos,10,osorno,103,purranque,10303,6,248,140,108,182,105,77,66,35,31
32342,los lagos,10,osorno,103,purranque,10303,7,295,156,139,217,113,104,78,43,35
32343,los lagos,10,osorno,103,purranque,10303,8,285,133,152,209,100,109,76,33,43
32344,los lagos,10,osorno,103,purranque,10303,9,284,133,151,198,84,114,86,49,37
32345,los lagos,10,osorno,103,purranque,10303,10,304,160,144,229,120,109,75,40,35
32346,los lagos,10,osorno,103,purranque,10303,11,274,125,149,188,85,103,86,40,46
32347,los lagos,10,osorno,103,purranque,10303,12,302,156,146,212,115,97,90,41,49
32348,los lagos,10,osorno,103,purranque,10303,13,263,148,115,178,100,78,85,48,37
32349,los lagos,10,osorno,103,purranque,10303,14,250,134,116,170,89,81,80,45,35
32350,los lagos,10,osorno,103,purranque,10303,15,295,159,136,215,120,95,80,39,41
32351,los lagos,10,osorno,103,purranque,10303,16,281,138,143,216,109,107,65,29,36
32352,los lagos,10,osorno,103,purranque,10303,17,302,144,158,228,109,119,74,35,39
32353,los lagos,10,osorno,103,purranque,10303,18,269,130,139,173,87,86,96,43,53
32354,los lagos,10,osorno,103,purranque,10303,19,279,152,127,213,120,93,66,32,34
32355,los lagos,10,osorno,103,purranque,10303,20,256,144,112,193,106,87,63,38,25
32356,los lagos,10,osorno,103,purranque,10303,21,270,116,154,197,84,113,73,32,41
32357,los lagos,10,osorno,103,purranque,10303,22,276,121,155,205,88,117,71,33,38
32358,los lagos,10,osorno,103,purranque,10303,23,258,126,132,192,93,99,66,33,33
32359,los lagos,10,osorno,103,purranque,10303,24,292,143,149,235,115,120,57,28,29
32360,los lagos,10,osorno,103,purranque,10303,25,299,151,148,227,111,116,72,40,32
32361,los lagos,10,osorno,103,purranque,10303,26,294,144,150,222,104,118,72,40,32
32362,los lagos,10,osorno,103,purranque,10303,27,318,161,157,247,124,123,71,37,34
32363,los lagos,10,osorno,103,purranque,10303,28,285,155,130,208,114,94,77,41,36
32364,los lagos,10,osorno,103,purranque,10303,29,256,122,134,189,87,102,67,35,32
32365,los lagos,10,osorno,103,purranque,10303,30,254,113,141,207,88,119,47,25,22
32366,los lagos,10,osorno,103,purranque,10303,31,256,127,129,196,89,107,60,38,22
32367,los lagos,10,osorno,103,purranque,10303,32,215,100,115,164,79,85,51,21,30
32368,los lagos,10,osorno,103,purranque,10303,33,234,124,110,171,86,85,63,38,25
32369,los lagos,10,osorno,103,purranque,10303,34,230,103,127,173,84,89,57,19,38
32370,los lagos,10,osorno,103,purranque,10303,35,216,118,98,157,83,74,59,35,24
32371,los lagos,10,osorno,103,purranque,10303,36,220,107,113,157,72,85,63,35,28
32372,los lagos,10,osorno,103,purranque,10303,37,235,108,127,170,82,88,65,26,39
32373,los lagos,10,osorno,103,purranque,10303,38,226,104,122,163,73,90,63,31,32
32374,los lagos,10,osorno,103,purranque,10303,39,221,114,107,157,82,75,64,32,32
32375,los lagos,10,osorno,103,purranque,10303,40,254,132,122,174,87,87,80,45,35
32376,los lagos,10,osorno,103,purranque,10303,41,238,114,124,158,76,82,80,38,42
32377,los lagos,10,osorno,103,purranque,10303,42,274,124,150,187,88,99,87,36,51
32378,los lagos,10,osorno,103,purranque,10303,43,275,131,144,201,89,112,74,42,32
32379,los lagos,10,osorno,103,purranque,10303,44,272,153,119,177,89,88,95,64,31
32380,los lagos,10,osorno,103,purranque,10303,45,276,122,154,197,82,115,79,40,39
32381,los lagos,10,osorno,103,purranque,10303,46,248,123,125,160,76,84,88,47,41
32382,los lagos,10,osorno,103,purranque,10303,47,304,158,146,208,105,103,96,53,43
32383,los lagos,10,osorno,103,purranque,10303,48,285,140,145,182,83,99,103,57,46
32384,los lagos,10,osorno,103,purranque,10303,49,305,134,171,205,79,126,100,55,45
32385,los lagos,10,osorno,103,purranque,10303,50,338,158,180,234,111,123,104,47,57
32386,los lagos,10,osorno,103,purranque,10303,51,274,139,135,181,89,92,93,50,43
32387,los lagos,10,osorno,103,purranque,10303,52,340,169,171,211,97,114,129,72,57
32388,los lagos,10,osorno,103,purranque,10303,53,280,133,147,193,76,117,87,57,30
32389,los lagos,10,osorno,103,purranque,10303,54,305,171,134,185,99,86,120,72,48
32390,los lagos,10,osorno,103,purranque,10303,55,281,137,144,192,89,103,89,48,41
32391,los lagos,10,osorno,103,purranque,10303,56,281,137,144,187,86,101,94,51,43
32392,los lagos,10,osorno,103,purranque,10303,57,263,120,143,172,71,101,91,49,42
32393,los lagos,10,osorno,103,purranque,10303,58,261,127,134,166,78,88,95,49,46
32394,los lagos,10,osorno,103,purranque,10303,59,272,137,135,183,90,93,89,47,42
32395,los lagos,10,osorno,103,purranque,10303,60,245,125,120,170,78,92,75,47,28
32396,los lagos,10,osorno,103,purranque,10303,61,238,119,119,161,76,85,77,43,34
32397,los lagos,10,osorno,103,purranque,10303,62,193,97,96,120,55,65,73,42,31
32398,los lagos,10,osorno,103,purranque,10303,63,208,95,113,148,67,81,60,28,32
32399,los lagos,10,osorno,103,purranque,10303,64,203,94,109,135,57,78,68,37,31
32400,los lagos,10,osorno,103,purranque,10303,65,202,94,108,139,62,77,63,32,31
32401,los lagos,10,osorno,103,purranque,10303,66,183,83,100,113,50,63,70,33,37
32402,los lagos,10,osorno,103,purranque,10303,67,205,100,105,139,63,76,66,37,29
32403,los lagos,10,osorno,103,purranque,10303,68,166,85,81,107,54,53,59,31,28
32404,los lagos,10,osorno,103,purranque,10303,69,171,74,97,127,48,79,44,26,18
32405,los lagos,10,osorno,103,purranque,10303,70,175,82,93,118,51,67,57,31,26
32406,los lagos,10,osorno,103,purranque,10303,71,155,79,76,107,52,55,48,27,21
32407,los lagos,10,osorno,103,purranque,10303,72,146,63,83,100,37,63,46,26,20
32408,los lagos,10,osorno,103,purranque,10303,73,145,71,74,99,43,56,46,28,18
32409,los lagos,10,osorno,103,purranque,10303,74,136,60,76,106,41,65,30,19,11
32410,los lagos,10,osorno,103,purranque,10303,75,139,59,80,105,42,63,34,17,17
32411,los lagos,10,osorno,103,purranque,10303,76,118,57,61,83,41,42,35,16,19
32412,los lagos,10,osorno,103,purranque,10303,77,115,52,63,82,38,44,33,14,19
32413,los lagos,10,osorno,103,purranque,10303,78,103,47,56,67,35,32,36,12,24
32414,los lagos,10,osorno,103,purranque,10303,79,91,45,46,68,34,34,23,11,12
32415,los lagos,10,osorno,103,purranque,10303,80,125,47,78,84,28,56,41,19,22
32416,los lagos,10,osorno,103,purranque,10303,81,97,36,61,68,20,48,29,16,13
32417,los lagos,10,osorno,103,purranque,10303,82,74,36,38,54,22,32,20,14,6
32418,los lagos,10,osorno,103,purranque,10303,83,77,37,40,46,19,27,31,18,13
32419,los lagos,10,osorno,103,purranque,10303,84,56,20,36,42,13,29,14,7,7
32420,los lagos,10,osorno,103,purranque,10303,85,64,25,39,42,15,27,22,10,12
32421,los lagos,10,osorno,103,purranque,10303,86,54,26,28,40,18,22,14,8,6
32422,los lagos,10,osorno,103,purranque,10303,87,51,19,32,38,15,23,13,4,9
32423,los lagos,10,osorno,103,purranque,10303,88,35,8,27,22,4,18,13,4,9
32424,los lagos,10,osorno,103,purranque,10303,89,40,15,25,29,10,19,11,5,6
32425,los lagos,10,osorno,103,purranque,10303,90,36,17,19,25,8,17,11,9,2
32426,los lagos,10,osorno,103,purranque,10303,91,25,10,15,18,8,10,7,2,5
32427,los lagos,10,osorno,103,purranque,10303,92,24,13,11,19,10,9,5,3,2
32428,los lagos,10,osorno,103,purranque,10303,93,7,3,4,4,2,2,3,1,2
32429,los lagos,10,osorno,103,purranque,10303,94,7,2,5,4,1,3,3,1,2
32430,los lagos,10,osorno,103,purranque,10303,95,6,3,3,2,1,1,4,2,2
32431,los lagos,10,osorno,103,purranque,10303,96,3,2,1,2,1,1,1,1,0
32432,los lagos,10,osorno,103,purranque,10303,97,2,1,1,1,1,0,1,0,1
32433,los lagos,10,osorno,103,purranque,10303,98,2,1,1,1,1,0,1,0,1
32434,los lagos,10,osorno,103,purranque,10303,99,1,0,1,0,0,0,1,0,1
32435,los lagos,10,osorno,103,purranque,10303,100 o más,2,2,0,2,2,0,0,0,0
32436,los lagos,10,osorno,103,puyehue,10304,total comuna,11667,5958,5709,4998,2398,2600,6669,3560,3109
32437,los lagos,10,osorno,103,puyehue,10304,0,150,64,86,86,38,48,64,26,38
32438,los lagos,10,osorno,103,puyehue,10304,1,126,71,55,62,34,28,64,37,27
32439,los lagos,10,osorno,103,puyehue,10304,2,126,69,57,58,31,27,68,38,30
32440,los lagos,10,osorno,103,puyehue,10304,3,145,77,68,71,39,32,74,38,36
32441,los lagos,10,osorno,103,puyehue,10304,4,145,82,63,72,37,35,73,45,28
32442,los lagos,10,osorno,103,puyehue,10304,5,131,65,66,67,33,34,64,32,32
32443,los lagos,10,osorno,103,puyehue,10304,6,155,75,80,69,32,37,86,43,43
32444,los lagos,10,osorno,103,puyehue,10304,7,157,85,72,72,41,31,85,44,41
32445,los lagos,10,osorno,103,puyehue,10304,8,150,75,75,70,31,39,80,44,36
32446,los lagos,10,osorno,103,puyehue,10304,9,169,80,89,74,31,43,95,49,46
32447,los lagos,10,osorno,103,puyehue,10304,10,132,68,64,58,29,29,74,39,35
32448,los lagos,10,osorno,103,puyehue,10304,11,151,79,72,56,26,30,95,53,42
32449,los lagos,10,osorno,103,puyehue,10304,12,134,72,62,56,30,26,78,42,36
32450,los lagos,10,osorno,103,puyehue,10304,13,172,84,88,87,40,47,85,44,41
32451,los lagos,10,osorno,103,puyehue,10304,14,183,88,95,99,43,56,84,45,39
32452,los lagos,10,osorno,103,puyehue,10304,15,154,77,77,73,31,42,81,46,35
32453,los lagos,10,osorno,103,puyehue,10304,16,187,74,113,78,33,45,109,41,68
32454,los lagos,10,osorno,103,puyehue,10304,17,218,130,88,84,44,40,134,86,48
32455,los lagos,10,osorno,103,puyehue,10304,18,227,139,88,78,42,36,149,97,52
32456,los lagos,10,osorno,103,puyehue,10304,19,186,104,82,93,46,47,93,58,35
32457,los lagos,10,osorno,103,puyehue,10304,20,154,83,71,80,42,38,74,41,33
32458,los lagos,10,osorno,103,puyehue,10304,21,136,82,54,61,38,23,75,44,31
32459,los lagos,10,osorno,103,puyehue,10304,22,169,80,89,92,44,48,77,36,41
32460,los lagos,10,osorno,103,puyehue,10304,23,136,59,77,74,35,39,62,24,38
32461,los lagos,10,osorno,103,puyehue,10304,24,165,89,76,74,32,42,91,57,34
32462,los lagos,10,osorno,103,puyehue,10304,25,139,78,61,64,28,36,75,50,25
32463,los lagos,10,osorno,103,puyehue,10304,26,142,67,75,78,37,41,64,30,34
32464,los lagos,10,osorno,103,puyehue,10304,27,141,65,76,76,33,43,65,32,33
32465,los lagos,10,osorno,103,puyehue,10304,28,159,80,79,87,43,44,72,37,35
32466,los lagos,10,osorno,103,puyehue,10304,29,146,72,74,71,39,32,75,33,42
32467,los lagos,10,osorno,103,puyehue,10304,30,127,64,63,67,38,29,60,26,34
32468,los lagos,10,osorno,103,puyehue,10304,31,147,76,71,70,38,32,77,38,39
32469,los lagos,10,osorno,103,puyehue,10304,32,141,65,76,60,28,32,81,37,44
32470,los lagos,10,osorno,103,puyehue,10304,33,140,65,75,66,30,36,74,35,39
32471,los lagos,10,osorno,103,puyehue,10304,34,146,81,65,71,36,35,75,45,30
32472,los lagos,10,osorno,103,puyehue,10304,35,129,68,61,68,33,35,61,35,26
32473,los lagos,10,osorno,103,puyehue,10304,36,147,71,76,52,23,29,95,48,47
32474,los lagos,10,osorno,103,puyehue,10304,37,134,65,69,56,30,26,78,35,43
32475,los lagos,10,osorno,103,puyehue,10304,38,135,64,71,62,26,36,73,38,35
32476,los lagos,10,osorno,103,puyehue,10304,39,147,76,71,71,36,35,76,40,36
32477,los lagos,10,osorno,103,puyehue,10304,40,134,64,70,51,26,25,83,38,45
32478,los lagos,10,osorno,103,puyehue,10304,41,169,97,72,66,37,29,103,60,43
32479,los lagos,10,osorno,103,puyehue,10304,42,174,93,81,74,44,30,100,49,51
32480,los lagos,10,osorno,103,puyehue,10304,43,181,101,80,74,42,32,107,59,48
32481,los lagos,10,osorno,103,puyehue,10304,44,166,87,79,68,38,30,98,49,49
32482,los lagos,10,osorno,103,puyehue,10304,45,165,83,82,68,32,36,97,51,46
32483,los lagos,10,osorno,103,puyehue,10304,46,166,85,81,59,23,36,107,62,45
32484,los lagos,10,osorno,103,puyehue,10304,47,162,75,87,70,34,36,92,41,51
32485,los lagos,10,osorno,103,puyehue,10304,48,178,77,101,73,29,44,105,48,57
32486,los lagos,10,osorno,103,puyehue,10304,49,175,92,83,60,28,32,115,64,51
32487,los lagos,10,osorno,103,puyehue,10304,50,164,82,82,80,37,43,84,45,39
32488,los lagos,10,osorno,103,puyehue,10304,51,177,95,82,77,42,35,100,53,47
32489,los lagos,10,osorno,103,puyehue,10304,52,181,94,87,60,23,37,121,71,50
32490,los lagos,10,osorno,103,puyehue,10304,53,196,107,89,71,37,34,125,70,55
32491,los lagos,10,osorno,103,puyehue,10304,54,174,90,84,74,33,41,100,57,43
32492,los lagos,10,osorno,103,puyehue,10304,55,157,76,81,45,19,26,112,57,55
32493,los lagos,10,osorno,103,puyehue,10304,56,150,80,70,58,28,30,92,52,40
32494,los lagos,10,osorno,103,puyehue,10304,57,149,74,75,47,16,31,102,58,44
32495,los lagos,10,osorno,103,puyehue,10304,58,152,79,73,57,33,24,95,46,49
32496,los lagos,10,osorno,103,puyehue,10304,59,152,74,78,50,25,25,102,49,53
32497,los lagos,10,osorno,103,puyehue,10304,60,141,62,79,50,16,34,91,46,45
32498,los lagos,10,osorno,103,puyehue,10304,61,138,84,54,49,25,24,89,59,30
32499,los lagos,10,osorno,103,puyehue,10304,62,125,62,63,38,14,24,87,48,39
32500,los lagos,10,osorno,103,puyehue,10304,63,120,58,62,42,19,23,78,39,39
32501,los lagos,10,osorno,103,puyehue,10304,64,123,59,64,40,16,24,83,43,40
32502,los lagos,10,osorno,103,puyehue,10304,65,89,43,46,37,17,20,52,26,26
32503,los lagos,10,osorno,103,puyehue,10304,66,118,69,49,42,22,20,76,47,29
32504,los lagos,10,osorno,103,puyehue,10304,67,117,53,64,48,16,32,69,37,32
32505,los lagos,10,osorno,103,puyehue,10304,68,115,60,55,52,21,31,63,39,24
32506,los lagos,10,osorno,103,puyehue,10304,69,80,43,37,34,14,20,46,29,17
32507,los lagos,10,osorno,103,puyehue,10304,70,95,50,45,44,25,19,51,25,26
32508,los lagos,10,osorno,103,puyehue,10304,71,78,37,41,22,11,11,56,26,30
32509,los lagos,10,osorno,103,puyehue,10304,72,85,43,42,25,9,16,60,34,26
32510,los lagos,10,osorno,103,puyehue,10304,73,81,46,35,33,16,17,48,30,18
32511,los lagos,10,osorno,103,puyehue,10304,74,85,45,40,32,14,18,53,31,22
32512,los lagos,10,osorno,103,puyehue,10304,75,71,37,34,30,11,19,41,26,15
32513,los lagos,10,osorno,103,puyehue,10304,76,70,37,33,28,12,16,42,25,17
32514,los lagos,10,osorno,103,puyehue,10304,77,62,31,31,13,7,6,49,24,25
32515,los lagos,10,osorno,103,puyehue,10304,78,51,27,24,17,8,9,34,19,15
32516,los lagos,10,osorno,103,puyehue,10304,79,56,32,24,20,10,10,36,22,14
32517,los lagos,10,osorno,103,puyehue,10304,80,46,23,23,19,10,9,27,13,14
32518,los lagos,10,osorno,103,puyehue,10304,81,40,20,20,16,7,9,24,13,11
32519,los lagos,10,osorno,103,puyehue,10304,82,39,14,25,15,7,8,24,7,17
32520,los lagos,10,osorno,103,puyehue,10304,83,33,20,13,15,9,6,18,11,7
32521,los lagos,10,osorno,103,puyehue,10304,84,30,12,18,15,6,9,15,6,9
32522,los lagos,10,osorno,103,puyehue,10304,85,26,11,15,14,5,9,12,6,6
32523,los lagos,10,osorno,103,puyehue,10304,86,36,13,23,13,3,10,23,10,13
32524,los lagos,10,osorno,103,puyehue,10304,87,23,14,9,11,5,6,12,9,3
32525,los lagos,10,osorno,103,puyehue,10304,88,18,10,8,6,2,4,12,8,4
32526,los lagos,10,osorno,103,puyehue,10304,89,20,6,14,8,4,4,12,2,10
32527,los lagos,10,osorno,103,puyehue,10304,90,16,8,8,8,4,4,8,4,4
32528,los lagos,10,osorno,103,puyehue,10304,91,8,3,5,4,2,2,4,1,3
32529,los lagos,10,osorno,103,puyehue,10304,92,10,4,6,7,3,4,3,1,2
32530,los lagos,10,osorno,103,puyehue,10304,93,6,2,4,2,1,1,4,1,3
32531,los lagos,10,osorno,103,puyehue,10304,94,3,1,2,1,1,0,2,0,2
32532,los lagos,10,osorno,103,puyehue,10304,95,3,2,1,1,0,1,2,2,0
32533,los lagos,10,osorno,103,puyehue,10304,96,1,1,0,0,0,0,1,1,0
32534,los lagos,10,osorno,103,puyehue,10304,97,0,0,0,0,0,0,0,0,0
32535,los lagos,10,osorno,103,puyehue,10304,98,1,0,1,1,0,1,0,0,0
32536,los lagos,10,osorno,103,puyehue,10304,99,3,1,2,1,0,1,2,1,1
32537,los lagos,10,osorno,103,puyehue,10304,100 o más,5,2,3,0,0,0,5,2,3
32538,los lagos,10,osorno,103,río negro,10305,total comuna,14085,7051,7034,6984,3316,3668,7101,3735,3366
32539,los lagos,10,osorno,103,río negro,10305,0,154,85,69,89,54,35,65,31,34
32540,los lagos,10,osorno,103,río negro,10305,1,169,83,86,83,43,40,86,40,46
32541,los lagos,10,osorno,103,río negro,10305,2,149,83,66,73,37,36,76,46,30
32542,los lagos,10,osorno,103,río negro,10305,3,196,97,99,108,55,53,88,42,46
32543,los lagos,10,osorno,103,río negro,10305,4,170,83,87,86,40,46,84,43,41
32544,los lagos,10,osorno,103,río negro,10305,5,176,95,81,107,60,47,69,35,34
32545,los lagos,10,osorno,103,río negro,10305,6,182,80,102,92,38,54,90,42,48
32546,los lagos,10,osorno,103,río negro,10305,7,210,103,107,132,62,70,78,41,37
32547,los lagos,10,osorno,103,río negro,10305,8,209,102,107,114,53,61,95,49,46
32548,los lagos,10,osorno,103,río negro,10305,9,181,102,79,101,56,45,80,46,34
32549,los lagos,10,osorno,103,río negro,10305,10,190,90,100,87,38,49,103,52,51
32550,los lagos,10,osorno,103,río negro,10305,11,147,81,66,69,38,31,78,43,35
32551,los lagos,10,osorno,103,río negro,10305,12,196,105,91,103,49,54,93,56,37
32552,los lagos,10,osorno,103,río negro,10305,13,184,91,93,95,44,51,89,47,42
32553,los lagos,10,osorno,103,río negro,10305,14,224,111,113,93,48,45,131,63,68
32554,los lagos,10,osorno,103,río negro,10305,15,248,136,112,89,42,47,159,94,65
32555,los lagos,10,osorno,103,río negro,10305,16,255,127,128,110,50,60,145,77,68
32556,los lagos,10,osorno,103,río negro,10305,17,216,108,108,107,49,58,109,59,50
32557,los lagos,10,osorno,103,río negro,10305,18,158,83,75,76,38,38,82,45,37
32558,los lagos,10,osorno,103,río negro,10305,19,183,92,91,94,40,54,89,52,37
32559,los lagos,10,osorno,103,río negro,10305,20,185,97,88,107,58,49,78,39,39
32560,los lagos,10,osorno,103,río negro,10305,21,153,81,72,80,46,34,73,35,38
32561,los lagos,10,osorno,103,río negro,10305,22,169,80,89,99,45,54,70,35,35
32562,los lagos,10,osorno,103,río negro,10305,23,165,92,73,93,47,46,72,45,27
32563,los lagos,10,osorno,103,río negro,10305,24,183,99,84,104,53,51,79,46,33
32564,los lagos,10,osorno,103,río negro,10305,25,193,101,92,110,57,53,83,44,39
32565,los lagos,10,osorno,103,río negro,10305,26,182,68,114,106,32,74,76,36,40
32566,los lagos,10,osorno,103,río negro,10305,27,198,95,103,104,51,53,94,44,50
32567,los lagos,10,osorno,103,río negro,10305,28,177,82,95,103,50,53,74,32,42
32568,los lagos,10,osorno,103,río negro,10305,29,158,76,82,93,41,52,65,35,30
32569,los lagos,10,osorno,103,río negro,10305,30,171,82,89,105,50,55,66,32,34
32570,los lagos,10,osorno,103,río negro,10305,31,168,79,89,93,45,48,75,34,41
32571,los lagos,10,osorno,103,río negro,10305,32,151,77,74,93,44,49,58,33,25
32572,los lagos,10,osorno,103,río negro,10305,33,155,79,76,84,49,35,71,30,41
32573,los lagos,10,osorno,103,río negro,10305,34,190,91,99,109,54,55,81,37,44
32574,los lagos,10,osorno,103,río negro,10305,35,162,74,88,93,43,50,69,31,38
32575,los lagos,10,osorno,103,río negro,10305,36,152,73,79,77,38,39,75,35,40
32576,los lagos,10,osorno,103,río negro,10305,37,155,65,90,87,34,53,68,31,37
32577,los lagos,10,osorno,103,río negro,10305,38,137,65,72,71,32,39,66,33,33
32578,los lagos,10,osorno,103,río negro,10305,39,157,84,73,83,40,43,74,44,30
32579,los lagos,10,osorno,103,río negro,10305,40,175,89,86,82,46,36,93,43,50
32580,los lagos,10,osorno,103,río negro,10305,41,160,85,75,81,41,40,79,44,35
32581,los lagos,10,osorno,103,río negro,10305,42,176,86,90,78,38,40,98,48,50
32582,los lagos,10,osorno,103,río negro,10305,43,197,98,99,98,46,52,99,52,47
32583,los lagos,10,osorno,103,río negro,10305,44,208,109,99,103,54,49,105,55,50
32584,los lagos,10,osorno,103,río negro,10305,45,181,88,93,80,34,46,101,54,47
32585,los lagos,10,osorno,103,río negro,10305,46,197,98,99,88,38,50,109,60,49
32586,los lagos,10,osorno,103,río negro,10305,47,210,113,97,110,55,55,100,58,42
32587,los lagos,10,osorno,103,río negro,10305,48,195,102,93,84,42,42,111,60,51
32588,los lagos,10,osorno,103,río negro,10305,49,217,122,95,94,44,50,123,78,45
32589,los lagos,10,osorno,103,río negro,10305,50,214,125,89,93,47,46,121,78,43
32590,los lagos,10,osorno,103,río negro,10305,51,223,114,109,103,51,52,120,63,57
32591,los lagos,10,osorno,103,río negro,10305,52,188,81,107,86,33,53,102,48,54
32592,los lagos,10,osorno,103,río negro,10305,53,202,107,95,89,49,40,113,58,55
32593,los lagos,10,osorno,103,río negro,10305,54,209,110,99,89,41,48,120,69,51
32594,los lagos,10,osorno,103,río negro,10305,55,213,100,113,106,46,60,107,54,53
32595,los lagos,10,osorno,103,río negro,10305,56,196,108,88,92,46,46,104,62,42
32596,los lagos,10,osorno,103,río negro,10305,57,209,95,114,81,34,47,128,61,67
32597,los lagos,10,osorno,103,río negro,10305,58,190,93,97,86,44,42,104,49,55
32598,los lagos,10,osorno,103,río negro,10305,59,186,93,93,78,37,41,108,56,52
32599,los lagos,10,osorno,103,río negro,10305,60,169,86,83,78,41,37,91,45,46
32600,los lagos,10,osorno,103,río negro,10305,61,193,100,93,92,43,49,101,57,44
32601,los lagos,10,osorno,103,río negro,10305,62,169,89,80,81,42,39,88,47,41
32602,los lagos,10,osorno,103,río negro,10305,63,148,72,76,74,34,40,74,38,36
32603,los lagos,10,osorno,103,río negro,10305,64,143,72,71,72,28,44,71,44,27
32604,los lagos,10,osorno,103,río negro,10305,65,138,80,58,62,32,30,76,48,28
32605,los lagos,10,osorno,103,río negro,10305,66,140,67,73,71,33,38,69,34,35
32606,los lagos,10,osorno,103,río negro,10305,67,139,69,70,65,32,33,74,37,37
32607,los lagos,10,osorno,103,río negro,10305,68,138,65,73,73,31,42,65,34,31
32608,los lagos,10,osorno,103,río negro,10305,69,137,72,65,54,23,31,83,49,34
32609,los lagos,10,osorno,103,río negro,10305,70,128,58,70,56,22,34,72,36,36
32610,los lagos,10,osorno,103,río negro,10305,71,95,54,41,45,25,20,50,29,21
32611,los lagos,10,osorno,103,río negro,10305,72,115,52,63,46,19,27,69,33,36
32612,los lagos,10,osorno,103,río negro,10305,73,106,50,56,47,19,28,59,31,28
32613,los lagos,10,osorno,103,río negro,10305,74,105,61,44,41,18,23,64,43,21
32614,los lagos,10,osorno,103,río negro,10305,75,87,40,47,32,13,19,55,27,28
32615,los lagos,10,osorno,103,río negro,10305,76,89,41,48,42,15,27,47,26,21
32616,los lagos,10,osorno,103,río negro,10305,77,82,50,32,31,18,13,51,32,19
32617,los lagos,10,osorno,103,río negro,10305,78,62,32,30,28,12,16,34,20,14
32618,los lagos,10,osorno,103,río negro,10305,79,76,36,40,36,16,20,40,20,20
32619,los lagos,10,osorno,103,río negro,10305,80,70,29,41,30,9,21,40,20,20
32620,los lagos,10,osorno,103,río negro,10305,81,59,28,31,32,14,18,27,14,13
32621,los lagos,10,osorno,103,río negro,10305,82,55,19,36,25,7,18,30,12,18
32622,los lagos,10,osorno,103,río negro,10305,83,49,23,26,24,8,16,25,15,10
32623,los lagos,10,osorno,103,río negro,10305,84,32,12,20,16,5,11,16,7,9
32624,los lagos,10,osorno,103,río negro,10305,85,46,18,28,24,8,16,22,10,12
32625,los lagos,10,osorno,103,río negro,10305,86,45,20,25,18,10,8,27,10,17
32626,los lagos,10,osorno,103,río negro,10305,87,29,11,18,17,8,9,12,3,9
32627,los lagos,10,osorno,103,río negro,10305,88,24,8,16,6,1,5,18,7,11
32628,los lagos,10,osorno,103,río negro,10305,89,23,8,15,14,4,10,9,4,5
32629,los lagos,10,osorno,103,río negro,10305,90,26,8,18,16,5,11,10,3,7
32630,los lagos,10,osorno,103,río negro,10305,91,14,6,8,7,2,5,7,4,3
32631,los lagos,10,osorno,103,río negro,10305,92,14,7,7,7,4,3,7,3,4
32632,los lagos,10,osorno,103,río negro,10305,93,9,6,3,4,2,2,5,4,1
32633,los lagos,10,osorno,103,río negro,10305,94,9,3,6,6,2,4,3,1,2
32634,los lagos,10,osorno,103,río negro,10305,95,3,2,1,2,1,1,1,1,0
32635,los lagos,10,osorno,103,río negro,10305,96,2,1,1,1,1,0,1,0,1
32636,los lagos,10,osorno,103,río negro,10305,97,5,2,3,2,0,2,3,2,1
32637,los lagos,10,osorno,103,río negro,10305,98,2,0,2,1,0,1,1,0,1
32638,los lagos,10,osorno,103,río negro,10305,99,2,1,1,0,0,0,2,1,1
32639,los lagos,10,osorno,103,río negro,10305,100 o más,4,0,4,3,0,3,1,0,1
32640,los lagos,10,osorno,103,san juan de la costa,10306,total comuna,7512,4011,3501,1170,612,558,6342,3399,2943
32641,los lagos,10,osorno,103,san juan de la costa,10306,0,51,26,25,14,8,6,37,18,19
32642,los lagos,10,osorno,103,san juan de la costa,10306,1,77,41,36,9,5,4,68,36,32
32643,los lagos,10,osorno,103,san juan de la costa,10306,2,67,32,35,19,7,12,48,25,23
32644,los lagos,10,osorno,103,san juan de la costa,10306,3,79,42,37,14,9,5,65,33,32
32645,los lagos,10,osorno,103,san juan de la costa,10306,4,74,36,38,19,13,6,55,23,32
32646,los lagos,10,osorno,103,san juan de la costa,10306,5,82,45,37,17,8,9,65,37,28
32647,los lagos,10,osorno,103,san juan de la costa,10306,6,89,48,41,15,6,9,74,42,32
32648,los lagos,10,osorno,103,san juan de la costa,10306,7,96,61,35,13,7,6,83,54,29
32649,los lagos,10,osorno,103,san juan de la costa,10306,8,104,57,47,22,15,7,82,42,40
32650,los lagos,10,osorno,103,san juan de la costa,10306,9,94,50,44,11,4,7,83,46,37
32651,los lagos,10,osorno,103,san juan de la costa,10306,10,109,55,54,25,12,13,84,43,41
32652,los lagos,10,osorno,103,san juan de la costa,10306,11,92,52,40,15,9,6,77,43,34
32653,los lagos,10,osorno,103,san juan de la costa,10306,12,109,44,65,19,11,8,90,33,57
32654,los lagos,10,osorno,103,san juan de la costa,10306,13,104,60,44,15,11,4,89,49,40
32655,los lagos,10,osorno,103,san juan de la costa,10306,14,91,49,42,19,12,7,72,37,35
32656,los lagos,10,osorno,103,san juan de la costa,10306,15,92,40,52,16,7,9,76,33,43
32657,los lagos,10,osorno,103,san juan de la costa,10306,16,91,52,39,18,11,7,73,41,32
32658,los lagos,10,osorno,103,san juan de la costa,10306,17,97,54,43,17,9,8,80,45,35
32659,los lagos,10,osorno,103,san juan de la costa,10306,18,62,31,31,11,5,6,51,26,25
32660,los lagos,10,osorno,103,san juan de la costa,10306,19,73,34,39,13,5,8,60,29,31
32661,los lagos,10,osorno,103,san juan de la costa,10306,20,74,38,36,9,6,3,65,32,33
32662,los lagos,10,osorno,103,san juan de la costa,10306,21,93,49,44,15,7,8,78,42,36
32663,los lagos,10,osorno,103,san juan de la costa,10306,22,76,40,36,14,6,8,62,34,28
32664,los lagos,10,osorno,103,san juan de la costa,10306,23,75,34,41,18,5,13,57,29,28
32665,los lagos,10,osorno,103,san juan de la costa,10306,24,74,42,32,18,8,10,56,34,22
32666,los lagos,10,osorno,103,san juan de la costa,10306,25,81,39,42,17,8,9,64,31,33
32667,los lagos,10,osorno,103,san juan de la costa,10306,26,75,34,41,17,8,9,58,26,32
32668,los lagos,10,osorno,103,san juan de la costa,10306,27,69,37,32,20,13,7,49,24,25
32669,los lagos,10,osorno,103,san juan de la costa,10306,28,60,30,30,17,9,8,43,21,22
32670,los lagos,10,osorno,103,san juan de la costa,10306,29,63,34,29,18,9,9,45,25,20
32671,los lagos,10,osorno,103,san juan de la costa,10306,30,67,39,28,24,13,11,43,26,17
32672,los lagos,10,osorno,103,san juan de la costa,10306,31,74,32,42,16,5,11,58,27,31
32673,los lagos,10,osorno,103,san juan de la costa,10306,32,77,35,42,14,6,8,63,29,34
32674,los lagos,10,osorno,103,san juan de la costa,10306,33,67,44,23,9,7,2,58,37,21
32675,los lagos,10,osorno,103,san juan de la costa,10306,34,78,36,42,17,12,5,61,24,37
32676,los lagos,10,osorno,103,san juan de la costa,10306,35,97,55,42,27,15,12,70,40,30
32677,los lagos,10,osorno,103,san juan de la costa,10306,36,91,47,44,10,8,2,81,39,42
32678,los lagos,10,osorno,103,san juan de la costa,10306,37,92,51,41,12,7,5,80,44,36
32679,los lagos,10,osorno,103,san juan de la costa,10306,38,104,49,55,16,7,9,88,42,46
32680,los lagos,10,osorno,103,san juan de la costa,10306,39,117,67,50,18,10,8,99,57,42
32681,los lagos,10,osorno,103,san juan de la costa,10306,40,134,65,69,20,9,11,114,56,58
32682,los lagos,10,osorno,103,san juan de la costa,10306,41,120,55,65,17,7,10,103,48,55
32683,los lagos,10,osorno,103,san juan de la costa,10306,42,120,64,56,8,3,5,112,61,51
32684,los lagos,10,osorno,103,san juan de la costa,10306,43,130,77,53,17,8,9,113,69,44
32685,los lagos,10,osorno,103,san juan de la costa,10306,44,122,67,55,16,6,10,106,61,45
32686,los lagos,10,osorno,103,san juan de la costa,10306,45,122,78,44,18,10,8,104,68,36
32687,los lagos,10,osorno,103,san juan de la costa,10306,46,101,55,46,20,10,10,81,45,36
32688,los lagos,10,osorno,103,san juan de la costa,10306,47,104,53,51,14,6,8,90,47,43
32689,los lagos,10,osorno,103,san juan de la costa,10306,48,128,62,66,17,7,10,111,55,56
32690,los lagos,10,osorno,103,san juan de la costa,10306,49,92,47,45,10,5,5,82,42,40
32691,los lagos,10,osorno,103,san juan de la costa,10306,50,128,75,53,15,9,6,113,66,47
32692,los lagos,10,osorno,103,san juan de la costa,10306,51,105,55,50,21,11,10,84,44,40
32693,los lagos,10,osorno,103,san juan de la costa,10306,52,120,57,63,19,8,11,101,49,52
32694,los lagos,10,osorno,103,san juan de la costa,10306,53,116,66,50,14,8,6,102,58,44
32695,los lagos,10,osorno,103,san juan de la costa,10306,54,120,67,53,23,8,15,97,59,38
32696,los lagos,10,osorno,103,san juan de la costa,10306,55,124,68,56,18,11,7,106,57,49
32697,los lagos,10,osorno,103,san juan de la costa,10306,56,116,59,57,12,7,5,104,52,52
32698,los lagos,10,osorno,103,san juan de la costa,10306,57,119,62,57,18,10,8,101,52,49
32699,los lagos,10,osorno,103,san juan de la costa,10306,58,110,59,51,12,8,4,98,51,47
32700,los lagos,10,osorno,103,san juan de la costa,10306,59,95,52,43,9,4,5,86,48,38
32701,los lagos,10,osorno,103,san juan de la costa,10306,60,102,59,43,7,5,2,95,54,41
32702,los lagos,10,osorno,103,san juan de la costa,10306,61,98,56,42,12,8,4,86,48,38
32703,los lagos,10,osorno,103,san juan de la costa,10306,62,100,58,42,10,5,5,90,53,37
32704,los lagos,10,osorno,103,san juan de la costa,10306,63,91,52,39,15,8,7,76,44,32
32705,los lagos,10,osorno,103,san juan de la costa,10306,64,87,52,35,14,9,5,73,43,30
32706,los lagos,10,osorno,103,san juan de la costa,10306,65,77,45,32,9,5,4,68,40,28
32707,los lagos,10,osorno,103,san juan de la costa,10306,66,83,47,36,8,2,6,75,45,30
32708,los lagos,10,osorno,103,san juan de la costa,10306,67,84,41,43,8,6,2,76,35,41
32709,los lagos,10,osorno,103,san juan de la costa,10306,68,92,56,36,15,7,8,77,49,28
32710,los lagos,10,osorno,103,san juan de la costa,10306,69,88,44,44,8,6,2,80,38,42
32711,los lagos,10,osorno,103,san juan de la costa,10306,70,80,43,37,11,4,7,69,39,30
32712,los lagos,10,osorno,103,san juan de la costa,10306,71,75,35,40,7,5,2,68,30,38
32713,los lagos,10,osorno,103,san juan de la costa,10306,72,59,33,26,6,4,2,53,29,24
32714,los lagos,10,osorno,103,san juan de la costa,10306,73,67,41,26,8,5,3,59,36,23
32715,los lagos,10,osorno,103,san juan de la costa,10306,74,55,26,29,6,3,3,49,23,26
32716,los lagos,10,osorno,103,san juan de la costa,10306,75,61,26,35,5,4,1,56,22,34
32717,los lagos,10,osorno,103,san juan de la costa,10306,76,63,37,26,10,7,3,53,30,23
32718,los lagos,10,osorno,103,san juan de la costa,10306,77,58,30,28,5,1,4,53,29,24
32719,los lagos,10,osorno,103,san juan de la costa,10306,78,39,23,16,4,4,0,35,19,16
32720,los lagos,10,osorno,103,san juan de la costa,10306,79,52,33,19,4,2,2,48,31,17
32721,los lagos,10,osorno,103,san juan de la costa,10306,80,39,29,10,5,3,2,34,26,8
32722,los lagos,10,osorno,103,san juan de la costa,10306,81,42,26,16,4,3,1,38,23,15
32723,los lagos,10,osorno,103,san juan de la costa,10306,82,46,24,22,5,2,3,41,22,19
32724,los lagos,10,osorno,103,san juan de la costa,10306,83,34,19,15,3,0,3,31,19,12
32725,los lagos,10,osorno,103,san juan de la costa,10306,84,33,15,18,3,1,2,30,14,16
32726,los lagos,10,osorno,103,san juan de la costa,10306,85,28,14,14,2,0,2,26,14,12
32727,los lagos,10,osorno,103,san juan de la costa,10306,86,30,19,11,2,1,1,28,18,10
32728,los lagos,10,osorno,103,san juan de la costa,10306,87,19,7,12,3,1,2,16,6,10
32729,los lagos,10,osorno,103,san juan de la costa,10306,88,13,8,5,1,0,1,12,8,4
32730,los lagos,10,osorno,103,san juan de la costa,10306,89,12,8,4,1,1,0,11,7,4
32731,los lagos,10,osorno,103,san juan de la costa,10306,90,10,4,6,1,1,0,9,3,6
32732,los lagos,10,osorno,103,san juan de la costa,10306,91,6,3,3,1,1,0,5,2,3
32733,los lagos,10,osorno,103,san juan de la costa,10306,92,9,4,5,1,0,1,8,4,4
32734,los lagos,10,osorno,103,san juan de la costa,10306,93,4,3,1,0,0,0,4,3,1
32735,los lagos,10,osorno,103,san juan de la costa,10306,94,3,1,2,1,0,1,2,1,1
32736,los lagos,10,osorno,103,san juan de la costa,10306,95,3,2,1,0,0,0,3,2,1
32737,los lagos,10,osorno,103,san juan de la costa,10306,96,3,2,1,0,0,0,3,2,1
32738,los lagos,10,osorno,103,san juan de la costa,10306,97,1,1,0,0,0,0,1,1,0
32739,los lagos,10,osorno,103,san juan de la costa,10306,98,0,0,0,0,0,0,0,0,0
32740,los lagos,10,osorno,103,san juan de la costa,10306,99,1,0,1,0,0,0,1,0,1
32741,los lagos,10,osorno,103,san juan de la costa,10306,100 o más,2,1,1,0,0,0,2,1,1
32742,los lagos,10,osorno,103,san pablo,10307,total comuna,10030,4978,5052,4609,2175,2434,5421,2803,2618
32743,los lagos,10,osorno,103,san pablo,10307,0,103,60,43,53,34,19,50,26,24
32744,los lagos,10,osorno,103,san pablo,10307,1,116,61,55,66,31,35,50,30,20
32745,los lagos,10,osorno,103,san pablo,10307,2,121,66,55,59,34,25,62,32,30
32746,los lagos,10,osorno,103,san pablo,10307,3,125,58,67,71,36,35,54,22,32
32747,los lagos,10,osorno,103,san pablo,10307,4,113,62,51,67,39,28,46,23,23
32748,los lagos,10,osorno,103,san pablo,10307,5,117,60,57,51,30,21,66,30,36
32749,los lagos,10,osorno,103,san pablo,10307,6,147,78,69,79,41,38,68,37,31
32750,los lagos,10,osorno,103,san pablo,10307,7,154,78,76,80,42,38,74,36,38
32751,los lagos,10,osorno,103,san pablo,10307,8,145,67,78,75,37,38,70,30,40
32752,los lagos,10,osorno,103,san pablo,10307,9,116,60,56,55,26,29,61,34,27
32753,los lagos,10,osorno,103,san pablo,10307,10,115,66,49,46,28,18,69,38,31
32754,los lagos,10,osorno,103,san pablo,10307,11,126,63,63,57,30,27,69,33,36
32755,los lagos,10,osorno,103,san pablo,10307,12,121,52,69,65,24,41,56,28,28
32756,los lagos,10,osorno,103,san pablo,10307,13,138,75,63,66,39,27,72,36,36
32757,los lagos,10,osorno,103,san pablo,10307,14,128,61,67,77,34,43,51,27,24
32758,los lagos,10,osorno,103,san pablo,10307,15,152,80,72,88,48,40,64,32,32
32759,los lagos,10,osorno,103,san pablo,10307,16,152,74,78,86,45,41,66,29,37
32760,los lagos,10,osorno,103,san pablo,10307,17,127,62,65,72,32,40,55,30,25
32761,los lagos,10,osorno,103,san pablo,10307,18,131,68,63,64,36,28,67,32,35
32762,los lagos,10,osorno,103,san pablo,10307,19,102,51,51,50,23,27,52,28,24
32763,los lagos,10,osorno,103,san pablo,10307,20,111,53,58,67,29,38,44,24,20
32764,los lagos,10,osorno,103,san pablo,10307,21,135,60,75,63,28,35,72,32,40
32765,los lagos,10,osorno,103,san pablo,10307,22,99,36,63,64,24,40,35,12,23
32766,los lagos,10,osorno,103,san pablo,10307,23,112,54,58,72,31,41,40,23,17
32767,los lagos,10,osorno,103,san pablo,10307,24,129,64,65,70,34,36,59,30,29
32768,los lagos,10,osorno,103,san pablo,10307,25,145,73,72,80,38,42,65,35,30
32769,los lagos,10,osorno,103,san pablo,10307,26,112,72,40,66,44,22,46,28,18
32770,los lagos,10,osorno,103,san pablo,10307,27,114,53,61,63,31,32,51,22,29
32771,los lagos,10,osorno,103,san pablo,10307,28,110,52,58,61,25,36,49,27,22
32772,los lagos,10,osorno,103,san pablo,10307,29,112,56,56,67,32,35,45,24,21
32773,los lagos,10,osorno,103,san pablo,10307,30,113,57,56,66,34,32,47,23,24
32774,los lagos,10,osorno,103,san pablo,10307,31,99,45,54,50,21,29,49,24,25
32775,los lagos,10,osorno,103,san pablo,10307,32,102,53,49,56,27,29,46,26,20
32776,los lagos,10,osorno,103,san pablo,10307,33,115,50,65,67,31,36,48,19,29
32777,los lagos,10,osorno,103,san pablo,10307,34,123,50,73,56,26,30,67,24,43
32778,los lagos,10,osorno,103,san pablo,10307,35,117,55,62,71,32,39,46,23,23
32779,los lagos,10,osorno,103,san pablo,10307,36,106,53,53,52,23,29,54,30,24
32780,los lagos,10,osorno,103,san pablo,10307,37,119,59,60,61,25,36,58,34,24
32781,los lagos,10,osorno,103,san pablo,10307,38,124,60,64,57,25,32,67,35,32
32782,los lagos,10,osorno,103,san pablo,10307,39,136,67,69,50,22,28,86,45,41
32783,los lagos,10,osorno,103,san pablo,10307,40,119,63,56,44,23,21,75,40,35
32784,los lagos,10,osorno,103,san pablo,10307,41,126,56,70,53,21,32,73,35,38
32785,los lagos,10,osorno,103,san pablo,10307,42,120,52,68,53,19,34,67,33,34
32786,los lagos,10,osorno,103,san pablo,10307,43,157,81,76,74,34,40,83,47,36
32787,los lagos,10,osorno,103,san pablo,10307,44,137,63,74,56,24,32,81,39,42
32788,los lagos,10,osorno,103,san pablo,10307,45,132,61,71,63,28,35,69,33,36
32789,los lagos,10,osorno,103,san pablo,10307,46,131,56,75,50,17,33,81,39,42
32790,los lagos,10,osorno,103,san pablo,10307,47,142,68,74,50,21,29,92,47,45
32791,los lagos,10,osorno,103,san pablo,10307,48,136,65,71,57,30,27,79,35,44
32792,los lagos,10,osorno,103,san pablo,10307,49,152,65,87,64,21,43,88,44,44
32793,los lagos,10,osorno,103,san pablo,10307,50,151,85,66,67,35,32,84,50,34
32794,los lagos,10,osorno,103,san pablo,10307,51,151,80,71,62,30,32,89,50,39
32795,los lagos,10,osorno,103,san pablo,10307,52,189,110,79,71,37,34,118,73,45
32796,los lagos,10,osorno,103,san pablo,10307,53,158,79,79,59,25,34,99,54,45
32797,los lagos,10,osorno,103,san pablo,10307,54,167,93,74,62,35,27,105,58,47
32798,los lagos,10,osorno,103,san pablo,10307,55,148,68,80,60,20,40,88,48,40
32799,los lagos,10,osorno,103,san pablo,10307,56,133,71,62,50,25,25,83,46,37
32800,los lagos,10,osorno,103,san pablo,10307,57,135,76,59,57,30,27,78,46,32
32801,los lagos,10,osorno,103,san pablo,10307,58,132,67,65,60,31,29,72,36,36
32802,los lagos,10,osorno,103,san pablo,10307,59,113,69,44,44,25,19,69,44,25
32803,los lagos,10,osorno,103,san pablo,10307,60,131,63,68,42,21,21,89,42,47
32804,los lagos,10,osorno,103,san pablo,10307,61,131,71,60,45,16,29,86,55,31
32805,los lagos,10,osorno,103,san pablo,10307,62,128,61,67,49,17,32,79,44,35
32806,los lagos,10,osorno,103,san pablo,10307,63,137,63,74,53,24,29,84,39,45
32807,los lagos,10,osorno,103,san pablo,10307,64,142,65,77,50,20,30,92,45,47
32808,los lagos,10,osorno,103,san pablo,10307,65,108,52,56,40,12,28,68,40,28
32809,los lagos,10,osorno,103,san pablo,10307,66,94,48,46,26,14,12,68,34,34
32810,los lagos,10,osorno,103,san pablo,10307,67,115,59,56,48,25,23,67,34,33
32811,los lagos,10,osorno,103,san pablo,10307,68,87,48,39,32,12,20,55,36,19
32812,los lagos,10,osorno,103,san pablo,10307,69,94,51,43,34,13,21,60,38,22
32813,los lagos,10,osorno,103,san pablo,10307,70,81,37,44,34,14,20,47,23,24
32814,los lagos,10,osorno,103,san pablo,10307,71,77,35,42,30,12,18,47,23,24
32815,los lagos,10,osorno,103,san pablo,10307,72,97,48,49,32,15,17,65,33,32
32816,los lagos,10,osorno,103,san pablo,10307,73,72,33,39,31,11,20,41,22,19
32817,los lagos,10,osorno,103,san pablo,10307,74,89,48,41,39,20,19,50,28,22
32818,los lagos,10,osorno,103,san pablo,10307,75,72,37,35,36,21,15,36,16,20
32819,los lagos,10,osorno,103,san pablo,10307,76,73,31,42,21,5,16,52,26,26
32820,los lagos,10,osorno,103,san pablo,10307,77,78,45,33,24,11,13,54,34,20
32821,los lagos,10,osorno,103,san pablo,10307,78,70,33,37,25,15,10,45,18,27
32822,los lagos,10,osorno,103,san pablo,10307,79,48,19,29,21,7,14,27,12,15
32823,los lagos,10,osorno,103,san pablo,10307,80,33,17,16,8,5,3,25,12,13
32824,los lagos,10,osorno,103,san pablo,10307,81,46,23,23,21,7,14,25,16,9
32825,los lagos,10,osorno,103,san pablo,10307,82,34,14,20,14,6,8,20,8,12
32826,los lagos,10,osorno,103,san pablo,10307,83,41,20,21,15,5,10,26,15,11
32827,los lagos,10,osorno,103,san pablo,10307,84,41,24,17,20,10,10,21,14,7
32828,los lagos,10,osorno,103,san pablo,10307,85,30,16,14,13,8,5,17,8,9
32829,los lagos,10,osorno,103,san pablo,10307,86,33,13,20,13,3,10,20,10,10
32830,los lagos,10,osorno,103,san pablo,10307,87,39,13,26,16,9,7,23,4,19
32831,los lagos,10,osorno,103,san pablo,10307,88,23,8,15,8,5,3,15,3,12
32832,los lagos,10,osorno,103,san pablo,10307,89,13,9,4,6,5,1,7,4,3
32833,los lagos,10,osorno,103,san pablo,10307,90,14,7,7,3,0,3,11,7,4
32834,los lagos,10,osorno,103,san pablo,10307,91,14,6,8,3,1,2,11,5,6
32835,los lagos,10,osorno,103,san pablo,10307,92,10,4,6,4,1,3,6,3,3
32836,los lagos,10,osorno,103,san pablo,10307,93,6,1,5,2,1,1,4,0,4
32837,los lagos,10,osorno,103,san pablo,10307,94,4,1,3,1,0,1,3,1,2
32838,los lagos,10,osorno,103,san pablo,10307,95,3,1,2,2,1,1,1,0,1
32839,los lagos,10,osorno,103,san pablo,10307,96,4,1,3,4,1,3,0,0,0
32840,los lagos,10,osorno,103,san pablo,10307,97,1,0,1,0,0,0,1,0,1
32841,los lagos,10,osorno,103,san pablo,10307,98,2,0,2,0,0,0,2,0,2
32842,los lagos,10,osorno,103,san pablo,10307,99,1,1,0,0,0,0,1,1,0
32843,los lagos,10,osorno,103,san pablo,10307,100 o más,3,0,3,2,0,2,1,0,1
32844,los lagos,10,palena,104,chaitén,10401,total comuna,5071,3016,2055,1643,867,776,3428,2149,1279
32845,los lagos,10,palena,104,chaitén,10401,0,39,22,17,15,8,7,24,14,10
32846,los lagos,10,palena,104,chaitén,10401,1,35,26,9,11,7,4,24,19,5
32847,los lagos,10,palena,104,chaitén,10401,2,57,31,26,23,15,8,34,16,18
32848,los lagos,10,palena,104,chaitén,10401,3,56,31,25,20,11,9,36,20,16
32849,los lagos,10,palena,104,chaitén,10401,4,52,32,20,28,17,11,24,15,9
32850,los lagos,10,palena,104,chaitén,10401,5,64,34,30,27,13,14,37,21,16
32851,los lagos,10,palena,104,chaitén,10401,6,56,25,31,27,13,14,29,12,17
32852,los lagos,10,palena,104,chaitén,10401,7,68,33,35,27,11,16,41,22,19
32853,los lagos,10,palena,104,chaitén,10401,8,78,37,41,25,15,10,53,22,31
32854,los lagos,10,palena,104,chaitén,10401,9,53,23,30,22,12,10,31,11,20
32855,los lagos,10,palena,104,chaitén,10401,10,53,33,20,21,11,10,32,22,10
32856,los lagos,10,palena,104,chaitén,10401,11,69,32,37,27,10,17,42,22,20
32857,los lagos,10,palena,104,chaitén,10401,12,81,48,33,32,19,13,49,29,20
32858,los lagos,10,palena,104,chaitén,10401,13,57,29,28,17,8,9,40,21,19
32859,los lagos,10,palena,104,chaitén,10401,14,65,37,28,17,8,9,48,29,19
32860,los lagos,10,palena,104,chaitén,10401,15,58,30,28,22,8,14,36,22,14
32861,los lagos,10,palena,104,chaitén,10401,16,53,24,29,27,13,14,26,11,15
32862,los lagos,10,palena,104,chaitén,10401,17,53,31,22,17,10,7,36,21,15
32863,los lagos,10,palena,104,chaitén,10401,18,45,28,17,19,10,9,26,18,8
32864,los lagos,10,palena,104,chaitén,10401,19,45,28,17,22,10,12,23,18,5
32865,los lagos,10,palena,104,chaitén,10401,20,50,35,15,13,8,5,37,27,10
32866,los lagos,10,palena,104,chaitén,10401,21,51,29,22,23,10,13,28,19,9
32867,los lagos,10,palena,104,chaitén,10401,22,57,36,21,17,9,8,40,27,13
32868,los lagos,10,palena,104,chaitén,10401,23,49,36,13,13,9,4,36,27,9
32869,los lagos,10,palena,104,chaitén,10401,24,66,44,22,17,7,10,49,37,12
32870,los lagos,10,palena,104,chaitén,10401,25,70,41,29,31,14,17,39,27,12
32871,los lagos,10,palena,104,chaitén,10401,26,114,74,40,31,19,12,83,55,28
32872,los lagos,10,palena,104,chaitén,10401,27,95,63,32,28,18,10,67,45,22
32873,los lagos,10,palena,104,chaitén,10401,28,80,47,33,21,10,11,59,37,22
32874,los lagos,10,palena,104,chaitén,10401,29,77,42,35,24,9,15,53,33,20
32875,los lagos,10,palena,104,chaitén,10401,30,92,64,28,35,20,15,57,44,13
32876,los lagos,10,palena,104,chaitén,10401,31,69,43,26,23,10,13,46,33,13
32877,los lagos,10,palena,104,chaitén,10401,32,83,50,33,36,17,19,47,33,14
32878,los lagos,10,palena,104,chaitén,10401,33,65,39,26,26,17,9,39,22,17
32879,los lagos,10,palena,104,chaitén,10401,34,75,45,30,22,10,12,53,35,18
32880,los lagos,10,palena,104,chaitén,10401,35,89,59,30,28,14,14,61,45,16
32881,los lagos,10,palena,104,chaitén,10401,36,86,49,37,28,12,16,58,37,21
32882,los lagos,10,palena,104,chaitén,10401,37,85,57,28,27,16,11,58,41,17
32883,los lagos,10,palena,104,chaitén,10401,38,87,54,33,27,14,13,60,40,20
32884,los lagos,10,palena,104,chaitén,10401,39,96,65,31,27,15,12,69,50,19
32885,los lagos,10,palena,104,chaitén,10401,40,87,57,30,27,15,12,60,42,18
32886,los lagos,10,palena,104,chaitén,10401,41,101,63,38,28,14,14,73,49,24
32887,los lagos,10,palena,104,chaitén,10401,42,97,64,33,33,17,16,64,47,17
32888,los lagos,10,palena,104,chaitén,10401,43,81,50,31,26,16,10,55,34,21
32889,los lagos,10,palena,104,chaitén,10401,44,103,62,41,26,11,15,77,51,26
32890,los lagos,10,palena,104,chaitén,10401,45,75,50,25,14,7,7,61,43,18
32891,los lagos,10,palena,104,chaitén,10401,46,87,61,26,16,11,5,71,50,21
32892,los lagos,10,palena,104,chaitén,10401,47,87,58,29,26,18,8,61,40,21
32893,los lagos,10,palena,104,chaitén,10401,48,69,35,34,23,10,13,46,25,21
32894,los lagos,10,palena,104,chaitén,10401,49,92,57,35,22,14,8,70,43,27
32895,los lagos,10,palena,104,chaitén,10401,50,99,58,41,27,12,15,72,46,26
32896,los lagos,10,palena,104,chaitén,10401,51,73,43,30,20,9,11,53,34,19
32897,los lagos,10,palena,104,chaitén,10401,52,78,49,29,26,14,12,52,35,17
32898,los lagos,10,palena,104,chaitén,10401,53,66,43,23,23,10,13,43,33,10
32899,los lagos,10,palena,104,chaitén,10401,54,61,41,20,22,12,10,39,29,10
32900,los lagos,10,palena,104,chaitén,10401,55,89,49,40,35,17,18,54,32,22
32901,los lagos,10,palena,104,chaitén,10401,56,65,39,26,21,13,8,44,26,18
32902,los lagos,10,palena,104,chaitén,10401,57,64,43,21,18,13,5,46,30,16
32903,los lagos,10,palena,104,chaitén,10401,58,67,41,26,28,16,12,39,25,14
32904,los lagos,10,palena,104,chaitén,10401,59,61,35,26,28,16,12,33,19,14
32905,los lagos,10,palena,104,chaitén,10401,60,62,38,24,19,12,7,43,26,17
32906,los lagos,10,palena,104,chaitén,10401,61,58,35,23,19,12,7,39,23,16
32907,los lagos,10,palena,104,chaitén,10401,62,55,31,24,20,10,10,35,21,14
32908,los lagos,10,palena,104,chaitén,10401,63,69,33,36,16,9,7,53,24,29
32909,los lagos,10,palena,104,chaitén,10401,64,51,31,20,18,10,8,33,21,12
32910,los lagos,10,palena,104,chaitén,10401,65,35,20,15,10,6,4,25,14,11
32911,los lagos,10,palena,104,chaitén,10401,66,36,20,16,8,4,4,28,16,12
32912,los lagos,10,palena,104,chaitén,10401,67,26,12,14,4,3,1,22,9,13
32913,los lagos,10,palena,104,chaitén,10401,68,28,12,16,6,2,4,22,10,12
32914,los lagos,10,palena,104,chaitén,10401,69,34,15,19,14,7,7,20,8,12
32915,los lagos,10,palena,104,chaitén,10401,70,30,19,11,6,3,3,24,16,8
32916,los lagos,10,palena,104,chaitén,10401,71,28,18,10,5,3,2,23,15,8
32917,los lagos,10,palena,104,chaitén,10401,72,34,14,20,8,2,6,26,12,14
32918,los lagos,10,palena,104,chaitén,10401,73,24,13,11,9,5,4,15,8,7
32919,los lagos,10,palena,104,chaitén,10401,74,26,13,13,4,2,2,22,11,11
32920,los lagos,10,palena,104,chaitén,10401,75,24,13,11,3,2,1,21,11,10
32921,los lagos,10,palena,104,chaitén,10401,76,16,9,7,3,1,2,13,8,5
32922,los lagos,10,palena,104,chaitén,10401,77,27,11,16,7,2,5,20,9,11
32923,los lagos,10,palena,104,chaitén,10401,78,12,7,5,5,5,0,7,2,5
32924,los lagos,10,palena,104,chaitén,10401,79,11,6,5,1,0,1,10,6,4
32925,los lagos,10,palena,104,chaitén,10401,80,16,9,7,5,2,3,11,7,4
32926,los lagos,10,palena,104,chaitén,10401,81,7,5,2,0,0,0,7,5,2
32927,los lagos,10,palena,104,chaitén,10401,82,15,9,6,2,1,1,13,8,5
32928,los lagos,10,palena,104,chaitén,10401,83,16,11,5,2,2,0,14,9,5
32929,los lagos,10,palena,104,chaitén,10401,84,13,8,5,3,2,1,10,6,4
32930,los lagos,10,palena,104,chaitén,10401,85,5,4,1,2,1,1,3,3,0
32931,los lagos,10,palena,104,chaitén,10401,86,13,5,8,4,3,1,9,2,7
32932,los lagos,10,palena,104,chaitén,10401,87,6,3,3,2,1,1,4,2,2
32933,los lagos,10,palena,104,chaitén,10401,88,2,2,0,1,1,0,1,1,0
32934,los lagos,10,palena,104,chaitén,10401,89,2,1,1,0,0,0,2,1,1
32935,los lagos,10,palena,104,chaitén,10401,90,4,1,3,1,1,0,3,0,3
32936,los lagos,10,palena,104,chaitén,10401,91,2,1,1,1,0,1,1,1,0
32937,los lagos,10,palena,104,chaitén,10401,92,0,0,0,0,0,0,0,0,0
32938,los lagos,10,palena,104,chaitén,10401,93,3,2,1,0,0,0,3,2,1
32939,los lagos,10,palena,104,chaitén,10401,94,3,0,3,2,0,2,1,0,1
32940,los lagos,10,palena,104,chaitén,10401,95,0,0,0,0,0,0,0,0,0
32941,los lagos,10,palena,104,chaitén,10401,96,2,0,2,0,0,0,2,0,2
32942,los lagos,10,palena,104,chaitén,10401,97,0,0,0,0,0,0,0,0,0
32943,los lagos,10,palena,104,chaitén,10401,98,0,0,0,0,0,0,0,0,0
32944,los lagos,10,palena,104,chaitén,10401,99,0,0,0,0,0,0,0,0,0
32945,los lagos,10,palena,104,chaitén,10401,100 o más,1,1,0,1,1,0,0,0,0
32946,los lagos,10,palena,104,futaleufú,10402,total comuna,2623,1375,1248,1858,948,910,765,427,338
32947,los lagos,10,palena,104,futaleufú,10402,0,32,15,17,26,12,14,6,3,3
32948,los lagos,10,palena,104,futaleufú,10402,1,22,10,12,16,7,9,6,3,3
32949,los lagos,10,palena,104,futaleufú,10402,2,40,23,17,33,20,13,7,3,4
32950,los lagos,10,palena,104,futaleufú,10402,3,33,18,15,26,13,13,7,5,2
32951,los lagos,10,palena,104,futaleufú,10402,4,31,14,17,23,9,14,8,5,3
32952,los lagos,10,palena,104,futaleufú,10402,5,33,16,17,26,12,14,7,4,3
32953,los lagos,10,palena,104,futaleufú,10402,6,37,18,19,29,15,14,8,3,5
32954,los lagos,10,palena,104,futaleufú,10402,7,32,13,19,26,10,16,6,3,3
32955,los lagos,10,palena,104,futaleufú,10402,8,35,15,20,26,14,12,9,1,8
32956,los lagos,10,palena,104,futaleufú,10402,9,41,18,23,35,15,20,6,3,3
32957,los lagos,10,palena,104,futaleufú,10402,10,25,13,12,18,11,7,7,2,5
32958,los lagos,10,palena,104,futaleufú,10402,11,32,15,17,24,11,13,8,4,4
32959,los lagos,10,palena,104,futaleufú,10402,12,37,15,22,22,12,10,15,3,12
32960,los lagos,10,palena,104,futaleufú,10402,13,26,16,10,15,9,6,11,7,4
32961,los lagos,10,palena,104,futaleufú,10402,14,22,9,13,16,6,10,6,3,3
32962,los lagos,10,palena,104,futaleufú,10402,15,25,13,12,17,8,9,8,5,3
32963,los lagos,10,palena,104,futaleufú,10402,16,39,20,19,26,13,13,13,7,6
32964,los lagos,10,palena,104,futaleufú,10402,17,31,18,13,24,13,11,7,5,2
32965,los lagos,10,palena,104,futaleufú,10402,18,16,9,7,13,7,6,3,2,1
32966,los lagos,10,palena,104,futaleufú,10402,19,21,9,12,15,5,10,6,4,2
32967,los lagos,10,palena,104,futaleufú,10402,20,22,11,11,16,8,8,6,3,3
32968,los lagos,10,palena,104,futaleufú,10402,21,33,21,12,19,12,7,14,9,5
32969,los lagos,10,palena,104,futaleufú,10402,22,39,19,20,30,12,18,9,7,2
32970,los lagos,10,palena,104,futaleufú,10402,23,30,23,7,25,18,7,5,5,0
32971,los lagos,10,palena,104,futaleufú,10402,24,32,15,17,29,14,15,3,1,2
32972,los lagos,10,palena,104,futaleufú,10402,25,56,29,27,46,21,25,10,8,2
32973,los lagos,10,palena,104,futaleufú,10402,26,53,25,28,38,17,21,15,8,7
32974,los lagos,10,palena,104,futaleufú,10402,27,43,17,26,34,14,20,9,3,6
32975,los lagos,10,palena,104,futaleufú,10402,28,46,27,19,34,16,18,12,11,1
32976,los lagos,10,palena,104,futaleufú,10402,29,51,27,24,44,24,20,7,3,4
32977,los lagos,10,palena,104,futaleufú,10402,30,38,18,20,28,14,14,10,4,6
32978,los lagos,10,palena,104,futaleufú,10402,31,35,19,16,29,17,12,6,2,4
32979,los lagos,10,palena,104,futaleufú,10402,32,48,27,21,39,23,16,9,4,5
32980,los lagos,10,palena,104,futaleufú,10402,33,43,25,18,32,19,13,11,6,5
32981,los lagos,10,palena,104,futaleufú,10402,34,57,29,28,41,21,20,16,8,8
32982,los lagos,10,palena,104,futaleufú,10402,35,37,16,21,26,11,15,11,5,6
32983,los lagos,10,palena,104,futaleufú,10402,36,33,21,12,25,15,10,8,6,2
32984,los lagos,10,palena,104,futaleufú,10402,37,45,26,19,31,17,14,14,9,5
32985,los lagos,10,palena,104,futaleufú,10402,38,37,13,24,29,11,18,8,2,6
32986,los lagos,10,palena,104,futaleufú,10402,39,39,27,12,24,15,9,15,12,3
32987,los lagos,10,palena,104,futaleufú,10402,40,38,20,18,23,11,12,15,9,6
32988,los lagos,10,palena,104,futaleufú,10402,41,34,21,13,25,15,10,9,6,3
32989,los lagos,10,palena,104,futaleufú,10402,42,29,14,15,23,9,14,6,5,1
32990,los lagos,10,palena,104,futaleufú,10402,43,42,25,17,34,18,16,8,7,1
32991,los lagos,10,palena,104,futaleufú,10402,44,49,22,27,35,15,20,14,7,7
32992,los lagos,10,palena,104,futaleufú,10402,45,40,18,22,31,14,17,9,4,5
32993,los lagos,10,palena,104,futaleufú,10402,46,33,16,17,26,14,12,7,2,5
32994,los lagos,10,palena,104,futaleufú,10402,47,49,24,25,31,15,16,18,9,9
32995,los lagos,10,palena,104,futaleufú,10402,48,41,24,17,30,19,11,11,5,6
32996,los lagos,10,palena,104,futaleufú,10402,49,42,33,9,23,18,5,19,15,4
32997,los lagos,10,palena,104,futaleufú,10402,50,40,20,20,26,12,14,14,8,6
32998,los lagos,10,palena,104,futaleufú,10402,51,57,31,26,36,21,15,21,10,11
32999,los lagos,10,palena,104,futaleufú,10402,52,35,22,13,20,13,7,15,9,6
33000,los lagos,10,palena,104,futaleufú,10402,53,34,19,15,22,10,12,12,9,3
33001,los lagos,10,palena,104,futaleufú,10402,54,35,18,17,22,11,11,13,7,6
33002,los lagos,10,palena,104,futaleufú,10402,55,31,18,13,22,13,9,9,5,4
33003,los lagos,10,palena,104,futaleufú,10402,56,32,20,12,22,13,9,10,7,3
33004,los lagos,10,palena,104,futaleufú,10402,57,36,21,15,23,15,8,13,6,7
33005,los lagos,10,palena,104,futaleufú,10402,58,26,12,14,20,9,11,6,3,3
33006,los lagos,10,palena,104,futaleufú,10402,59,34,19,15,23,12,11,11,7,4
33007,los lagos,10,palena,104,futaleufú,10402,60,24,16,8,13,7,6,11,9,2
33008,los lagos,10,palena,104,futaleufú,10402,61,18,6,12,13,6,7,5,0,5
33009,los lagos,10,palena,104,futaleufú,10402,62,27,18,9,21,14,7,6,4,2
33010,los lagos,10,palena,104,futaleufú,10402,63,27,16,11,17,9,8,10,7,3
33011,los lagos,10,palena,104,futaleufú,10402,64,25,13,12,15,8,7,10,5,5
33012,los lagos,10,palena,104,futaleufú,10402,65,12,7,5,6,2,4,6,5,1
33013,los lagos,10,palena,104,futaleufú,10402,66,17,11,6,6,4,2,11,7,4
33014,los lagos,10,palena,104,futaleufú,10402,67,15,4,11,13,4,9,2,0,2
33015,los lagos,10,palena,104,futaleufú,10402,68,25,11,14,18,8,10,7,3,4
33016,los lagos,10,palena,104,futaleufú,10402,69,22,14,8,10,7,3,12,7,5
33017,los lagos,10,palena,104,futaleufú,10402,70,26,12,14,12,4,8,14,8,6
33018,los lagos,10,palena,104,futaleufú,10402,71,20,8,12,12,5,7,8,3,5
33019,los lagos,10,palena,104,futaleufú,10402,72,13,7,6,8,4,4,5,3,2
33020,los lagos,10,palena,104,futaleufú,10402,73,17,5,12,12,4,8,5,1,4
33021,los lagos,10,palena,104,futaleufú,10402,74,10,6,4,5,2,3,5,4,1
33022,los lagos,10,palena,104,futaleufú,10402,75,15,7,8,6,4,2,9,3,6
33023,los lagos,10,palena,104,futaleufú,10402,76,18,11,7,11,6,5,7,5,2
33024,los lagos,10,palena,104,futaleufú,10402,77,17,13,4,8,5,3,9,8,1
33025,los lagos,10,palena,104,futaleufú,10402,78,11,5,6,5,1,4,6,4,2
33026,los lagos,10,palena,104,futaleufú,10402,79,14,6,8,8,3,5,6,3,3
33027,los lagos,10,palena,104,futaleufú,10402,80,6,5,1,3,3,0,3,2,1
33028,los lagos,10,palena,104,futaleufú,10402,81,12,3,9,8,3,5,4,0,4
33029,los lagos,10,palena,104,futaleufú,10402,82,3,1,2,3,1,2,0,0,0
33030,los lagos,10,palena,104,futaleufú,10402,83,8,3,5,7,2,5,1,1,0
33031,los lagos,10,palena,104,futaleufú,10402,84,3,2,1,1,1,0,2,1,1
33032,los lagos,10,palena,104,futaleufú,10402,85,7,3,4,5,2,3,2,1,1
33033,los lagos,10,palena,104,futaleufú,10402,86,4,2,2,2,1,1,2,1,1
33034,los lagos,10,palena,104,futaleufú,10402,87,5,1,4,3,1,2,2,0,2
33035,los lagos,10,palena,104,futaleufú,10402,88,2,1,1,2,1,1,0,0,0
33036,los lagos,10,palena,104,futaleufú,10402,89,3,2,1,2,1,1,1,1,0
33037,los lagos,10,palena,104,futaleufú,10402,90,2,1,1,2,1,1,0,0,0
33038,los lagos,10,palena,104,futaleufú,10402,91,2,1,1,2,1,1,0,0,0
33039,los lagos,10,palena,104,futaleufú,10402,92,4,2,2,3,2,1,1,0,1
33040,los lagos,10,palena,104,futaleufú,10402,93,0,0,0,0,0,0,0,0,0
33041,los lagos,10,palena,104,futaleufú,10402,94,1,1,0,1,1,0,0,0,0
33042,los lagos,10,palena,104,futaleufú,10402,95,1,0,1,1,0,1,0,0,0
33043,los lagos,10,palena,104,futaleufú,10402,96,1,0,1,0,0,0,1,0,1
33044,los lagos,10,palena,104,futaleufú,10402,97,0,0,0,0,0,0,0,0,0
33045,los lagos,10,palena,104,futaleufú,10402,98,0,0,0,0,0,0,0,0,0
33046,los lagos,10,palena,104,futaleufú,10402,99,2,2,0,2,2,0,0,0,0
33047,los lagos,10,palena,104,futaleufú,10402,100 o más,0,0,0,0,0,0,0,0,0
33048,los lagos,10,palena,104,hualaihué,10403,total comuna,8944,4701,4243,3641,1825,1816,5303,2876,2427
33049,los lagos,10,palena,104,hualaihué,10403,0,107,53,54,54,26,28,53,27,26
33050,los lagos,10,palena,104,hualaihué,10403,1,135,73,62,60,31,29,75,42,33
33051,los lagos,10,palena,104,hualaihué,10403,2,98,51,47,49,28,21,49,23,26
33052,los lagos,10,palena,104,hualaihué,10403,3,121,64,57,53,32,21,68,32,36
33053,los lagos,10,palena,104,hualaihué,10403,4,116,63,53,54,35,19,62,28,34
33054,los lagos,10,palena,104,hualaihué,10403,5,97,53,44,45,22,23,52,31,21
33055,los lagos,10,palena,104,hualaihué,10403,6,132,75,57,58,35,23,74,40,34
33056,los lagos,10,palena,104,hualaihué,10403,7,144,77,67,70,40,30,74,37,37
33057,los lagos,10,palena,104,hualaihué,10403,8,128,62,66,61,29,32,67,33,34
33058,los lagos,10,palena,104,hualaihué,10403,9,145,62,83,67,28,39,78,34,44
33059,los lagos,10,palena,104,hualaihué,10403,10,145,73,72,65,38,27,80,35,45
33060,los lagos,10,palena,104,hualaihué,10403,11,161,87,74,75,42,33,86,45,41
33061,los lagos,10,palena,104,hualaihué,10403,12,149,70,79,67,23,44,82,47,35
33062,los lagos,10,palena,104,hualaihué,10403,13,162,72,90,88,46,42,74,26,48
33063,los lagos,10,palena,104,hualaihué,10403,14,151,94,57,68,36,32,83,58,25
33064,los lagos,10,palena,104,hualaihué,10403,15,125,74,51,62,33,29,63,41,22
33065,los lagos,10,palena,104,hualaihué,10403,16,114,53,61,55,29,26,59,24,35
33066,los lagos,10,palena,104,hualaihué,10403,17,116,58,58,48,22,26,68,36,32
33067,los lagos,10,palena,104,hualaihué,10403,18,87,48,39,49,24,25,38,24,14
33068,los lagos,10,palena,104,hualaihué,10403,19,86,42,44,42,23,19,44,19,25
33069,los lagos,10,palena,104,hualaihué,10403,20,85,50,35,30,17,13,55,33,22
33070,los lagos,10,palena,104,hualaihué,10403,21,102,52,50,44,20,24,58,32,26
33071,los lagos,10,palena,104,hualaihué,10403,22,80,41,39,36,14,22,44,27,17
33072,los lagos,10,palena,104,hualaihué,10403,23,112,59,53,52,27,25,60,32,28
33073,los lagos,10,palena,104,hualaihué,10403,24,97,55,42,52,26,26,45,29,16
33074,los lagos,10,palena,104,hualaihué,10403,25,120,56,64,57,24,33,63,32,31
33075,los lagos,10,palena,104,hualaihué,10403,26,142,69,73,69,30,39,73,39,34
33076,los lagos,10,palena,104,hualaihué,10403,27,137,73,64,65,35,30,72,38,34
33077,los lagos,10,palena,104,hualaihué,10403,28,117,68,49,51,30,21,66,38,28
33078,los lagos,10,palena,104,hualaihué,10403,29,118,57,61,70,33,37,48,24,24
33079,los lagos,10,palena,104,hualaihué,10403,30,131,63,68,63,28,35,68,35,33
33080,los lagos,10,palena,104,hualaihué,10403,31,129,66,63,58,23,35,71,43,28
33081,los lagos,10,palena,104,hualaihué,10403,32,124,59,65,61,27,34,63,32,31
33082,los lagos,10,palena,104,hualaihué,10403,33,121,56,65,56,29,27,65,27,38
33083,los lagos,10,palena,104,hualaihué,10403,34,154,66,88,76,30,46,78,36,42
33084,los lagos,10,palena,104,hualaihué,10403,35,145,82,63,59,31,28,86,51,35
33085,los lagos,10,palena,104,hualaihué,10403,36,139,69,70,69,29,40,70,40,30
33086,los lagos,10,palena,104,hualaihué,10403,37,120,64,56,54,28,26,66,36,30
33087,los lagos,10,palena,104,hualaihué,10403,38,134,77,57,58,31,27,76,46,30
33088,los lagos,10,palena,104,hualaihué,10403,39,119,58,61,51,20,31,68,38,30
33089,los lagos,10,palena,104,hualaihué,10403,40,128,77,51,53,26,27,75,51,24
33090,los lagos,10,palena,104,hualaihué,10403,41,114,65,49,48,24,24,66,41,25
33091,los lagos,10,palena,104,hualaihué,10403,42,140,63,77,60,27,33,80,36,44
33092,los lagos,10,palena,104,hualaihué,10403,43,147,71,76,60,25,35,87,46,41
33093,los lagos,10,palena,104,hualaihué,10403,44,137,74,63,51,26,25,86,48,38
33094,los lagos,10,palena,104,hualaihué,10403,45,146,82,64,58,25,33,88,57,31
33095,los lagos,10,palena,104,hualaihué,10403,46,144,82,62,47,24,23,97,58,39
33096,los lagos,10,palena,104,hualaihué,10403,47,138,64,74,54,28,26,84,36,48
33097,los lagos,10,palena,104,hualaihué,10403,48,143,77,66,63,32,31,80,45,35
33098,los lagos,10,palena,104,hualaihué,10403,49,149,79,70,60,32,28,89,47,42
33099,los lagos,10,palena,104,hualaihué,10403,50,144,83,61,59,34,25,85,49,36
33100,los lagos,10,palena,104,hualaihué,10403,51,141,82,59,50,25,25,91,57,34
33101,los lagos,10,palena,104,hualaihué,10403,52,133,66,67,40,18,22,93,48,45
33102,los lagos,10,palena,104,hualaihué,10403,53,123,68,55,50,28,22,73,40,33
33103,los lagos,10,palena,104,hualaihué,10403,54,123,71,52,37,17,20,86,54,32
33104,los lagos,10,palena,104,hualaihué,10403,55,121,69,52,42,25,17,79,44,35
33105,los lagos,10,palena,104,hualaihué,10403,56,121,68,53,46,28,18,75,40,35
33106,los lagos,10,palena,104,hualaihué,10403,57,93,52,41,30,19,11,63,33,30
33107,los lagos,10,palena,104,hualaihué,10403,58,93,54,39,30,19,11,63,35,28
33108,los lagos,10,palena,104,hualaihué,10403,59,104,56,48,34,16,18,70,40,30
33109,los lagos,10,palena,104,hualaihué,10403,60,85,54,31,27,17,10,58,37,21
33110,los lagos,10,palena,104,hualaihué,10403,61,99,55,44,30,18,12,69,37,32
33111,los lagos,10,palena,104,hualaihué,10403,62,99,56,43,33,21,12,66,35,31
33112,los lagos,10,palena,104,hualaihué,10403,63,73,38,35,19,10,9,54,28,26
33113,los lagos,10,palena,104,hualaihué,10403,64,75,41,34,14,7,7,61,34,27
33114,los lagos,10,palena,104,hualaihué,10403,65,63,37,26,21,12,9,42,25,17
33115,los lagos,10,palena,104,hualaihué,10403,66,63,34,29,25,14,11,38,20,18
33116,los lagos,10,palena,104,hualaihué,10403,67,70,35,35,16,6,10,54,29,25
33117,los lagos,10,palena,104,hualaihué,10403,68,68,35,33,20,9,11,48,26,22
33118,los lagos,10,palena,104,hualaihué,10403,69,55,28,27,17,6,11,38,22,16
33119,los lagos,10,palena,104,hualaihué,10403,70,71,41,30,15,8,7,56,33,23
33120,los lagos,10,palena,104,hualaihué,10403,71,53,30,23,8,4,4,45,26,19
33121,los lagos,10,palena,104,hualaihué,10403,72,44,21,23,5,4,1,39,17,22
33122,los lagos,10,palena,104,hualaihué,10403,73,47,24,23,8,3,5,39,21,18
33123,los lagos,10,palena,104,hualaihué,10403,74,44,22,22,10,2,8,34,20,14
33124,los lagos,10,palena,104,hualaihué,10403,75,51,26,25,5,2,3,46,24,22
33125,los lagos,10,palena,104,hualaihué,10403,76,34,17,17,5,1,4,29,16,13
33126,los lagos,10,palena,104,hualaihué,10403,77,36,14,22,10,6,4,26,8,18
33127,los lagos,10,palena,104,hualaihué,10403,78,27,12,15,2,0,2,25,12,13
33128,los lagos,10,palena,104,hualaihué,10403,79,31,19,12,12,4,8,19,15,4
33129,los lagos,10,palena,104,hualaihué,10403,80,29,16,13,9,3,6,20,13,7
33130,los lagos,10,palena,104,hualaihué,10403,81,24,12,12,7,3,4,17,9,8
33131,los lagos,10,palena,104,hualaihué,10403,82,20,11,9,3,1,2,17,10,7
33132,los lagos,10,palena,104,hualaihué,10403,83,25,13,12,6,3,3,19,10,9
33133,los lagos,10,palena,104,hualaihué,10403,84,20,10,10,4,4,0,16,6,10
33134,los lagos,10,palena,104,hualaihué,10403,85,16,7,9,2,0,2,14,7,7
33135,los lagos,10,palena,104,hualaihué,10403,86,22,11,11,5,2,3,17,9,8
33136,los lagos,10,palena,104,hualaihué,10403,87,19,9,10,1,1,0,18,8,10
33137,los lagos,10,palena,104,hualaihué,10403,88,10,4,6,1,0,1,9,4,5
33138,los lagos,10,palena,104,hualaihué,10403,89,11,5,6,4,1,3,7,4,3
33139,los lagos,10,palena,104,hualaihué,10403,90,9,4,5,1,0,1,8,4,4
33140,los lagos,10,palena,104,hualaihué,10403,91,6,3,3,2,1,1,4,2,2
33141,los lagos,10,palena,104,hualaihué,10403,92,5,3,2,0,0,0,5,3,2
33142,los lagos,10,palena,104,hualaihué,10403,93,2,1,1,0,0,0,2,1,1
33143,los lagos,10,palena,104,hualaihué,10403,94,4,3,1,1,0,1,3,3,0
33144,los lagos,10,palena,104,hualaihué,10403,95,2,0,2,0,0,0,2,0,2
33145,los lagos,10,palena,104,hualaihué,10403,96,2,1,1,0,0,0,2,1,1
33146,los lagos,10,palena,104,hualaihué,10403,97,1,1,0,0,0,0,1,1,0
33147,los lagos,10,palena,104,hualaihué,10403,98,1,1,0,0,0,0,1,1,0
33148,los lagos,10,palena,104,hualaihué,10403,99,0,0,0,0,0,0,0,0,0
33149,los lagos,10,palena,104,hualaihué,10403,100 o más,1,0,1,0,0,0,1,0,1
33150,los lagos,10,palena,104,palena,10404,total comuna,1711,886,825,1075,536,539,636,350,286
33151,los lagos,10,palena,104,palena,10404,0,13,7,6,9,4,5,4,3,1
33152,los lagos,10,palena,104,palena,10404,1,17,4,13,9,4,5,8,0,8
33153,los lagos,10,palena,104,palena,10404,2,15,4,11,12,4,8,3,0,3
33154,los lagos,10,palena,104,palena,10404,3,16,8,8,11,6,5,5,2,3
33155,los lagos,10,palena,104,palena,10404,4,19,10,9,13,8,5,6,2,4
33156,los lagos,10,palena,104,palena,10404,5,26,14,12,23,13,10,3,1,2
33157,los lagos,10,palena,104,palena,10404,6,20,8,12,11,6,5,9,2,7
33158,los lagos,10,palena,104,palena,10404,7,21,13,8,15,9,6,6,4,2
33159,los lagos,10,palena,104,palena,10404,8,23,14,9,14,9,5,9,5,4
33160,los lagos,10,palena,104,palena,10404,9,14,8,6,10,6,4,4,2,2
33161,los lagos,10,palena,104,palena,10404,10,24,17,7,19,14,5,5,3,2
33162,los lagos,10,palena,104,palena,10404,11,17,8,9,11,6,5,6,2,4
33163,los lagos,10,palena,104,palena,10404,12,27,13,14,22,10,12,5,3,2
33164,los lagos,10,palena,104,palena,10404,13,21,12,9,13,10,3,8,2,6
33165,los lagos,10,palena,104,palena,10404,14,27,14,13,19,11,8,8,3,5
33166,los lagos,10,palena,104,palena,10404,15,29,12,17,24,9,15,5,3,2
33167,los lagos,10,palena,104,palena,10404,16,20,13,7,19,13,6,1,0,1
33168,los lagos,10,palena,104,palena,10404,17,21,10,11,15,8,7,6,2,4
33169,los lagos,10,palena,104,palena,10404,18,13,6,7,11,5,6,2,1,1
33170,los lagos,10,palena,104,palena,10404,19,11,5,6,8,5,3,3,0,3
33171,los lagos,10,palena,104,palena,10404,20,10,6,4,7,5,2,3,1,2
33172,los lagos,10,palena,104,palena,10404,21,11,7,4,7,5,2,4,2,2
33173,los lagos,10,palena,104,palena,10404,22,11,6,5,6,2,4,5,4,1
33174,los lagos,10,palena,104,palena,10404,23,19,10,9,13,6,7,6,4,2
33175,los lagos,10,palena,104,palena,10404,24,19,8,11,15,6,9,4,2,2
33176,los lagos,10,palena,104,palena,10404,25,31,17,14,21,10,11,10,7,3
33177,los lagos,10,palena,104,palena,10404,26,33,13,20,20,9,11,13,4,9
33178,los lagos,10,palena,104,palena,10404,27,19,10,9,15,7,8,4,3,1
33179,los lagos,10,palena,104,palena,10404,28,38,19,19,28,13,15,10,6,4
33180,los lagos,10,palena,104,palena,10404,29,22,8,14,18,6,12,4,2,2
33181,los lagos,10,palena,104,palena,10404,30,29,17,12,22,12,10,7,5,2
33182,los lagos,10,palena,104,palena,10404,31,23,11,12,14,5,9,9,6,3
33183,los lagos,10,palena,104,palena,10404,32,20,13,7,19,12,7,1,1,0
33184,los lagos,10,palena,104,palena,10404,33,25,14,11,14,7,7,11,7,4
33185,los lagos,10,palena,104,palena,10404,34,24,13,11,19,11,8,5,2,3
33186,los lagos,10,palena,104,palena,10404,35,24,11,13,16,7,9,8,4,4
33187,los lagos,10,palena,104,palena,10404,36,19,9,10,13,5,8,6,4,2
33188,los lagos,10,palena,104,palena,10404,37,29,14,15,22,9,13,7,5,2
33189,los lagos,10,palena,104,palena,10404,38,23,13,10,18,12,6,5,1,4
33190,los lagos,10,palena,104,palena,10404,39,23,11,12,15,6,9,8,5,3
33191,los lagos,10,palena,104,palena,10404,40,23,15,8,14,9,5,9,6,3
33192,los lagos,10,palena,104,palena,10404,41,20,9,11,16,6,10,4,3,1
33193,los lagos,10,palena,104,palena,10404,42,26,12,14,18,7,11,8,5,3
33194,los lagos,10,palena,104,palena,10404,43,29,13,16,19,6,13,10,7,3
33195,los lagos,10,palena,104,palena,10404,44,27,11,16,19,8,11,8,3,5
33196,los lagos,10,palena,104,palena,10404,45,27,18,9,19,11,8,8,7,1
33197,los lagos,10,palena,104,palena,10404,46,29,17,12,22,14,8,7,3,4
33198,los lagos,10,palena,104,palena,10404,47,22,6,16,15,4,11,7,2,5
33199,los lagos,10,palena,104,palena,10404,48,17,11,6,11,8,3,6,3,3
33200,los lagos,10,palena,104,palena,10404,49,19,11,8,11,6,5,8,5,3
33201,los lagos,10,palena,104,palena,10404,50,28,17,11,18,8,10,10,9,1
33202,los lagos,10,palena,104,palena,10404,51,35,22,13,15,8,7,20,14,6
33203,los lagos,10,palena,104,palena,10404,52,29,18,11,16,12,4,13,6,7
33204,los lagos,10,palena,104,palena,10404,53,29,13,16,11,4,7,18,9,9
33205,los lagos,10,palena,104,palena,10404,54,22,8,14,14,6,8,8,2,6
33206,los lagos,10,palena,104,palena,10404,55,23,13,10,14,7,7,9,6,3
33207,los lagos,10,palena,104,palena,10404,56,15,11,4,4,3,1,11,8,3
33208,los lagos,10,palena,104,palena,10404,57,17,12,5,8,5,3,9,7,2
33209,los lagos,10,palena,104,palena,10404,58,20,10,10,8,5,3,12,5,7
33210,los lagos,10,palena,104,palena,10404,59,21,7,14,8,2,6,13,5,8
33211,los lagos,10,palena,104,palena,10404,60,28,19,9,11,8,3,17,11,6
33212,los lagos,10,palena,104,palena,10404,61,25,13,12,11,5,6,14,8,6
33213,los lagos,10,palena,104,palena,10404,62,32,22,10,16,11,5,16,11,5
33214,los lagos,10,palena,104,palena,10404,63,18,10,8,11,4,7,7,6,1
33215,los lagos,10,palena,104,palena,10404,64,20,9,11,10,1,9,10,8,2
33216,los lagos,10,palena,104,palena,10404,65,19,7,12,8,1,7,11,6,5
33217,los lagos,10,palena,104,palena,10404,66,14,7,7,8,4,4,6,3,3
33218,los lagos,10,palena,104,palena,10404,67,14,12,2,7,6,1,7,6,1
33219,los lagos,10,palena,104,palena,10404,68,19,13,6,8,4,4,11,9,2
33220,los lagos,10,palena,104,palena,10404,69,13,8,5,8,3,5,5,5,0
33221,los lagos,10,palena,104,palena,10404,70,16,7,9,4,0,4,12,7,5
33222,los lagos,10,palena,104,palena,10404,71,20,9,11,11,5,6,9,4,5
33223,los lagos,10,palena,104,palena,10404,72,16,7,9,6,3,3,10,4,6
33224,los lagos,10,palena,104,palena,10404,73,10,3,7,7,2,5,3,1,2
33225,los lagos,10,palena,104,palena,10404,74,14,5,9,5,2,3,9,3,6
33226,los lagos,10,palena,104,palena,10404,75,9,6,3,6,4,2,3,2,1
33227,los lagos,10,palena,104,palena,10404,76,9,4,5,5,2,3,4,2,2
33228,los lagos,10,palena,104,palena,10404,77,8,5,3,4,3,1,4,2,2
33229,los lagos,10,palena,104,palena,10404,78,5,2,3,1,0,1,4,2,2
33230,los lagos,10,palena,104,palena,10404,79,14,6,8,6,2,4,8,4,4
33231,los lagos,10,palena,104,palena,10404,80,4,3,1,2,1,1,2,2,0
33232,los lagos,10,palena,104,palena,10404,81,9,5,4,7,4,3,2,1,1
33233,los lagos,10,palena,104,palena,10404,82,7,2,5,0,0,0,7,2,5
33234,los lagos,10,palena,104,palena,10404,83,4,0,4,3,0,3,1,0,1
33235,los lagos,10,palena,104,palena,10404,84,7,2,5,3,0,3,4,2,2
33236,los lagos,10,palena,104,palena,10404,85,3,2,1,1,0,1,2,2,0
33237,los lagos,10,palena,104,palena,10404,86,2,1,1,1,1,0,1,0,1
33238,los lagos,10,palena,104,palena,10404,87,5,3,2,0,0,0,5,3,2
33239,los lagos,10,palena,104,palena,10404,88,4,1,3,4,1,3,0,0,0
33240,los lagos,10,palena,104,palena,10404,89,2,2,0,1,1,0,1,1,0
33241,los lagos,10,palena,104,palena,10404,90,2,0,2,1,0,1,1,0,1
33242,los lagos,10,palena,104,palena,10404,91,5,3,2,4,3,1,1,0,1
33243,los lagos,10,palena,104,palena,10404,92,3,3,0,1,1,0,2,2,0
33244,los lagos,10,palena,104,palena,10404,93,0,0,0,0,0,0,0,0,0
33245,los lagos,10,palena,104,palena,10404,94,0,0,0,0,0,0,0,0,0
33246,los lagos,10,palena,104,palena,10404,95,1,0,1,1,0,1,0,0,0
33247,los lagos,10,palena,104,palena,10404,96,0,0,0,0,0,0,0,0,0
33248,los lagos,10,palena,104,palena,10404,97,1,0,1,1,0,1,0,0,0
33249,los lagos,10,palena,104,palena,10404,98,4,1,3,2,0,2,2,1,1
33250,los lagos,10,palena,104,palena,10404,99,1,0,1,0,0,0,1,0,1
33251,los lagos,10,palena,104,palena,10404,100 o más,0,0,0,0,0,0,0,0,0
33252,aysén del general carlos ibáñez del campo,11,coyhaique,111,coyhaique,11101,total comuna,57818,28763,29055,49968,24327,25641,7850,4436,3414
33253,aysén del general carlos ibáñez del campo,11,coyhaique,111,coyhaique,11101,0,782,364,418,692,319,373,90,45,45
33254,aysén del general carlos ibáñez del campo,11,coyhaique,111,coyhaique,11101,1,874,430,444,775,381,394,99,49,50
33255,aysén del general carlos ibáñez del campo,11,coyhaique,111,coyhaique,11101,2,834,415,419,733,355,378,101,60,41
33256,aysén del general carlos ibáñez del campo,11,coyhaique,111,coyhaique,11101,3,887,447,440,787,389,398,100,58,42
33257,aysén del general carlos ibáñez del campo,11,coyhaique,111,coyhaique,11101,4,896,452,444,793,405,388,103,47,56
33258,aysén del general carlos ibáñez del campo,11,coyhaique,111,coyhaique,11101,5,915,491,424,808,435,373,107,56,51
33259,aysén del general carlos ibáñez del campo,11,coyhaique,111,coyhaique,11101,6,972,492,480,851,431,420,121,61,60
33260,aysén del general carlos ibáñez del campo,11,coyhaique,111,coyhaique,11101,7,926,473,453,812,405,407,114,68,46
33261,aysén del general carlos ibáñez del campo,11,coyhaique,111,coyhaique,11101,8,980,490,490,855,426,429,125,64,61
33262,aysén del general carlos ibáñez del campo,11,coyhaique,111,coyhaique,11101,9,913,485,428,813,430,383,100,55,45
33263,aysén del general carlos ibáñez del campo,11,coyhaique,111,coyhaique,11101,10,958,485,473,856,436,420,102,49,53
33264,aysén del general carlos ibáñez del campo,11,coyhaique,111,coyhaique,11101,11,870,456,414,779,404,375,91,52,39
33265,aysén del general carlos ibáñez del campo,11,coyhaique,111,coyhaique,11101,12,898,473,425,797,422,375,101,51,50
33266,aysén del general carlos ibáñez del campo,11,coyhaique,111,coyhaique,11101,13,853,434,419,757,389,368,96,45,51
33267,aysén del general carlos ibáñez del campo,11,coyhaique,111,coyhaique,11101,14,913,471,442,820,421,399,93,50,43
33268,aysén del general carlos ibáñez del campo,11,coyhaique,111,coyhaique,11101,15,948,461,487,866,421,445,82,40,42
33269,aysén del general carlos ibáñez del campo,11,coyhaique,111,coyhaique,11101,16,929,437,492,854,397,457,75,40,35
33270,aysén del general carlos ibáñez del campo,11,coyhaique,111,coyhaique,11101,17,1017,561,456,852,457,395,165,104,61
33271,aysén del general carlos ibáñez del campo,11,coyhaique,111,coyhaique,11101,18,948,577,371,780,449,331,168,128,40
33272,aysén del general carlos ibáñez del campo,11,coyhaique,111,coyhaique,11101,19,762,442,320,663,365,298,99,77,22
33273,aysén del general carlos ibáñez del campo,11,coyhaique,111,coyhaique,11101,20,656,335,321,587,293,294,69,42,27
33274,aysén del general carlos ibáñez del campo,11,coyhaique,111,coyhaique,11101,21,655,353,302,601,322,279,54,31,23
33275,aysén del general carlos ibáñez del campo,11,coyhaique,111,coyhaique,11101,22,656,343,313,588,304,284,68,39,29
33276,aysén del general carlos ibáñez del campo,11,coyhaique,111,coyhaique,11101,23,675,346,329,626,320,306,49,26,23
33277,aysén del general carlos ibáñez del campo,11,coyhaique,111,coyhaique,11101,24,738,347,391,672,311,361,66,36,30
33278,aysén del general carlos ibáñez del campo,11,coyhaique,111,coyhaique,11101,25,831,381,450,750,332,418,81,49,32
33279,aysén del general carlos ibáñez del campo,11,coyhaique,111,coyhaique,11101,26,910,444,466,811,400,411,99,44,55
33280,aysén del general carlos ibáñez del campo,11,coyhaique,111,coyhaique,11101,27,975,473,502,872,419,453,103,54,49
33281,aysén del general carlos ibáñez del campo,11,coyhaique,111,coyhaique,11101,28,952,449,503,859,400,459,93,49,44
33282,aysén del general carlos ibáñez del campo,11,coyhaique,111,coyhaique,11101,29,942,469,473,840,415,425,102,54,48
33283,aysén del general carlos ibáñez del campo,11,coyhaique,111,coyhaique,11101,30,866,439,427,768,383,385,98,56,42
33284,aysén del general carlos ibáñez del campo,11,coyhaique,111,coyhaique,11101,31,903,442,461,798,384,414,105,58,47
33285,aysén del general carlos ibáñez del campo,11,coyhaique,111,coyhaique,11101,32,863,378,485,765,336,429,98,42,56
33286,aysén del general carlos ibáñez del campo,11,coyhaique,111,coyhaique,11101,33,900,452,448,779,385,394,121,67,54
33287,aysén del general carlos ibáñez del campo,11,coyhaique,111,coyhaique,11101,34,868,412,456,759,357,402,109,55,54
33288,aysén del general carlos ibáñez del campo,11,coyhaique,111,coyhaique,11101,35,899,433,466,792,371,421,107,62,45
33289,aysén del general carlos ibáñez del campo,11,coyhaique,111,coyhaique,11101,36,962,485,477,822,401,421,140,84,56
33290,aysén del general carlos ibáñez del campo,11,coyhaique,111,coyhaique,11101,37,915,457,458,788,391,397,127,66,61
33291,aysén del general carlos ibáñez del campo,11,coyhaique,111,coyhaique,11101,38,885,446,439,758,372,386,127,74,53
33292,aysén del general carlos ibáñez del campo,11,coyhaique,111,coyhaique,11101,39,870,432,438,727,355,372,143,77,66
33293,aysén del general carlos ibáñez del campo,11,coyhaique,111,coyhaique,11101,40,897,449,448,775,382,393,122,67,55
33294,aysén del general carlos ibáñez del campo,11,coyhaique,111,coyhaique,11101,41,842,399,443,740,345,395,102,54,48
33295,aysén del general carlos ibáñez del campo,11,coyhaique,111,coyhaique,11101,42,832,380,452,714,314,400,118,66,52
33296,aysén del general carlos ibáñez del campo,11,coyhaique,111,coyhaique,11101,43,869,423,446,748,350,398,121,73,48
33297,aysén del general carlos ibáñez del campo,11,coyhaique,111,coyhaique,11101,44,866,425,441,724,344,380,142,81,61
33298,aysén del general carlos ibáñez del campo,11,coyhaique,111,coyhaique,11101,45,814,390,424,691,325,366,123,65,58
33299,aysén del general carlos ibáñez del campo,11,coyhaique,111,coyhaique,11101,46,794,382,412,682,322,360,112,60,52
33300,aysén del general carlos ibáñez del campo,11,coyhaique,111,coyhaique,11101,47,775,406,369,649,332,317,126,74,52
33301,aysén del general carlos ibáñez del campo,11,coyhaique,111,coyhaique,11101,48,737,374,363,636,315,321,101,59,42
33302,aysén del general carlos ibáñez del campo,11,coyhaique,111,coyhaique,11101,49,758,366,392,632,302,330,126,64,62
33303,aysén del general carlos ibáñez del campo,11,coyhaique,111,coyhaique,11101,50,745,391,354,635,320,315,110,71,39
33304,aysén del general carlos ibáñez del campo,11,coyhaique,111,coyhaique,11101,51,757,385,372,636,309,327,121,76,45
33305,aysén del general carlos ibáñez del campo,11,coyhaique,111,coyhaique,11101,52,723,365,358,613,293,320,110,72,38
33306,aysén del general carlos ibáñez del campo,11,coyhaique,111,coyhaique,11101,53,696,335,361,592,275,317,104,60,44
33307,aysén del general carlos ibáñez del campo,11,coyhaique,111,coyhaique,11101,54,678,321,357,560,248,312,118,73,45
33308,aysén del general carlos ibáñez del campo,11,coyhaique,111,coyhaique,11101,55,682,339,343,586,286,300,96,53,43
33309,aysén del general carlos ibáñez del campo,11,coyhaique,111,coyhaique,11101,56,676,329,347,567,258,309,109,71,38
33310,aysén del general carlos ibáñez del campo,11,coyhaique,111,coyhaique,11101,57,659,325,334,546,255,291,113,70,43
33311,aysén del general carlos ibáñez del campo,11,coyhaique,111,coyhaique,11101,58,633,313,320,545,267,278,88,46,42
33312,aysén del general carlos ibáñez del campo,11,coyhaique,111,coyhaique,11101,59,607,296,311,519,250,269,88,46,42
33313,aysén del general carlos ibáñez del campo,11,coyhaique,111,coyhaique,11101,60,591,283,308,490,221,269,101,62,39
33314,aysén del general carlos ibáñez del campo,11,coyhaique,111,coyhaique,11101,61,555,267,288,453,203,250,102,64,38
33315,aysén del general carlos ibáñez del campo,11,coyhaique,111,coyhaique,11101,62,525,282,243,433,226,207,92,56,36
33316,aysén del general carlos ibáñez del campo,11,coyhaique,111,coyhaique,11101,63,491,232,259,401,186,215,90,46,44
33317,aysén del general carlos ibáñez del campo,11,coyhaique,111,coyhaique,11101,64,472,229,243,360,169,191,112,60,52
33318,aysén del general carlos ibáñez del campo,11,coyhaique,111,coyhaique,11101,65,425,207,218,336,156,180,89,51,38
33319,aysén del general carlos ibáñez del campo,11,coyhaique,111,coyhaique,11101,66,366,198,168,303,160,143,63,38,25
33320,aysén del general carlos ibáñez del campo,11,coyhaique,111,coyhaique,11101,67,370,170,200,305,141,164,65,29,36
33321,aysén del general carlos ibáñez del campo,11,coyhaique,111,coyhaique,11101,68,329,166,163,256,117,139,73,49,24
33322,aysén del general carlos ibáñez del campo,11,coyhaique,111,coyhaique,11101,69,328,165,163,261,127,134,67,38,29
33323,aysén del general carlos ibáñez del campo,11,coyhaique,111,coyhaique,11101,70,287,147,140,228,110,118,59,37,22
33324,aysén del general carlos ibáñez del campo,11,coyhaique,111,coyhaique,11101,71,275,145,130,223,118,105,52,27,25
33325,aysén del general carlos ibáñez del campo,11,coyhaique,111,coyhaique,11101,72,251,124,127,201,93,108,50,31,19
33326,aysén del general carlos ibáñez del campo,11,coyhaique,111,coyhaique,11101,73,239,115,124,187,86,101,52,29,23
33327,aysén del general carlos ibáñez del campo,11,coyhaique,111,coyhaique,11101,74,230,107,123,181,77,104,49,30,19
33328,aysén del general carlos ibáñez del campo,11,coyhaique,111,coyhaique,11101,75,227,105,122,180,71,109,47,34,13
33329,aysén del general carlos ibáñez del campo,11,coyhaique,111,coyhaique,11101,76,205,102,103,152,71,81,53,31,22
33330,aysén del general carlos ibáñez del campo,11,coyhaique,111,coyhaique,11101,77,182,85,97,150,66,84,32,19,13
33331,aysén del general carlos ibáñez del campo,11,coyhaique,111,coyhaique,11101,78,171,75,96,141,55,86,30,20,10
33332,aysén del general carlos ibáñez del campo,11,coyhaique,111,coyhaique,11101,79,154,69,85,123,53,70,31,16,15
33333,aysén del general carlos ibáñez del campo,11,coyhaique,111,coyhaique,11101,80,125,45,80,99,37,62,26,8,18
33334,aysén del general carlos ibáñez del campo,11,coyhaique,111,coyhaique,11101,81,153,75,78,133,62,71,20,13,7
33335,aysén del general carlos ibáñez del campo,11,coyhaique,111,coyhaique,11101,82,114,52,62,93,37,56,21,15,6
33336,aysén del general carlos ibáñez del campo,11,coyhaique,111,coyhaique,11101,83,111,49,62,91,41,50,20,8,12
33337,aysén del general carlos ibáñez del campo,11,coyhaique,111,coyhaique,11101,84,88,34,54,76,27,49,12,7,5
33338,aysén del general carlos ibáñez del campo,11,coyhaique,111,coyhaique,11101,85,83,39,44,65,29,36,18,10,8
33339,aysén del general carlos ibáñez del campo,11,coyhaique,111,coyhaique,11101,86,87,32,55,68,21,47,19,11,8
33340,aysén del general carlos ibáñez del campo,11,coyhaique,111,coyhaique,11101,87,77,29,48,58,20,38,19,9,10
33341,aysén del general carlos ibáñez del campo,11,coyhaique,111,coyhaique,11101,88,55,19,36,46,12,34,9,7,2
33342,aysén del general carlos ibáñez del campo,11,coyhaique,111,coyhaique,11101,89,45,13,32,36,10,26,9,3,6
33343,aysén del general carlos ibáñez del campo,11,coyhaique,111,coyhaique,11101,90,40,15,25,32,11,21,8,4,4
33344,aysén del general carlos ibáñez del campo,11,coyhaique,111,coyhaique,11101,91,28,7,21,25,7,18,3,0,3
33345,aysén del general carlos ibáñez del campo,11,coyhaique,111,coyhaique,11101,92,23,8,15,22,7,15,1,1,0
33346,aysén del general carlos ibáñez del campo,11,coyhaique,111,coyhaique,11101,93,17,7,10,16,7,9,1,0,1
33347,aysén del general carlos ibáñez del campo,11,coyhaique,111,coyhaique,11101,94,17,7,10,15,5,10,2,2,0
33348,aysén del general carlos ibáñez del campo,11,coyhaique,111,coyhaique,11101,95,11,5,6,11,5,6,0,0,0
33349,aysén del general carlos ibáñez del campo,11,coyhaique,111,coyhaique,11101,96,4,1,3,3,0,3,1,1,0
33350,aysén del general carlos ibáñez del campo,11,coyhaique,111,coyhaique,11101,97,3,1,2,2,0,2,1,1,0
33351,aysén del general carlos ibáñez del campo,11,coyhaique,111,coyhaique,11101,98,4,2,2,1,0,1,3,2,1
33352,aysén del general carlos ibáñez del campo,11,coyhaique,111,coyhaique,11101,99,5,0,5,5,0,5,0,0,0
33353,aysén del general carlos ibáñez del campo,11,coyhaique,111,coyhaique,11101,100 o más,19,5,14,12,3,9,7,2,5
33354,aysén del general carlos ibáñez del campo,11,coyhaique,111,lago verde,11102,total comuna,852,494,358,0,0,0,852,494,358
33355,aysén del general carlos ibáñez del campo,11,coyhaique,111,lago verde,11102,0,5,3,2,0,0,0,5,3,2
33356,aysén del general carlos ibáñez del campo,11,coyhaique,111,lago verde,11102,1,6,3,3,0,0,0,6,3,3
33357,aysén del general carlos ibáñez del campo,11,coyhaique,111,lago verde,11102,2,4,2,2,0,0,0,4,2,2
33358,aysén del general carlos ibáñez del campo,11,coyhaique,111,lago verde,11102,3,8,5,3,0,0,0,8,5,3
33359,aysén del general carlos ibáñez del campo,11,coyhaique,111,lago verde,11102,4,11,5,6,0,0,0,11,5,6
33360,aysén del general carlos ibáñez del campo,11,coyhaique,111,lago verde,11102,5,17,11,6,0,0,0,17,11,6
33361,aysén del general carlos ibáñez del campo,11,coyhaique,111,lago verde,11102,6,7,5,2,0,0,0,7,5,2
33362,aysén del general carlos ibáñez del campo,11,coyhaique,111,lago verde,11102,7,13,8,5,0,0,0,13,8,5
33363,aysén del general carlos ibáñez del campo,11,coyhaique,111,lago verde,11102,8,9,5,4,0,0,0,9,5,4
33364,aysén del general carlos ibáñez del campo,11,coyhaique,111,lago verde,11102,9,14,7,7,0,0,0,14,7,7
33365,aysén del general carlos ibáñez del campo,11,coyhaique,111,lago verde,11102,10,14,9,5,0,0,0,14,9,5
33366,aysén del general carlos ibáñez del campo,11,coyhaique,111,lago verde,11102,11,17,10,7,0,0,0,17,10,7
33367,aysén del general carlos ibáñez del campo,11,coyhaique,111,lago verde,11102,12,14,6,8,0,0,0,14,6,8
33368,aysén del general carlos ibáñez del campo,11,coyhaique,111,lago verde,11102,13,8,6,2,0,0,0,8,6,2
33369,aysén del general carlos ibáñez del campo,11,coyhaique,111,lago verde,11102,14,5,3,2,0,0,0,5,3,2
33370,aysén del general carlos ibáñez del campo,11,coyhaique,111,lago verde,11102,15,8,3,5,0,0,0,8,3,5
33371,aysén del general carlos ibáñez del campo,11,coyhaique,111,lago verde,11102,16,8,5,3,0,0,0,8,5,3
33372,aysén del general carlos ibáñez del campo,11,coyhaique,111,lago verde,11102,17,7,4,3,0,0,0,7,4,3
33373,aysén del general carlos ibáñez del campo,11,coyhaique,111,lago verde,11102,18,5,5,0,0,0,0,5,5,0
33374,aysén del general carlos ibáñez del campo,11,coyhaique,111,lago verde,11102,19,2,2,0,0,0,0,2,2,0
33375,aysén del general carlos ibáñez del campo,11,coyhaique,111,lago verde,11102,20,7,3,4,0,0,0,7,3,4
33376,aysén del general carlos ibáñez del campo,11,coyhaique,111,lago verde,11102,21,7,3,4,0,0,0,7,3,4
33377,aysén del general carlos ibáñez del campo,11,coyhaique,111,lago verde,11102,22,11,8,3,0,0,0,11,8,3
33378,aysén del general carlos ibáñez del campo,11,coyhaique,111,lago verde,11102,23,8,6,2,0,0,0,8,6,2
33379,aysén del general carlos ibáñez del campo,11,coyhaique,111,lago verde,11102,24,13,7,6,0,0,0,13,7,6
33380,aysén del general carlos ibáñez del campo,11,coyhaique,111,lago verde,11102,25,10,5,5,0,0,0,10,5,5
33381,aysén del general carlos ibáñez del campo,11,coyhaique,111,lago verde,11102,26,13,7,6,0,0,0,13,7,6
33382,aysén del general carlos ibáñez del campo,11,coyhaique,111,lago verde,11102,27,20,11,9,0,0,0,20,11,9
33383,aysén del general carlos ibáñez del campo,11,coyhaique,111,lago verde,11102,28,19,12,7,0,0,0,19,12,7
33384,aysén del general carlos ibáñez del campo,11,coyhaique,111,lago verde,11102,29,9,3,6,0,0,0,9,3,6
33385,aysén del general carlos ibáñez del campo,11,coyhaique,111,lago verde,11102,30,12,9,3,0,0,0,12,9,3
33386,aysén del general carlos ibáñez del campo,11,coyhaique,111,lago verde,11102,31,10,6,4,0,0,0,10,6,4
33387,aysén del general carlos ibáñez del campo,11,coyhaique,111,lago verde,11102,32,15,6,9,0,0,0,15,6,9
33388,aysén del general carlos ibáñez del campo,11,coyhaique,111,lago verde,11102,33,8,6,2,0,0,0,8,6,2
33389,aysén del general carlos ibáñez del campo,11,coyhaique,111,lago verde,11102,34,9,5,4,0,0,0,9,5,4
33390,aysén del general carlos ibáñez del campo,11,coyhaique,111,lago verde,11102,35,15,7,8,0,0,0,15,7,8
33391,aysén del general carlos ibáñez del campo,11,coyhaique,111,lago verde,11102,36,13,9,4,0,0,0,13,9,4
33392,aysén del general carlos ibáñez del campo,11,coyhaique,111,lago verde,11102,37,9,3,6,0,0,0,9,3,6
33393,aysén del general carlos ibáñez del campo,11,coyhaique,111,lago verde,11102,38,10,7,3,0,0,0,10,7,3
33394,aysén del general carlos ibáñez del campo,11,coyhaique,111,lago verde,11102,39,10,7,3,0,0,0,10,7,3
33395,aysén del general carlos ibáñez del campo,11,coyhaique,111,lago verde,11102,40,6,4,2,0,0,0,6,4,2
33396,aysén del general carlos ibáñez del campo,11,coyhaique,111,lago verde,11102,41,10,8,2,0,0,0,10,8,2
33397,aysén del general carlos ibáñez del campo,11,coyhaique,111,lago verde,11102,42,11,6,5,0,0,0,11,6,5
33398,aysén del general carlos ibáñez del campo,11,coyhaique,111,lago verde,11102,43,12,3,9,0,0,0,12,3,9
33399,aysén del general carlos ibáñez del campo,11,coyhaique,111,lago verde,11102,44,19,10,9,0,0,0,19,10,9
33400,aysén del general carlos ibáñez del campo,11,coyhaique,111,lago verde,11102,45,10,6,4,0,0,0,10,6,4
33401,aysén del general carlos ibáñez del campo,11,coyhaique,111,lago verde,11102,46,13,8,5,0,0,0,13,8,5
33402,aysén del general carlos ibáñez del campo,11,coyhaique,111,lago verde,11102,47,10,6,4,0,0,0,10,6,4
33403,aysén del general carlos ibáñez del campo,11,coyhaique,111,lago verde,11102,48,6,2,4,0,0,0,6,2,4
33404,aysén del general carlos ibáñez del campo,11,coyhaique,111,lago verde,11102,49,19,10,9,0,0,0,19,10,9
33405,aysén del general carlos ibáñez del campo,11,coyhaique,111,lago verde,11102,50,22,14,8,0,0,0,22,14,8
33406,aysén del general carlos ibáñez del campo,11,coyhaique,111,lago verde,11102,51,14,6,8,0,0,0,14,6,8
33407,aysén del general carlos ibáñez del campo,11,coyhaique,111,lago verde,11102,52,20,9,11,0,0,0,20,9,11
33408,aysén del general carlos ibáñez del campo,11,coyhaique,111,lago verde,11102,53,18,13,5,0,0,0,18,13,5
33409,aysén del general carlos ibáñez del campo,11,coyhaique,111,lago verde,11102,54,15,9,6,0,0,0,15,9,6
33410,aysén del general carlos ibáñez del campo,11,coyhaique,111,lago verde,11102,55,9,5,4,0,0,0,9,5,4
33411,aysén del general carlos ibáñez del campo,11,coyhaique,111,lago verde,11102,56,13,5,8,0,0,0,13,5,8
33412,aysén del general carlos ibáñez del campo,11,coyhaique,111,lago verde,11102,57,11,7,4,0,0,0,11,7,4
33413,aysén del general carlos ibáñez del campo,11,coyhaique,111,lago verde,11102,58,10,5,5,0,0,0,10,5,5
33414,aysén del general carlos ibáñez del campo,11,coyhaique,111,lago verde,11102,59,15,12,3,0,0,0,15,12,3
33415,aysén del general carlos ibáñez del campo,11,coyhaique,111,lago verde,11102,60,12,8,4,0,0,0,12,8,4
33416,aysén del general carlos ibáñez del campo,11,coyhaique,111,lago verde,11102,61,11,8,3,0,0,0,11,8,3
33417,aysén del general carlos ibáñez del campo,11,coyhaique,111,lago verde,11102,62,14,10,4,0,0,0,14,10,4
33418,aysén del general carlos ibáñez del campo,11,coyhaique,111,lago verde,11102,63,12,10,2,0,0,0,12,10,2
33419,aysén del general carlos ibáñez del campo,11,coyhaique,111,lago verde,11102,64,11,8,3,0,0,0,11,8,3
33420,aysén del general carlos ibáñez del campo,11,coyhaique,111,lago verde,11102,65,12,5,7,0,0,0,12,5,7
33421,aysén del general carlos ibáñez del campo,11,coyhaique,111,lago verde,11102,66,14,9,5,0,0,0,14,9,5
33422,aysén del general carlos ibáñez del campo,11,coyhaique,111,lago verde,11102,67,7,4,3,0,0,0,7,4,3
33423,aysén del general carlos ibáñez del campo,11,coyhaique,111,lago verde,11102,68,9,5,4,0,0,0,9,5,4
33424,aysén del general carlos ibáñez del campo,11,coyhaique,111,lago verde,11102,69,8,5,3,0,0,0,8,5,3
33425,aysén del general carlos ibáñez del campo,11,coyhaique,111,lago verde,11102,70,3,3,0,0,0,0,3,3,0
33426,aysén del general carlos ibáñez del campo,11,coyhaique,111,lago verde,11102,71,8,5,3,0,0,0,8,5,3
33427,aysén del general carlos ibáñez del campo,11,coyhaique,111,lago verde,11102,72,5,0,5,0,0,0,5,0,5
33428,aysén del general carlos ibáñez del campo,11,coyhaique,111,lago verde,11102,73,2,0,2,0,0,0,2,0,2
33429,aysén del general carlos ibáñez del campo,11,coyhaique,111,lago verde,11102,74,9,3,6,0,0,0,9,3,6
33430,aysén del general carlos ibáñez del campo,11,coyhaique,111,lago verde,11102,75,3,2,1,0,0,0,3,2,1
33431,aysén del general carlos ibáñez del campo,11,coyhaique,111,lago verde,11102,76,5,4,1,0,0,0,5,4,1
33432,aysén del general carlos ibáñez del campo,11,coyhaique,111,lago verde,11102,77,3,2,1,0,0,0,3,2,1
33433,aysén del general carlos ibáñez del campo,11,coyhaique,111,lago verde,11102,78,5,3,2,0,0,0,5,3,2
33434,aysén del general carlos ibáñez del campo,11,coyhaique,111,lago verde,11102,79,2,2,0,0,0,0,2,2,0
33435,aysén del general carlos ibáñez del campo,11,coyhaique,111,lago verde,11102,80,4,2,2,0,0,0,4,2,2
33436,aysén del general carlos ibáñez del campo,11,coyhaique,111,lago verde,11102,81,3,1,2,0,0,0,3,1,2
33437,aysén del general carlos ibáñez del campo,11,coyhaique,111,lago verde,11102,82,1,1,0,0,0,0,1,1,0
33438,aysén del general carlos ibáñez del campo,11,coyhaique,111,lago verde,11102,83,1,0,1,0,0,0,1,0,1
33439,aysén del general carlos ibáñez del campo,11,coyhaique,111,lago verde,11102,84,3,1,2,0,0,0,3,1,2
33440,aysén del general carlos ibáñez del campo,11,coyhaique,111,lago verde,11102,85,2,2,0,0,0,0,2,2,0
33441,aysén del general carlos ibáñez del campo,11,coyhaique,111,lago verde,11102,86,3,2,1,0,0,0,3,2,1
33442,aysén del general carlos ibáñez del campo,11,coyhaique,111,lago verde,11102,87,3,2,1,0,0,0,3,2,1
33443,aysén del general carlos ibáñez del campo,11,coyhaique,111,lago verde,11102,88,0,0,0,0,0,0,0,0,0
33444,aysén del general carlos ibáñez del campo,11,coyhaique,111,lago verde,11102,89,0,0,0,0,0,0,0,0,0
33445,aysén del general carlos ibáñez del campo,11,coyhaique,111,lago verde,11102,90,2,1,1,0,0,0,2,1,1
33446,aysén del general carlos ibáñez del campo,11,coyhaique,111,lago verde,11102,91,0,0,0,0,0,0,0,0,0
33447,aysén del general carlos ibáñez del campo,11,coyhaique,111,lago verde,11102,92,0,0,0,0,0,0,0,0,0
33448,aysén del general carlos ibáñez del campo,11,coyhaique,111,lago verde,11102,93,0,0,0,0,0,0,0,0,0
33449,aysén del general carlos ibáñez del campo,11,coyhaique,111,lago verde,11102,94,0,0,0,0,0,0,0,0,0
33450,aysén del general carlos ibáñez del campo,11,coyhaique,111,lago verde,11102,95,0,0,0,0,0,0,0,0,0
33451,aysén del general carlos ibáñez del campo,11,coyhaique,111,lago verde,11102,96,0,0,0,0,0,0,0,0,0
33452,aysén del general carlos ibáñez del campo,11,coyhaique,111,lago verde,11102,97,0,0,0,0,0,0,0,0,0
33453,aysén del general carlos ibáñez del campo,11,coyhaique,111,lago verde,11102,98,0,0,0,0,0,0,0,0,0
33454,aysén del general carlos ibáñez del campo,11,coyhaique,111,lago verde,11102,99,1,1,0,0,0,0,1,1,0
33455,aysén del general carlos ibáñez del campo,11,coyhaique,111,lago verde,11102,100 o más,1,0,1,0,0,0,1,0,1
33456,aysén del general carlos ibáñez del campo,11,aysén,112,aysén,11201,total comuna,23959,12719,11240,20308,10277,10031,3651,2442,1209
33457,aysén del general carlos ibáñez del campo,11,aysén,112,aysén,11201,0,290,140,150,266,126,140,24,14,10
33458,aysén del general carlos ibáñez del campo,11,aysén,112,aysén,11201,1,332,178,154,294,160,134,38,18,20
33459,aysén del general carlos ibáñez del campo,11,aysén,112,aysén,11201,2,359,178,181,322,159,163,37,19,18
33460,aysén del general carlos ibáñez del campo,11,aysén,112,aysén,11201,3,354,172,182,319,156,163,35,16,19
33461,aysén del general carlos ibáñez del campo,11,aysén,112,aysén,11201,4,385,189,196,348,169,179,37,20,17
33462,aysén del general carlos ibáñez del campo,11,aysén,112,aysén,11201,5,336,166,170,302,150,152,34,16,18
33463,aysén del general carlos ibáñez del campo,11,aysén,112,aysén,11201,6,419,213,206,372,187,185,47,26,21
33464,aysén del general carlos ibáñez del campo,11,aysén,112,aysén,11201,7,390,206,184,357,191,166,33,15,18
33465,aysén del general carlos ibáñez del campo,11,aysén,112,aysén,11201,8,441,236,205,395,215,180,46,21,25
33466,aysén del general carlos ibáñez del campo,11,aysén,112,aysén,11201,9,395,197,198,361,186,175,34,11,23
33467,aysén del general carlos ibáñez del campo,11,aysén,112,aysén,11201,10,405,231,174,366,207,159,39,24,15
33468,aysén del general carlos ibáñez del campo,11,aysén,112,aysén,11201,11,356,178,178,324,158,166,32,20,12
33469,aysén del general carlos ibáñez del campo,11,aysén,112,aysén,11201,12,394,193,201,355,176,179,39,17,22
33470,aysén del general carlos ibáñez del campo,11,aysén,112,aysén,11201,13,342,184,158,319,171,148,23,13,10
33471,aysén del general carlos ibáñez del campo,11,aysén,112,aysén,11201,14,386,197,189,342,176,166,44,21,23
33472,aysén del general carlos ibáñez del campo,11,aysén,112,aysén,11201,15,339,175,164,311,161,150,28,14,14
33473,aysén del general carlos ibáñez del campo,11,aysén,112,aysén,11201,16,313,170,143,289,161,128,24,9,15
33474,aysén del general carlos ibáñez del campo,11,aysén,112,aysén,11201,17,357,218,139,331,206,125,26,12,14
33475,aysén del general carlos ibáñez del campo,11,aysén,112,aysén,11201,18,372,255,117,353,243,110,19,12,7
33476,aysén del general carlos ibáñez del campo,11,aysén,112,aysén,11201,19,219,143,76,201,134,67,18,9,9
33477,aysén del general carlos ibáñez del campo,11,aysén,112,aysén,11201,20,262,133,129,229,112,117,33,21,12
33478,aysén del general carlos ibáñez del campo,11,aysén,112,aysén,11201,21,270,149,121,242,132,110,28,17,11
33479,aysén del general carlos ibáñez del campo,11,aysén,112,aysén,11201,22,283,150,133,244,121,123,39,29,10
33480,aysén del general carlos ibáñez del campo,11,aysén,112,aysén,11201,23,308,175,133,255,134,121,53,41,12
33481,aysén del general carlos ibáñez del campo,11,aysén,112,aysén,11201,24,315,165,150,273,135,138,42,30,12
33482,aysén del general carlos ibáñez del campo,11,aysén,112,aysén,11201,25,384,208,176,328,166,162,56,42,14
33483,aysén del general carlos ibáñez del campo,11,aysén,112,aysén,11201,26,407,222,185,340,173,167,67,49,18
33484,aysén del general carlos ibáñez del campo,11,aysén,112,aysén,11201,27,452,229,223,379,171,208,73,58,15
33485,aysén del general carlos ibáñez del campo,11,aysén,112,aysén,11201,28,472,233,239,389,178,211,83,55,28
33486,aysén del general carlos ibáñez del campo,11,aysén,112,aysén,11201,29,427,235,192,362,188,174,65,47,18
33487,aysén del general carlos ibáñez del campo,11,aysén,112,aysén,11201,30,399,209,190,331,159,172,68,50,18
33488,aysén del general carlos ibáñez del campo,11,aysén,112,aysén,11201,31,369,202,167,302,146,156,67,56,11
33489,aysén del general carlos ibáñez del campo,11,aysén,112,aysén,11201,32,364,190,174,298,146,152,66,44,22
33490,aysén del general carlos ibáñez del campo,11,aysén,112,aysén,11201,33,386,183,203,328,141,187,58,42,16
33491,aysén del general carlos ibáñez del campo,11,aysén,112,aysén,11201,34,412,242,170,338,187,151,74,55,19
33492,aysén del general carlos ibáñez del campo,11,aysén,112,aysén,11201,35,372,195,177,305,147,158,67,48,19
33493,aysén del general carlos ibáñez del campo,11,aysén,112,aysén,11201,36,397,209,188,340,166,174,57,43,14
33494,aysén del general carlos ibáñez del campo,11,aysén,112,aysén,11201,37,354,190,164,284,137,147,70,53,17
33495,aysén del general carlos ibáñez del campo,11,aysén,112,aysén,11201,38,349,196,153,276,148,128,73,48,25
33496,aysén del general carlos ibáñez del campo,11,aysén,112,aysén,11201,39,365,197,168,290,138,152,75,59,16
33497,aysén del general carlos ibáñez del campo,11,aysén,112,aysén,11201,40,370,213,157,297,156,141,73,57,16
33498,aysén del general carlos ibáñez del campo,11,aysén,112,aysén,11201,41,382,219,163,308,163,145,74,56,18
33499,aysén del general carlos ibáñez del campo,11,aysén,112,aysén,11201,42,327,183,144,269,135,134,58,48,10
33500,aysén del general carlos ibáñez del campo,11,aysén,112,aysén,11201,43,382,214,168,294,146,148,88,68,20
33501,aysén del general carlos ibáñez del campo,11,aysén,112,aysén,11201,44,329,185,144,256,132,124,73,53,20
33502,aysén del general carlos ibáñez del campo,11,aysén,112,aysén,11201,45,316,168,148,255,121,134,61,47,14
33503,aysén del general carlos ibáñez del campo,11,aysén,112,aysén,11201,46,290,155,135,229,111,118,61,44,17
33504,aysén del general carlos ibáñez del campo,11,aysén,112,aysén,11201,47,330,183,147,274,138,136,56,45,11
33505,aysén del general carlos ibáñez del campo,11,aysén,112,aysén,11201,48,332,207,125,259,148,111,73,59,14
33506,aysén del general carlos ibáñez del campo,11,aysén,112,aysén,11201,49,314,158,156,239,107,132,75,51,24
33507,aysén del general carlos ibáñez del campo,11,aysén,112,aysén,11201,50,344,183,161,281,138,143,63,45,18
33508,aysén del general carlos ibáñez del campo,11,aysén,112,aysén,11201,51,335,173,162,276,131,145,59,42,17
33509,aysén del general carlos ibáñez del campo,11,aysén,112,aysén,11201,52,354,191,163,287,140,147,67,51,16
33510,aysén del general carlos ibáñez del campo,11,aysén,112,aysén,11201,53,330,178,152,283,141,142,47,37,10
33511,aysén del general carlos ibáñez del campo,11,aysén,112,aysén,11201,54,306,147,159,248,107,141,58,40,18
33512,aysén del general carlos ibáñez del campo,11,aysén,112,aysén,11201,55,328,171,157,276,138,138,52,33,19
33513,aysén del general carlos ibáñez del campo,11,aysén,112,aysén,11201,56,281,149,132,227,118,109,54,31,23
33514,aysén del general carlos ibáñez del campo,11,aysén,112,aysén,11201,57,258,141,117,217,115,102,41,26,15
33515,aysén del general carlos ibáñez del campo,11,aysén,112,aysén,11201,58,240,120,120,202,98,104,38,22,16
33516,aysén del general carlos ibáñez del campo,11,aysén,112,aysén,11201,59,241,132,109,199,105,94,42,27,15
33517,aysén del general carlos ibáñez del campo,11,aysén,112,aysén,11201,60,249,123,126,198,88,110,51,35,16
33518,aysén del general carlos ibáñez del campo,11,aysén,112,aysén,11201,61,210,113,97,173,87,86,37,26,11
33519,aysén del general carlos ibáñez del campo,11,aysén,112,aysén,11201,62,177,100,77,149,83,66,28,17,11
33520,aysén del general carlos ibáñez del campo,11,aysén,112,aysén,11201,63,162,85,77,121,60,61,41,25,16
33521,aysén del general carlos ibáñez del campo,11,aysén,112,aysén,11201,64,181,86,95,142,63,79,39,23,16
33522,aysén del general carlos ibáñez del campo,11,aysén,112,aysén,11201,65,152,77,75,127,59,68,25,18,7
33523,aysén del general carlos ibáñez del campo,11,aysén,112,aysén,11201,66,161,87,74,131,68,63,30,19,11
33524,aysén del general carlos ibáñez del campo,11,aysén,112,aysén,11201,67,151,76,75,124,59,65,27,17,10
33525,aysén del general carlos ibáñez del campo,11,aysén,112,aysén,11201,68,119,59,60,94,48,46,25,11,14
33526,aysén del general carlos ibáñez del campo,11,aysén,112,aysén,11201,69,129,61,68,102,47,55,27,14,13
33527,aysén del general carlos ibáñez del campo,11,aysén,112,aysén,11201,70,121,71,50,100,56,44,21,15,6
33528,aysén del general carlos ibáñez del campo,11,aysén,112,aysén,11201,71,106,62,44,93,53,40,13,9,4
33529,aysén del general carlos ibáñez del campo,11,aysén,112,aysén,11201,72,100,52,48,82,42,40,18,10,8
33530,aysén del general carlos ibáñez del campo,11,aysén,112,aysén,11201,73,90,46,44,76,36,40,14,10,4
33531,aysén del general carlos ibáñez del campo,11,aysén,112,aysén,11201,74,91,44,47,72,31,41,19,13,6
33532,aysén del general carlos ibáñez del campo,11,aysén,112,aysén,11201,75,103,53,50,83,41,42,20,12,8
33533,aysén del general carlos ibáñez del campo,11,aysén,112,aysén,11201,76,80,39,41,58,24,34,22,15,7
33534,aysén del general carlos ibáñez del campo,11,aysén,112,aysén,11201,77,91,38,53,70,28,42,21,10,11
33535,aysén del general carlos ibáñez del campo,11,aysén,112,aysén,11201,78,79,41,38,64,31,33,15,10,5
33536,aysén del general carlos ibáñez del campo,11,aysén,112,aysén,11201,79,71,30,41,60,25,35,11,5,6
33537,aysén del general carlos ibáñez del campo,11,aysén,112,aysén,11201,80,55,25,30,48,21,27,7,4,3
33538,aysén del general carlos ibáñez del campo,11,aysén,112,aysén,11201,81,48,26,22,42,22,20,6,4,2
33539,aysén del general carlos ibáñez del campo,11,aysén,112,aysén,11201,82,51,25,26,42,21,21,9,4,5
33540,aysén del general carlos ibáñez del campo,11,aysén,112,aysén,11201,83,39,18,21,33,16,17,6,2,4
33541,aysén del general carlos ibáñez del campo,11,aysén,112,aysén,11201,84,36,20,16,29,14,15,7,6,1
33542,aysén del general carlos ibáñez del campo,11,aysén,112,aysén,11201,85,27,9,18,23,6,17,4,3,1
33543,aysén del general carlos ibáñez del campo,11,aysén,112,aysén,11201,86,33,16,17,28,13,15,5,3,2
33544,aysén del general carlos ibáñez del campo,11,aysén,112,aysén,11201,87,28,7,21,25,7,18,3,0,3
33545,aysén del general carlos ibáñez del campo,11,aysén,112,aysén,11201,88,15,5,10,14,5,9,1,0,1
33546,aysén del general carlos ibáñez del campo,11,aysén,112,aysén,11201,89,13,4,9,11,3,8,2,1,1
33547,aysén del general carlos ibáñez del campo,11,aysén,112,aysén,11201,90,12,5,7,9,3,6,3,2,1
33548,aysén del general carlos ibáñez del campo,11,aysén,112,aysén,11201,91,17,4,13,15,4,11,2,0,2
33549,aysén del general carlos ibáñez del campo,11,aysén,112,aysén,11201,92,11,5,6,7,4,3,4,1,3
33550,aysén del general carlos ibáñez del campo,11,aysén,112,aysén,11201,93,8,1,7,8,1,7,0,0,0
33551,aysén del general carlos ibáñez del campo,11,aysén,112,aysén,11201,94,9,2,7,7,1,6,2,1,1
33552,aysén del general carlos ibáñez del campo,11,aysén,112,aysén,11201,95,2,0,2,2,0,2,0,0,0
33553,aysén del general carlos ibáñez del campo,11,aysén,112,aysén,11201,96,5,2,3,4,1,3,1,1,0
33554,aysén del general carlos ibáñez del campo,11,aysén,112,aysén,11201,97,1,1,0,1,1,0,0,0,0
33555,aysén del general carlos ibáñez del campo,11,aysén,112,aysén,11201,98,2,0,2,2,0,2,0,0,0
33556,aysén del general carlos ibáñez del campo,11,aysén,112,aysén,11201,99,1,0,1,1,0,1,0,0,0
33557,aysén del general carlos ibáñez del campo,11,aysén,112,aysén,11201,100 o más,3,0,3,2,0,2,1,0,1
33558,aysén del general carlos ibáñez del campo,11,aysén,112,cisnes,11202,total comuna,6517,3922,2595,4114,2162,1952,2403,1760,643
33559,aysén del general carlos ibáñez del campo,11,aysén,112,cisnes,11202,0,70,36,34,56,26,30,14,10,4
33560,aysén del general carlos ibáñez del campo,11,aysén,112,cisnes,11202,1,69,36,33,54,29,25,15,7,8
33561,aysén del general carlos ibáñez del campo,11,aysén,112,cisnes,11202,2,61,22,39,47,17,30,14,5,9
33562,aysén del general carlos ibáñez del campo,11,aysén,112,cisnes,11202,3,70,39,31,59,31,28,11,8,3
33563,aysén del general carlos ibáñez del campo,11,aysén,112,cisnes,11202,4,103,57,46,71,41,30,32,16,16
33564,aysén del general carlos ibáñez del campo,11,aysén,112,cisnes,11202,5,80,34,46,66,25,41,14,9,5
33565,aysén del general carlos ibáñez del campo,11,aysén,112,cisnes,11202,6,84,44,40,67,37,30,17,7,10
33566,aysén del general carlos ibáñez del campo,11,aysén,112,cisnes,11202,7,103,57,46,83,47,36,20,10,10
33567,aysén del general carlos ibáñez del campo,11,aysén,112,cisnes,11202,8,103,62,41,83,51,32,20,11,9
33568,aysén del general carlos ibáñez del campo,11,aysén,112,cisnes,11202,9,83,38,45,63,31,32,20,7,13
33569,aysén del general carlos ibáñez del campo,11,aysén,112,cisnes,11202,10,76,32,44,63,26,37,13,6,7
33570,aysén del general carlos ibáñez del campo,11,aysén,112,cisnes,11202,11,108,66,42,79,41,38,29,25,4
33571,aysén del general carlos ibáñez del campo,11,aysén,112,cisnes,11202,12,64,25,39,55,22,33,9,3,6
33572,aysén del general carlos ibáñez del campo,11,aysén,112,cisnes,11202,13,77,39,38,59,31,28,18,8,10
33573,aysén del general carlos ibáñez del campo,11,aysén,112,cisnes,11202,14,83,45,38,71,38,33,12,7,5
33574,aysén del general carlos ibáñez del campo,11,aysén,112,cisnes,11202,15,72,37,35,57,28,29,15,9,6
33575,aysén del general carlos ibáñez del campo,11,aysén,112,cisnes,11202,16,69,34,35,62,31,31,7,3,4
33576,aysén del general carlos ibáñez del campo,11,aysén,112,cisnes,11202,17,65,33,32,55,29,26,10,4,6
33577,aysén del general carlos ibáñez del campo,11,aysén,112,cisnes,11202,18,37,22,15,27,16,11,10,6,4
33578,aysén del general carlos ibáñez del campo,11,aysén,112,cisnes,11202,19,44,31,13,24,15,9,20,16,4
33579,aysén del general carlos ibáñez del campo,11,aysén,112,cisnes,11202,20,45,26,19,27,11,16,18,15,3
33580,aysén del general carlos ibáñez del campo,11,aysén,112,cisnes,11202,21,52,31,21,32,17,15,20,14,6
33581,aysén del general carlos ibáñez del campo,11,aysén,112,cisnes,11202,22,74,43,31,48,23,25,26,20,6
33582,aysén del general carlos ibáñez del campo,11,aysén,112,cisnes,11202,23,94,65,29,61,40,21,33,25,8
33583,aysén del general carlos ibáñez del campo,11,aysén,112,cisnes,11202,24,105,50,55,60,24,36,45,26,19
33584,aysén del general carlos ibáñez del campo,11,aysén,112,cisnes,11202,25,124,76,48,78,42,36,46,34,12
33585,aysén del general carlos ibáñez del campo,11,aysén,112,cisnes,11202,26,133,70,63,86,37,49,47,33,14
33586,aysén del general carlos ibáñez del campo,11,aysén,112,cisnes,11202,27,148,89,59,100,49,51,48,40,8
33587,aysén del general carlos ibáñez del campo,11,aysén,112,cisnes,11202,28,146,99,47,78,46,32,68,53,15
33588,aysén del general carlos ibáñez del campo,11,aysén,112,cisnes,11202,29,124,84,40,71,38,33,53,46,7
33589,aysén del general carlos ibáñez del campo,11,aysén,112,cisnes,11202,30,129,72,57,70,29,41,59,43,16
33590,aysén del general carlos ibáñez del campo,11,aysén,112,cisnes,11202,31,124,73,51,76,39,37,48,34,14
33591,aysén del general carlos ibáñez del campo,11,aysén,112,cisnes,11202,32,122,82,40,60,26,34,62,56,6
33592,aysén del general carlos ibáñez del campo,11,aysén,112,cisnes,11202,33,122,74,48,73,37,36,49,37,12
33593,aysén del general carlos ibáñez del campo,11,aysén,112,cisnes,11202,34,133,94,39,65,39,26,68,55,13
33594,aysén del general carlos ibáñez del campo,11,aysén,112,cisnes,11202,35,130,80,50,89,48,41,41,32,9
33595,aysén del general carlos ibáñez del campo,11,aysén,112,cisnes,11202,36,122,84,38,76,46,30,46,38,8
33596,aysén del general carlos ibáñez del campo,11,aysén,112,cisnes,11202,37,112,68,44,65,28,37,47,40,7
33597,aysén del general carlos ibáñez del campo,11,aysén,112,cisnes,11202,38,103,59,44,58,27,31,45,32,13
33598,aysén del general carlos ibáñez del campo,11,aysén,112,cisnes,11202,39,102,65,37,50,25,25,52,40,12
33599,aysén del general carlos ibáñez del campo,11,aysén,112,cisnes,11202,40,130,93,37,75,43,32,55,50,5
33600,aysén del general carlos ibáñez del campo,11,aysén,112,cisnes,11202,41,112,81,31,68,45,23,44,36,8
33601,aysén del general carlos ibáñez del campo,11,aysén,112,cisnes,11202,42,108,68,40,55,27,28,53,41,12
33602,aysén del general carlos ibáñez del campo,11,aysén,112,cisnes,11202,43,96,66,30,41,21,20,55,45,10
33603,aysén del general carlos ibáñez del campo,11,aysén,112,cisnes,11202,44,118,90,28,60,38,22,58,52,6
33604,aysén del general carlos ibáñez del campo,11,aysén,112,cisnes,11202,45,104,74,30,70,46,24,34,28,6
33605,aysén del general carlos ibáñez del campo,11,aysén,112,cisnes,11202,46,101,56,45,63,29,34,38,27,11
33606,aysén del general carlos ibáñez del campo,11,aysén,112,cisnes,11202,47,118,75,43,67,32,35,51,43,8
33607,aysén del general carlos ibáñez del campo,11,aysén,112,cisnes,11202,48,109,72,37,64,38,26,45,34,11
33608,aysén del general carlos ibáñez del campo,11,aysén,112,cisnes,11202,49,111,74,37,55,31,24,56,43,13
33609,aysén del general carlos ibáñez del campo,11,aysén,112,cisnes,11202,50,121,88,33,65,37,28,56,51,5
33610,aysén del general carlos ibáñez del campo,11,aysén,112,cisnes,11202,51,109,76,33,61,39,22,48,37,11
33611,aysén del general carlos ibáñez del campo,11,aysén,112,cisnes,11202,52,100,70,30,63,42,21,37,28,9
33612,aysén del general carlos ibáñez del campo,11,aysén,112,cisnes,11202,53,103,60,43,53,26,27,50,34,16
33613,aysén del general carlos ibáñez del campo,11,aysén,112,cisnes,11202,54,104,72,32,54,33,21,50,39,11
33614,aysén del general carlos ibáñez del campo,11,aysén,112,cisnes,11202,55,70,47,23,39,21,18,31,26,5
33615,aysén del general carlos ibáñez del campo,11,aysén,112,cisnes,11202,56,68,38,30,41,21,20,27,17,10
33616,aysén del general carlos ibáñez del campo,11,aysén,112,cisnes,11202,57,75,47,28,43,24,19,32,23,9
33617,aysén del general carlos ibáñez del campo,11,aysén,112,cisnes,11202,58,76,52,24,47,29,18,29,23,6
33618,aysén del general carlos ibáñez del campo,11,aysén,112,cisnes,11202,59,63,32,31,40,20,20,23,12,11
33619,aysén del general carlos ibáñez del campo,11,aysén,112,cisnes,11202,60,73,49,24,44,28,16,29,21,8
33620,aysén del general carlos ibáñez del campo,11,aysén,112,cisnes,11202,61,66,36,30,38,20,18,28,16,12
33621,aysén del general carlos ibáñez del campo,11,aysén,112,cisnes,11202,62,47,23,24,24,9,15,23,14,9
33622,aysén del general carlos ibáñez del campo,11,aysén,112,cisnes,11202,63,49,30,19,30,15,15,19,15,4
33623,aysén del general carlos ibáñez del campo,11,aysén,112,cisnes,11202,64,51,32,19,27,16,11,24,16,8
33624,aysén del general carlos ibáñez del campo,11,aysén,112,cisnes,11202,65,41,21,20,29,12,17,12,9,3
33625,aysén del general carlos ibáñez del campo,11,aysén,112,cisnes,11202,66,44,20,24,25,11,14,19,9,10
33626,aysén del general carlos ibáñez del campo,11,aysén,112,cisnes,11202,67,33,18,15,24,11,13,9,7,2
33627,aysén del general carlos ibáñez del campo,11,aysén,112,cisnes,11202,68,38,22,16,27,14,13,11,8,3
33628,aysén del general carlos ibáñez del campo,11,aysén,112,cisnes,11202,69,36,21,15,26,14,12,10,7,3
33629,aysén del general carlos ibáñez del campo,11,aysén,112,cisnes,11202,70,18,11,7,10,4,6,8,7,1
33630,aysén del general carlos ibáñez del campo,11,aysén,112,cisnes,11202,71,17,12,5,10,7,3,7,5,2
33631,aysén del general carlos ibáñez del campo,11,aysén,112,cisnes,11202,72,19,8,11,13,3,10,6,5,1
33632,aysén del general carlos ibáñez del campo,11,aysén,112,cisnes,11202,73,23,14,9,15,9,6,8,5,3
33633,aysén del general carlos ibáñez del campo,11,aysén,112,cisnes,11202,74,27,16,11,16,10,6,11,6,5
33634,aysén del general carlos ibáñez del campo,11,aysén,112,cisnes,11202,75,29,14,15,16,7,9,13,7,6
33635,aysén del general carlos ibáñez del campo,11,aysén,112,cisnes,11202,76,13,5,8,8,3,5,5,2,3
33636,aysén del general carlos ibáñez del campo,11,aysén,112,cisnes,11202,77,11,7,4,6,6,0,5,1,4
33637,aysén del general carlos ibáñez del campo,11,aysén,112,cisnes,11202,78,13,8,5,8,5,3,5,3,2
33638,aysén del general carlos ibáñez del campo,11,aysén,112,cisnes,11202,79,12,5,7,7,3,4,5,2,3
33639,aysén del general carlos ibáñez del campo,11,aysén,112,cisnes,11202,80,13,8,5,10,7,3,3,1,2
33640,aysén del general carlos ibáñez del campo,11,aysén,112,cisnes,11202,81,11,7,4,6,4,2,5,3,2
33641,aysén del general carlos ibáñez del campo,11,aysén,112,cisnes,11202,82,14,9,5,10,7,3,4,2,2
33642,aysén del general carlos ibáñez del campo,11,aysén,112,cisnes,11202,83,3,0,3,2,0,2,1,0,1
33643,aysén del general carlos ibáñez del campo,11,aysén,112,cisnes,11202,84,9,5,4,4,2,2,5,3,2
33644,aysén del general carlos ibáñez del campo,11,aysén,112,cisnes,11202,85,10,2,8,8,2,6,2,0,2
33645,aysén del general carlos ibáñez del campo,11,aysén,112,cisnes,11202,86,7,4,3,4,2,2,3,2,1
33646,aysén del general carlos ibáñez del campo,11,aysén,112,cisnes,11202,87,9,2,7,7,2,5,2,0,2
33647,aysén del general carlos ibáñez del campo,11,aysén,112,cisnes,11202,88,7,4,3,4,2,2,3,2,1
33648,aysén del general carlos ibáñez del campo,11,aysén,112,cisnes,11202,89,2,1,1,2,1,1,0,0,0
33649,aysén del general carlos ibáñez del campo,11,aysén,112,cisnes,11202,90,4,2,2,0,0,0,4,2,2
33650,aysén del general carlos ibáñez del campo,11,aysén,112,cisnes,11202,91,0,0,0,0,0,0,0,0,0
33651,aysén del general carlos ibáñez del campo,11,aysén,112,cisnes,11202,92,2,0,2,2,0,2,0,0,0
33652,aysén del general carlos ibáñez del campo,11,aysén,112,cisnes,11202,93,0,0,0,0,0,0,0,0,0
33653,aysén del general carlos ibáñez del campo,11,aysén,112,cisnes,11202,94,1,1,0,1,1,0,0,0,0
33654,aysén del general carlos ibáñez del campo,11,aysén,112,cisnes,11202,95,2,0,2,2,0,2,0,0,0
33655,aysén del general carlos ibáñez del campo,11,aysén,112,cisnes,11202,96,1,0,1,1,0,1,0,0,0
33656,aysén del general carlos ibáñez del campo,11,aysén,112,cisnes,11202,97,0,0,0,0,0,0,0,0,0
33657,aysén del general carlos ibáñez del campo,11,aysén,112,cisnes,11202,98,0,0,0,0,0,0,0,0,0
33658,aysén del general carlos ibáñez del campo,11,aysén,112,cisnes,11202,99,0,0,0,0,0,0,0,0,0
33659,aysén del general carlos ibáñez del campo,11,aysén,112,cisnes,11202,100 o más,1,1,0,0,0,0,1,1,0
33660,aysén del general carlos ibáñez del campo,11,aysén,112,guaitecas,11203,total comuna,1843,1166,677,1705,1084,621,138,82,56
33661,aysén del general carlos ibáñez del campo,11,aysén,112,guaitecas,11203,0,14,7,7,14,7,7,0,0,0
33662,aysén del general carlos ibáñez del campo,11,aysén,112,guaitecas,11203,1,16,9,7,15,9,6,1,0,1
33663,aysén del general carlos ibáñez del campo,11,aysén,112,guaitecas,11203,2,30,18,12,26,15,11,4,3,1
33664,aysén del general carlos ibáñez del campo,11,aysén,112,guaitecas,11203,3,21,4,17,21,4,17,0,0,0
33665,aysén del general carlos ibáñez del campo,11,aysén,112,guaitecas,11203,4,20,10,10,19,10,9,1,0,1
33666,aysén del general carlos ibáñez del campo,11,aysén,112,guaitecas,11203,5,17,9,8,16,8,8,1,1,0
33667,aysén del general carlos ibáñez del campo,11,aysén,112,guaitecas,11203,6,26,15,11,21,10,11,5,5,0
33668,aysén del general carlos ibáñez del campo,11,aysén,112,guaitecas,11203,7,27,14,13,26,14,12,1,0,1
33669,aysén del general carlos ibáñez del campo,11,aysén,112,guaitecas,11203,8,24,16,8,22,15,7,2,1,1
33670,aysén del general carlos ibáñez del campo,11,aysén,112,guaitecas,11203,9,20,9,11,20,9,11,0,0,0
33671,aysén del general carlos ibáñez del campo,11,aysén,112,guaitecas,11203,10,24,13,11,20,10,10,4,3,1
33672,aysén del general carlos ibáñez del campo,11,aysén,112,guaitecas,11203,11,20,10,10,17,8,9,3,2,1
33673,aysén del general carlos ibáñez del campo,11,aysén,112,guaitecas,11203,12,25,15,10,23,13,10,2,2,0
33674,aysén del general carlos ibáñez del campo,11,aysén,112,guaitecas,11203,13,27,13,14,25,12,13,2,1,1
33675,aysén del general carlos ibáñez del campo,11,aysén,112,guaitecas,11203,14,20,9,11,20,9,11,0,0,0
33676,aysén del general carlos ibáñez del campo,11,aysén,112,guaitecas,11203,15,26,11,15,24,10,14,2,1,1
33677,aysén del general carlos ibáñez del campo,11,aysén,112,guaitecas,11203,16,23,8,15,21,8,13,2,0,2
33678,aysén del general carlos ibáñez del campo,11,aysén,112,guaitecas,11203,17,16,4,12,14,4,10,2,0,2
33679,aysén del general carlos ibáñez del campo,11,aysén,112,guaitecas,11203,18,14,10,4,13,9,4,1,1,0
33680,aysén del general carlos ibáñez del campo,11,aysén,112,guaitecas,11203,19,13,7,6,13,7,6,0,0,0
33681,aysén del general carlos ibáñez del campo,11,aysén,112,guaitecas,11203,20,16,6,10,14,6,8,2,0,2
33682,aysén del general carlos ibáñez del campo,11,aysén,112,guaitecas,11203,21,21,12,9,19,12,7,2,0,2
33683,aysén del general carlos ibáñez del campo,11,aysén,112,guaitecas,11203,22,17,15,2,16,14,2,1,1,0
33684,aysén del general carlos ibáñez del campo,11,aysén,112,guaitecas,11203,23,28,19,9,28,19,9,0,0,0
33685,aysén del general carlos ibáñez del campo,11,aysén,112,guaitecas,11203,24,35,29,6,35,29,6,0,0,0
33686,aysén del general carlos ibáñez del campo,11,aysén,112,guaitecas,11203,25,31,21,10,29,19,10,2,2,0
33687,aysén del general carlos ibáñez del campo,11,aysén,112,guaitecas,11203,26,42,27,15,41,27,14,1,0,1
33688,aysén del general carlos ibáñez del campo,11,aysén,112,guaitecas,11203,27,31,21,10,31,21,10,0,0,0
33689,aysén del general carlos ibáñez del campo,11,aysén,112,guaitecas,11203,28,52,30,22,50,29,21,2,1,1
33690,aysén del general carlos ibáñez del campo,11,aysén,112,guaitecas,11203,29,47,29,18,46,28,18,1,1,0
33691,aysén del general carlos ibáñez del campo,11,aysén,112,guaitecas,11203,30,33,26,7,31,24,7,2,2,0
33692,aysén del general carlos ibáñez del campo,11,aysén,112,guaitecas,11203,31,32,19,13,31,19,12,1,0,1
33693,aysén del general carlos ibáñez del campo,11,aysén,112,guaitecas,11203,32,39,27,12,38,26,12,1,1,0
33694,aysén del general carlos ibáñez del campo,11,aysén,112,guaitecas,11203,33,37,29,8,36,28,8,1,1,0
33695,aysén del general carlos ibáñez del campo,11,aysén,112,guaitecas,11203,34,49,35,14,48,34,14,1,1,0
33696,aysén del general carlos ibáñez del campo,11,aysén,112,guaitecas,11203,35,46,34,12,45,33,12,1,1,0
33697,aysén del general carlos ibáñez del campo,11,aysén,112,guaitecas,11203,36,40,28,12,37,26,11,3,2,1
33698,aysén del general carlos ibáñez del campo,11,aysén,112,guaitecas,11203,37,37,25,12,33,22,11,4,3,1
33699,aysén del general carlos ibáñez del campo,11,aysén,112,guaitecas,11203,38,33,26,7,31,25,6,2,1,1
33700,aysén del general carlos ibáñez del campo,11,aysén,112,guaitecas,11203,39,34,17,17,32,15,17,2,2,0
33701,aysén del general carlos ibáñez del campo,11,aysén,112,guaitecas,11203,40,34,25,9,28,21,7,6,4,2
33702,aysén del general carlos ibáñez del campo,11,aysén,112,guaitecas,11203,41,33,20,13,31,20,11,2,0,2
33703,aysén del general carlos ibáñez del campo,11,aysén,112,guaitecas,11203,42,33,26,7,28,24,4,5,2,3
33704,aysén del general carlos ibáñez del campo,11,aysén,112,guaitecas,11203,43,27,16,11,26,16,10,1,0,1
33705,aysén del general carlos ibáñez del campo,11,aysén,112,guaitecas,11203,44,29,22,7,28,21,7,1,1,0
33706,aysén del general carlos ibáñez del campo,11,aysén,112,guaitecas,11203,45,31,20,11,28,19,9,3,1,2
33707,aysén del general carlos ibáñez del campo,11,aysén,112,guaitecas,11203,46,29,20,9,26,19,7,3,1,2
33708,aysén del general carlos ibáñez del campo,11,aysén,112,guaitecas,11203,47,31,19,12,29,19,10,2,0,2
33709,aysén del general carlos ibáñez del campo,11,aysén,112,guaitecas,11203,48,44,35,9,41,32,9,3,3,0
33710,aysén del general carlos ibáñez del campo,11,aysén,112,guaitecas,11203,49,33,24,9,32,24,8,1,0,1
33711,aysén del general carlos ibáñez del campo,11,aysén,112,guaitecas,11203,50,32,24,8,30,22,8,2,2,0
33712,aysén del general carlos ibáñez del campo,11,aysén,112,guaitecas,11203,51,28,19,9,26,17,9,2,2,0
33713,aysén del general carlos ibáñez del campo,11,aysén,112,guaitecas,11203,52,23,15,8,20,13,7,3,2,1
33714,aysén del general carlos ibáñez del campo,11,aysén,112,guaitecas,11203,53,28,20,8,27,19,8,1,1,0
33715,aysén del general carlos ibáñez del campo,11,aysén,112,guaitecas,11203,54,16,10,6,13,9,4,3,1,2
33716,aysén del general carlos ibáñez del campo,11,aysén,112,guaitecas,11203,55,21,15,6,18,13,5,3,2,1
33717,aysén del general carlos ibáñez del campo,11,aysén,112,guaitecas,11203,56,24,15,9,22,14,8,2,1,1
33718,aysén del general carlos ibáñez del campo,11,aysén,112,guaitecas,11203,57,19,11,8,17,9,8,2,2,0
33719,aysén del general carlos ibáñez del campo,11,aysén,112,guaitecas,11203,58,9,8,1,9,8,1,0,0,0
33720,aysén del general carlos ibáñez del campo,11,aysén,112,guaitecas,11203,59,13,6,7,12,6,6,1,0,1
33721,aysén del general carlos ibáñez del campo,11,aysén,112,guaitecas,11203,60,13,10,3,11,8,3,2,2,0
33722,aysén del general carlos ibáñez del campo,11,aysén,112,guaitecas,11203,61,16,12,4,16,12,4,0,0,0
33723,aysén del general carlos ibáñez del campo,11,aysén,112,guaitecas,11203,62,13,5,8,12,5,7,1,0,1
33724,aysén del general carlos ibáñez del campo,11,aysén,112,guaitecas,11203,63,14,9,5,14,9,5,0,0,0
33725,aysén del general carlos ibáñez del campo,11,aysén,112,guaitecas,11203,64,7,5,2,6,4,2,1,1,0
33726,aysén del general carlos ibáñez del campo,11,aysén,112,guaitecas,11203,65,14,8,6,9,5,4,5,3,2
33727,aysén del general carlos ibáñez del campo,11,aysén,112,guaitecas,11203,66,13,7,6,11,5,6,2,2,0
33728,aysén del general carlos ibáñez del campo,11,aysén,112,guaitecas,11203,67,7,4,3,5,3,2,2,1,1
33729,aysén del general carlos ibáñez del campo,11,aysén,112,guaitecas,11203,68,8,4,4,6,3,3,2,1,1
33730,aysén del general carlos ibáñez del campo,11,aysén,112,guaitecas,11203,69,10,5,5,6,3,3,4,2,2
33731,aysén del general carlos ibáñez del campo,11,aysén,112,guaitecas,11203,70,5,2,3,5,2,3,0,0,0
33732,aysén del general carlos ibáñez del campo,11,aysén,112,guaitecas,11203,71,7,5,2,5,3,2,2,2,0
33733,aysén del general carlos ibáñez del campo,11,aysén,112,guaitecas,11203,72,4,2,2,3,1,2,1,1,0
33734,aysén del general carlos ibáñez del campo,11,aysén,112,guaitecas,11203,73,5,3,2,4,2,2,1,1,0
33735,aysén del general carlos ibáñez del campo,11,aysén,112,guaitecas,11203,74,2,1,1,1,1,0,1,0,1
33736,aysén del general carlos ibáñez del campo,11,aysén,112,guaitecas,11203,75,4,3,1,3,3,0,1,0,1
33737,aysén del general carlos ibáñez del campo,11,aysén,112,guaitecas,11203,76,6,3,3,6,3,3,0,0,0
33738,aysén del general carlos ibáñez del campo,11,aysén,112,guaitecas,11203,77,2,2,0,2,2,0,0,0,0
33739,aysén del general carlos ibáñez del campo,11,aysén,112,guaitecas,11203,78,5,4,1,5,4,1,0,0,0
33740,aysén del general carlos ibáñez del campo,11,aysén,112,guaitecas,11203,79,6,1,5,5,1,4,1,0,1
33741,aysén del general carlos ibáñez del campo,11,aysén,112,guaitecas,11203,80,9,8,1,8,7,1,1,1,0
33742,aysén del general carlos ibáñez del campo,11,aysén,112,guaitecas,11203,81,0,0,0,0,0,0,0,0,0
33743,aysén del general carlos ibáñez del campo,11,aysén,112,guaitecas,11203,82,2,1,1,1,1,0,1,0,1
33744,aysén del general carlos ibáñez del campo,11,aysén,112,guaitecas,11203,83,0,0,0,0,0,0,0,0,0
33745,aysén del general carlos ibáñez del campo,11,aysén,112,guaitecas,11203,84,4,2,2,3,2,1,1,0,1
33746,aysén del general carlos ibáñez del campo,11,aysén,112,guaitecas,11203,85,0,0,0,0,0,0,0,0,0
33747,aysén del general carlos ibáñez del campo,11,aysén,112,guaitecas,11203,86,1,1,0,1,1,0,0,0,0
33748,aysén del general carlos ibáñez del campo,11,aysén,112,guaitecas,11203,87,1,1,0,1,1,0,0,0,0
33749,aysén del general carlos ibáñez del campo,11,aysén,112,guaitecas,11203,88,0,0,0,0,0,0,0,0,0
33750,aysén del general carlos ibáñez del campo,11,aysén,112,guaitecas,11203,89,1,0,1,1,0,1,0,0,0
33751,aysén del general carlos ibáñez del campo,11,aysén,112,guaitecas,11203,90,1,0,1,1,0,1,0,0,0
33752,aysén del general carlos ibáñez del campo,11,aysén,112,guaitecas,11203,91,2,1,1,1,0,1,1,1,0
33753,aysén del general carlos ibáñez del campo,11,aysén,112,guaitecas,11203,92,0,0,0,0,0,0,0,0,0
33754,aysén del general carlos ibáñez del campo,11,aysén,112,guaitecas,11203,93,0,0,0,0,0,0,0,0,0
33755,aysén del general carlos ibáñez del campo,11,aysén,112,guaitecas,11203,94,0,0,0,0,0,0,0,0,0
33756,aysén del general carlos ibáñez del campo,11,aysén,112,guaitecas,11203,95,0,0,0,0,0,0,0,0,0
33757,aysén del general carlos ibáñez del campo,11,aysén,112,guaitecas,11203,96,1,1,0,1,1,0,0,0,0
33758,aysén del general carlos ibáñez del campo,11,aysén,112,guaitecas,11203,97,0,0,0,0,0,0,0,0,0
33759,aysén del general carlos ibáñez del campo,11,aysén,112,guaitecas,11203,98,0,0,0,0,0,0,0,0,0
33760,aysén del general carlos ibáñez del campo,11,aysén,112,guaitecas,11203,99,0,0,0,0,0,0,0,0,0
33761,aysén del general carlos ibáñez del campo,11,aysén,112,guaitecas,11203,100 o más,0,0,0,0,0,0,0,0,0
33762,aysén del general carlos ibáñez del campo,11,capitán prat,113,cochrane,11301,total comuna,3490,1902,1588,2841,1483,1358,649,419,230
33763,aysén del general carlos ibáñez del campo,11,capitán prat,113,cochrane,11301,0,36,22,14,31,20,11,5,2,3
33764,aysén del general carlos ibáñez del campo,11,capitán prat,113,cochrane,11301,1,53,31,22,48,29,19,5,2,3
33765,aysén del general carlos ibáñez del campo,11,capitán prat,113,cochrane,11301,2,51,28,23,45,24,21,6,4,2
33766,aysén del general carlos ibáñez del campo,11,capitán prat,113,cochrane,11301,3,47,28,19,39,24,15,8,4,4
33767,aysén del general carlos ibáñez del campo,11,capitán prat,113,cochrane,11301,4,47,25,22,46,25,21,1,0,1
33768,aysén del general carlos ibáñez del campo,11,capitán prat,113,cochrane,11301,5,45,23,22,34,18,16,11,5,6
33769,aysén del general carlos ibáñez del campo,11,capitán prat,113,cochrane,11301,6,58,30,28,52,26,26,6,4,2
33770,aysén del general carlos ibáñez del campo,11,capitán prat,113,cochrane,11301,7,56,26,30,46,21,25,10,5,5
33771,aysén del general carlos ibáñez del campo,11,capitán prat,113,cochrane,11301,8,50,26,24,41,23,18,9,3,6
33772,aysén del general carlos ibáñez del campo,11,capitán prat,113,cochrane,11301,9,54,28,26,49,25,24,5,3,2
33773,aysén del general carlos ibáñez del campo,11,capitán prat,113,cochrane,11301,10,49,22,27,42,19,23,7,3,4
33774,aysén del general carlos ibáñez del campo,11,capitán prat,113,cochrane,11301,11,57,30,27,55,28,27,2,2,0
33775,aysén del general carlos ibáñez del campo,11,capitán prat,113,cochrane,11301,12,51,22,29,47,20,27,4,2,2
33776,aysén del general carlos ibáñez del campo,11,capitán prat,113,cochrane,11301,13,36,19,17,31,17,14,5,2,3
33777,aysén del general carlos ibáñez del campo,11,capitán prat,113,cochrane,11301,14,38,17,21,35,16,19,3,1,2
33778,aysén del general carlos ibáñez del campo,11,capitán prat,113,cochrane,11301,15,51,29,22,46,26,20,5,3,2
33779,aysén del general carlos ibáñez del campo,11,capitán prat,113,cochrane,11301,16,59,33,26,56,30,26,3,3,0
33780,aysén del general carlos ibáñez del campo,11,capitán prat,113,cochrane,11301,17,41,23,18,39,21,18,2,2,0
33781,aysén del general carlos ibáñez del campo,11,capitán prat,113,cochrane,11301,18,37,21,16,30,14,16,7,7,0
33782,aysén del general carlos ibáñez del campo,11,capitán prat,113,cochrane,11301,19,53,36,17,45,28,17,8,8,0
33783,aysén del general carlos ibáñez del campo,11,capitán prat,113,cochrane,11301,20,36,20,16,28,16,12,8,4,4
33784,aysén del general carlos ibáñez del campo,11,capitán prat,113,cochrane,11301,21,28,16,12,26,16,10,2,0,2
33785,aysén del general carlos ibáñez del campo,11,capitán prat,113,cochrane,11301,22,52,32,20,46,29,17,6,3,3
33786,aysén del general carlos ibáñez del campo,11,capitán prat,113,cochrane,11301,23,77,58,19,73,55,18,4,3,1
33787,aysén del general carlos ibáñez del campo,11,capitán prat,113,cochrane,11301,24,48,35,13,39,28,11,9,7,2
33788,aysén del general carlos ibáñez del campo,11,capitán prat,113,cochrane,11301,25,59,25,34,50,21,29,9,4,5
33789,aysén del general carlos ibáñez del campo,11,capitán prat,113,cochrane,11301,26,50,27,23,38,17,21,12,10,2
33790,aysén del general carlos ibáñez del campo,11,capitán prat,113,cochrane,11301,27,57,26,31,44,19,25,13,7,6
33791,aysén del general carlos ibáñez del campo,11,capitán prat,113,cochrane,11301,28,59,36,23,44,26,18,15,10,5
33792,aysén del general carlos ibáñez del campo,11,capitán prat,113,cochrane,11301,29,66,28,38,53,20,33,13,8,5
33793,aysén del general carlos ibáñez del campo,11,capitán prat,113,cochrane,11301,30,65,34,31,54,27,27,11,7,4
33794,aysén del general carlos ibáñez del campo,11,capitán prat,113,cochrane,11301,31,81,50,31,69,40,29,12,10,2
33795,aysén del general carlos ibáñez del campo,11,capitán prat,113,cochrane,11301,32,63,36,27,51,26,25,12,10,2
33796,aysén del general carlos ibáñez del campo,11,capitán prat,113,cochrane,11301,33,58,30,28,49,23,26,9,7,2
33797,aysén del general carlos ibáñez del campo,11,capitán prat,113,cochrane,11301,34,56,29,27,44,20,24,12,9,3
33798,aysén del general carlos ibáñez del campo,11,capitán prat,113,cochrane,11301,35,59,32,27,50,26,24,9,6,3
33799,aysén del general carlos ibáñez del campo,11,capitán prat,113,cochrane,11301,36,66,30,36,54,23,31,12,7,5
33800,aysén del general carlos ibáñez del campo,11,capitán prat,113,cochrane,11301,37,50,26,24,38,19,19,12,7,5
33801,aysén del general carlos ibáñez del campo,11,capitán prat,113,cochrane,11301,38,59,31,28,54,28,26,5,3,2
33802,aysén del general carlos ibáñez del campo,11,capitán prat,113,cochrane,11301,39,50,21,29,39,15,24,11,6,5
33803,aysén del general carlos ibáñez del campo,11,capitán prat,113,cochrane,11301,40,53,28,25,38,20,18,15,8,7
33804,aysén del general carlos ibáñez del campo,11,capitán prat,113,cochrane,11301,41,52,29,23,39,19,20,13,10,3
33805,aysén del general carlos ibáñez del campo,11,capitán prat,113,cochrane,11301,42,48,30,18,37,22,15,11,8,3
33806,aysén del general carlos ibáñez del campo,11,capitán prat,113,cochrane,11301,43,47,26,21,40,20,20,7,6,1
33807,aysén del general carlos ibáñez del campo,11,capitán prat,113,cochrane,11301,44,52,29,23,38,18,20,14,11,3
33808,aysén del general carlos ibáñez del campo,11,capitán prat,113,cochrane,11301,45,47,24,23,37,17,20,10,7,3
33809,aysén del general carlos ibáñez del campo,11,capitán prat,113,cochrane,11301,46,52,31,21,43,26,17,9,5,4
33810,aysén del general carlos ibáñez del campo,11,capitán prat,113,cochrane,11301,47,49,32,17,38,24,14,11,8,3
33811,aysén del general carlos ibáñez del campo,11,capitán prat,113,cochrane,11301,48,42,25,17,33,19,14,9,6,3
33812,aysén del general carlos ibáñez del campo,11,capitán prat,113,cochrane,11301,49,44,22,22,38,16,22,6,6,0
33813,aysén del general carlos ibáñez del campo,11,capitán prat,113,cochrane,11301,50,41,26,15,36,21,15,5,5,0
33814,aysén del general carlos ibáñez del campo,11,capitán prat,113,cochrane,11301,51,41,21,20,35,17,18,6,4,2
33815,aysén del general carlos ibáñez del campo,11,capitán prat,113,cochrane,11301,52,31,21,10,24,15,9,7,6,1
33816,aysén del general carlos ibáñez del campo,11,capitán prat,113,cochrane,11301,53,44,28,16,34,20,14,10,8,2
33817,aysén del general carlos ibáñez del campo,11,capitán prat,113,cochrane,11301,54,51,23,28,41,17,24,10,6,4
33818,aysén del general carlos ibáñez del campo,11,capitán prat,113,cochrane,11301,55,39,25,14,36,24,12,3,1,2
33819,aysén del general carlos ibáñez del campo,11,capitán prat,113,cochrane,11301,56,42,25,17,32,19,13,10,6,4
33820,aysén del general carlos ibáñez del campo,11,capitán prat,113,cochrane,11301,57,39,23,16,28,15,13,11,8,3
33821,aysén del general carlos ibáñez del campo,11,capitán prat,113,cochrane,11301,58,35,23,12,26,17,9,9,6,3
33822,aysén del general carlos ibáñez del campo,11,capitán prat,113,cochrane,11301,59,39,22,17,30,16,14,9,6,3
33823,aysén del general carlos ibáñez del campo,11,capitán prat,113,cochrane,11301,60,28,12,16,17,4,13,11,8,3
33824,aysén del general carlos ibáñez del campo,11,capitán prat,113,cochrane,11301,61,39,23,16,29,17,12,10,6,4
33825,aysén del general carlos ibáñez del campo,11,capitán prat,113,cochrane,11301,62,39,19,20,27,12,15,12,7,5
33826,aysén del general carlos ibáñez del campo,11,capitán prat,113,cochrane,11301,63,24,16,8,18,11,7,6,5,1
33827,aysén del general carlos ibáñez del campo,11,capitán prat,113,cochrane,11301,64,36,16,20,23,8,15,13,8,5
33828,aysén del general carlos ibáñez del campo,11,capitán prat,113,cochrane,11301,65,25,12,13,15,4,11,10,8,2
33829,aysén del general carlos ibáñez del campo,11,capitán prat,113,cochrane,11301,66,23,11,12,13,5,8,10,6,4
33830,aysén del general carlos ibáñez del campo,11,capitán prat,113,cochrane,11301,67,24,13,11,13,7,6,11,6,5
33831,aysén del general carlos ibáñez del campo,11,capitán prat,113,cochrane,11301,68,16,11,5,9,7,2,7,4,3
33832,aysén del general carlos ibáñez del campo,11,capitán prat,113,cochrane,11301,69,11,7,4,5,2,3,6,5,1
33833,aysén del general carlos ibáñez del campo,11,capitán prat,113,cochrane,11301,70,15,9,6,10,5,5,5,4,1
33834,aysén del general carlos ibáñez del campo,11,capitán prat,113,cochrane,11301,71,25,11,14,17,8,9,8,3,5
33835,aysén del general carlos ibáñez del campo,11,capitán prat,113,cochrane,11301,72,16,6,10,13,6,7,3,0,3
33836,aysén del general carlos ibáñez del campo,11,capitán prat,113,cochrane,11301,73,9,5,4,6,2,4,3,3,0
33837,aysén del general carlos ibáñez del campo,11,capitán prat,113,cochrane,11301,74,19,8,11,12,5,7,7,3,4
33838,aysén del general carlos ibáñez del campo,11,capitán prat,113,cochrane,11301,75,12,5,7,10,3,7,2,2,0
33839,aysén del general carlos ibáñez del campo,11,capitán prat,113,cochrane,11301,76,22,7,15,15,3,12,7,4,3
33840,aysén del general carlos ibáñez del campo,11,capitán prat,113,cochrane,11301,77,16,10,6,10,6,4,6,4,2
33841,aysén del general carlos ibáñez del campo,11,capitán prat,113,cochrane,11301,78,18,13,5,15,12,3,3,1,2
33842,aysén del general carlos ibáñez del campo,11,capitán prat,113,cochrane,11301,79,11,5,6,6,3,3,5,2,3
33843,aysén del general carlos ibáñez del campo,11,capitán prat,113,cochrane,11301,80,6,3,3,5,2,3,1,1,0
33844,aysén del general carlos ibáñez del campo,11,capitán prat,113,cochrane,11301,81,10,2,8,8,1,7,2,1,1
33845,aysén del general carlos ibáñez del campo,11,capitán prat,113,cochrane,11301,82,6,5,1,5,4,1,1,1,0
33846,aysén del general carlos ibáñez del campo,11,capitán prat,113,cochrane,11301,83,8,3,5,8,3,5,0,0,0
33847,aysén del general carlos ibáñez del campo,11,capitán prat,113,cochrane,11301,84,10,6,4,9,5,4,1,1,0
33848,aysén del general carlos ibáñez del campo,11,capitán prat,113,cochrane,11301,85,2,2,0,1,1,0,1,1,0
33849,aysén del general carlos ibáñez del campo,11,capitán prat,113,cochrane,11301,86,2,0,2,2,0,2,0,0,0
33850,aysén del general carlos ibáñez del campo,11,capitán prat,113,cochrane,11301,87,5,2,3,4,2,2,1,0,1
33851,aysén del general carlos ibáñez del campo,11,capitán prat,113,cochrane,11301,88,5,1,4,5,1,4,0,0,0
33852,aysén del general carlos ibáñez del campo,11,capitán prat,113,cochrane,11301,89,0,0,0,0,0,0,0,0,0
33853,aysén del general carlos ibáñez del campo,11,capitán prat,113,cochrane,11301,90,2,2,0,1,1,0,1,1,0
33854,aysén del general carlos ibáñez del campo,11,capitán prat,113,cochrane,11301,91,0,0,0,0,0,0,0,0,0
33855,aysén del general carlos ibáñez del campo,11,capitán prat,113,cochrane,11301,92,2,2,0,2,2,0,0,0,0
33856,aysén del general carlos ibáñez del campo,11,capitán prat,113,cochrane,11301,93,0,0,0,0,0,0,0,0,0
33857,aysén del general carlos ibáñez del campo,11,capitán prat,113,cochrane,11301,94,1,0,1,1,0,1,0,0,0
33858,aysén del general carlos ibáñez del campo,11,capitán prat,113,cochrane,11301,95,3,1,2,2,1,1,1,0,1
33859,aysén del general carlos ibáñez del campo,11,capitán prat,113,cochrane,11301,96,0,0,0,0,0,0,0,0,0
33860,aysén del general carlos ibáñez del campo,11,capitán prat,113,cochrane,11301,97,0,0,0,0,0,0,0,0,0
33861,aysén del general carlos ibáñez del campo,11,capitán prat,113,cochrane,11301,98,2,0,2,1,0,1,1,0,1
33862,aysén del general carlos ibáñez del campo,11,capitán prat,113,cochrane,11301,99,0,0,0,0,0,0,0,0,0
33863,aysén del general carlos ibáñez del campo,11,capitán prat,113,cochrane,11301,100 o más,2,0,2,1,0,1,1,0,1
33864,aysén del general carlos ibáñez del campo,11,capitán prat,113,o'higgins,11302,total comuna,625,374,251,0,0,0,625,374,251
33865,aysén del general carlos ibáñez del campo,11,capitán prat,113,o'higgins,11302,0,7,4,3,0,0,0,7,4,3
33866,aysén del general carlos ibáñez del campo,11,capitán prat,113,o'higgins,11302,1,15,9,6,0,0,0,15,9,6
33867,aysén del general carlos ibáñez del campo,11,capitán prat,113,o'higgins,11302,2,11,6,5,0,0,0,11,6,5
33868,aysén del general carlos ibáñez del campo,11,capitán prat,113,o'higgins,11302,3,6,3,3,0,0,0,6,3,3
33869,aysén del general carlos ibáñez del campo,11,capitán prat,113,o'higgins,11302,4,8,5,3,0,0,0,8,5,3
33870,aysén del general carlos ibáñez del campo,11,capitán prat,113,o'higgins,11302,5,8,5,3,0,0,0,8,5,3
33871,aysén del general carlos ibáñez del campo,11,capitán prat,113,o'higgins,11302,6,10,7,3,0,0,0,10,7,3
33872,aysén del general carlos ibáñez del campo,11,capitán prat,113,o'higgins,11302,7,10,3,7,0,0,0,10,3,7
33873,aysén del general carlos ibáñez del campo,11,capitán prat,113,o'higgins,11302,8,11,4,7,0,0,0,11,4,7
33874,aysén del general carlos ibáñez del campo,11,capitán prat,113,o'higgins,11302,9,11,2,9,0,0,0,11,2,9
33875,aysén del general carlos ibáñez del campo,11,capitán prat,113,o'higgins,11302,10,13,4,9,0,0,0,13,4,9
33876,aysén del general carlos ibáñez del campo,11,capitán prat,113,o'higgins,11302,11,10,3,7,0,0,0,10,3,7
33877,aysén del general carlos ibáñez del campo,11,capitán prat,113,o'higgins,11302,12,5,4,1,0,0,0,5,4,1
33878,aysén del general carlos ibáñez del campo,11,capitán prat,113,o'higgins,11302,13,5,2,3,0,0,0,5,2,3
33879,aysén del general carlos ibáñez del campo,11,capitán prat,113,o'higgins,11302,14,5,4,1,0,0,0,5,4,1
33880,aysén del general carlos ibáñez del campo,11,capitán prat,113,o'higgins,11302,15,3,2,1,0,0,0,3,2,1
33881,aysén del general carlos ibáñez del campo,11,capitán prat,113,o'higgins,11302,16,1,0,1,0,0,0,1,0,1
33882,aysén del general carlos ibáñez del campo,11,capitán prat,113,o'higgins,11302,17,1,0,1,0,0,0,1,0,1
33883,aysén del general carlos ibáñez del campo,11,capitán prat,113,o'higgins,11302,18,1,1,0,0,0,0,1,1,0
33884,aysén del general carlos ibáñez del campo,11,capitán prat,113,o'higgins,11302,19,3,0,3,0,0,0,3,0,3
33885,aysén del general carlos ibáñez del campo,11,capitán prat,113,o'higgins,11302,20,6,4,2,0,0,0,6,4,2
33886,aysén del general carlos ibáñez del campo,11,capitán prat,113,o'higgins,11302,21,10,5,5,0,0,0,10,5,5
33887,aysén del general carlos ibáñez del campo,11,capitán prat,113,o'higgins,11302,22,7,5,2,0,0,0,7,5,2
33888,aysén del general carlos ibáñez del campo,11,capitán prat,113,o'higgins,11302,23,10,5,5,0,0,0,10,5,5
33889,aysén del general carlos ibáñez del campo,11,capitán prat,113,o'higgins,11302,24,7,4,3,0,0,0,7,4,3
33890,aysén del general carlos ibáñez del campo,11,capitán prat,113,o'higgins,11302,25,7,4,3,0,0,0,7,4,3
33891,aysén del general carlos ibáñez del campo,11,capitán prat,113,o'higgins,11302,26,17,6,11,0,0,0,17,6,11
33892,aysén del general carlos ibáñez del campo,11,capitán prat,113,o'higgins,11302,27,13,7,6,0,0,0,13,7,6
33893,aysén del general carlos ibáñez del campo,11,capitán prat,113,o'higgins,11302,28,21,12,9,0,0,0,21,12,9
33894,aysén del general carlos ibáñez del campo,11,capitán prat,113,o'higgins,11302,29,26,15,11,0,0,0,26,15,11
33895,aysén del general carlos ibáñez del campo,11,capitán prat,113,o'higgins,11302,30,21,12,9,0,0,0,21,12,9
33896,aysén del general carlos ibáñez del campo,11,capitán prat,113,o'higgins,11302,31,10,6,4,0,0,0,10,6,4
33897,aysén del general carlos ibáñez del campo,11,capitán prat,113,o'higgins,11302,32,14,11,3,0,0,0,14,11,3
33898,aysén del general carlos ibáñez del campo,11,capitán prat,113,o'higgins,11302,33,11,7,4,0,0,0,11,7,4
33899,aysén del general carlos ibáñez del campo,11,capitán prat,113,o'higgins,11302,34,10,7,3,0,0,0,10,7,3
33900,aysén del general carlos ibáñez del campo,11,capitán prat,113,o'higgins,11302,35,13,9,4,0,0,0,13,9,4
33901,aysén del general carlos ibáñez del campo,11,capitán prat,113,o'higgins,11302,36,7,3,4,0,0,0,7,3,4
33902,aysén del general carlos ibáñez del campo,11,capitán prat,113,o'higgins,11302,37,11,7,4,0,0,0,11,7,4
33903,aysén del general carlos ibáñez del campo,11,capitán prat,113,o'higgins,11302,38,7,4,3,0,0,0,7,4,3
33904,aysén del general carlos ibáñez del campo,11,capitán prat,113,o'higgins,11302,39,8,6,2,0,0,0,8,6,2
33905,aysén del general carlos ibáñez del campo,11,capitán prat,113,o'higgins,11302,40,9,8,1,0,0,0,9,8,1
33906,aysén del general carlos ibáñez del campo,11,capitán prat,113,o'higgins,11302,41,7,4,3,0,0,0,7,4,3
33907,aysén del general carlos ibáñez del campo,11,capitán prat,113,o'higgins,11302,42,14,9,5,0,0,0,14,9,5
33908,aysén del general carlos ibáñez del campo,11,capitán prat,113,o'higgins,11302,43,9,7,2,0,0,0,9,7,2
33909,aysén del general carlos ibáñez del campo,11,capitán prat,113,o'higgins,11302,44,13,8,5,0,0,0,13,8,5
33910,aysén del general carlos ibáñez del campo,11,capitán prat,113,o'higgins,11302,45,6,2,4,0,0,0,6,2,4
33911,aysén del general carlos ibáñez del campo,11,capitán prat,113,o'higgins,11302,46,13,7,6,0,0,0,13,7,6
33912,aysén del general carlos ibáñez del campo,11,capitán prat,113,o'higgins,11302,47,8,6,2,0,0,0,8,6,2
33913,aysén del general carlos ibáñez del campo,11,capitán prat,113,o'higgins,11302,48,8,4,4,0,0,0,8,4,4
33914,aysén del general carlos ibáñez del campo,11,capitán prat,113,o'higgins,11302,49,9,7,2,0,0,0,9,7,2
33915,aysén del general carlos ibáñez del campo,11,capitán prat,113,o'higgins,11302,50,7,5,2,0,0,0,7,5,2
33916,aysén del general carlos ibáñez del campo,11,capitán prat,113,o'higgins,11302,51,6,4,2,0,0,0,6,4,2
33917,aysén del general carlos ibáñez del campo,11,capitán prat,113,o'higgins,11302,52,8,5,3,0,0,0,8,5,3
33918,aysén del general carlos ibáñez del campo,11,capitán prat,113,o'higgins,11302,53,7,5,2,0,0,0,7,5,2
33919,aysén del general carlos ibáñez del campo,11,capitán prat,113,o'higgins,11302,54,5,3,2,0,0,0,5,3,2
33920,aysén del general carlos ibáñez del campo,11,capitán prat,113,o'higgins,11302,55,9,7,2,0,0,0,9,7,2
33921,aysén del general carlos ibáñez del campo,11,capitán prat,113,o'higgins,11302,56,12,7,5,0,0,0,12,7,5
33922,aysén del general carlos ibáñez del campo,11,capitán prat,113,o'higgins,11302,57,9,8,1,0,0,0,9,8,1
33923,aysén del general carlos ibáñez del campo,11,capitán prat,113,o'higgins,11302,58,7,4,3,0,0,0,7,4,3
33924,aysén del general carlos ibáñez del campo,11,capitán prat,113,o'higgins,11302,59,10,7,3,0,0,0,10,7,3
33925,aysén del general carlos ibáñez del campo,11,capitán prat,113,o'higgins,11302,60,8,7,1,0,0,0,8,7,1
33926,aysén del general carlos ibáñez del campo,11,capitán prat,113,o'higgins,11302,61,7,4,3,0,0,0,7,4,3
33927,aysén del general carlos ibáñez del campo,11,capitán prat,113,o'higgins,11302,62,3,2,1,0,0,0,3,2,1
33928,aysén del general carlos ibáñez del campo,11,capitán prat,113,o'higgins,11302,63,5,5,0,0,0,0,5,5,0
33929,aysén del general carlos ibáñez del campo,11,capitán prat,113,o'higgins,11302,64,3,2,1,0,0,0,3,2,1
33930,aysén del general carlos ibáñez del campo,11,capitán prat,113,o'higgins,11302,65,5,3,2,0,0,0,5,3,2
33931,aysén del general carlos ibáñez del campo,11,capitán prat,113,o'higgins,11302,66,6,5,1,0,0,0,6,5,1
33932,aysén del general carlos ibáñez del campo,11,capitán prat,113,o'higgins,11302,67,3,3,0,0,0,0,3,3,0
33933,aysén del general carlos ibáñez del campo,11,capitán prat,113,o'higgins,11302,68,1,0,1,0,0,0,1,0,1
33934,aysén del general carlos ibáñez del campo,11,capitán prat,113,o'higgins,11302,69,3,2,1,0,0,0,3,2,1
33935,aysén del general carlos ibáñez del campo,11,capitán prat,113,o'higgins,11302,70,3,3,0,0,0,0,3,3,0
33936,aysén del general carlos ibáñez del campo,11,capitán prat,113,o'higgins,11302,71,2,0,2,0,0,0,2,0,2
33937,aysén del general carlos ibáñez del campo,11,capitán prat,113,o'higgins,11302,72,5,4,1,0,0,0,5,4,1
33938,aysén del general carlos ibáñez del campo,11,capitán prat,113,o'higgins,11302,73,0,0,0,0,0,0,0,0,0
33939,aysén del general carlos ibáñez del campo,11,capitán prat,113,o'higgins,11302,74,4,3,1,0,0,0,4,3,1
33940,aysén del general carlos ibáñez del campo,11,capitán prat,113,o'higgins,11302,75,1,1,0,0,0,0,1,1,0
33941,aysén del general carlos ibáñez del campo,11,capitán prat,113,o'higgins,11302,76,2,1,1,0,0,0,2,1,1
33942,aysén del general carlos ibáñez del campo,11,capitán prat,113,o'higgins,11302,77,1,1,0,0,0,0,1,1,0
33943,aysén del general carlos ibáñez del campo,11,capitán prat,113,o'higgins,11302,78,0,0,0,0,0,0,0,0,0
33944,aysén del general carlos ibáñez del campo,11,capitán prat,113,o'higgins,11302,79,1,1,0,0,0,0,1,1,0
33945,aysén del general carlos ibáñez del campo,11,capitán prat,113,o'higgins,11302,80,0,0,0,0,0,0,0,0,0
33946,aysén del general carlos ibáñez del campo,11,capitán prat,113,o'higgins,11302,81,1,1,0,0,0,0,1,1,0
33947,aysén del general carlos ibáñez del campo,11,capitán prat,113,o'higgins,11302,82,2,1,1,0,0,0,2,1,1
33948,aysén del general carlos ibáñez del campo,11,capitán prat,113,o'higgins,11302,83,0,0,0,0,0,0,0,0,0
33949,aysén del general carlos ibáñez del campo,11,capitán prat,113,o'higgins,11302,84,0,0,0,0,0,0,0,0,0
33950,aysén del general carlos ibáñez del campo,11,capitán prat,113,o'higgins,11302,85,0,0,0,0,0,0,0,0,0
33951,aysén del general carlos ibáñez del campo,11,capitán prat,113,o'higgins,11302,86,0,0,0,0,0,0,0,0,0
33952,aysén del general carlos ibáñez del campo,11,capitán prat,113,o'higgins,11302,87,1,1,0,0,0,0,1,1,0
33953,aysén del general carlos ibáñez del campo,11,capitán prat,113,o'higgins,11302,88,0,0,0,0,0,0,0,0,0
33954,aysén del general carlos ibáñez del campo,11,capitán prat,113,o'higgins,11302,89,1,0,1,0,0,0,1,0,1
33955,aysén del general carlos ibáñez del campo,11,capitán prat,113,o'higgins,11302,90,0,0,0,0,0,0,0,0,0
33956,aysén del general carlos ibáñez del campo,11,capitán prat,113,o'higgins,11302,91,0,0,0,0,0,0,0,0,0
33957,aysén del general carlos ibáñez del campo,11,capitán prat,113,o'higgins,11302,92,0,0,0,0,0,0,0,0,0
33958,aysén del general carlos ibáñez del campo,11,capitán prat,113,o'higgins,11302,93,0,0,0,0,0,0,0,0,0
33959,aysén del general carlos ibáñez del campo,11,capitán prat,113,o'higgins,11302,94,0,0,0,0,0,0,0,0,0
33960,aysén del general carlos ibáñez del campo,11,capitán prat,113,o'higgins,11302,95,0,0,0,0,0,0,0,0,0
33961,aysén del general carlos ibáñez del campo,11,capitán prat,113,o'higgins,11302,96,0,0,0,0,0,0,0,0,0
33962,aysén del general carlos ibáñez del campo,11,capitán prat,113,o'higgins,11302,97,0,0,0,0,0,0,0,0,0
33963,aysén del general carlos ibáñez del campo,11,capitán prat,113,o'higgins,11302,98,0,0,0,0,0,0,0,0,0
33964,aysén del general carlos ibáñez del campo,11,capitán prat,113,o'higgins,11302,99,0,0,0,0,0,0,0,0,0
33965,aysén del general carlos ibáñez del campo,11,capitán prat,113,o'higgins,11302,100 o más,1,0,1,0,0,0,1,0,1
33966,aysén del general carlos ibáñez del campo,11,capitán prat,113,tortel,11303,total comuna,523,285,238,0,0,0,523,285,238
33967,aysén del general carlos ibáñez del campo,11,capitán prat,113,tortel,11303,0,8,4,4,0,0,0,8,4,4
33968,aysén del general carlos ibáñez del campo,11,capitán prat,113,tortel,11303,1,7,1,6,0,0,0,7,1,6
33969,aysén del general carlos ibáñez del campo,11,capitán prat,113,tortel,11303,2,14,5,9,0,0,0,14,5,9
33970,aysén del general carlos ibáñez del campo,11,capitán prat,113,tortel,11303,3,13,6,7,0,0,0,13,6,7
33971,aysén del general carlos ibáñez del campo,11,capitán prat,113,tortel,11303,4,8,2,6,0,0,0,8,2,6
33972,aysén del general carlos ibáñez del campo,11,capitán prat,113,tortel,11303,5,8,5,3,0,0,0,8,5,3
33973,aysén del general carlos ibáñez del campo,11,capitán prat,113,tortel,11303,6,8,4,4,0,0,0,8,4,4
33974,aysén del general carlos ibáñez del campo,11,capitán prat,113,tortel,11303,7,7,4,3,0,0,0,7,4,3
33975,aysén del general carlos ibáñez del campo,11,capitán prat,113,tortel,11303,8,7,6,1,0,0,0,7,6,1
33976,aysén del general carlos ibáñez del campo,11,capitán prat,113,tortel,11303,9,8,7,1,0,0,0,8,7,1
33977,aysén del general carlos ibáñez del campo,11,capitán prat,113,tortel,11303,10,9,3,6,0,0,0,9,3,6
33978,aysén del general carlos ibáñez del campo,11,capitán prat,113,tortel,11303,11,10,3,7,0,0,0,10,3,7
33979,aysén del general carlos ibáñez del campo,11,capitán prat,113,tortel,11303,12,6,3,3,0,0,0,6,3,3
33980,aysén del general carlos ibáñez del campo,11,capitán prat,113,tortel,11303,13,5,2,3,0,0,0,5,2,3
33981,aysén del general carlos ibáñez del campo,11,capitán prat,113,tortel,11303,14,5,2,3,0,0,0,5,2,3
33982,aysén del general carlos ibáñez del campo,11,capitán prat,113,tortel,11303,15,5,3,2,0,0,0,5,3,2
33983,aysén del general carlos ibáñez del campo,11,capitán prat,113,tortel,11303,16,2,0,2,0,0,0,2,0,2
33984,aysén del general carlos ibáñez del campo,11,capitán prat,113,tortel,11303,17,3,0,3,0,0,0,3,0,3
33985,aysén del general carlos ibáñez del campo,11,capitán prat,113,tortel,11303,18,2,2,0,0,0,0,2,2,0
33986,aysén del general carlos ibáñez del campo,11,capitán prat,113,tortel,11303,19,2,1,1,0,0,0,2,1,1
33987,aysén del general carlos ibáñez del campo,11,capitán prat,113,tortel,11303,20,3,2,1,0,0,0,3,2,1
33988,aysén del general carlos ibáñez del campo,11,capitán prat,113,tortel,11303,21,6,3,3,0,0,0,6,3,3
33989,aysén del general carlos ibáñez del campo,11,capitán prat,113,tortel,11303,22,9,3,6,0,0,0,9,3,6
33990,aysén del general carlos ibáñez del campo,11,capitán prat,113,tortel,11303,23,9,5,4,0,0,0,9,5,4
33991,aysén del general carlos ibáñez del campo,11,capitán prat,113,tortel,11303,24,6,2,4,0,0,0,6,2,4
33992,aysén del general carlos ibáñez del campo,11,capitán prat,113,tortel,11303,25,13,7,6,0,0,0,13,7,6
33993,aysén del general carlos ibáñez del campo,11,capitán prat,113,tortel,11303,26,8,4,4,0,0,0,8,4,4
33994,aysén del general carlos ibáñez del campo,11,capitán prat,113,tortel,11303,27,14,6,8,0,0,0,14,6,8
33995,aysén del general carlos ibáñez del campo,11,capitán prat,113,tortel,11303,28,9,4,5,0,0,0,9,4,5
33996,aysén del general carlos ibáñez del campo,11,capitán prat,113,tortel,11303,29,8,7,1,0,0,0,8,7,1
33997,aysén del general carlos ibáñez del campo,11,capitán prat,113,tortel,11303,30,11,7,4,0,0,0,11,7,4
33998,aysén del general carlos ibáñez del campo,11,capitán prat,113,tortel,11303,31,11,3,8,0,0,0,11,3,8
33999,aysén del general carlos ibáñez del campo,11,capitán prat,113,tortel,11303,32,16,9,7,0,0,0,16,9,7
34000,aysén del general carlos ibáñez del campo,11,capitán prat,113,tortel,11303,33,15,10,5,0,0,0,15,10,5
34001,aysén del general carlos ibáñez del campo,11,capitán prat,113,tortel,11303,34,6,3,3,0,0,0,6,3,3
34002,aysén del general carlos ibáñez del campo,11,capitán prat,113,tortel,11303,35,6,2,4,0,0,0,6,2,4
34003,aysén del general carlos ibáñez del campo,11,capitán prat,113,tortel,11303,36,12,6,6,0,0,0,12,6,6
34004,aysén del general carlos ibáñez del campo,11,capitán prat,113,tortel,11303,37,16,11,5,0,0,0,16,11,5
34005,aysén del general carlos ibáñez del campo,11,capitán prat,113,tortel,11303,38,6,4,2,0,0,0,6,4,2
34006,aysén del general carlos ibáñez del campo,11,capitán prat,113,tortel,11303,39,5,2,3,0,0,0,5,2,3
34007,aysén del general carlos ibáñez del campo,11,capitán prat,113,tortel,11303,40,5,2,3,0,0,0,5,2,3
34008,aysén del general carlos ibáñez del campo,11,capitán prat,113,tortel,11303,41,9,5,4,0,0,0,9,5,4
34009,aysén del general carlos ibáñez del campo,11,capitán prat,113,tortel,11303,42,8,6,2,0,0,0,8,6,2
34010,aysén del general carlos ibáñez del campo,11,capitán prat,113,tortel,11303,43,9,8,1,0,0,0,9,8,1
34011,aysén del general carlos ibáñez del campo,11,capitán prat,113,tortel,11303,44,8,6,2,0,0,0,8,6,2
34012,aysén del general carlos ibáñez del campo,11,capitán prat,113,tortel,11303,45,5,1,4,0,0,0,5,1,4
34013,aysén del general carlos ibáñez del campo,11,capitán prat,113,tortel,11303,46,7,6,1,0,0,0,7,6,1
34014,aysén del general carlos ibáñez del campo,11,capitán prat,113,tortel,11303,47,10,5,5,0,0,0,10,5,5
34015,aysén del general carlos ibáñez del campo,11,capitán prat,113,tortel,11303,48,10,6,4,0,0,0,10,6,4
34016,aysén del general carlos ibáñez del campo,11,capitán prat,113,tortel,11303,49,9,9,0,0,0,0,9,9,0
34017,aysén del general carlos ibáñez del campo,11,capitán prat,113,tortel,11303,50,9,3,6,0,0,0,9,3,6
34018,aysén del general carlos ibáñez del campo,11,capitán prat,113,tortel,11303,51,7,4,3,0,0,0,7,4,3
34019,aysén del general carlos ibáñez del campo,11,capitán prat,113,tortel,11303,52,9,2,7,0,0,0,9,2,7
34020,aysén del general carlos ibáñez del campo,11,capitán prat,113,tortel,11303,53,7,5,2,0,0,0,7,5,2
34021,aysén del general carlos ibáñez del campo,11,capitán prat,113,tortel,11303,54,6,4,2,0,0,0,6,4,2
34022,aysén del general carlos ibáñez del campo,11,capitán prat,113,tortel,11303,55,6,4,2,0,0,0,6,4,2
34023,aysén del general carlos ibáñez del campo,11,capitán prat,113,tortel,11303,56,8,7,1,0,0,0,8,7,1
34024,aysén del general carlos ibáñez del campo,11,capitán prat,113,tortel,11303,57,6,4,2,0,0,0,6,4,2
34025,aysén del general carlos ibáñez del campo,11,capitán prat,113,tortel,11303,58,3,2,1,0,0,0,3,2,1
34026,aysén del general carlos ibáñez del campo,11,capitán prat,113,tortel,11303,59,5,4,1,0,0,0,5,4,1
34027,aysén del general carlos ibáñez del campo,11,capitán prat,113,tortel,11303,60,6,4,2,0,0,0,6,4,2
34028,aysén del general carlos ibáñez del campo,11,capitán prat,113,tortel,11303,61,2,1,1,0,0,0,2,1,1
34029,aysén del general carlos ibáñez del campo,11,capitán prat,113,tortel,11303,62,5,4,1,0,0,0,5,4,1
34030,aysén del general carlos ibáñez del campo,11,capitán prat,113,tortel,11303,63,1,1,0,0,0,0,1,1,0
34031,aysén del general carlos ibáñez del campo,11,capitán prat,113,tortel,11303,64,2,2,0,0,0,0,2,2,0
34032,aysén del general carlos ibáñez del campo,11,capitán prat,113,tortel,11303,65,1,0,1,0,0,0,1,0,1
34033,aysén del general carlos ibáñez del campo,11,capitán prat,113,tortel,11303,66,4,3,1,0,0,0,4,3,1
34034,aysén del general carlos ibáñez del campo,11,capitán prat,113,tortel,11303,67,4,0,4,0,0,0,4,0,4
34035,aysén del general carlos ibáñez del campo,11,capitán prat,113,tortel,11303,68,3,2,1,0,0,0,3,2,1
34036,aysén del general carlos ibáñez del campo,11,capitán prat,113,tortel,11303,69,2,0,2,0,0,0,2,0,2
34037,aysén del general carlos ibáñez del campo,11,capitán prat,113,tortel,11303,70,2,1,1,0,0,0,2,1,1
34038,aysén del general carlos ibáñez del campo,11,capitán prat,113,tortel,11303,71,3,3,0,0,0,0,3,3,0
34039,aysén del general carlos ibáñez del campo,11,capitán prat,113,tortel,11303,72,1,0,1,0,0,0,1,0,1
34040,aysén del general carlos ibáñez del campo,11,capitán prat,113,tortel,11303,73,3,2,1,0,0,0,3,2,1
34041,aysén del general carlos ibáñez del campo,11,capitán prat,113,tortel,11303,74,3,1,2,0,0,0,3,1,2
34042,aysén del general carlos ibáñez del campo,11,capitán prat,113,tortel,11303,75,1,0,1,0,0,0,1,0,1
34043,aysén del general carlos ibáñez del campo,11,capitán prat,113,tortel,11303,76,0,0,0,0,0,0,0,0,0
34044,aysén del general carlos ibáñez del campo,11,capitán prat,113,tortel,11303,77,0,0,0,0,0,0,0,0,0
34045,aysén del general carlos ibáñez del campo,11,capitán prat,113,tortel,11303,78,1,0,1,0,0,0,1,0,1
34046,aysén del general carlos ibáñez del campo,11,capitán prat,113,tortel,11303,79,0,0,0,0,0,0,0,0,0
34047,aysén del general carlos ibáñez del campo,11,capitán prat,113,tortel,11303,80,0,0,0,0,0,0,0,0,0
34048,aysén del general carlos ibáñez del campo,11,capitán prat,113,tortel,11303,81,0,0,0,0,0,0,0,0,0
34049,aysén del general carlos ibáñez del campo,11,capitán prat,113,tortel,11303,82,2,1,1,0,0,0,2,1,1
34050,aysén del general carlos ibáñez del campo,11,capitán prat,113,tortel,11303,83,1,1,0,0,0,0,1,1,0
34051,aysén del general carlos ibáñez del campo,11,capitán prat,113,tortel,11303,84,2,2,0,0,0,0,2,2,0
34052,aysén del general carlos ibáñez del campo,11,capitán prat,113,tortel,11303,85,0,0,0,0,0,0,0,0,0
34053,aysén del general carlos ibáñez del campo,11,capitán prat,113,tortel,11303,86,0,0,0,0,0,0,0,0,0
34054,aysén del general carlos ibáñez del campo,11,capitán prat,113,tortel,11303,87,1,0,1,0,0,0,1,0,1
34055,aysén del general carlos ibáñez del campo,11,capitán prat,113,tortel,11303,88,0,0,0,0,0,0,0,0,0
34056,aysén del general carlos ibáñez del campo,11,capitán prat,113,tortel,11303,89,0,0,0,0,0,0,0,0,0
34057,aysén del general carlos ibáñez del campo,11,capitán prat,113,tortel,11303,90,0,0,0,0,0,0,0,0,0
34058,aysén del general carlos ibáñez del campo,11,capitán prat,113,tortel,11303,91,0,0,0,0,0,0,0,0,0
34059,aysén del general carlos ibáñez del campo,11,capitán prat,113,tortel,11303,92,0,0,0,0,0,0,0,0,0
34060,aysén del general carlos ibáñez del campo,11,capitán prat,113,tortel,11303,93,0,0,0,0,0,0,0,0,0
34061,aysén del general carlos ibáñez del campo,11,capitán prat,113,tortel,11303,94,1,1,0,0,0,0,1,1,0
34062,aysén del general carlos ibáñez del campo,11,capitán prat,113,tortel,11303,95,0,0,0,0,0,0,0,0,0
34063,aysén del general carlos ibáñez del campo,11,capitán prat,113,tortel,11303,96,0,0,0,0,0,0,0,0,0
34064,aysén del general carlos ibáñez del campo,11,capitán prat,113,tortel,11303,97,0,0,0,0,0,0,0,0,0
34065,aysén del general carlos ibáñez del campo,11,capitán prat,113,tortel,11303,98,0,0,0,0,0,0,0,0,0
34066,aysén del general carlos ibáñez del campo,11,capitán prat,113,tortel,11303,99,0,0,0,0,0,0,0,0,0
34067,aysén del general carlos ibáñez del campo,11,capitán prat,113,tortel,11303,100 o más,0,0,0,0,0,0,0,0,0
34068,aysén del general carlos ibáñez del campo,11,general carrera,114,chile chico,11401,total comuna,4865,2577,2288,3162,1590,1572,1703,987,716
34069,aysén del general carlos ibáñez del campo,11,general carrera,114,chile chico,11401,0,48,26,22,33,17,16,15,9,6
34070,aysén del general carlos ibáñez del campo,11,general carrera,114,chile chico,11401,1,63,32,31,44,23,21,19,9,10
34071,aysén del general carlos ibáñez del campo,11,general carrera,114,chile chico,11401,2,58,30,28,37,21,16,21,9,12
34072,aysén del general carlos ibáñez del campo,11,general carrera,114,chile chico,11401,3,57,31,26,42,21,21,15,10,5
34073,aysén del general carlos ibáñez del campo,11,general carrera,114,chile chico,11401,4,65,26,39,47,16,31,18,10,8
34074,aysén del general carlos ibáñez del campo,11,general carrera,114,chile chico,11401,5,55,26,29,43,18,25,12,8,4
34075,aysén del general carlos ibáñez del campo,11,general carrera,114,chile chico,11401,6,62,29,33,43,17,26,19,12,7
34076,aysén del general carlos ibáñez del campo,11,general carrera,114,chile chico,11401,7,63,33,30,46,22,24,17,11,6
34077,aysén del general carlos ibáñez del campo,11,general carrera,114,chile chico,11401,8,89,40,49,68,31,37,21,9,12
34078,aysén del general carlos ibáñez del campo,11,general carrera,114,chile chico,11401,9,75,39,36,53,25,28,22,14,8
34079,aysén del general carlos ibáñez del campo,11,general carrera,114,chile chico,11401,10,70,43,27,57,36,21,13,7,6
34080,aysén del general carlos ibáñez del campo,11,general carrera,114,chile chico,11401,11,74,36,38,62,30,32,12,6,6
34081,aysén del general carlos ibáñez del campo,11,general carrera,114,chile chico,11401,12,69,35,34,44,21,23,25,14,11
34082,aysén del general carlos ibáñez del campo,11,general carrera,114,chile chico,11401,13,59,29,30,40,20,20,19,9,10
34083,aysén del general carlos ibáñez del campo,11,general carrera,114,chile chico,11401,14,63,39,24,41,24,17,22,15,7
34084,aysén del general carlos ibáñez del campo,11,general carrera,114,chile chico,11401,15,55,25,30,49,22,27,6,3,3
34085,aysén del general carlos ibáñez del campo,11,general carrera,114,chile chico,11401,16,62,29,33,51,23,28,11,6,5
34086,aysén del general carlos ibáñez del campo,11,general carrera,114,chile chico,11401,17,57,34,23,40,24,16,17,10,7
34087,aysén del general carlos ibáñez del campo,11,general carrera,114,chile chico,11401,18,42,22,20,31,18,13,11,4,7
34088,aysén del general carlos ibáñez del campo,11,general carrera,114,chile chico,11401,19,17,6,11,11,4,7,6,2,4
34089,aysén del general carlos ibáñez del campo,11,general carrera,114,chile chico,11401,20,37,20,17,25,13,12,12,7,5
34090,aysén del general carlos ibáñez del campo,11,general carrera,114,chile chico,11401,21,39,15,24,29,13,16,10,2,8
34091,aysén del general carlos ibáñez del campo,11,general carrera,114,chile chico,11401,22,55,31,24,37,20,17,18,11,7
34092,aysén del general carlos ibáñez del campo,11,general carrera,114,chile chico,11401,23,59,36,23,36,22,14,23,14,9
34093,aysén del general carlos ibáñez del campo,11,general carrera,114,chile chico,11401,24,55,33,22,39,20,19,16,13,3
34094,aysén del general carlos ibáñez del campo,11,general carrera,114,chile chico,11401,25,71,41,30,42,23,19,29,18,11
34095,aysén del general carlos ibáñez del campo,11,general carrera,114,chile chico,11401,26,67,33,34,39,21,18,28,12,16
34096,aysén del general carlos ibáñez del campo,11,general carrera,114,chile chico,11401,27,70,39,31,49,27,22,21,12,9
34097,aysén del general carlos ibáñez del campo,11,general carrera,114,chile chico,11401,28,81,43,38,54,29,25,27,14,13
34098,aysén del general carlos ibáñez del campo,11,general carrera,114,chile chico,11401,29,80,41,39,56,23,33,24,18,6
34099,aysén del general carlos ibáñez del campo,11,general carrera,114,chile chico,11401,30,63,29,34,44,19,25,19,10,9
34100,aysén del general carlos ibáñez del campo,11,general carrera,114,chile chico,11401,31,92,50,42,56,28,28,36,22,14
34101,aysén del general carlos ibáñez del campo,11,general carrera,114,chile chico,11401,32,91,47,44,60,32,28,31,15,16
34102,aysén del general carlos ibáñez del campo,11,general carrera,114,chile chico,11401,33,91,45,46,67,33,34,24,12,12
34103,aysén del general carlos ibáñez del campo,11,general carrera,114,chile chico,11401,34,89,58,31,59,34,25,30,24,6
34104,aysén del general carlos ibáñez del campo,11,general carrera,114,chile chico,11401,35,87,47,40,60,28,32,27,19,8
34105,aysén del general carlos ibáñez del campo,11,general carrera,114,chile chico,11401,36,71,34,37,56,23,33,15,11,4
34106,aysén del general carlos ibáñez del campo,11,general carrera,114,chile chico,11401,37,68,37,31,49,28,21,19,9,10
34107,aysén del general carlos ibáñez del campo,11,general carrera,114,chile chico,11401,38,72,29,43,54,22,32,18,7,11
34108,aysén del general carlos ibáñez del campo,11,general carrera,114,chile chico,11401,39,75,40,35,46,22,24,29,18,11
34109,aysén del general carlos ibáñez del campo,11,general carrera,114,chile chico,11401,40,55,35,20,39,24,15,16,11,5
34110,aysén del general carlos ibáñez del campo,11,general carrera,114,chile chico,11401,41,63,33,30,37,18,19,26,15,11
34111,aysén del general carlos ibáñez del campo,11,general carrera,114,chile chico,11401,42,78,38,40,44,17,27,34,21,13
34112,aysén del general carlos ibáñez del campo,11,general carrera,114,chile chico,11401,43,64,37,27,44,28,16,20,9,11
34113,aysén del general carlos ibáñez del campo,11,general carrera,114,chile chico,11401,44,63,34,29,44,26,18,19,8,11
34114,aysén del general carlos ibáñez del campo,11,general carrera,114,chile chico,11401,45,77,48,29,46,26,20,31,22,9
34115,aysén del general carlos ibáñez del campo,11,general carrera,114,chile chico,11401,46,72,38,34,48,23,25,24,15,9
34116,aysén del general carlos ibáñez del campo,11,general carrera,114,chile chico,11401,47,70,37,33,33,13,20,37,24,13
34117,aysén del general carlos ibáñez del campo,11,general carrera,114,chile chico,11401,48,83,43,40,55,30,25,28,13,15
34118,aysén del general carlos ibáñez del campo,11,general carrera,114,chile chico,11401,49,67,31,36,42,19,23,25,12,13
34119,aysén del general carlos ibáñez del campo,11,general carrera,114,chile chico,11401,50,63,37,26,39,20,19,24,17,7
34120,aysén del general carlos ibáñez del campo,11,general carrera,114,chile chico,11401,51,82,46,36,47,27,20,35,19,16
34121,aysén del general carlos ibáñez del campo,11,general carrera,114,chile chico,11401,52,70,39,31,41,22,19,29,17,12
34122,aysén del general carlos ibáñez del campo,11,general carrera,114,chile chico,11401,53,65,38,27,33,20,13,32,18,14
34123,aysén del general carlos ibáñez del campo,11,general carrera,114,chile chico,11401,54,69,42,27,36,22,14,33,20,13
34124,aysén del general carlos ibáñez del campo,11,general carrera,114,chile chico,11401,55,69,37,32,43,19,24,26,18,8
34125,aysén del general carlos ibáñez del campo,11,general carrera,114,chile chico,11401,56,70,41,29,47,28,19,23,13,10
34126,aysén del general carlos ibáñez del campo,11,general carrera,114,chile chico,11401,57,72,43,29,46,25,21,26,18,8
34127,aysén del general carlos ibáñez del campo,11,general carrera,114,chile chico,11401,58,75,48,27,43,26,17,32,22,10
34128,aysén del general carlos ibáñez del campo,11,general carrera,114,chile chico,11401,59,67,35,32,44,19,25,23,16,7
34129,aysén del general carlos ibáñez del campo,11,general carrera,114,chile chico,11401,60,62,35,27,39,22,17,23,13,10
34130,aysén del general carlos ibáñez del campo,11,general carrera,114,chile chico,11401,61,57,31,26,31,16,15,26,15,11
34131,aysén del general carlos ibáñez del campo,11,general carrera,114,chile chico,11401,62,56,36,20,23,11,12,33,25,8
34132,aysén del general carlos ibáñez del campo,11,general carrera,114,chile chico,11401,63,58,33,25,35,20,15,23,13,10
34133,aysén del general carlos ibáñez del campo,11,general carrera,114,chile chico,11401,64,57,28,29,35,16,19,22,12,10
34134,aysén del general carlos ibáñez del campo,11,general carrera,114,chile chico,11401,65,40,21,19,21,14,7,19,7,12
34135,aysén del general carlos ibáñez del campo,11,general carrera,114,chile chico,11401,66,32,17,15,17,8,9,15,9,6
34136,aysén del general carlos ibáñez del campo,11,general carrera,114,chile chico,11401,67,30,15,15,16,7,9,14,8,6
34137,aysén del general carlos ibáñez del campo,11,general carrera,114,chile chico,11401,68,36,13,23,20,5,15,16,8,8
34138,aysén del general carlos ibáñez del campo,11,general carrera,114,chile chico,11401,69,32,14,18,21,8,13,11,6,5
34139,aysén del general carlos ibáñez del campo,11,general carrera,114,chile chico,11401,70,41,22,19,26,16,10,15,6,9
34140,aysén del general carlos ibáñez del campo,11,general carrera,114,chile chico,11401,71,32,21,11,21,14,7,11,7,4
34141,aysén del general carlos ibáñez del campo,11,general carrera,114,chile chico,11401,72,25,9,16,14,3,11,11,6,5
34142,aysén del general carlos ibáñez del campo,11,general carrera,114,chile chico,11401,73,30,15,15,17,6,11,13,9,4
34143,aysén del general carlos ibáñez del campo,11,general carrera,114,chile chico,11401,74,19,13,6,8,5,3,11,8,3
34144,aysén del general carlos ibáñez del campo,11,general carrera,114,chile chico,11401,75,24,13,11,13,6,7,11,7,4
34145,aysén del general carlos ibáñez del campo,11,general carrera,114,chile chico,11401,76,30,15,15,13,5,8,17,10,7
34146,aysén del general carlos ibáñez del campo,11,general carrera,114,chile chico,11401,77,20,10,10,8,5,3,12,5,7
34147,aysén del general carlos ibáñez del campo,11,general carrera,114,chile chico,11401,78,25,14,11,14,7,7,11,7,4
34148,aysén del general carlos ibáñez del campo,11,general carrera,114,chile chico,11401,79,20,7,13,10,4,6,10,3,7
34149,aysén del general carlos ibáñez del campo,11,general carrera,114,chile chico,11401,80,23,10,13,13,5,8,10,5,5
34150,aysén del general carlos ibáñez del campo,11,general carrera,114,chile chico,11401,81,23,11,12,11,4,7,12,7,5
34151,aysén del general carlos ibáñez del campo,11,general carrera,114,chile chico,11401,82,8,4,4,3,2,1,5,2,3
34152,aysén del general carlos ibáñez del campo,11,general carrera,114,chile chico,11401,83,9,3,6,7,3,4,2,0,2
34153,aysén del general carlos ibáñez del campo,11,general carrera,114,chile chico,11401,84,13,6,7,8,3,5,5,3,2
34154,aysén del general carlos ibáñez del campo,11,general carrera,114,chile chico,11401,85,10,4,6,7,2,5,3,2,1
34155,aysén del general carlos ibáñez del campo,11,general carrera,114,chile chico,11401,86,11,5,6,4,2,2,7,3,4
34156,aysén del general carlos ibáñez del campo,11,general carrera,114,chile chico,11401,87,5,1,4,3,0,3,2,1,1
34157,aysén del general carlos ibáñez del campo,11,general carrera,114,chile chico,11401,88,8,4,4,4,2,2,4,2,2
34158,aysén del general carlos ibáñez del campo,11,general carrera,114,chile chico,11401,89,4,3,1,1,0,1,3,3,0
34159,aysén del general carlos ibáñez del campo,11,general carrera,114,chile chico,11401,90,1,0,1,0,0,0,1,0,1
34160,aysén del general carlos ibáñez del campo,11,general carrera,114,chile chico,11401,91,5,2,3,4,2,2,1,0,1
34161,aysén del general carlos ibáñez del campo,11,general carrera,114,chile chico,11401,92,2,2,0,1,1,0,1,1,0
34162,aysén del general carlos ibáñez del campo,11,general carrera,114,chile chico,11401,93,1,0,1,1,0,1,0,0,0
34163,aysén del general carlos ibáñez del campo,11,general carrera,114,chile chico,11401,94,2,0,2,0,0,0,2,0,2
34164,aysén del general carlos ibáñez del campo,11,general carrera,114,chile chico,11401,95,0,0,0,0,0,0,0,0,0
34165,aysén del general carlos ibáñez del campo,11,general carrera,114,chile chico,11401,96,0,0,0,0,0,0,0,0,0
34166,aysén del general carlos ibáñez del campo,11,general carrera,114,chile chico,11401,97,2,0,2,2,0,2,0,0,0
34167,aysén del general carlos ibáñez del campo,11,general carrera,114,chile chico,11401,98,0,0,0,0,0,0,0,0,0
34168,aysén del general carlos ibáñez del campo,11,general carrera,114,chile chico,11401,99,1,1,0,0,0,0,1,1,0
34169,aysén del general carlos ibáñez del campo,11,general carrera,114,chile chico,11401,100 o más,1,1,0,1,1,0,0,0,0
34170,aysén del general carlos ibáñez del campo,11,general carrera,114,río ibáñez,11402,total comuna,2666,1445,1221,0,0,0,2666,1445,1221
34171,aysén del general carlos ibáñez del campo,11,general carrera,114,río ibáñez,11402,0,33,19,14,0,0,0,33,19,14
34172,aysén del general carlos ibáñez del campo,11,general carrera,114,río ibáñez,11402,1,30,16,14,0,0,0,30,16,14
34173,aysén del general carlos ibáñez del campo,11,general carrera,114,río ibáñez,11402,2,36,23,13,0,0,0,36,23,13
34174,aysén del general carlos ibáñez del campo,11,general carrera,114,río ibáñez,11402,3,25,14,11,0,0,0,25,14,11
34175,aysén del general carlos ibáñez del campo,11,general carrera,114,río ibáñez,11402,4,37,18,19,0,0,0,37,18,19
34176,aysén del general carlos ibáñez del campo,11,general carrera,114,río ibáñez,11402,5,22,11,11,0,0,0,22,11,11
34177,aysén del general carlos ibáñez del campo,11,general carrera,114,río ibáñez,11402,6,36,17,19,0,0,0,36,17,19
34178,aysén del general carlos ibáñez del campo,11,general carrera,114,río ibáñez,11402,7,35,19,16,0,0,0,35,19,16
34179,aysén del general carlos ibáñez del campo,11,general carrera,114,río ibáñez,11402,8,31,18,13,0,0,0,31,18,13
34180,aysén del general carlos ibáñez del campo,11,general carrera,114,río ibáñez,11402,9,28,16,12,0,0,0,28,16,12
34181,aysén del general carlos ibáñez del campo,11,general carrera,114,río ibáñez,11402,10,28,14,14,0,0,0,28,14,14
34182,aysén del general carlos ibáñez del campo,11,general carrera,114,río ibáñez,11402,11,33,16,17,0,0,0,33,16,17
34183,aysén del general carlos ibáñez del campo,11,general carrera,114,río ibáñez,11402,12,35,16,19,0,0,0,35,16,19
34184,aysén del general carlos ibáñez del campo,11,general carrera,114,río ibáñez,11402,13,38,19,19,0,0,0,38,19,19
34185,aysén del general carlos ibáñez del campo,11,general carrera,114,río ibáñez,11402,14,28,19,9,0,0,0,28,19,9
34186,aysén del general carlos ibáñez del campo,11,general carrera,114,río ibáñez,11402,15,29,18,11,0,0,0,29,18,11
34187,aysén del general carlos ibáñez del campo,11,general carrera,114,río ibáñez,11402,16,19,9,10,0,0,0,19,9,10
34188,aysén del general carlos ibáñez del campo,11,general carrera,114,río ibáñez,11402,17,21,12,9,0,0,0,21,12,9
34189,aysén del general carlos ibáñez del campo,11,general carrera,114,río ibáñez,11402,18,23,14,9,0,0,0,23,14,9
34190,aysén del general carlos ibáñez del campo,11,general carrera,114,río ibáñez,11402,19,7,6,1,0,0,0,7,6,1
34191,aysén del general carlos ibáñez del campo,11,general carrera,114,río ibáñez,11402,20,17,9,8,0,0,0,17,9,8
34192,aysén del general carlos ibáñez del campo,11,general carrera,114,río ibáñez,11402,21,26,14,12,0,0,0,26,14,12
34193,aysén del general carlos ibáñez del campo,11,general carrera,114,río ibáñez,11402,22,20,7,13,0,0,0,20,7,13
34194,aysén del general carlos ibáñez del campo,11,general carrera,114,río ibáñez,11402,23,37,22,15,0,0,0,37,22,15
34195,aysén del general carlos ibáñez del campo,11,general carrera,114,río ibáñez,11402,24,31,20,11,0,0,0,31,20,11
34196,aysén del general carlos ibáñez del campo,11,general carrera,114,río ibáñez,11402,25,41,21,20,0,0,0,41,21,20
34197,aysén del general carlos ibáñez del campo,11,general carrera,114,río ibáñez,11402,26,40,14,26,0,0,0,40,14,26
34198,aysén del general carlos ibáñez del campo,11,general carrera,114,río ibáñez,11402,27,62,31,31,0,0,0,62,31,31
34199,aysén del general carlos ibáñez del campo,11,general carrera,114,río ibáñez,11402,28,51,28,23,0,0,0,51,28,23
34200,aysén del general carlos ibáñez del campo,11,general carrera,114,río ibáñez,11402,29,46,24,22,0,0,0,46,24,22
34201,aysén del general carlos ibáñez del campo,11,general carrera,114,río ibáñez,11402,30,47,27,20,0,0,0,47,27,20
34202,aysén del general carlos ibáñez del campo,11,general carrera,114,río ibáñez,11402,31,42,19,23,0,0,0,42,19,23
34203,aysén del general carlos ibáñez del campo,11,general carrera,114,río ibáñez,11402,32,48,31,17,0,0,0,48,31,17
34204,aysén del general carlos ibáñez del campo,11,general carrera,114,río ibáñez,11402,33,45,23,22,0,0,0,45,23,22
34205,aysén del general carlos ibáñez del campo,11,general carrera,114,río ibáñez,11402,34,42,14,28,0,0,0,42,14,28
34206,aysén del general carlos ibáñez del campo,11,general carrera,114,río ibáñez,11402,35,29,14,15,0,0,0,29,14,15
34207,aysén del general carlos ibáñez del campo,11,general carrera,114,río ibáñez,11402,36,36,16,20,0,0,0,36,16,20
34208,aysén del general carlos ibáñez del campo,11,general carrera,114,río ibáñez,11402,37,37,18,19,0,0,0,37,18,19
34209,aysén del general carlos ibáñez del campo,11,general carrera,114,río ibáñez,11402,38,35,18,17,0,0,0,35,18,17
34210,aysén del general carlos ibáñez del campo,11,general carrera,114,río ibáñez,11402,39,20,14,6,0,0,0,20,14,6
34211,aysén del general carlos ibáñez del campo,11,general carrera,114,río ibáñez,11402,40,33,22,11,0,0,0,33,22,11
34212,aysén del general carlos ibáñez del campo,11,general carrera,114,río ibáñez,11402,41,34,19,15,0,0,0,34,19,15
34213,aysén del general carlos ibáñez del campo,11,general carrera,114,río ibáñez,11402,42,37,22,15,0,0,0,37,22,15
34214,aysén del general carlos ibáñez del campo,11,general carrera,114,río ibáñez,11402,43,36,24,12,0,0,0,36,24,12
34215,aysén del general carlos ibáñez del campo,11,general carrera,114,río ibáñez,11402,44,28,14,14,0,0,0,28,14,14
34216,aysén del general carlos ibáñez del campo,11,general carrera,114,río ibáñez,11402,45,48,26,22,0,0,0,48,26,22
34217,aysén del general carlos ibáñez del campo,11,general carrera,114,río ibáñez,11402,46,34,19,15,0,0,0,34,19,15
34218,aysén del general carlos ibáñez del campo,11,general carrera,114,río ibáñez,11402,47,33,15,18,0,0,0,33,15,18
34219,aysén del general carlos ibáñez del campo,11,general carrera,114,río ibáñez,11402,48,35,21,14,0,0,0,35,21,14
34220,aysén del general carlos ibáñez del campo,11,general carrera,114,río ibáñez,11402,49,50,26,24,0,0,0,50,26,24
34221,aysén del general carlos ibáñez del campo,11,general carrera,114,río ibáñez,11402,50,36,18,18,0,0,0,36,18,18
34222,aysén del general carlos ibáñez del campo,11,general carrera,114,río ibáñez,11402,51,39,22,17,0,0,0,39,22,17
34223,aysén del general carlos ibáñez del campo,11,general carrera,114,río ibáñez,11402,52,40,21,19,0,0,0,40,21,19
34224,aysén del general carlos ibáñez del campo,11,general carrera,114,río ibáñez,11402,53,48,32,16,0,0,0,48,32,16
34225,aysén del general carlos ibáñez del campo,11,general carrera,114,río ibáñez,11402,54,39,25,14,0,0,0,39,25,14
34226,aysén del general carlos ibáñez del campo,11,general carrera,114,río ibáñez,11402,55,39,23,16,0,0,0,39,23,16
34227,aysén del general carlos ibáñez del campo,11,general carrera,114,río ibáñez,11402,56,32,15,17,0,0,0,32,15,17
34228,aysén del general carlos ibáñez del campo,11,general carrera,114,río ibáñez,11402,57,46,29,17,0,0,0,46,29,17
34229,aysén del general carlos ibáñez del campo,11,general carrera,114,río ibáñez,11402,58,33,18,15,0,0,0,33,18,15
34230,aysén del general carlos ibáñez del campo,11,general carrera,114,río ibáñez,11402,59,31,20,11,0,0,0,31,20,11
34231,aysén del general carlos ibáñez del campo,11,general carrera,114,río ibáñez,11402,60,33,18,15,0,0,0,33,18,15
34232,aysén del general carlos ibáñez del campo,11,general carrera,114,río ibáñez,11402,61,49,28,21,0,0,0,49,28,21
34233,aysén del general carlos ibáñez del campo,11,general carrera,114,río ibáñez,11402,62,38,26,12,0,0,0,38,26,12
34234,aysén del general carlos ibáñez del campo,11,general carrera,114,río ibáñez,11402,63,31,16,15,0,0,0,31,16,15
34235,aysén del general carlos ibáñez del campo,11,general carrera,114,río ibáñez,11402,64,36,25,11,0,0,0,36,25,11
34236,aysén del general carlos ibáñez del campo,11,general carrera,114,río ibáñez,11402,65,34,19,15,0,0,0,34,19,15
34237,aysén del general carlos ibáñez del campo,11,general carrera,114,río ibáñez,11402,66,21,10,11,0,0,0,21,10,11
34238,aysén del general carlos ibáñez del campo,11,general carrera,114,río ibáñez,11402,67,30,11,19,0,0,0,30,11,19
34239,aysén del general carlos ibáñez del campo,11,general carrera,114,río ibáñez,11402,68,22,13,9,0,0,0,22,13,9
34240,aysén del general carlos ibáñez del campo,11,general carrera,114,río ibáñez,11402,69,26,12,14,0,0,0,26,12,14
34241,aysén del general carlos ibáñez del campo,11,general carrera,114,río ibáñez,11402,70,30,17,13,0,0,0,30,17,13
34242,aysén del general carlos ibáñez del campo,11,general carrera,114,río ibáñez,11402,71,19,11,8,0,0,0,19,11,8
34243,aysén del general carlos ibáñez del campo,11,general carrera,114,río ibáñez,11402,72,20,11,9,0,0,0,20,11,9
34244,aysén del general carlos ibáñez del campo,11,general carrera,114,río ibáñez,11402,73,14,9,5,0,0,0,14,9,5
34245,aysén del general carlos ibáñez del campo,11,general carrera,114,río ibáñez,11402,74,27,9,18,0,0,0,27,9,18
34246,aysén del general carlos ibáñez del campo,11,general carrera,114,río ibáñez,11402,75,12,8,4,0,0,0,12,8,4
34247,aysén del general carlos ibáñez del campo,11,general carrera,114,río ibáñez,11402,76,11,6,5,0,0,0,11,6,5
34248,aysén del general carlos ibáñez del campo,11,general carrera,114,río ibáñez,11402,77,14,10,4,0,0,0,14,10,4
34249,aysén del general carlos ibáñez del campo,11,general carrera,114,río ibáñez,11402,78,16,8,8,0,0,0,16,8,8
34250,aysén del general carlos ibáñez del campo,11,general carrera,114,río ibáñez,11402,79,10,5,5,0,0,0,10,5,5
34251,aysén del general carlos ibáñez del campo,11,general carrera,114,río ibáñez,11402,80,15,4,11,0,0,0,15,4,11
34252,aysén del general carlos ibáñez del campo,11,general carrera,114,río ibáñez,11402,81,11,9,2,0,0,0,11,9,2
34253,aysén del general carlos ibáñez del campo,11,general carrera,114,río ibáñez,11402,82,5,2,3,0,0,0,5,2,3
34254,aysén del general carlos ibáñez del campo,11,general carrera,114,río ibáñez,11402,83,11,2,9,0,0,0,11,2,9
34255,aysén del general carlos ibáñez del campo,11,general carrera,114,río ibáñez,11402,84,9,6,3,0,0,0,9,6,3
34256,aysén del general carlos ibáñez del campo,11,general carrera,114,río ibáñez,11402,85,4,3,1,0,0,0,4,3,1
34257,aysén del general carlos ibáñez del campo,11,general carrera,114,río ibáñez,11402,86,11,5,6,0,0,0,11,5,6
34258,aysén del general carlos ibáñez del campo,11,general carrera,114,río ibáñez,11402,87,4,2,2,0,0,0,4,2,2
34259,aysén del general carlos ibáñez del campo,11,general carrera,114,río ibáñez,11402,88,4,1,3,0,0,0,4,1,3
34260,aysén del general carlos ibáñez del campo,11,general carrera,114,río ibáñez,11402,89,7,3,4,0,0,0,7,3,4
34261,aysén del general carlos ibáñez del campo,11,general carrera,114,río ibáñez,11402,90,3,1,2,0,0,0,3,1,2
34262,aysén del general carlos ibáñez del campo,11,general carrera,114,río ibáñez,11402,91,2,1,1,0,0,0,2,1,1
34263,aysén del general carlos ibáñez del campo,11,general carrera,114,río ibáñez,11402,92,4,2,2,0,0,0,4,2,2
34264,aysén del general carlos ibáñez del campo,11,general carrera,114,río ibáñez,11402,93,3,1,2,0,0,0,3,1,2
34265,aysén del general carlos ibáñez del campo,11,general carrera,114,río ibáñez,11402,94,1,1,0,0,0,0,1,1,0
34266,aysén del general carlos ibáñez del campo,11,general carrera,114,río ibáñez,11402,95,1,0,1,0,0,0,1,0,1
34267,aysén del general carlos ibáñez del campo,11,general carrera,114,río ibáñez,11402,96,1,1,0,0,0,0,1,1,0
34268,aysén del general carlos ibáñez del campo,11,general carrera,114,río ibáñez,11402,97,0,0,0,0,0,0,0,0,0
34269,aysén del general carlos ibáñez del campo,11,general carrera,114,río ibáñez,11402,98,0,0,0,0,0,0,0,0,0
34270,aysén del general carlos ibáñez del campo,11,general carrera,114,río ibáñez,11402,99,0,0,0,0,0,0,0,0,0
34271,aysén del general carlos ibáñez del campo,11,general carrera,114,río ibáñez,11402,100 o más,0,0,0,0,0,0,0,0,0
34272,magallanes y de la antártica chilena,12,magallanes,121,punta arenas,12101,total comuna,131592,65538,66054,125932,62175,63757,5660,3363,2297
34273,magallanes y de la antártica chilena,12,magallanes,121,punta arenas,12101,0,1374,688,686,1315,657,658,59,31,28
34274,magallanes y de la antártica chilena,12,magallanes,121,punta arenas,12101,1,1573,810,763,1494,766,728,79,44,35
34275,magallanes y de la antártica chilena,12,magallanes,121,punta arenas,12101,2,1640,839,801,1564,802,762,76,37,39
34276,magallanes y de la antártica chilena,12,magallanes,121,punta arenas,12101,3,1574,798,776,1505,762,743,69,36,33
34277,magallanes y de la antártica chilena,12,magallanes,121,punta arenas,12101,4,1620,785,835,1556,747,809,64,38,26
34278,magallanes y de la antártica chilena,12,magallanes,121,punta arenas,12101,5,1613,810,803,1552,773,779,61,37,24
34279,magallanes y de la antártica chilena,12,magallanes,121,punta arenas,12101,6,1774,890,884,1695,848,847,79,42,37
34280,magallanes y de la antártica chilena,12,magallanes,121,punta arenas,12101,7,1749,851,898,1674,813,861,75,38,37
34281,magallanes y de la antártica chilena,12,magallanes,121,punta arenas,12101,8,1769,887,882,1696,847,849,73,40,33
34282,magallanes y de la antártica chilena,12,magallanes,121,punta arenas,12101,9,1696,882,814,1609,829,780,87,53,34
34283,magallanes y de la antártica chilena,12,magallanes,121,punta arenas,12101,10,1626,850,776,1549,810,739,77,40,37
34284,magallanes y de la antártica chilena,12,magallanes,121,punta arenas,12101,11,1716,878,838,1646,848,798,70,30,40
34285,magallanes y de la antártica chilena,12,magallanes,121,punta arenas,12101,12,1644,858,786,1570,821,749,74,37,37
34286,magallanes y de la antártica chilena,12,magallanes,121,punta arenas,12101,13,1677,860,817,1624,837,787,53,23,30
34287,magallanes y de la antártica chilena,12,magallanes,121,punta arenas,12101,14,1728,880,848,1676,854,822,52,26,26
34288,magallanes y de la antártica chilena,12,magallanes,121,punta arenas,12101,15,1677,839,838,1621,813,808,56,26,30
34289,magallanes y de la antártica chilena,12,magallanes,121,punta arenas,12101,16,1821,931,890,1752,886,866,69,45,24
34290,magallanes y de la antártica chilena,12,magallanes,121,punta arenas,12101,17,1976,1128,848,1807,979,828,169,149,20
34291,magallanes y de la antártica chilena,12,magallanes,121,punta arenas,12101,18,2291,1415,876,1961,1109,852,330,306,24
34292,magallanes y de la antártica chilena,12,magallanes,121,punta arenas,12101,19,1956,1116,840,1760,955,805,196,161,35
34293,magallanes y de la antártica chilena,12,magallanes,121,punta arenas,12101,20,1872,1004,868,1758,926,832,114,78,36
34294,magallanes y de la antártica chilena,12,magallanes,121,punta arenas,12101,21,1735,943,792,1629,869,760,106,74,32
34295,magallanes y de la antártica chilena,12,magallanes,121,punta arenas,12101,22,1787,908,879,1716,864,852,71,44,27
34296,magallanes y de la antártica chilena,12,magallanes,121,punta arenas,12101,23,1730,924,806,1661,885,776,69,39,30
34297,magallanes y de la antártica chilena,12,magallanes,121,punta arenas,12101,24,1889,945,944,1822,906,916,67,39,28
34298,magallanes y de la antártica chilena,12,magallanes,121,punta arenas,12101,25,2035,1063,972,1966,1021,945,69,42,27
34299,magallanes y de la antártica chilena,12,magallanes,121,punta arenas,12101,26,2020,1039,981,1941,998,943,79,41,38
34300,magallanes y de la antártica chilena,12,magallanes,121,punta arenas,12101,27,2089,1079,1010,2017,1042,975,72,37,35
34301,magallanes y de la antártica chilena,12,magallanes,121,punta arenas,12101,28,2136,1055,1081,2064,1017,1047,72,38,34
34302,magallanes y de la antártica chilena,12,magallanes,121,punta arenas,12101,29,2086,1006,1080,2003,956,1047,83,50,33
34303,magallanes y de la antártica chilena,12,magallanes,121,punta arenas,12101,30,2042,1043,999,1960,1004,956,82,39,43
34304,magallanes y de la antártica chilena,12,magallanes,121,punta arenas,12101,31,2059,1011,1048,1973,973,1000,86,38,48
34305,magallanes y de la antártica chilena,12,magallanes,121,punta arenas,12101,32,2029,1070,959,1938,1029,909,91,41,50
34306,magallanes y de la antártica chilena,12,magallanes,121,punta arenas,12101,33,1958,954,1004,1876,916,960,82,38,44
34307,magallanes y de la antártica chilena,12,magallanes,121,punta arenas,12101,34,2136,1121,1015,2037,1068,969,99,53,46
34308,magallanes y de la antártica chilena,12,magallanes,121,punta arenas,12101,35,2058,1014,1044,1957,953,1004,101,61,40
34309,magallanes y de la antártica chilena,12,magallanes,121,punta arenas,12101,36,1947,1003,944,1883,970,913,64,33,31
34310,magallanes y de la antártica chilena,12,magallanes,121,punta arenas,12101,37,1879,958,921,1797,914,883,82,44,38
34311,magallanes y de la antártica chilena,12,magallanes,121,punta arenas,12101,38,1907,939,968,1833,894,939,74,45,29
34312,magallanes y de la antártica chilena,12,magallanes,121,punta arenas,12101,39,1913,968,945,1835,926,909,78,42,36
34313,magallanes y de la antártica chilena,12,magallanes,121,punta arenas,12101,40,1897,952,945,1833,916,917,64,36,28
34314,magallanes y de la antártica chilena,12,magallanes,121,punta arenas,12101,41,1916,962,954,1836,919,917,80,43,37
34315,magallanes y de la antártica chilena,12,magallanes,121,punta arenas,12101,42,1836,923,913,1768,886,882,68,37,31
34316,magallanes y de la antártica chilena,12,magallanes,121,punta arenas,12101,43,1918,976,942,1852,934,918,66,42,24
34317,magallanes y de la antártica chilena,12,magallanes,121,punta arenas,12101,44,1811,909,902,1749,874,875,62,35,27
34318,magallanes y de la antártica chilena,12,magallanes,121,punta arenas,12101,45,1667,818,849,1595,777,818,72,41,31
34319,magallanes y de la antártica chilena,12,magallanes,121,punta arenas,12101,46,1705,854,851,1636,820,816,69,34,35
34320,magallanes y de la antártica chilena,12,magallanes,121,punta arenas,12101,47,1561,778,783,1510,742,768,51,36,15
34321,magallanes y de la antártica chilena,12,magallanes,121,punta arenas,12101,48,1612,776,836,1547,735,812,65,41,24
34322,magallanes y de la antártica chilena,12,magallanes,121,punta arenas,12101,49,1789,864,925,1726,834,892,63,30,33
34323,magallanes y de la antártica chilena,12,magallanes,121,punta arenas,12101,50,1779,887,892,1710,849,861,69,38,31
34324,magallanes y de la antártica chilena,12,magallanes,121,punta arenas,12101,51,1687,787,900,1611,748,863,76,39,37
34325,magallanes y de la antártica chilena,12,magallanes,121,punta arenas,12101,52,1823,883,940,1758,843,915,65,40,25
34326,magallanes y de la antártica chilena,12,magallanes,121,punta arenas,12101,53,1816,855,961,1743,811,932,73,44,29
34327,magallanes y de la antártica chilena,12,magallanes,121,punta arenas,12101,54,1790,829,961,1712,789,923,78,40,38
34328,magallanes y de la antártica chilena,12,magallanes,121,punta arenas,12101,55,1764,843,921,1693,810,883,71,33,38
34329,magallanes y de la antártica chilena,12,magallanes,121,punta arenas,12101,56,1704,818,886,1633,779,854,71,39,32
34330,magallanes y de la antártica chilena,12,magallanes,121,punta arenas,12101,57,1702,843,859,1638,805,833,64,38,26
34331,magallanes y de la antártica chilena,12,magallanes,121,punta arenas,12101,58,1670,841,829,1609,802,807,61,39,22
34332,magallanes y de la antártica chilena,12,magallanes,121,punta arenas,12101,59,1738,881,857,1680,844,836,58,37,21
34333,magallanes y de la antártica chilena,12,magallanes,121,punta arenas,12101,60,1604,774,830,1542,740,802,62,34,28
34334,magallanes y de la antártica chilena,12,magallanes,121,punta arenas,12101,61,1442,691,751,1388,659,729,54,32,22
34335,magallanes y de la antártica chilena,12,magallanes,121,punta arenas,12101,62,1372,684,688,1305,645,660,67,39,28
34336,magallanes y de la antártica chilena,12,magallanes,121,punta arenas,12101,63,1336,629,707,1283,600,683,53,29,24
34337,magallanes y de la antártica chilena,12,magallanes,121,punta arenas,12101,64,1224,607,617,1174,583,591,50,24,26
34338,magallanes y de la antártica chilena,12,magallanes,121,punta arenas,12101,65,1122,534,588,1082,512,570,40,22,18
34339,magallanes y de la antártica chilena,12,magallanes,121,punta arenas,12101,66,1043,523,520,997,497,500,46,26,20
34340,magallanes y de la antártica chilena,12,magallanes,121,punta arenas,12101,67,1051,501,550,1014,479,535,37,22,15
34341,magallanes y de la antártica chilena,12,magallanes,121,punta arenas,12101,68,968,461,507,934,443,491,34,18,16
34342,magallanes y de la antártica chilena,12,magallanes,121,punta arenas,12101,69,958,460,498,919,443,476,39,17,22
34343,magallanes y de la antártica chilena,12,magallanes,121,punta arenas,12101,70,927,454,473,902,436,466,25,18,7
34344,magallanes y de la antártica chilena,12,magallanes,121,punta arenas,12101,71,821,376,445,788,355,433,33,21,12
34345,magallanes y de la antártica chilena,12,magallanes,121,punta arenas,12101,72,827,366,461,804,354,450,23,12,11
34346,magallanes y de la antártica chilena,12,magallanes,121,punta arenas,12101,73,753,356,397,727,341,386,26,15,11
34347,magallanes y de la antártica chilena,12,magallanes,121,punta arenas,12101,74,754,341,413,723,324,399,31,17,14
34348,magallanes y de la antártica chilena,12,magallanes,121,punta arenas,12101,75,680,294,386,653,272,381,27,22,5
34349,magallanes y de la antártica chilena,12,magallanes,121,punta arenas,12101,76,675,277,398,653,266,387,22,11,11
34350,magallanes y de la antártica chilena,12,magallanes,121,punta arenas,12101,77,537,234,303,524,227,297,13,7,6
34351,magallanes y de la antártica chilena,12,magallanes,121,punta arenas,12101,78,516,219,297,501,211,290,15,8,7
34352,magallanes y de la antártica chilena,12,magallanes,121,punta arenas,12101,79,458,187,271,440,173,267,18,14,4
34353,magallanes y de la antártica chilena,12,magallanes,121,punta arenas,12101,80,446,169,277,432,164,268,14,5,9
34354,magallanes y de la antártica chilena,12,magallanes,121,punta arenas,12101,81,408,164,244,400,159,241,8,5,3
34355,magallanes y de la antártica chilena,12,magallanes,121,punta arenas,12101,82,398,135,263,388,131,257,10,4,6
34356,magallanes y de la antártica chilena,12,magallanes,121,punta arenas,12101,83,319,113,206,311,110,201,8,3,5
34357,magallanes y de la antártica chilena,12,magallanes,121,punta arenas,12101,84,299,113,186,292,109,183,7,4,3
34358,magallanes y de la antártica chilena,12,magallanes,121,punta arenas,12101,85,283,112,171,276,108,168,7,4,3
34359,magallanes y de la antártica chilena,12,magallanes,121,punta arenas,12101,86,248,88,160,240,87,153,8,1,7
34360,magallanes y de la antártica chilena,12,magallanes,121,punta arenas,12101,87,207,72,135,200,69,131,7,3,4
34361,magallanes y de la antártica chilena,12,magallanes,121,punta arenas,12101,88,176,54,122,174,53,121,2,1,1
34362,magallanes y de la antártica chilena,12,magallanes,121,punta arenas,12101,89,150,47,103,146,46,100,4,1,3
34363,magallanes y de la antártica chilena,12,magallanes,121,punta arenas,12101,90,123,37,86,119,35,84,4,2,2
34364,magallanes y de la antártica chilena,12,magallanes,121,punta arenas,12101,91,105,48,57,105,48,57,0,0,0
34365,magallanes y de la antártica chilena,12,magallanes,121,punta arenas,12101,92,91,20,71,90,20,70,1,0,1
34366,magallanes y de la antártica chilena,12,magallanes,121,punta arenas,12101,93,66,21,45,64,20,44,2,1,1
34367,magallanes y de la antártica chilena,12,magallanes,121,punta arenas,12101,94,48,11,37,47,11,36,1,0,1
34368,magallanes y de la antártica chilena,12,magallanes,121,punta arenas,12101,95,55,16,39,53,15,38,2,1,1
34369,magallanes y de la antártica chilena,12,magallanes,121,punta arenas,12101,96,35,7,28,34,7,27,1,0,1
34370,magallanes y de la antártica chilena,12,magallanes,121,punta arenas,12101,97,17,3,14,16,3,13,1,0,1
34371,magallanes y de la antártica chilena,12,magallanes,121,punta arenas,12101,98,22,6,16,22,6,16,0,0,0
34372,magallanes y de la antártica chilena,12,magallanes,121,punta arenas,12101,99,11,2,9,11,2,9,0,0,0
34373,magallanes y de la antártica chilena,12,magallanes,121,punta arenas,12101,100 o más,31,11,20,28,8,20,3,3,0
34374,magallanes y de la antártica chilena,12,magallanes,121,laguna blanca,12102,total comuna,274,191,83,0,0,0,274,191,83
34375,magallanes y de la antártica chilena,12,magallanes,121,laguna blanca,12102,0,1,1,0,0,0,0,1,1,0
34376,magallanes y de la antártica chilena,12,magallanes,121,laguna blanca,12102,1,4,3,1,0,0,0,4,3,1
34377,magallanes y de la antártica chilena,12,magallanes,121,laguna blanca,12102,2,1,0,1,0,0,0,1,0,1
34378,magallanes y de la antártica chilena,12,magallanes,121,laguna blanca,12102,3,0,0,0,0,0,0,0,0,0
34379,magallanes y de la antártica chilena,12,magallanes,121,laguna blanca,12102,4,5,2,3,0,0,0,5,2,3
34380,magallanes y de la antártica chilena,12,magallanes,121,laguna blanca,12102,5,3,2,1,0,0,0,3,2,1
34381,magallanes y de la antártica chilena,12,magallanes,121,laguna blanca,12102,6,1,0,1,0,0,0,1,0,1
34382,magallanes y de la antártica chilena,12,magallanes,121,laguna blanca,12102,7,0,0,0,0,0,0,0,0,0
34383,magallanes y de la antártica chilena,12,magallanes,121,laguna blanca,12102,8,1,1,0,0,0,0,1,1,0
34384,magallanes y de la antártica chilena,12,magallanes,121,laguna blanca,12102,9,3,1,2,0,0,0,3,1,2
34385,magallanes y de la antártica chilena,12,magallanes,121,laguna blanca,12102,10,5,1,4,0,0,0,5,1,4
34386,magallanes y de la antártica chilena,12,magallanes,121,laguna blanca,12102,11,5,4,1,0,0,0,5,4,1
34387,magallanes y de la antártica chilena,12,magallanes,121,laguna blanca,12102,12,5,3,2,0,0,0,5,3,2
34388,magallanes y de la antártica chilena,12,magallanes,121,laguna blanca,12102,13,10,6,4,0,0,0,10,6,4
34389,magallanes y de la antártica chilena,12,magallanes,121,laguna blanca,12102,14,3,1,2,0,0,0,3,1,2
34390,magallanes y de la antártica chilena,12,magallanes,121,laguna blanca,12102,15,1,0,1,0,0,0,1,0,1
34391,magallanes y de la antártica chilena,12,magallanes,121,laguna blanca,12102,16,3,1,2,0,0,0,3,1,2
34392,magallanes y de la antártica chilena,12,magallanes,121,laguna blanca,12102,17,1,1,0,0,0,0,1,1,0
34393,magallanes y de la antártica chilena,12,magallanes,121,laguna blanca,12102,18,3,2,1,0,0,0,3,2,1
34394,magallanes y de la antártica chilena,12,magallanes,121,laguna blanca,12102,19,1,1,0,0,0,0,1,1,0
34395,magallanes y de la antártica chilena,12,magallanes,121,laguna blanca,12102,20,1,1,0,0,0,0,1,1,0
34396,magallanes y de la antártica chilena,12,magallanes,121,laguna blanca,12102,21,3,3,0,0,0,0,3,3,0
34397,magallanes y de la antártica chilena,12,magallanes,121,laguna blanca,12102,22,3,2,1,0,0,0,3,2,1
34398,magallanes y de la antártica chilena,12,magallanes,121,laguna blanca,12102,23,2,1,1,0,0,0,2,1,1
34399,magallanes y de la antártica chilena,12,magallanes,121,laguna blanca,12102,24,3,3,0,0,0,0,3,3,0
34400,magallanes y de la antártica chilena,12,magallanes,121,laguna blanca,12102,25,4,1,3,0,0,0,4,1,3
34401,magallanes y de la antártica chilena,12,magallanes,121,laguna blanca,12102,26,3,2,1,0,0,0,3,2,1
34402,magallanes y de la antártica chilena,12,magallanes,121,laguna blanca,12102,27,5,3,2,0,0,0,5,3,2
34403,magallanes y de la antártica chilena,12,magallanes,121,laguna blanca,12102,28,1,1,0,0,0,0,1,1,0
34404,magallanes y de la antártica chilena,12,magallanes,121,laguna blanca,12102,29,2,0,2,0,0,0,2,0,2
34405,magallanes y de la antártica chilena,12,magallanes,121,laguna blanca,12102,30,5,3,2,0,0,0,5,3,2
34406,magallanes y de la antártica chilena,12,magallanes,121,laguna blanca,12102,31,3,2,1,0,0,0,3,2,1
34407,magallanes y de la antártica chilena,12,magallanes,121,laguna blanca,12102,32,3,1,2,0,0,0,3,1,2
34408,magallanes y de la antártica chilena,12,magallanes,121,laguna blanca,12102,33,3,3,0,0,0,0,3,3,0
34409,magallanes y de la antártica chilena,12,magallanes,121,laguna blanca,12102,34,6,4,2,0,0,0,6,4,2
34410,magallanes y de la antártica chilena,12,magallanes,121,laguna blanca,12102,35,6,4,2,0,0,0,6,4,2
34411,magallanes y de la antártica chilena,12,magallanes,121,laguna blanca,12102,36,4,3,1,0,0,0,4,3,1
34412,magallanes y de la antártica chilena,12,magallanes,121,laguna blanca,12102,37,6,6,0,0,0,0,6,6,0
34413,magallanes y de la antártica chilena,12,magallanes,121,laguna blanca,12102,38,2,2,0,0,0,0,2,2,0
34414,magallanes y de la antártica chilena,12,magallanes,121,laguna blanca,12102,39,3,3,0,0,0,0,3,3,0
34415,magallanes y de la antártica chilena,12,magallanes,121,laguna blanca,12102,40,2,2,0,0,0,0,2,2,0
34416,magallanes y de la antártica chilena,12,magallanes,121,laguna blanca,12102,41,6,5,1,0,0,0,6,5,1
34417,magallanes y de la antártica chilena,12,magallanes,121,laguna blanca,12102,42,6,4,2,0,0,0,6,4,2
34418,magallanes y de la antártica chilena,12,magallanes,121,laguna blanca,12102,43,4,3,1,0,0,0,4,3,1
34419,magallanes y de la antártica chilena,12,magallanes,121,laguna blanca,12102,44,4,2,2,0,0,0,4,2,2
34420,magallanes y de la antártica chilena,12,magallanes,121,laguna blanca,12102,45,1,1,0,0,0,0,1,1,0
34421,magallanes y de la antártica chilena,12,magallanes,121,laguna blanca,12102,46,4,3,1,0,0,0,4,3,1
34422,magallanes y de la antártica chilena,12,magallanes,121,laguna blanca,12102,47,4,4,0,0,0,0,4,4,0
34423,magallanes y de la antártica chilena,12,magallanes,121,laguna blanca,12102,48,7,4,3,0,0,0,7,4,3
34424,magallanes y de la antártica chilena,12,magallanes,121,laguna blanca,12102,49,5,4,1,0,0,0,5,4,1
34425,magallanes y de la antártica chilena,12,magallanes,121,laguna blanca,12102,50,2,1,1,0,0,0,2,1,1
34426,magallanes y de la antártica chilena,12,magallanes,121,laguna blanca,12102,51,10,7,3,0,0,0,10,7,3
34427,magallanes y de la antártica chilena,12,magallanes,121,laguna blanca,12102,52,8,8,0,0,0,0,8,8,0
34428,magallanes y de la antártica chilena,12,magallanes,121,laguna blanca,12102,53,6,4,2,0,0,0,6,4,2
34429,magallanes y de la antártica chilena,12,magallanes,121,laguna blanca,12102,54,5,2,3,0,0,0,5,2,3
34430,magallanes y de la antártica chilena,12,magallanes,121,laguna blanca,12102,55,8,7,1,0,0,0,8,7,1
34431,magallanes y de la antártica chilena,12,magallanes,121,laguna blanca,12102,56,0,0,0,0,0,0,0,0,0
34432,magallanes y de la antártica chilena,12,magallanes,121,laguna blanca,12102,57,3,2,1,0,0,0,3,2,1
34433,magallanes y de la antártica chilena,12,magallanes,121,laguna blanca,12102,58,5,4,1,0,0,0,5,4,1
34434,magallanes y de la antártica chilena,12,magallanes,121,laguna blanca,12102,59,2,2,0,0,0,0,2,2,0
34435,magallanes y de la antártica chilena,12,magallanes,121,laguna blanca,12102,60,9,8,1,0,0,0,9,8,1
34436,magallanes y de la antártica chilena,12,magallanes,121,laguna blanca,12102,61,4,4,0,0,0,0,4,4,0
34437,magallanes y de la antártica chilena,12,magallanes,121,laguna blanca,12102,62,5,4,1,0,0,0,5,4,1
34438,magallanes y de la antártica chilena,12,magallanes,121,laguna blanca,12102,63,6,4,2,0,0,0,6,4,2
34439,magallanes y de la antártica chilena,12,magallanes,121,laguna blanca,12102,64,5,3,2,0,0,0,5,3,2
34440,magallanes y de la antártica chilena,12,magallanes,121,laguna blanca,12102,65,1,1,0,0,0,0,1,1,0
34441,magallanes y de la antártica chilena,12,magallanes,121,laguna blanca,12102,66,1,1,0,0,0,0,1,1,0
34442,magallanes y de la antártica chilena,12,magallanes,121,laguna blanca,12102,67,2,2,0,0,0,0,2,2,0
34443,magallanes y de la antártica chilena,12,magallanes,121,laguna blanca,12102,68,6,6,0,0,0,0,6,6,0
34444,magallanes y de la antártica chilena,12,magallanes,121,laguna blanca,12102,69,5,3,2,0,0,0,5,3,2
34445,magallanes y de la antártica chilena,12,magallanes,121,laguna blanca,12102,70,2,0,2,0,0,0,2,0,2
34446,magallanes y de la antártica chilena,12,magallanes,121,laguna blanca,12102,71,2,2,0,0,0,0,2,2,0
34447,magallanes y de la antártica chilena,12,magallanes,121,laguna blanca,12102,72,2,2,0,0,0,0,2,2,0
34448,magallanes y de la antártica chilena,12,magallanes,121,laguna blanca,12102,73,0,0,0,0,0,0,0,0,0
34449,magallanes y de la antártica chilena,12,magallanes,121,laguna blanca,12102,74,1,1,0,0,0,0,1,1,0
34450,magallanes y de la antártica chilena,12,magallanes,121,laguna blanca,12102,75,2,1,1,0,0,0,2,1,1
34451,magallanes y de la antártica chilena,12,magallanes,121,laguna blanca,12102,76,2,2,0,0,0,0,2,2,0
34452,magallanes y de la antártica chilena,12,magallanes,121,laguna blanca,12102,77,0,0,0,0,0,0,0,0,0
34453,magallanes y de la antártica chilena,12,magallanes,121,laguna blanca,12102,78,1,0,1,0,0,0,1,0,1
34454,magallanes y de la antártica chilena,12,magallanes,121,laguna blanca,12102,79,0,0,0,0,0,0,0,0,0
34455,magallanes y de la antártica chilena,12,magallanes,121,laguna blanca,12102,80,0,0,0,0,0,0,0,0,0
34456,magallanes y de la antártica chilena,12,magallanes,121,laguna blanca,12102,81,2,0,2,0,0,0,2,0,2
34457,magallanes y de la antártica chilena,12,magallanes,121,laguna blanca,12102,82,0,0,0,0,0,0,0,0,0
34458,magallanes y de la antártica chilena,12,magallanes,121,laguna blanca,12102,83,0,0,0,0,0,0,0,0,0
34459,magallanes y de la antártica chilena,12,magallanes,121,laguna blanca,12102,84,0,0,0,0,0,0,0,0,0
34460,magallanes y de la antártica chilena,12,magallanes,121,laguna blanca,12102,85,0,0,0,0,0,0,0,0,0
34461,magallanes y de la antártica chilena,12,magallanes,121,laguna blanca,12102,86,0,0,0,0,0,0,0,0,0
34462,magallanes y de la antártica chilena,12,magallanes,121,laguna blanca,12102,87,0,0,0,0,0,0,0,0,0
34463,magallanes y de la antártica chilena,12,magallanes,121,laguna blanca,12102,88,0,0,0,0,0,0,0,0,0
34464,magallanes y de la antártica chilena,12,magallanes,121,laguna blanca,12102,89,0,0,0,0,0,0,0,0,0
34465,magallanes y de la antártica chilena,12,magallanes,121,laguna blanca,12102,90,0,0,0,0,0,0,0,0,0
34466,magallanes y de la antártica chilena,12,magallanes,121,laguna blanca,12102,91,0,0,0,0,0,0,0,0,0
34467,magallanes y de la antártica chilena,12,magallanes,121,laguna blanca,12102,92,0,0,0,0,0,0,0,0,0
34468,magallanes y de la antártica chilena,12,magallanes,121,laguna blanca,12102,93,0,0,0,0,0,0,0,0,0
34469,magallanes y de la antártica chilena,12,magallanes,121,laguna blanca,12102,94,0,0,0,0,0,0,0,0,0
34470,magallanes y de la antártica chilena,12,magallanes,121,laguna blanca,12102,95,0,0,0,0,0,0,0,0,0
34471,magallanes y de la antártica chilena,12,magallanes,121,laguna blanca,12102,96,0,0,0,0,0,0,0,0,0
34472,magallanes y de la antártica chilena,12,magallanes,121,laguna blanca,12102,97,0,0,0,0,0,0,0,0,0
34473,magallanes y de la antártica chilena,12,magallanes,121,laguna blanca,12102,98,0,0,0,0,0,0,0,0,0
34474,magallanes y de la antártica chilena,12,magallanes,121,laguna blanca,12102,99,0,0,0,0,0,0,0,0,0
34475,magallanes y de la antártica chilena,12,magallanes,121,laguna blanca,12102,100 o más,0,0,0,0,0,0,0,0,0
34476,magallanes y de la antártica chilena,12,magallanes,121,río verde,12103,total comuna,617,522,95,0,0,0,617,522,95
34477,magallanes y de la antártica chilena,12,magallanes,121,río verde,12103,0,0,0,0,0,0,0,0,0,0
34478,magallanes y de la antártica chilena,12,magallanes,121,río verde,12103,1,2,1,1,0,0,0,2,1,1
34479,magallanes y de la antártica chilena,12,magallanes,121,río verde,12103,2,1,1,0,0,0,0,1,1,0
34480,magallanes y de la antártica chilena,12,magallanes,121,río verde,12103,3,0,0,0,0,0,0,0,0,0
34481,magallanes y de la antártica chilena,12,magallanes,121,río verde,12103,4,2,1,1,0,0,0,2,1,1
34482,magallanes y de la antártica chilena,12,magallanes,121,río verde,12103,5,1,0,1,0,0,0,1,0,1
34483,magallanes y de la antártica chilena,12,magallanes,121,río verde,12103,6,0,0,0,0,0,0,0,0,0
34484,magallanes y de la antártica chilena,12,magallanes,121,río verde,12103,7,0,0,0,0,0,0,0,0,0
34485,magallanes y de la antártica chilena,12,magallanes,121,río verde,12103,8,4,1,3,0,0,0,4,1,3
34486,magallanes y de la antártica chilena,12,magallanes,121,río verde,12103,9,1,0,1,0,0,0,1,0,1
34487,magallanes y de la antártica chilena,12,magallanes,121,río verde,12103,10,0,0,0,0,0,0,0,0,0
34488,magallanes y de la antártica chilena,12,magallanes,121,río verde,12103,11,0,0,0,0,0,0,0,0,0
34489,magallanes y de la antártica chilena,12,magallanes,121,río verde,12103,12,2,1,1,0,0,0,2,1,1
34490,magallanes y de la antártica chilena,12,magallanes,121,río verde,12103,13,0,0,0,0,0,0,0,0,0
34491,magallanes y de la antártica chilena,12,magallanes,121,río verde,12103,14,0,0,0,0,0,0,0,0,0
34492,magallanes y de la antártica chilena,12,magallanes,121,río verde,12103,15,1,0,1,0,0,0,1,0,1
34493,magallanes y de la antártica chilena,12,magallanes,121,río verde,12103,16,0,0,0,0,0,0,0,0,0
34494,magallanes y de la antártica chilena,12,magallanes,121,río verde,12103,17,1,0,1,0,0,0,1,0,1
34495,magallanes y de la antártica chilena,12,magallanes,121,río verde,12103,18,3,3,0,0,0,0,3,3,0
34496,magallanes y de la antártica chilena,12,magallanes,121,río verde,12103,19,4,4,0,0,0,0,4,4,0
34497,magallanes y de la antártica chilena,12,magallanes,121,río verde,12103,20,6,4,2,0,0,0,6,4,2
34498,magallanes y de la antártica chilena,12,magallanes,121,río verde,12103,21,9,9,0,0,0,0,9,9,0
34499,magallanes y de la antártica chilena,12,magallanes,121,río verde,12103,22,11,10,1,0,0,0,11,10,1
34500,magallanes y de la antártica chilena,12,magallanes,121,río verde,12103,23,7,5,2,0,0,0,7,5,2
34501,magallanes y de la antártica chilena,12,magallanes,121,río verde,12103,24,20,16,4,0,0,0,20,16,4
34502,magallanes y de la antártica chilena,12,magallanes,121,río verde,12103,25,10,10,0,0,0,0,10,10,0
34503,magallanes y de la antártica chilena,12,magallanes,121,río verde,12103,26,15,11,4,0,0,0,15,11,4
34504,magallanes y de la antártica chilena,12,magallanes,121,río verde,12103,27,12,10,2,0,0,0,12,10,2
34505,magallanes y de la antártica chilena,12,magallanes,121,río verde,12103,28,23,17,6,0,0,0,23,17,6
34506,magallanes y de la antártica chilena,12,magallanes,121,río verde,12103,29,15,11,4,0,0,0,15,11,4
34507,magallanes y de la antártica chilena,12,magallanes,121,río verde,12103,30,13,12,1,0,0,0,13,12,1
34508,magallanes y de la antártica chilena,12,magallanes,121,río verde,12103,31,19,16,3,0,0,0,19,16,3
34509,magallanes y de la antártica chilena,12,magallanes,121,río verde,12103,32,17,15,2,0,0,0,17,15,2
34510,magallanes y de la antártica chilena,12,magallanes,121,río verde,12103,33,18,15,3,0,0,0,18,15,3
34511,magallanes y de la antártica chilena,12,magallanes,121,río verde,12103,34,21,19,2,0,0,0,21,19,2
34512,magallanes y de la antártica chilena,12,magallanes,121,río verde,12103,35,18,15,3,0,0,0,18,15,3
34513,magallanes y de la antártica chilena,12,magallanes,121,río verde,12103,36,5,5,0,0,0,0,5,5,0
34514,magallanes y de la antártica chilena,12,magallanes,121,río verde,12103,37,14,13,1,0,0,0,14,13,1
34515,magallanes y de la antártica chilena,12,magallanes,121,río verde,12103,38,15,15,0,0,0,0,15,15,0
34516,magallanes y de la antártica chilena,12,magallanes,121,río verde,12103,39,13,12,1,0,0,0,13,12,1
34517,magallanes y de la antártica chilena,12,magallanes,121,río verde,12103,40,19,18,1,0,0,0,19,18,1
34518,magallanes y de la antártica chilena,12,magallanes,121,río verde,12103,41,15,14,1,0,0,0,15,14,1
34519,magallanes y de la antártica chilena,12,magallanes,121,río verde,12103,42,13,9,4,0,0,0,13,9,4
34520,magallanes y de la antártica chilena,12,magallanes,121,río verde,12103,43,12,11,1,0,0,0,12,11,1
34521,magallanes y de la antártica chilena,12,magallanes,121,río verde,12103,44,10,9,1,0,0,0,10,9,1
34522,magallanes y de la antártica chilena,12,magallanes,121,río verde,12103,45,16,16,0,0,0,0,16,16,0
34523,magallanes y de la antártica chilena,12,magallanes,121,río verde,12103,46,13,10,3,0,0,0,13,10,3
34524,magallanes y de la antártica chilena,12,magallanes,121,río verde,12103,47,17,14,3,0,0,0,17,14,3
34525,magallanes y de la antártica chilena,12,magallanes,121,río verde,12103,48,11,9,2,0,0,0,11,9,2
34526,magallanes y de la antártica chilena,12,magallanes,121,río verde,12103,49,6,6,0,0,0,0,6,6,0
34527,magallanes y de la antártica chilena,12,magallanes,121,río verde,12103,50,18,18,0,0,0,0,18,18,0
34528,magallanes y de la antártica chilena,12,magallanes,121,río verde,12103,51,8,8,0,0,0,0,8,8,0
34529,magallanes y de la antártica chilena,12,magallanes,121,río verde,12103,52,13,9,4,0,0,0,13,9,4
34530,magallanes y de la antártica chilena,12,magallanes,121,río verde,12103,53,8,6,2,0,0,0,8,6,2
34531,magallanes y de la antártica chilena,12,magallanes,121,río verde,12103,54,15,14,1,0,0,0,15,14,1
34532,magallanes y de la antártica chilena,12,magallanes,121,río verde,12103,55,11,8,3,0,0,0,11,8,3
34533,magallanes y de la antártica chilena,12,magallanes,121,río verde,12103,56,9,8,1,0,0,0,9,8,1
34534,magallanes y de la antártica chilena,12,magallanes,121,río verde,12103,57,9,7,2,0,0,0,9,7,2
34535,magallanes y de la antártica chilena,12,magallanes,121,río verde,12103,58,7,5,2,0,0,0,7,5,2
34536,magallanes y de la antártica chilena,12,magallanes,121,río verde,12103,59,8,6,2,0,0,0,8,6,2
34537,magallanes y de la antártica chilena,12,magallanes,121,río verde,12103,60,11,11,0,0,0,0,11,11,0
34538,magallanes y de la antártica chilena,12,magallanes,121,río verde,12103,61,8,7,1,0,0,0,8,7,1
34539,magallanes y de la antártica chilena,12,magallanes,121,río verde,12103,62,10,9,1,0,0,0,10,9,1
34540,magallanes y de la antártica chilena,12,magallanes,121,río verde,12103,63,9,7,2,0,0,0,9,7,2
34541,magallanes y de la antártica chilena,12,magallanes,121,río verde,12103,64,5,5,0,0,0,0,5,5,0
34542,magallanes y de la antártica chilena,12,magallanes,121,río verde,12103,65,7,7,0,0,0,0,7,7,0
34543,magallanes y de la antártica chilena,12,magallanes,121,río verde,12103,66,2,2,0,0,0,0,2,2,0
34544,magallanes y de la antártica chilena,12,magallanes,121,río verde,12103,67,5,2,3,0,0,0,5,2,3
34545,magallanes y de la antártica chilena,12,magallanes,121,río verde,12103,68,1,1,0,0,0,0,1,1,0
34546,magallanes y de la antártica chilena,12,magallanes,121,río verde,12103,69,2,2,0,0,0,0,2,2,0
34547,magallanes y de la antártica chilena,12,magallanes,121,río verde,12103,70,4,2,2,0,0,0,4,2,2
34548,magallanes y de la antártica chilena,12,magallanes,121,río verde,12103,71,2,1,1,0,0,0,2,1,1
34549,magallanes y de la antártica chilena,12,magallanes,121,río verde,12103,72,2,2,0,0,0,0,2,2,0
34550,magallanes y de la antártica chilena,12,magallanes,121,río verde,12103,73,0,0,0,0,0,0,0,0,0
34551,magallanes y de la antártica chilena,12,magallanes,121,río verde,12103,74,2,1,1,0,0,0,2,1,1
34552,magallanes y de la antártica chilena,12,magallanes,121,río verde,12103,75,0,0,0,0,0,0,0,0,0
34553,magallanes y de la antártica chilena,12,magallanes,121,río verde,12103,76,1,1,0,0,0,0,1,1,0
34554,magallanes y de la antártica chilena,12,magallanes,121,río verde,12103,77,1,1,0,0,0,0,1,1,0
34555,magallanes y de la antártica chilena,12,magallanes,121,río verde,12103,78,1,1,0,0,0,0,1,1,0
34556,magallanes y de la antártica chilena,12,magallanes,121,río verde,12103,79,0,0,0,0,0,0,0,0,0
34557,magallanes y de la antártica chilena,12,magallanes,121,río verde,12103,80,2,2,0,0,0,0,2,2,0
34558,magallanes y de la antártica chilena,12,magallanes,121,río verde,12103,81,0,0,0,0,0,0,0,0,0
34559,magallanes y de la antártica chilena,12,magallanes,121,río verde,12103,82,0,0,0,0,0,0,0,0,0
34560,magallanes y de la antártica chilena,12,magallanes,121,río verde,12103,83,0,0,0,0,0,0,0,0,0
34561,magallanes y de la antártica chilena,12,magallanes,121,río verde,12103,84,0,0,0,0,0,0,0,0,0
34562,magallanes y de la antártica chilena,12,magallanes,121,río verde,12103,85,0,0,0,0,0,0,0,0,0
34563,magallanes y de la antártica chilena,12,magallanes,121,río verde,12103,86,0,0,0,0,0,0,0,0,0
34564,magallanes y de la antártica chilena,12,magallanes,121,río verde,12103,87,1,1,0,0,0,0,1,1,0
34565,magallanes y de la antártica chilena,12,magallanes,121,río verde,12103,88,0,0,0,0,0,0,0,0,0
34566,magallanes y de la antártica chilena,12,magallanes,121,río verde,12103,89,0,0,0,0,0,0,0,0,0
34567,magallanes y de la antártica chilena,12,magallanes,121,río verde,12103,90,0,0,0,0,0,0,0,0,0
34568,magallanes y de la antártica chilena,12,magallanes,121,río verde,12103,91,0,0,0,0,0,0,0,0,0
34569,magallanes y de la antártica chilena,12,magallanes,121,río verde,12103,92,0,0,0,0,0,0,0,0,0
34570,magallanes y de la antártica chilena,12,magallanes,121,río verde,12103,93,0,0,0,0,0,0,0,0,0
34571,magallanes y de la antártica chilena,12,magallanes,121,río verde,12103,94,0,0,0,0,0,0,0,0,0
34572,magallanes y de la antártica chilena,12,magallanes,121,río verde,12103,95,0,0,0,0,0,0,0,0,0
34573,magallanes y de la antártica chilena,12,magallanes,121,río verde,12103,96,0,0,0,0,0,0,0,0,0
34574,magallanes y de la antártica chilena,12,magallanes,121,río verde,12103,97,0,0,0,0,0,0,0,0,0
34575,magallanes y de la antártica chilena,12,magallanes,121,río verde,12103,98,0,0,0,0,0,0,0,0,0
34576,magallanes y de la antártica chilena,12,magallanes,121,río verde,12103,99,0,0,0,0,0,0,0,0,0
34577,magallanes y de la antártica chilena,12,magallanes,121,río verde,12103,100 o más,0,0,0,0,0,0,0,0,0
34578,magallanes y de la antártica chilena,12,magallanes,121,san gregorio,12104,total comuna,799,619,180,0,0,0,799,619,180
34579,magallanes y de la antártica chilena,12,magallanes,121,san gregorio,12104,0,4,2,2,0,0,0,4,2,2
34580,magallanes y de la antártica chilena,12,magallanes,121,san gregorio,12104,1,5,4,1,0,0,0,5,4,1
34581,magallanes y de la antártica chilena,12,magallanes,121,san gregorio,12104,2,2,1,1,0,0,0,2,1,1
34582,magallanes y de la antártica chilena,12,magallanes,121,san gregorio,12104,3,6,3,3,0,0,0,6,3,3
34583,magallanes y de la antártica chilena,12,magallanes,121,san gregorio,12104,4,4,2,2,0,0,0,4,2,2
34584,magallanes y de la antártica chilena,12,magallanes,121,san gregorio,12104,5,11,6,5,0,0,0,11,6,5
34585,magallanes y de la antártica chilena,12,magallanes,121,san gregorio,12104,6,4,3,1,0,0,0,4,3,1
34586,magallanes y de la antártica chilena,12,magallanes,121,san gregorio,12104,7,5,2,3,0,0,0,5,2,3
34587,magallanes y de la antártica chilena,12,magallanes,121,san gregorio,12104,8,6,3,3,0,0,0,6,3,3
34588,magallanes y de la antártica chilena,12,magallanes,121,san gregorio,12104,9,7,4,3,0,0,0,7,4,3
34589,magallanes y de la antártica chilena,12,magallanes,121,san gregorio,12104,10,1,0,1,0,0,0,1,0,1
34590,magallanes y de la antártica chilena,12,magallanes,121,san gregorio,12104,11,4,2,2,0,0,0,4,2,2
34591,magallanes y de la antártica chilena,12,magallanes,121,san gregorio,12104,12,6,1,5,0,0,0,6,1,5
34592,magallanes y de la antártica chilena,12,magallanes,121,san gregorio,12104,13,3,1,2,0,0,0,3,1,2
34593,magallanes y de la antártica chilena,12,magallanes,121,san gregorio,12104,14,0,0,0,0,0,0,0,0,0
34594,magallanes y de la antártica chilena,12,magallanes,121,san gregorio,12104,15,1,1,0,0,0,0,1,1,0
34595,magallanes y de la antártica chilena,12,magallanes,121,san gregorio,12104,16,4,1,3,0,0,0,4,1,3
34596,magallanes y de la antártica chilena,12,magallanes,121,san gregorio,12104,17,1,0,1,0,0,0,1,0,1
34597,magallanes y de la antártica chilena,12,magallanes,121,san gregorio,12104,18,3,1,2,0,0,0,3,1,2
34598,magallanes y de la antártica chilena,12,magallanes,121,san gregorio,12104,19,3,2,1,0,0,0,3,2,1
34599,magallanes y de la antártica chilena,12,magallanes,121,san gregorio,12104,20,3,3,0,0,0,0,3,3,0
34600,magallanes y de la antártica chilena,12,magallanes,121,san gregorio,12104,21,4,4,0,0,0,0,4,4,0
34601,magallanes y de la antártica chilena,12,magallanes,121,san gregorio,12104,22,8,7,1,0,0,0,8,7,1
34602,magallanes y de la antártica chilena,12,magallanes,121,san gregorio,12104,23,9,5,4,0,0,0,9,5,4
34603,magallanes y de la antártica chilena,12,magallanes,121,san gregorio,12104,24,8,6,2,0,0,0,8,6,2
34604,magallanes y de la antártica chilena,12,magallanes,121,san gregorio,12104,25,16,11,5,0,0,0,16,11,5
34605,magallanes y de la antártica chilena,12,magallanes,121,san gregorio,12104,26,19,18,1,0,0,0,19,18,1
34606,magallanes y de la antártica chilena,12,magallanes,121,san gregorio,12104,27,13,6,7,0,0,0,13,6,7
34607,magallanes y de la antártica chilena,12,magallanes,121,san gregorio,12104,28,17,12,5,0,0,0,17,12,5
34608,magallanes y de la antártica chilena,12,magallanes,121,san gregorio,12104,29,24,20,4,0,0,0,24,20,4
34609,magallanes y de la antártica chilena,12,magallanes,121,san gregorio,12104,30,14,11,3,0,0,0,14,11,3
34610,magallanes y de la antártica chilena,12,magallanes,121,san gregorio,12104,31,25,23,2,0,0,0,25,23,2
34611,magallanes y de la antártica chilena,12,magallanes,121,san gregorio,12104,32,23,18,5,0,0,0,23,18,5
34612,magallanes y de la antártica chilena,12,magallanes,121,san gregorio,12104,33,19,12,7,0,0,0,19,12,7
34613,magallanes y de la antártica chilena,12,magallanes,121,san gregorio,12104,34,19,14,5,0,0,0,19,14,5
34614,magallanes y de la antártica chilena,12,magallanes,121,san gregorio,12104,35,15,14,1,0,0,0,15,14,1
34615,magallanes y de la antártica chilena,12,magallanes,121,san gregorio,12104,36,8,5,3,0,0,0,8,5,3
34616,magallanes y de la antártica chilena,12,magallanes,121,san gregorio,12104,37,18,15,3,0,0,0,18,15,3
34617,magallanes y de la antártica chilena,12,magallanes,121,san gregorio,12104,38,7,5,2,0,0,0,7,5,2
34618,magallanes y de la antártica chilena,12,magallanes,121,san gregorio,12104,39,18,15,3,0,0,0,18,15,3
34619,magallanes y de la antártica chilena,12,magallanes,121,san gregorio,12104,40,15,13,2,0,0,0,15,13,2
34620,magallanes y de la antártica chilena,12,magallanes,121,san gregorio,12104,41,15,13,2,0,0,0,15,13,2
34621,magallanes y de la antártica chilena,12,magallanes,121,san gregorio,12104,42,8,7,1,0,0,0,8,7,1
34622,magallanes y de la antártica chilena,12,magallanes,121,san gregorio,12104,43,19,18,1,0,0,0,19,18,1
34623,magallanes y de la antártica chilena,12,magallanes,121,san gregorio,12104,44,15,15,0,0,0,0,15,15,0
34624,magallanes y de la antártica chilena,12,magallanes,121,san gregorio,12104,45,14,11,3,0,0,0,14,11,3
34625,magallanes y de la antártica chilena,12,magallanes,121,san gregorio,12104,46,11,9,2,0,0,0,11,9,2
34626,magallanes y de la antártica chilena,12,magallanes,121,san gregorio,12104,47,16,15,1,0,0,0,16,15,1
34627,magallanes y de la antártica chilena,12,magallanes,121,san gregorio,12104,48,11,6,5,0,0,0,11,6,5
34628,magallanes y de la antártica chilena,12,magallanes,121,san gregorio,12104,49,16,14,2,0,0,0,16,14,2
34629,magallanes y de la antártica chilena,12,magallanes,121,san gregorio,12104,50,16,13,3,0,0,0,16,13,3
34630,magallanes y de la antártica chilena,12,magallanes,121,san gregorio,12104,51,20,12,8,0,0,0,20,12,8
34631,magallanes y de la antártica chilena,12,magallanes,121,san gregorio,12104,52,13,9,4,0,0,0,13,9,4
34632,magallanes y de la antártica chilena,12,magallanes,121,san gregorio,12104,53,10,6,4,0,0,0,10,6,4
34633,magallanes y de la antártica chilena,12,magallanes,121,san gregorio,12104,54,17,14,3,0,0,0,17,14,3
34634,magallanes y de la antártica chilena,12,magallanes,121,san gregorio,12104,55,21,18,3,0,0,0,21,18,3
34635,magallanes y de la antártica chilena,12,magallanes,121,san gregorio,12104,56,15,13,2,0,0,0,15,13,2
34636,magallanes y de la antártica chilena,12,magallanes,121,san gregorio,12104,57,21,15,6,0,0,0,21,15,6
34637,magallanes y de la antártica chilena,12,magallanes,121,san gregorio,12104,58,20,19,1,0,0,0,20,19,1
34638,magallanes y de la antártica chilena,12,magallanes,121,san gregorio,12104,59,16,12,4,0,0,0,16,12,4
34639,magallanes y de la antártica chilena,12,magallanes,121,san gregorio,12104,60,14,12,2,0,0,0,14,12,2
34640,magallanes y de la antártica chilena,12,magallanes,121,san gregorio,12104,61,18,15,3,0,0,0,18,15,3
34641,magallanes y de la antártica chilena,12,magallanes,121,san gregorio,12104,62,9,4,5,0,0,0,9,4,5
34642,magallanes y de la antártica chilena,12,magallanes,121,san gregorio,12104,63,18,17,1,0,0,0,18,17,1
34643,magallanes y de la antártica chilena,12,magallanes,121,san gregorio,12104,64,13,12,1,0,0,0,13,12,1
34644,magallanes y de la antártica chilena,12,magallanes,121,san gregorio,12104,65,6,6,0,0,0,0,6,6,0
34645,magallanes y de la antártica chilena,12,magallanes,121,san gregorio,12104,66,3,2,1,0,0,0,3,2,1
34646,magallanes y de la antártica chilena,12,magallanes,121,san gregorio,12104,67,4,2,2,0,0,0,4,2,2
34647,magallanes y de la antártica chilena,12,magallanes,121,san gregorio,12104,68,7,7,0,0,0,0,7,7,0
34648,magallanes y de la antártica chilena,12,magallanes,121,san gregorio,12104,69,5,4,1,0,0,0,5,4,1
34649,magallanes y de la antártica chilena,12,magallanes,121,san gregorio,12104,70,4,4,0,0,0,0,4,4,0
34650,magallanes y de la antártica chilena,12,magallanes,121,san gregorio,12104,71,6,6,0,0,0,0,6,6,0
34651,magallanes y de la antártica chilena,12,magallanes,121,san gregorio,12104,72,1,1,0,0,0,0,1,1,0
34652,magallanes y de la antártica chilena,12,magallanes,121,san gregorio,12104,73,4,4,0,0,0,0,4,4,0
34653,magallanes y de la antártica chilena,12,magallanes,121,san gregorio,12104,74,4,4,0,0,0,0,4,4,0
34654,magallanes y de la antártica chilena,12,magallanes,121,san gregorio,12104,75,2,1,1,0,0,0,2,1,1
34655,magallanes y de la antártica chilena,12,magallanes,121,san gregorio,12104,76,1,0,1,0,0,0,1,0,1
34656,magallanes y de la antártica chilena,12,magallanes,121,san gregorio,12104,77,2,2,0,0,0,0,2,2,0
34657,magallanes y de la antártica chilena,12,magallanes,121,san gregorio,12104,78,0,0,0,0,0,0,0,0,0
34658,magallanes y de la antártica chilena,12,magallanes,121,san gregorio,12104,79,0,0,0,0,0,0,0,0,0
34659,magallanes y de la antártica chilena,12,magallanes,121,san gregorio,12104,80,0,0,0,0,0,0,0,0,0
34660,magallanes y de la antártica chilena,12,magallanes,121,san gregorio,12104,81,1,1,0,0,0,0,1,1,0
34661,magallanes y de la antártica chilena,12,magallanes,121,san gregorio,12104,82,0,0,0,0,0,0,0,0,0
34662,magallanes y de la antártica chilena,12,magallanes,121,san gregorio,12104,83,0,0,0,0,0,0,0,0,0
34663,magallanes y de la antártica chilena,12,magallanes,121,san gregorio,12104,84,0,0,0,0,0,0,0,0,0
34664,magallanes y de la antártica chilena,12,magallanes,121,san gregorio,12104,85,1,0,1,0,0,0,1,0,1
34665,magallanes y de la antártica chilena,12,magallanes,121,san gregorio,12104,86,0,0,0,0,0,0,0,0,0
34666,magallanes y de la antártica chilena,12,magallanes,121,san gregorio,12104,87,0,0,0,0,0,0,0,0,0
34667,magallanes y de la antártica chilena,12,magallanes,121,san gregorio,12104,88,0,0,0,0,0,0,0,0,0
34668,magallanes y de la antártica chilena,12,magallanes,121,san gregorio,12104,89,0,0,0,0,0,0,0,0,0
34669,magallanes y de la antártica chilena,12,magallanes,121,san gregorio,12104,90,0,0,0,0,0,0,0,0,0
34670,magallanes y de la antártica chilena,12,magallanes,121,san gregorio,12104,91,0,0,0,0,0,0,0,0,0
34671,magallanes y de la antártica chilena,12,magallanes,121,san gregorio,12104,92,0,0,0,0,0,0,0,0,0
34672,magallanes y de la antártica chilena,12,magallanes,121,san gregorio,12104,93,0,0,0,0,0,0,0,0,0
34673,magallanes y de la antártica chilena,12,magallanes,121,san gregorio,12104,94,0,0,0,0,0,0,0,0,0
34674,magallanes y de la antártica chilena,12,magallanes,121,san gregorio,12104,95,0,0,0,0,0,0,0,0,0
34675,magallanes y de la antártica chilena,12,magallanes,121,san gregorio,12104,96,0,0,0,0,0,0,0,0,0
34676,magallanes y de la antártica chilena,12,magallanes,121,san gregorio,12104,97,0,0,0,0,0,0,0,0,0
34677,magallanes y de la antártica chilena,12,magallanes,121,san gregorio,12104,98,0,0,0,0,0,0,0,0,0
34678,magallanes y de la antártica chilena,12,magallanes,121,san gregorio,12104,99,0,0,0,0,0,0,0,0,0
34679,magallanes y de la antártica chilena,12,magallanes,121,san gregorio,12104,100 o más,0,0,0,0,0,0,0,0,0
34680,magallanes y de la antártica chilena,12,antártica chilena,122,cabo de hornos,12201,total comuna,2063,1195,868,1874,1042,832,189,153,36
34681,magallanes y de la antártica chilena,12,antártica chilena,122,cabo de hornos,12201,0,19,11,8,18,10,8,1,1,0
34682,magallanes y de la antártica chilena,12,antártica chilena,122,cabo de hornos,12201,1,38,18,20,36,17,19,2,1,1
34683,magallanes y de la antártica chilena,12,antártica chilena,122,cabo de hornos,12201,2,33,8,25,32,8,24,1,0,1
34684,magallanes y de la antártica chilena,12,antártica chilena,122,cabo de hornos,12201,3,33,13,20,32,13,19,1,0,1
34685,magallanes y de la antártica chilena,12,antártica chilena,122,cabo de hornos,12201,4,43,27,16,42,27,15,1,0,1
34686,magallanes y de la antártica chilena,12,antártica chilena,122,cabo de hornos,12201,5,34,14,20,31,12,19,3,2,1
34687,magallanes y de la antártica chilena,12,antártica chilena,122,cabo de hornos,12201,6,48,32,16,46,31,15,2,1,1
34688,magallanes y de la antártica chilena,12,antártica chilena,122,cabo de hornos,12201,7,38,15,23,35,14,21,3,1,2
34689,magallanes y de la antártica chilena,12,antártica chilena,122,cabo de hornos,12201,8,37,20,17,36,19,17,1,1,0
34690,magallanes y de la antártica chilena,12,antártica chilena,122,cabo de hornos,12201,9,33,16,17,33,16,17,0,0,0
34691,magallanes y de la antártica chilena,12,antártica chilena,122,cabo de hornos,12201,10,37,14,23,37,14,23,0,0,0
34692,magallanes y de la antártica chilena,12,antártica chilena,122,cabo de hornos,12201,11,35,15,20,33,14,19,2,1,1
34693,magallanes y de la antártica chilena,12,antártica chilena,122,cabo de hornos,12201,12,29,18,11,28,17,11,1,1,0
34694,magallanes y de la antártica chilena,12,antártica chilena,122,cabo de hornos,12201,13,32,18,14,30,16,14,2,2,0
34695,magallanes y de la antártica chilena,12,antártica chilena,122,cabo de hornos,12201,14,28,14,14,28,14,14,0,0,0
34696,magallanes y de la antártica chilena,12,antártica chilena,122,cabo de hornos,12201,15,20,7,13,20,7,13,0,0,0
34697,magallanes y de la antártica chilena,12,antártica chilena,122,cabo de hornos,12201,16,17,7,10,17,7,10,0,0,0
34698,magallanes y de la antártica chilena,12,antártica chilena,122,cabo de hornos,12201,17,20,8,12,20,8,12,0,0,0
34699,magallanes y de la antártica chilena,12,antártica chilena,122,cabo de hornos,12201,18,13,7,6,13,7,6,0,0,0
34700,magallanes y de la antártica chilena,12,antártica chilena,122,cabo de hornos,12201,19,17,12,5,16,11,5,1,1,0
34701,magallanes y de la antártica chilena,12,antártica chilena,122,cabo de hornos,12201,20,18,13,5,18,13,5,0,0,0
34702,magallanes y de la antártica chilena,12,antártica chilena,122,cabo de hornos,12201,21,22,14,8,19,11,8,3,3,0
34703,magallanes y de la antártica chilena,12,antártica chilena,122,cabo de hornos,12201,22,23,17,6,19,13,6,4,4,0
34704,magallanes y de la antártica chilena,12,antártica chilena,122,cabo de hornos,12201,23,43,29,14,40,26,14,3,3,0
34705,magallanes y de la antártica chilena,12,antártica chilena,122,cabo de hornos,12201,24,40,27,13,36,23,13,4,4,0
34706,magallanes y de la antártica chilena,12,antártica chilena,122,cabo de hornos,12201,25,31,19,12,26,15,11,5,4,1
34707,magallanes y de la antártica chilena,12,antártica chilena,122,cabo de hornos,12201,26,43,23,20,40,22,18,3,1,2
34708,magallanes y de la antártica chilena,12,antártica chilena,122,cabo de hornos,12201,27,46,25,21,44,24,20,2,1,1
34709,magallanes y de la antártica chilena,12,antártica chilena,122,cabo de hornos,12201,28,53,32,21,46,26,20,7,6,1
34710,magallanes y de la antártica chilena,12,antártica chilena,122,cabo de hornos,12201,29,48,25,23,35,15,20,13,10,3
34711,magallanes y de la antártica chilena,12,antártica chilena,122,cabo de hornos,12201,30,47,27,20,46,26,20,1,1,0
34712,magallanes y de la antártica chilena,12,antártica chilena,122,cabo de hornos,12201,31,50,29,21,43,24,19,7,5,2
34713,magallanes y de la antártica chilena,12,antártica chilena,122,cabo de hornos,12201,32,50,32,18,44,27,17,6,5,1
34714,magallanes y de la antártica chilena,12,antártica chilena,122,cabo de hornos,12201,33,50,24,26,46,22,24,4,2,2
34715,magallanes y de la antártica chilena,12,antártica chilena,122,cabo de hornos,12201,34,55,28,27,51,26,25,4,2,2
34716,magallanes y de la antártica chilena,12,antártica chilena,122,cabo de hornos,12201,35,52,33,19,42,24,18,10,9,1
34717,magallanes y de la antártica chilena,12,antártica chilena,122,cabo de hornos,12201,36,39,24,15,35,20,15,4,4,0
34718,magallanes y de la antártica chilena,12,antártica chilena,122,cabo de hornos,12201,37,46,25,21,44,23,21,2,2,0
34719,magallanes y de la antártica chilena,12,antártica chilena,122,cabo de hornos,12201,38,41,24,17,39,22,17,2,2,0
34720,magallanes y de la antártica chilena,12,antártica chilena,122,cabo de hornos,12201,39,32,21,11,28,17,11,4,4,0
34721,magallanes y de la antártica chilena,12,antártica chilena,122,cabo de hornos,12201,40,47,30,17,41,25,16,6,5,1
34722,magallanes y de la antártica chilena,12,antártica chilena,122,cabo de hornos,12201,41,50,30,20,45,26,19,5,4,1
34723,magallanes y de la antártica chilena,12,antártica chilena,122,cabo de hornos,12201,42,34,19,15,29,15,14,5,4,1
34724,magallanes y de la antártica chilena,12,antártica chilena,122,cabo de hornos,12201,43,33,19,14,32,18,14,1,1,0
34725,magallanes y de la antártica chilena,12,antártica chilena,122,cabo de hornos,12201,44,22,17,5,20,15,5,2,2,0
34726,magallanes y de la antártica chilena,12,antártica chilena,122,cabo de hornos,12201,45,24,17,7,18,12,6,6,5,1
34727,magallanes y de la antártica chilena,12,antártica chilena,122,cabo de hornos,12201,46,34,22,12,28,17,11,6,5,1
34728,magallanes y de la antártica chilena,12,antártica chilena,122,cabo de hornos,12201,47,23,18,5,21,16,5,2,2,0
34729,magallanes y de la antártica chilena,12,antártica chilena,122,cabo de hornos,12201,48,21,13,8,19,11,8,2,2,0
34730,magallanes y de la antártica chilena,12,antártica chilena,122,cabo de hornos,12201,49,24,19,5,18,13,5,6,6,0
34731,magallanes y de la antártica chilena,12,antártica chilena,122,cabo de hornos,12201,50,21,14,7,16,9,7,5,5,0
34732,magallanes y de la antártica chilena,12,antártica chilena,122,cabo de hornos,12201,51,28,21,7,23,17,6,5,4,1
34733,magallanes y de la antártica chilena,12,antártica chilena,122,cabo de hornos,12201,52,16,12,4,14,10,4,2,2,0
34734,magallanes y de la antártica chilena,12,antártica chilena,122,cabo de hornos,12201,53,24,20,4,22,18,4,2,2,0
34735,magallanes y de la antártica chilena,12,antártica chilena,122,cabo de hornos,12201,54,21,8,13,21,8,13,0,0,0
34736,magallanes y de la antártica chilena,12,antártica chilena,122,cabo de hornos,12201,55,15,10,5,14,9,5,1,1,0
34737,magallanes y de la antártica chilena,12,antártica chilena,122,cabo de hornos,12201,56,19,12,7,16,9,7,3,3,0
34738,magallanes y de la antártica chilena,12,antártica chilena,122,cabo de hornos,12201,57,19,15,4,16,12,4,3,3,0
34739,magallanes y de la antártica chilena,12,antártica chilena,122,cabo de hornos,12201,58,19,13,6,15,10,5,4,3,1
34740,magallanes y de la antártica chilena,12,antártica chilena,122,cabo de hornos,12201,59,18,13,5,15,11,4,3,2,1
34741,magallanes y de la antártica chilena,12,antártica chilena,122,cabo de hornos,12201,60,13,9,4,12,8,4,1,1,0
34742,magallanes y de la antártica chilena,12,antártica chilena,122,cabo de hornos,12201,61,17,8,9,16,7,9,1,1,0
34743,magallanes y de la antártica chilena,12,antártica chilena,122,cabo de hornos,12201,62,6,4,2,5,4,1,1,0,1
34744,magallanes y de la antártica chilena,12,antártica chilena,122,cabo de hornos,12201,63,10,7,3,9,6,3,1,1,0
34745,magallanes y de la antártica chilena,12,antártica chilena,122,cabo de hornos,12201,64,7,3,4,7,3,4,0,0,0
34746,magallanes y de la antártica chilena,12,antártica chilena,122,cabo de hornos,12201,65,13,8,5,12,8,4,1,0,1
34747,magallanes y de la antártica chilena,12,antártica chilena,122,cabo de hornos,12201,66,10,5,5,10,5,5,0,0,0
34748,magallanes y de la antártica chilena,12,antártica chilena,122,cabo de hornos,12201,67,3,1,2,3,1,2,0,0,0
34749,magallanes y de la antártica chilena,12,antártica chilena,122,cabo de hornos,12201,68,4,3,1,4,3,1,0,0,0
34750,magallanes y de la antártica chilena,12,antártica chilena,122,cabo de hornos,12201,69,3,2,1,3,2,1,0,0,0
34751,magallanes y de la antártica chilena,12,antártica chilena,122,cabo de hornos,12201,70,4,2,2,4,2,2,0,0,0
34752,magallanes y de la antártica chilena,12,antártica chilena,122,cabo de hornos,12201,71,5,5,0,2,2,0,3,3,0
34753,magallanes y de la antártica chilena,12,antártica chilena,122,cabo de hornos,12201,72,5,3,2,3,1,2,2,2,0
34754,magallanes y de la antártica chilena,12,antártica chilena,122,cabo de hornos,12201,73,0,0,0,0,0,0,0,0,0
34755,magallanes y de la antártica chilena,12,antártica chilena,122,cabo de hornos,12201,74,4,2,2,4,2,2,0,0,0
34756,magallanes y de la antártica chilena,12,antártica chilena,122,cabo de hornos,12201,75,2,1,1,2,1,1,0,0,0
34757,magallanes y de la antártica chilena,12,antártica chilena,122,cabo de hornos,12201,76,1,0,1,0,0,0,1,0,1
34758,magallanes y de la antártica chilena,12,antártica chilena,122,cabo de hornos,12201,77,2,1,1,2,1,1,0,0,0
34759,magallanes y de la antártica chilena,12,antártica chilena,122,cabo de hornos,12201,78,0,0,0,0,0,0,0,0,0
34760,magallanes y de la antártica chilena,12,antártica chilena,122,cabo de hornos,12201,79,1,1,0,1,1,0,0,0,0
34761,magallanes y de la antártica chilena,12,antártica chilena,122,cabo de hornos,12201,80,1,1,0,1,1,0,0,0,0
34762,magallanes y de la antártica chilena,12,antártica chilena,122,cabo de hornos,12201,81,2,0,2,2,0,2,0,0,0
34763,magallanes y de la antártica chilena,12,antártica chilena,122,cabo de hornos,12201,82,0,0,0,0,0,0,0,0,0
34764,magallanes y de la antártica chilena,12,antártica chilena,122,cabo de hornos,12201,83,0,0,0,0,0,0,0,0,0
34765,magallanes y de la antártica chilena,12,antártica chilena,122,cabo de hornos,12201,84,1,1,0,1,1,0,0,0,0
34766,magallanes y de la antártica chilena,12,antártica chilena,122,cabo de hornos,12201,85,0,0,0,0,0,0,0,0,0
34767,magallanes y de la antártica chilena,12,antártica chilena,122,cabo de hornos,12201,86,1,0,1,1,0,1,0,0,0
34768,magallanes y de la antártica chilena,12,antártica chilena,122,cabo de hornos,12201,87,1,0,1,1,0,1,0,0,0
34769,magallanes y de la antártica chilena,12,antártica chilena,122,cabo de hornos,12201,88,1,0,1,1,0,1,0,0,0
34770,magallanes y de la antártica chilena,12,antártica chilena,122,cabo de hornos,12201,89,1,1,0,1,1,0,0,0,0
34771,magallanes y de la antártica chilena,12,antártica chilena,122,cabo de hornos,12201,90,0,0,0,0,0,0,0,0,0
34772,magallanes y de la antártica chilena,12,antártica chilena,122,cabo de hornos,12201,91,0,0,0,0,0,0,0,0,0
34773,magallanes y de la antártica chilena,12,antártica chilena,122,cabo de hornos,12201,92,0,0,0,0,0,0,0,0,0
34774,magallanes y de la antártica chilena,12,antártica chilena,122,cabo de hornos,12201,93,0,0,0,0,0,0,0,0,0
34775,magallanes y de la antártica chilena,12,antártica chilena,122,cabo de hornos,12201,94,0,0,0,0,0,0,0,0,0
34776,magallanes y de la antártica chilena,12,antártica chilena,122,cabo de hornos,12201,95,0,0,0,0,0,0,0,0,0
34777,magallanes y de la antártica chilena,12,antártica chilena,122,cabo de hornos,12201,96,0,0,0,0,0,0,0,0,0
34778,magallanes y de la antártica chilena,12,antártica chilena,122,cabo de hornos,12201,97,0,0,0,0,0,0,0,0,0
34779,magallanes y de la antártica chilena,12,antártica chilena,122,cabo de hornos,12201,98,0,0,0,0,0,0,0,0,0
34780,magallanes y de la antártica chilena,12,antártica chilena,122,cabo de hornos,12201,99,0,0,0,0,0,0,0,0,0
34781,magallanes y de la antártica chilena,12,antártica chilena,122,cabo de hornos,12201,100 o más,0,0,0,0,0,0,0,0,0
34782,magallanes y de la antártica chilena,12,antártica chilena,122,antártica,12202,total comuna,138,126,12,0,0,0,138,126,12
34783,magallanes y de la antártica chilena,12,antártica chilena,122,antártica,12202,0,0,0,0,0,0,0,0,0,0
34784,magallanes y de la antártica chilena,12,antártica chilena,122,antártica,12202,1,0,0,0,0,0,0,0,0,0
34785,magallanes y de la antártica chilena,12,antártica chilena,122,antártica,12202,2,2,0,2,0,0,0,2,0,2
34786,magallanes y de la antártica chilena,12,antártica chilena,122,antártica,12202,3,0,0,0,0,0,0,0,0,0
34787,magallanes y de la antártica chilena,12,antártica chilena,122,antártica,12202,4,2,2,0,0,0,0,2,2,0
34788,magallanes y de la antártica chilena,12,antártica chilena,122,antártica,12202,5,0,0,0,0,0,0,0,0,0
34789,magallanes y de la antártica chilena,12,antártica chilena,122,antártica,12202,6,1,1,0,0,0,0,1,1,0
34790,magallanes y de la antártica chilena,12,antártica chilena,122,antártica,12202,7,1,1,0,0,0,0,1,1,0
34791,magallanes y de la antártica chilena,12,antártica chilena,122,antártica,12202,8,1,0,1,0,0,0,1,0,1
34792,magallanes y de la antártica chilena,12,antártica chilena,122,antártica,12202,9,0,0,0,0,0,0,0,0,0
34793,magallanes y de la antártica chilena,12,antártica chilena,122,antártica,12202,10,0,0,0,0,0,0,0,0,0
34794,magallanes y de la antártica chilena,12,antártica chilena,122,antártica,12202,11,1,0,1,0,0,0,1,0,1
34795,magallanes y de la antártica chilena,12,antártica chilena,122,antártica,12202,12,0,0,0,0,0,0,0,0,0
34796,magallanes y de la antártica chilena,12,antártica chilena,122,antártica,12202,13,0,0,0,0,0,0,0,0,0
34797,magallanes y de la antártica chilena,12,antártica chilena,122,antártica,12202,14,0,0,0,0,0,0,0,0,0
34798,magallanes y de la antártica chilena,12,antártica chilena,122,antártica,12202,15,0,0,0,0,0,0,0,0,0
34799,magallanes y de la antártica chilena,12,antártica chilena,122,antártica,12202,16,0,0,0,0,0,0,0,0,0
34800,magallanes y de la antártica chilena,12,antártica chilena,122,antártica,12202,17,0,0,0,0,0,0,0,0,0
34801,magallanes y de la antártica chilena,12,antártica chilena,122,antártica,12202,18,0,0,0,0,0,0,0,0,0
34802,magallanes y de la antártica chilena,12,antártica chilena,122,antártica,12202,19,0,0,0,0,0,0,0,0,0
34803,magallanes y de la antártica chilena,12,antártica chilena,122,antártica,12202,20,0,0,0,0,0,0,0,0,0
34804,magallanes y de la antártica chilena,12,antártica chilena,122,antártica,12202,21,0,0,0,0,0,0,0,0,0
34805,magallanes y de la antártica chilena,12,antártica chilena,122,antártica,12202,22,0,0,0,0,0,0,0,0,0
34806,magallanes y de la antártica chilena,12,antártica chilena,122,antártica,12202,23,1,1,0,0,0,0,1,1,0
34807,magallanes y de la antártica chilena,12,antártica chilena,122,antártica,12202,24,1,1,0,0,0,0,1,1,0
34808,magallanes y de la antártica chilena,12,antártica chilena,122,antártica,12202,25,3,3,0,0,0,0,3,3,0
34809,magallanes y de la antártica chilena,12,antártica chilena,122,antártica,12202,26,3,3,0,0,0,0,3,3,0
34810,magallanes y de la antártica chilena,12,antártica chilena,122,antártica,12202,27,4,4,0,0,0,0,4,4,0
34811,magallanes y de la antártica chilena,12,antártica chilena,122,antártica,12202,28,4,4,0,0,0,0,4,4,0
34812,magallanes y de la antártica chilena,12,antártica chilena,122,antártica,12202,29,0,0,0,0,0,0,0,0,0
34813,magallanes y de la antártica chilena,12,antártica chilena,122,antártica,12202,30,6,6,0,0,0,0,6,6,0
34814,magallanes y de la antártica chilena,12,antártica chilena,122,antártica,12202,31,3,2,1,0,0,0,3,2,1
34815,magallanes y de la antártica chilena,12,antártica chilena,122,antártica,12202,32,3,3,0,0,0,0,3,3,0
34816,magallanes y de la antártica chilena,12,antártica chilena,122,antártica,12202,33,4,4,0,0,0,0,4,4,0
34817,magallanes y de la antártica chilena,12,antártica chilena,122,antártica,12202,34,5,4,1,0,0,0,5,4,1
34818,magallanes y de la antártica chilena,12,antártica chilena,122,antártica,12202,35,8,8,0,0,0,0,8,8,0
34819,magallanes y de la antártica chilena,12,antártica chilena,122,antártica,12202,36,7,5,2,0,0,0,7,5,2
34820,magallanes y de la antártica chilena,12,antártica chilena,122,antártica,12202,37,8,8,0,0,0,0,8,8,0
34821,magallanes y de la antártica chilena,12,antártica chilena,122,antártica,12202,38,8,6,2,0,0,0,8,6,2
34822,magallanes y de la antártica chilena,12,antártica chilena,122,antártica,12202,39,8,8,0,0,0,0,8,8,0
34823,magallanes y de la antártica chilena,12,antártica chilena,122,antártica,12202,40,6,6,0,0,0,0,6,6,0
34824,magallanes y de la antártica chilena,12,antártica chilena,122,antártica,12202,41,3,3,0,0,0,0,3,3,0
34825,magallanes y de la antártica chilena,12,antártica chilena,122,antártica,12202,42,5,5,0,0,0,0,5,5,0
34826,magallanes y de la antártica chilena,12,antártica chilena,122,antártica,12202,43,3,3,0,0,0,0,3,3,0
34827,magallanes y de la antártica chilena,12,antártica chilena,122,antártica,12202,44,4,4,0,0,0,0,4,4,0
34828,magallanes y de la antártica chilena,12,antártica chilena,122,antártica,12202,45,6,5,1,0,0,0,6,5,1
34829,magallanes y de la antártica chilena,12,antártica chilena,122,antártica,12202,46,3,2,1,0,0,0,3,2,1
34830,magallanes y de la antártica chilena,12,antártica chilena,122,antártica,12202,47,5,5,0,0,0,0,5,5,0
34831,magallanes y de la antártica chilena,12,antártica chilena,122,antártica,12202,48,2,2,0,0,0,0,2,2,0
34832,magallanes y de la antártica chilena,12,antártica chilena,122,antártica,12202,49,6,6,0,0,0,0,6,6,0
34833,magallanes y de la antártica chilena,12,antártica chilena,122,antártica,12202,50,5,5,0,0,0,0,5,5,0
34834,magallanes y de la antártica chilena,12,antártica chilena,122,antártica,12202,51,2,2,0,0,0,0,2,2,0
34835,magallanes y de la antártica chilena,12,antártica chilena,122,antártica,12202,52,1,1,0,0,0,0,1,1,0
34836,magallanes y de la antártica chilena,12,antártica chilena,122,antártica,12202,53,0,0,0,0,0,0,0,0,0
34837,magallanes y de la antártica chilena,12,antártica chilena,122,antártica,12202,54,0,0,0,0,0,0,0,0,0
34838,magallanes y de la antártica chilena,12,antártica chilena,122,antártica,12202,55,1,1,0,0,0,0,1,1,0
34839,magallanes y de la antártica chilena,12,antártica chilena,122,antártica,12202,56,0,0,0,0,0,0,0,0,0
34840,magallanes y de la antártica chilena,12,antártica chilena,122,antártica,12202,57,0,0,0,0,0,0,0,0,0
34841,magallanes y de la antártica chilena,12,antártica chilena,122,antártica,12202,58,0,0,0,0,0,0,0,0,0
34842,magallanes y de la antártica chilena,12,antártica chilena,122,antártica,12202,59,0,0,0,0,0,0,0,0,0
34843,magallanes y de la antártica chilena,12,antártica chilena,122,antártica,12202,60,1,1,0,0,0,0,1,1,0
34844,magallanes y de la antártica chilena,12,antártica chilena,122,antártica,12202,61,1,1,0,0,0,0,1,1,0
34845,magallanes y de la antártica chilena,12,antártica chilena,122,antártica,12202,62,0,0,0,0,0,0,0,0,0
34846,magallanes y de la antártica chilena,12,antártica chilena,122,antártica,12202,63,0,0,0,0,0,0,0,0,0
34847,magallanes y de la antártica chilena,12,antártica chilena,122,antártica,12202,64,0,0,0,0,0,0,0,0,0
34848,magallanes y de la antártica chilena,12,antártica chilena,122,antártica,12202,65,0,0,0,0,0,0,0,0,0
34849,magallanes y de la antártica chilena,12,antártica chilena,122,antártica,12202,66,0,0,0,0,0,0,0,0,0
34850,magallanes y de la antártica chilena,12,antártica chilena,122,antártica,12202,67,0,0,0,0,0,0,0,0,0
34851,magallanes y de la antártica chilena,12,antártica chilena,122,antártica,12202,68,0,0,0,0,0,0,0,0,0
34852,magallanes y de la antártica chilena,12,antártica chilena,122,antártica,12202,69,0,0,0,0,0,0,0,0,0
34853,magallanes y de la antártica chilena,12,antártica chilena,122,antártica,12202,70,0,0,0,0,0,0,0,0,0
34854,magallanes y de la antártica chilena,12,antártica chilena,122,antártica,12202,71,0,0,0,0,0,0,0,0,0
34855,magallanes y de la antártica chilena,12,antártica chilena,122,antártica,12202,72,0,0,0,0,0,0,0,0,0
34856,magallanes y de la antártica chilena,12,antártica chilena,122,antártica,12202,73,0,0,0,0,0,0,0,0,0
34857,magallanes y de la antártica chilena,12,antártica chilena,122,antártica,12202,74,0,0,0,0,0,0,0,0,0
34858,magallanes y de la antártica chilena,12,antártica chilena,122,antártica,12202,75,0,0,0,0,0,0,0,0,0
34859,magallanes y de la antártica chilena,12,antártica chilena,122,antártica,12202,76,0,0,0,0,0,0,0,0,0
34860,magallanes y de la antártica chilena,12,antártica chilena,122,antártica,12202,77,0,0,0,0,0,0,0,0,0
34861,magallanes y de la antártica chilena,12,antártica chilena,122,antártica,12202,78,0,0,0,0,0,0,0,0,0
34862,magallanes y de la antártica chilena,12,antártica chilena,122,antártica,12202,79,0,0,0,0,0,0,0,0,0
34863,magallanes y de la antártica chilena,12,antártica chilena,122,antártica,12202,80,0,0,0,0,0,0,0,0,0
34864,magallanes y de la antártica chilena,12,antártica chilena,122,antártica,12202,81,0,0,0,0,0,0,0,0,0
34865,magallanes y de la antártica chilena,12,antártica chilena,122,antártica,12202,82,0,0,0,0,0,0,0,0,0
34866,magallanes y de la antártica chilena,12,antártica chilena,122,antártica,12202,83,0,0,0,0,0,0,0,0,0
34867,magallanes y de la antártica chilena,12,antártica chilena,122,antártica,12202,84,0,0,0,0,0,0,0,0,0
34868,magallanes y de la antártica chilena,12,antártica chilena,122,antártica,12202,85,0,0,0,0,0,0,0,0,0
34869,magallanes y de la antártica chilena,12,antártica chilena,122,antártica,12202,86,0,0,0,0,0,0,0,0,0
34870,magallanes y de la antártica chilena,12,antártica chilena,122,antártica,12202,87,0,0,0,0,0,0,0,0,0
34871,magallanes y de la antártica chilena,12,antártica chilena,122,antártica,12202,88,0,0,0,0,0,0,0,0,0
34872,magallanes y de la antártica chilena,12,antártica chilena,122,antártica,12202,89,0,0,0,0,0,0,0,0,0
34873,magallanes y de la antártica chilena,12,antártica chilena,122,antártica,12202,90,0,0,0,0,0,0,0,0,0
34874,magallanes y de la antártica chilena,12,antártica chilena,122,antártica,12202,91,0,0,0,0,0,0,0,0,0
34875,magallanes y de la antártica chilena,12,antártica chilena,122,antártica,12202,92,0,0,0,0,0,0,0,0,0
34876,magallanes y de la antártica chilena,12,antártica chilena,122,antártica,12202,93,0,0,0,0,0,0,0,0,0
34877,magallanes y de la antártica chilena,12,antártica chilena,122,antártica,12202,94,0,0,0,0,0,0,0,0,0
34878,magallanes y de la antártica chilena,12,antártica chilena,122,antártica,12202,95,0,0,0,0,0,0,0,0,0
34879,magallanes y de la antártica chilena,12,antártica chilena,122,antártica,12202,96,0,0,0,0,0,0,0,0,0
34880,magallanes y de la antártica chilena,12,antártica chilena,122,antártica,12202,97,0,0,0,0,0,0,0,0,0
34881,magallanes y de la antártica chilena,12,antártica chilena,122,antártica,12202,98,0,0,0,0,0,0,0,0,0
34882,magallanes y de la antártica chilena,12,antártica chilena,122,antártica,12202,99,0,0,0,0,0,0,0,0,0
34883,magallanes y de la antártica chilena,12,antártica chilena,122,antártica,12202,100 o más,0,0,0,0,0,0,0,0,0
34884,magallanes y de la antártica chilena,12,tierra del fuego,123,porvenir,12301,total comuna,6801,3993,2808,6062,3383,2679,739,610,129
34885,magallanes y de la antártica chilena,12,tierra del fuego,123,porvenir,12301,0,71,39,32,68,36,32,3,3,0
34886,magallanes y de la antártica chilena,12,tierra del fuego,123,porvenir,12301,1,86,40,46,85,40,45,1,0,1
34887,magallanes y de la antártica chilena,12,tierra del fuego,123,porvenir,12301,2,93,50,43,90,48,42,3,2,1
34888,magallanes y de la antártica chilena,12,tierra del fuego,123,porvenir,12301,3,90,43,47,88,41,47,2,2,0
34889,magallanes y de la antártica chilena,12,tierra del fuego,123,porvenir,12301,4,76,33,43,72,31,41,4,2,2
34890,magallanes y de la antártica chilena,12,tierra del fuego,123,porvenir,12301,5,86,50,36,83,48,35,3,2,1
34891,magallanes y de la antártica chilena,12,tierra del fuego,123,porvenir,12301,6,92,49,43,87,45,42,5,4,1
34892,magallanes y de la antártica chilena,12,tierra del fuego,123,porvenir,12301,7,80,44,36,78,43,35,2,1,1
34893,magallanes y de la antártica chilena,12,tierra del fuego,123,porvenir,12301,8,95,44,51,92,43,49,3,1,2
34894,magallanes y de la antártica chilena,12,tierra del fuego,123,porvenir,12301,9,75,36,39,73,36,37,2,0,2
34895,magallanes y de la antártica chilena,12,tierra del fuego,123,porvenir,12301,10,80,43,37,78,42,36,2,1,1
34896,magallanes y de la antártica chilena,12,tierra del fuego,123,porvenir,12301,11,106,57,49,106,57,49,0,0,0
34897,magallanes y de la antártica chilena,12,tierra del fuego,123,porvenir,12301,12,72,38,34,72,38,34,0,0,0
34898,magallanes y de la antártica chilena,12,tierra del fuego,123,porvenir,12301,13,91,49,42,88,48,40,3,1,2
34899,magallanes y de la antártica chilena,12,tierra del fuego,123,porvenir,12301,14,62,31,31,58,28,30,4,3,1
34900,magallanes y de la antártica chilena,12,tierra del fuego,123,porvenir,12301,15,62,34,28,59,32,27,3,2,1
34901,magallanes y de la antártica chilena,12,tierra del fuego,123,porvenir,12301,16,74,36,38,72,35,37,2,1,1
34902,magallanes y de la antártica chilena,12,tierra del fuego,123,porvenir,12301,17,101,85,16,101,85,16,0,0,0
34903,magallanes y de la antártica chilena,12,tierra del fuego,123,porvenir,12301,18,205,184,21,200,180,20,5,4,1
34904,magallanes y de la antártica chilena,12,tierra del fuego,123,porvenir,12301,19,129,107,22,127,105,22,2,2,0
34905,magallanes y de la antártica chilena,12,tierra del fuego,123,porvenir,12301,20,93,59,34,89,55,34,4,4,0
34906,magallanes y de la antártica chilena,12,tierra del fuego,123,porvenir,12301,21,89,61,28,79,51,28,10,10,0
34907,magallanes y de la antártica chilena,12,tierra del fuego,123,porvenir,12301,22,82,49,33,72,39,33,10,10,0
34908,magallanes y de la antártica chilena,12,tierra del fuego,123,porvenir,12301,23,115,77,38,102,67,35,13,10,3
34909,magallanes y de la antártica chilena,12,tierra del fuego,123,porvenir,12301,24,89,49,40,80,41,39,9,8,1
34910,magallanes y de la antártica chilena,12,tierra del fuego,123,porvenir,12301,25,131,65,66,120,55,65,11,10,1
34911,magallanes y de la antártica chilena,12,tierra del fuego,123,porvenir,12301,26,137,80,57,126,72,54,11,8,3
34912,magallanes y de la antártica chilena,12,tierra del fuego,123,porvenir,12301,27,152,96,56,137,86,51,15,10,5
34913,magallanes y de la antártica chilena,12,tierra del fuego,123,porvenir,12301,28,124,70,54,116,64,52,8,6,2
34914,magallanes y de la antártica chilena,12,tierra del fuego,123,porvenir,12301,29,139,77,62,132,71,61,7,6,1
34915,magallanes y de la antártica chilena,12,tierra del fuego,123,porvenir,12301,30,127,68,59,115,59,56,12,9,3
34916,magallanes y de la antártica chilena,12,tierra del fuego,123,porvenir,12301,31,114,58,56,107,53,54,7,5,2
34917,magallanes y de la antártica chilena,12,tierra del fuego,123,porvenir,12301,32,109,54,55,97,43,54,12,11,1
34918,magallanes y de la antártica chilena,12,tierra del fuego,123,porvenir,12301,33,119,67,52,105,56,49,14,11,3
34919,magallanes y de la antártica chilena,12,tierra del fuego,123,porvenir,12301,34,112,76,36,98,63,35,14,13,1
34920,magallanes y de la antártica chilena,12,tierra del fuego,123,porvenir,12301,35,97,52,45,85,41,44,12,11,1
34921,magallanes y de la antártica chilena,12,tierra del fuego,123,porvenir,12301,36,100,60,40,94,55,39,6,5,1
34922,magallanes y de la antártica chilena,12,tierra del fuego,123,porvenir,12301,37,85,46,39,79,41,38,6,5,1
34923,magallanes y de la antártica chilena,12,tierra del fuego,123,porvenir,12301,38,102,63,39,89,52,37,13,11,2
34924,magallanes y de la antártica chilena,12,tierra del fuego,123,porvenir,12301,39,91,60,31,80,51,29,11,9,2
34925,magallanes y de la antártica chilena,12,tierra del fuego,123,porvenir,12301,40,80,48,32,68,38,30,12,10,2
34926,magallanes y de la antártica chilena,12,tierra del fuego,123,porvenir,12301,41,99,63,36,86,51,35,13,12,1
34927,magallanes y de la antártica chilena,12,tierra del fuego,123,porvenir,12301,42,93,59,34,80,47,33,13,12,1
34928,magallanes y de la antártica chilena,12,tierra del fuego,123,porvenir,12301,43,100,62,38,87,52,35,13,10,3
34929,magallanes y de la antártica chilena,12,tierra del fuego,123,porvenir,12301,44,89,47,42,78,37,41,11,10,1
34930,magallanes y de la antártica chilena,12,tierra del fuego,123,porvenir,12301,45,75,44,31,64,35,29,11,9,2
34931,magallanes y de la antártica chilena,12,tierra del fuego,123,porvenir,12301,46,98,54,44,80,39,41,18,15,3
34932,magallanes y de la antártica chilena,12,tierra del fuego,123,porvenir,12301,47,98,51,47,85,38,47,13,13,0
34933,magallanes y de la antártica chilena,12,tierra del fuego,123,porvenir,12301,48,83,44,39,74,36,38,9,8,1
34934,magallanes y de la antártica chilena,12,tierra del fuego,123,porvenir,12301,49,96,61,35,78,47,31,18,14,4
34935,magallanes y de la antártica chilena,12,tierra del fuego,123,porvenir,12301,50,83,42,41,70,34,36,13,8,5
34936,magallanes y de la antártica chilena,12,tierra del fuego,123,porvenir,12301,51,87,50,37,68,37,31,19,13,6
34937,magallanes y de la antártica chilena,12,tierra del fuego,123,porvenir,12301,52,87,51,36,68,34,34,19,17,2
34938,magallanes y de la antártica chilena,12,tierra del fuego,123,porvenir,12301,53,93,53,40,73,37,36,20,16,4
34939,magallanes y de la antártica chilena,12,tierra del fuego,123,porvenir,12301,54,86,54,32,69,39,30,17,15,2
34940,magallanes y de la antártica chilena,12,tierra del fuego,123,porvenir,12301,55,99,60,39,77,40,37,22,20,2
34941,magallanes y de la antártica chilena,12,tierra del fuego,123,porvenir,12301,56,68,50,18,54,37,17,14,13,1
34942,magallanes y de la antártica chilena,12,tierra del fuego,123,porvenir,12301,57,85,56,29,63,37,26,22,19,3
34943,magallanes y de la antártica chilena,12,tierra del fuego,123,porvenir,12301,58,86,49,37,67,32,35,19,17,2
34944,magallanes y de la antártica chilena,12,tierra del fuego,123,porvenir,12301,59,86,56,30,72,44,28,14,12,2
34945,magallanes y de la antártica chilena,12,tierra del fuego,123,porvenir,12301,60,73,47,26,60,34,26,13,13,0
34946,magallanes y de la antártica chilena,12,tierra del fuego,123,porvenir,12301,61,72,36,36,66,31,35,6,5,1
34947,magallanes y de la antártica chilena,12,tierra del fuego,123,porvenir,12301,62,69,39,30,53,29,24,16,10,6
34948,magallanes y de la antártica chilena,12,tierra del fuego,123,porvenir,12301,63,64,35,29,46,23,23,18,12,6
34949,magallanes y de la antártica chilena,12,tierra del fuego,123,porvenir,12301,64,60,37,23,49,27,22,11,10,1
34950,magallanes y de la antártica chilena,12,tierra del fuego,123,porvenir,12301,65,54,35,19,43,24,19,11,11,0
34951,magallanes y de la antártica chilena,12,tierra del fuego,123,porvenir,12301,66,43,23,20,35,19,16,8,4,4
34952,magallanes y de la antártica chilena,12,tierra del fuego,123,porvenir,12301,67,43,25,18,32,14,18,11,11,0
34953,magallanes y de la antártica chilena,12,tierra del fuego,123,porvenir,12301,68,53,29,24,36,15,21,17,14,3
34954,magallanes y de la antártica chilena,12,tierra del fuego,123,porvenir,12301,69,46,23,23,39,18,21,7,5,2
34955,magallanes y de la antártica chilena,12,tierra del fuego,123,porvenir,12301,70,39,24,15,29,14,15,10,10,0
34956,magallanes y de la antártica chilena,12,tierra del fuego,123,porvenir,12301,71,41,29,12,34,23,11,7,6,1
34957,magallanes y de la antártica chilena,12,tierra del fuego,123,porvenir,12301,72,24,14,10,20,10,10,4,4,0
34958,magallanes y de la antártica chilena,12,tierra del fuego,123,porvenir,12301,73,27,18,9,21,14,7,6,4,2
34959,magallanes y de la antártica chilena,12,tierra del fuego,123,porvenir,12301,74,33,19,14,27,13,14,6,6,0
34960,magallanes y de la antártica chilena,12,tierra del fuego,123,porvenir,12301,75,25,9,16,20,5,15,5,4,1
34961,magallanes y de la antártica chilena,12,tierra del fuego,123,porvenir,12301,76,30,18,12,25,13,12,5,5,0
34962,magallanes y de la antártica chilena,12,tierra del fuego,123,porvenir,12301,77,35,22,13,30,18,12,5,4,1
34963,magallanes y de la antártica chilena,12,tierra del fuego,123,porvenir,12301,78,18,8,10,15,6,9,3,2,1
34964,magallanes y de la antártica chilena,12,tierra del fuego,123,porvenir,12301,79,18,12,6,17,11,6,1,1,0
34965,magallanes y de la antártica chilena,12,tierra del fuego,123,porvenir,12301,80,13,6,7,13,6,7,0,0,0
34966,magallanes y de la antártica chilena,12,tierra del fuego,123,porvenir,12301,81,21,8,13,18,7,11,3,1,2
34967,magallanes y de la antártica chilena,12,tierra del fuego,123,porvenir,12301,82,15,7,8,15,7,8,0,0,0
34968,magallanes y de la antártica chilena,12,tierra del fuego,123,porvenir,12301,83,9,5,4,9,5,4,0,0,0
34969,magallanes y de la antártica chilena,12,tierra del fuego,123,porvenir,12301,84,15,12,3,15,12,3,0,0,0
34970,magallanes y de la antártica chilena,12,tierra del fuego,123,porvenir,12301,85,11,1,10,11,1,10,0,0,0
34971,magallanes y de la antártica chilena,12,tierra del fuego,123,porvenir,12301,86,5,2,3,5,2,3,0,0,0
34972,magallanes y de la antártica chilena,12,tierra del fuego,123,porvenir,12301,87,10,6,4,10,6,4,0,0,0
34973,magallanes y de la antártica chilena,12,tierra del fuego,123,porvenir,12301,88,4,1,3,3,0,3,1,1,0
34974,magallanes y de la antártica chilena,12,tierra del fuego,123,porvenir,12301,89,7,5,2,6,4,2,1,1,0
34975,magallanes y de la antártica chilena,12,tierra del fuego,123,porvenir,12301,90,2,1,1,2,1,1,0,0,0
34976,magallanes y de la antártica chilena,12,tierra del fuego,123,porvenir,12301,91,3,2,1,3,2,1,0,0,0
34977,magallanes y de la antártica chilena,12,tierra del fuego,123,porvenir,12301,92,5,0,5,5,0,5,0,0,0
34978,magallanes y de la antártica chilena,12,tierra del fuego,123,porvenir,12301,93,1,0,1,1,0,1,0,0,0
34979,magallanes y de la antártica chilena,12,tierra del fuego,123,porvenir,12301,94,2,0,2,2,0,2,0,0,0
34980,magallanes y de la antártica chilena,12,tierra del fuego,123,porvenir,12301,95,2,0,2,2,0,2,0,0,0
34981,magallanes y de la antártica chilena,12,tierra del fuego,123,porvenir,12301,96,0,0,0,0,0,0,0,0,0
34982,magallanes y de la antártica chilena,12,tierra del fuego,123,porvenir,12301,97,0,0,0,0,0,0,0,0,0
34983,magallanes y de la antártica chilena,12,tierra del fuego,123,porvenir,12301,98,0,0,0,0,0,0,0,0,0
34984,magallanes y de la antártica chilena,12,tierra del fuego,123,porvenir,12301,99,2,1,1,2,1,1,0,0,0
34985,magallanes y de la antártica chilena,12,tierra del fuego,123,porvenir,12301,100 o más,3,1,2,3,1,2,0,0,0
34986,magallanes y de la antártica chilena,12,tierra del fuego,123,primavera,12302,total comuna,1158,930,228,0,0,0,1158,930,228
34987,magallanes y de la antártica chilena,12,tierra del fuego,123,primavera,12302,0,5,4,1,0,0,0,5,4,1
34988,magallanes y de la antártica chilena,12,tierra del fuego,123,primavera,12302,1,6,3,3,0,0,0,6,3,3
34989,magallanes y de la antártica chilena,12,tierra del fuego,123,primavera,12302,2,7,5,2,0,0,0,7,5,2
34990,magallanes y de la antártica chilena,12,tierra del fuego,123,primavera,12302,3,7,5,2,0,0,0,7,5,2
34991,magallanes y de la antártica chilena,12,tierra del fuego,123,primavera,12302,4,5,1,4,0,0,0,5,1,4
34992,magallanes y de la antártica chilena,12,tierra del fuego,123,primavera,12302,5,9,3,6,0,0,0,9,3,6
34993,magallanes y de la antártica chilena,12,tierra del fuego,123,primavera,12302,6,6,3,3,0,0,0,6,3,3
34994,magallanes y de la antártica chilena,12,tierra del fuego,123,primavera,12302,7,10,5,5,0,0,0,10,5,5
34995,magallanes y de la antártica chilena,12,tierra del fuego,123,primavera,12302,8,2,1,1,0,0,0,2,1,1
34996,magallanes y de la antártica chilena,12,tierra del fuego,123,primavera,12302,9,5,2,3,0,0,0,5,2,3
34997,magallanes y de la antártica chilena,12,tierra del fuego,123,primavera,12302,10,6,3,3,0,0,0,6,3,3
34998,magallanes y de la antártica chilena,12,tierra del fuego,123,primavera,12302,11,11,6,5,0,0,0,11,6,5
34999,magallanes y de la antártica chilena,12,tierra del fuego,123,primavera,12302,12,2,1,1,0,0,0,2,1,1
35000,magallanes y de la antártica chilena,12,tierra del fuego,123,primavera,12302,13,7,3,4,0,0,0,7,3,4
35001,magallanes y de la antártica chilena,12,tierra del fuego,123,primavera,12302,14,5,3,2,0,0,0,5,3,2
35002,magallanes y de la antártica chilena,12,tierra del fuego,123,primavera,12302,15,1,1,0,0,0,0,1,1,0
35003,magallanes y de la antártica chilena,12,tierra del fuego,123,primavera,12302,16,1,1,0,0,0,0,1,1,0
35004,magallanes y de la antártica chilena,12,tierra del fuego,123,primavera,12302,17,0,0,0,0,0,0,0,0,0
35005,magallanes y de la antártica chilena,12,tierra del fuego,123,primavera,12302,18,1,1,0,0,0,0,1,1,0
35006,magallanes y de la antártica chilena,12,tierra del fuego,123,primavera,12302,19,5,2,3,0,0,0,5,2,3
35007,magallanes y de la antártica chilena,12,tierra del fuego,123,primavera,12302,20,9,7,2,0,0,0,9,7,2
35008,magallanes y de la antártica chilena,12,tierra del fuego,123,primavera,12302,21,7,7,0,0,0,0,7,7,0
35009,magallanes y de la antártica chilena,12,tierra del fuego,123,primavera,12302,22,10,6,4,0,0,0,10,6,4
35010,magallanes y de la antártica chilena,12,tierra del fuego,123,primavera,12302,23,10,7,3,0,0,0,10,7,3
35011,magallanes y de la antártica chilena,12,tierra del fuego,123,primavera,12302,24,14,12,2,0,0,0,14,12,2
35012,magallanes y de la antártica chilena,12,tierra del fuego,123,primavera,12302,25,20,15,5,0,0,0,20,15,5
35013,magallanes y de la antártica chilena,12,tierra del fuego,123,primavera,12302,26,21,16,5,0,0,0,21,16,5
35014,magallanes y de la antártica chilena,12,tierra del fuego,123,primavera,12302,27,29,22,7,0,0,0,29,22,7
35015,magallanes y de la antártica chilena,12,tierra del fuego,123,primavera,12302,28,36,33,3,0,0,0,36,33,3
35016,magallanes y de la antártica chilena,12,tierra del fuego,123,primavera,12302,29,30,26,4,0,0,0,30,26,4
35017,magallanes y de la antártica chilena,12,tierra del fuego,123,primavera,12302,30,27,22,5,0,0,0,27,22,5
35018,magallanes y de la antártica chilena,12,tierra del fuego,123,primavera,12302,31,23,18,5,0,0,0,23,18,5
35019,magallanes y de la antártica chilena,12,tierra del fuego,123,primavera,12302,32,30,24,6,0,0,0,30,24,6
35020,magallanes y de la antártica chilena,12,tierra del fuego,123,primavera,12302,33,38,26,12,0,0,0,38,26,12
35021,magallanes y de la antártica chilena,12,tierra del fuego,123,primavera,12302,34,29,23,6,0,0,0,29,23,6
35022,magallanes y de la antártica chilena,12,tierra del fuego,123,primavera,12302,35,34,28,6,0,0,0,34,28,6
35023,magallanes y de la antártica chilena,12,tierra del fuego,123,primavera,12302,36,23,23,0,0,0,0,23,23,0
35024,magallanes y de la antártica chilena,12,tierra del fuego,123,primavera,12302,37,27,23,4,0,0,0,27,23,4
35025,magallanes y de la antártica chilena,12,tierra del fuego,123,primavera,12302,38,21,17,4,0,0,0,21,17,4
35026,magallanes y de la antártica chilena,12,tierra del fuego,123,primavera,12302,39,25,20,5,0,0,0,25,20,5
35027,magallanes y de la antártica chilena,12,tierra del fuego,123,primavera,12302,40,14,10,4,0,0,0,14,10,4
35028,magallanes y de la antártica chilena,12,tierra del fuego,123,primavera,12302,41,22,21,1,0,0,0,22,21,1
35029,magallanes y de la antártica chilena,12,tierra del fuego,123,primavera,12302,42,14,13,1,0,0,0,14,13,1
35030,magallanes y de la antártica chilena,12,tierra del fuego,123,primavera,12302,43,19,17,2,0,0,0,19,17,2
35031,magallanes y de la antártica chilena,12,tierra del fuego,123,primavera,12302,44,28,25,3,0,0,0,28,25,3
35032,magallanes y de la antártica chilena,12,tierra del fuego,123,primavera,12302,45,20,16,4,0,0,0,20,16,4
35033,magallanes y de la antártica chilena,12,tierra del fuego,123,primavera,12302,46,19,15,4,0,0,0,19,15,4
35034,magallanes y de la antártica chilena,12,tierra del fuego,123,primavera,12302,47,24,18,6,0,0,0,24,18,6
35035,magallanes y de la antártica chilena,12,tierra del fuego,123,primavera,12302,48,24,22,2,0,0,0,24,22,2
35036,magallanes y de la antártica chilena,12,tierra del fuego,123,primavera,12302,49,24,20,4,0,0,0,24,20,4
35037,magallanes y de la antártica chilena,12,tierra del fuego,123,primavera,12302,50,29,24,5,0,0,0,29,24,5
35038,magallanes y de la antártica chilena,12,tierra del fuego,123,primavera,12302,51,21,17,4,0,0,0,21,17,4
35039,magallanes y de la antártica chilena,12,tierra del fuego,123,primavera,12302,52,27,21,6,0,0,0,27,21,6
35040,magallanes y de la antártica chilena,12,tierra del fuego,123,primavera,12302,53,30,25,5,0,0,0,30,25,5
35041,magallanes y de la antártica chilena,12,tierra del fuego,123,primavera,12302,54,18,14,4,0,0,0,18,14,4
35042,magallanes y de la antártica chilena,12,tierra del fuego,123,primavera,12302,55,29,27,2,0,0,0,29,27,2
35043,magallanes y de la antártica chilena,12,tierra del fuego,123,primavera,12302,56,18,15,3,0,0,0,18,15,3
35044,magallanes y de la antártica chilena,12,tierra del fuego,123,primavera,12302,57,18,16,2,0,0,0,18,16,2
35045,magallanes y de la antártica chilena,12,tierra del fuego,123,primavera,12302,58,25,22,3,0,0,0,25,22,3
35046,magallanes y de la antártica chilena,12,tierra del fuego,123,primavera,12302,59,20,16,4,0,0,0,20,16,4
35047,magallanes y de la antártica chilena,12,tierra del fuego,123,primavera,12302,60,26,24,2,0,0,0,26,24,2
35048,magallanes y de la antártica chilena,12,tierra del fuego,123,primavera,12302,61,24,22,2,0,0,0,24,22,2
35049,magallanes y de la antártica chilena,12,tierra del fuego,123,primavera,12302,62,19,17,2,0,0,0,19,17,2
35050,magallanes y de la antártica chilena,12,tierra del fuego,123,primavera,12302,63,17,15,2,0,0,0,17,15,2
35051,magallanes y de la antártica chilena,12,tierra del fuego,123,primavera,12302,64,13,13,0,0,0,0,13,13,0
35052,magallanes y de la antártica chilena,12,tierra del fuego,123,primavera,12302,65,11,9,2,0,0,0,11,9,2
35053,magallanes y de la antártica chilena,12,tierra del fuego,123,primavera,12302,66,5,3,2,0,0,0,5,3,2
35054,magallanes y de la antártica chilena,12,tierra del fuego,123,primavera,12302,67,3,3,0,0,0,0,3,3,0
35055,magallanes y de la antártica chilena,12,tierra del fuego,123,primavera,12302,68,7,5,2,0,0,0,7,5,2
35056,magallanes y de la antártica chilena,12,tierra del fuego,123,primavera,12302,69,4,3,1,0,0,0,4,3,1
35057,magallanes y de la antártica chilena,12,tierra del fuego,123,primavera,12302,70,7,5,2,0,0,0,7,5,2
35058,magallanes y de la antártica chilena,12,tierra del fuego,123,primavera,12302,71,1,1,0,0,0,0,1,1,0
35059,magallanes y de la antártica chilena,12,tierra del fuego,123,primavera,12302,72,1,1,0,0,0,0,1,1,0
35060,magallanes y de la antártica chilena,12,tierra del fuego,123,primavera,12302,73,4,1,3,0,0,0,4,1,3
35061,magallanes y de la antártica chilena,12,tierra del fuego,123,primavera,12302,74,3,2,1,0,0,0,3,2,1
35062,magallanes y de la antártica chilena,12,tierra del fuego,123,primavera,12302,75,1,1,0,0,0,0,1,1,0
35063,magallanes y de la antártica chilena,12,tierra del fuego,123,primavera,12302,76,1,0,1,0,0,0,1,0,1
35064,magallanes y de la antártica chilena,12,tierra del fuego,123,primavera,12302,77,1,1,0,0,0,0,1,1,0
35065,magallanes y de la antártica chilena,12,tierra del fuego,123,primavera,12302,78,1,1,0,0,0,0,1,1,0
35066,magallanes y de la antártica chilena,12,tierra del fuego,123,primavera,12302,79,1,0,1,0,0,0,1,0,1
35067,magallanes y de la antártica chilena,12,tierra del fuego,123,primavera,12302,80,0,0,0,0,0,0,0,0,0
35068,magallanes y de la antártica chilena,12,tierra del fuego,123,primavera,12302,81,0,0,0,0,0,0,0,0,0
35069,magallanes y de la antártica chilena,12,tierra del fuego,123,primavera,12302,82,0,0,0,0,0,0,0,0,0
35070,magallanes y de la antártica chilena,12,tierra del fuego,123,primavera,12302,83,0,0,0,0,0,0,0,0,0
35071,magallanes y de la antártica chilena,12,tierra del fuego,123,primavera,12302,84,1,1,0,0,0,0,1,1,0
35072,magallanes y de la antártica chilena,12,tierra del fuego,123,primavera,12302,85,0,0,0,0,0,0,0,0,0
35073,magallanes y de la antártica chilena,12,tierra del fuego,123,primavera,12302,86,0,0,0,0,0,0,0,0,0
35074,magallanes y de la antártica chilena,12,tierra del fuego,123,primavera,12302,87,0,0,0,0,0,0,0,0,0
35075,magallanes y de la antártica chilena,12,tierra del fuego,123,primavera,12302,88,0,0,0,0,0,0,0,0,0
35076,magallanes y de la antártica chilena,12,tierra del fuego,123,primavera,12302,89,0,0,0,0,0,0,0,0,0
35077,magallanes y de la antártica chilena,12,tierra del fuego,123,primavera,12302,90,0,0,0,0,0,0,0,0,0
35078,magallanes y de la antártica chilena,12,tierra del fuego,123,primavera,12302,91,0,0,0,0,0,0,0,0,0
35079,magallanes y de la antártica chilena,12,tierra del fuego,123,primavera,12302,92,0,0,0,0,0,0,0,0,0
35080,magallanes y de la antártica chilena,12,tierra del fuego,123,primavera,12302,93,0,0,0,0,0,0,0,0,0
35081,magallanes y de la antártica chilena,12,tierra del fuego,123,primavera,12302,94,0,0,0,0,0,0,0,0,0
35082,magallanes y de la antártica chilena,12,tierra del fuego,123,primavera,12302,95,0,0,0,0,0,0,0,0,0
35083,magallanes y de la antártica chilena,12,tierra del fuego,123,primavera,12302,96,0,0,0,0,0,0,0,0,0
35084,magallanes y de la antártica chilena,12,tierra del fuego,123,primavera,12302,97,0,0,0,0,0,0,0,0,0
35085,magallanes y de la antártica chilena,12,tierra del fuego,123,primavera,12302,98,0,0,0,0,0,0,0,0,0
35086,magallanes y de la antártica chilena,12,tierra del fuego,123,primavera,12302,99,0,0,0,0,0,0,0,0,0
35087,magallanes y de la antártica chilena,12,tierra del fuego,123,primavera,12302,100 o más,0,0,0,0,0,0,0,0,0
35088,magallanes y de la antártica chilena,12,tierra del fuego,123,timaukel,12303,total comuna,405,343,62,0,0,0,405,343,62
35089,magallanes y de la antártica chilena,12,tierra del fuego,123,timaukel,12303,0,0,0,0,0,0,0,0,0,0
35090,magallanes y de la antártica chilena,12,tierra del fuego,123,timaukel,12303,1,4,2,2,0,0,0,4,2,2
35091,magallanes y de la antártica chilena,12,tierra del fuego,123,timaukel,12303,2,4,4,0,0,0,0,4,4,0
35092,magallanes y de la antártica chilena,12,tierra del fuego,123,timaukel,12303,3,0,0,0,0,0,0,0,0,0
35093,magallanes y de la antártica chilena,12,tierra del fuego,123,timaukel,12303,4,1,1,0,0,0,0,1,1,0
35094,magallanes y de la antártica chilena,12,tierra del fuego,123,timaukel,12303,5,5,4,1,0,0,0,5,4,1
35095,magallanes y de la antártica chilena,12,tierra del fuego,123,timaukel,12303,6,2,1,1,0,0,0,2,1,1
35096,magallanes y de la antártica chilena,12,tierra del fuego,123,timaukel,12303,7,1,1,0,0,0,0,1,1,0
35097,magallanes y de la antártica chilena,12,tierra del fuego,123,timaukel,12303,8,5,2,3,0,0,0,5,2,3
35098,magallanes y de la antártica chilena,12,tierra del fuego,123,timaukel,12303,9,1,1,0,0,0,0,1,1,0
35099,magallanes y de la antártica chilena,12,tierra del fuego,123,timaukel,12303,10,2,0,2,0,0,0,2,0,2
35100,magallanes y de la antártica chilena,12,tierra del fuego,123,timaukel,12303,11,1,1,0,0,0,0,1,1,0
35101,magallanes y de la antártica chilena,12,tierra del fuego,123,timaukel,12303,12,2,1,1,0,0,0,2,1,1
35102,magallanes y de la antártica chilena,12,tierra del fuego,123,timaukel,12303,13,0,0,0,0,0,0,0,0,0
35103,magallanes y de la antártica chilena,12,tierra del fuego,123,timaukel,12303,14,0,0,0,0,0,0,0,0,0
35104,magallanes y de la antártica chilena,12,tierra del fuego,123,timaukel,12303,15,1,0,1,0,0,0,1,0,1
35105,magallanes y de la antártica chilena,12,tierra del fuego,123,timaukel,12303,16,0,0,0,0,0,0,0,0,0
35106,magallanes y de la antártica chilena,12,tierra del fuego,123,timaukel,12303,17,2,2,0,0,0,0,2,2,0
35107,magallanes y de la antártica chilena,12,tierra del fuego,123,timaukel,12303,18,2,2,0,0,0,0,2,2,0
35108,magallanes y de la antártica chilena,12,tierra del fuego,123,timaukel,12303,19,4,4,0,0,0,0,4,4,0
35109,magallanes y de la antártica chilena,12,tierra del fuego,123,timaukel,12303,20,3,2,1,0,0,0,3,2,1
35110,magallanes y de la antártica chilena,12,tierra del fuego,123,timaukel,12303,21,2,2,0,0,0,0,2,2,0
35111,magallanes y de la antártica chilena,12,tierra del fuego,123,timaukel,12303,22,2,1,1,0,0,0,2,1,1
35112,magallanes y de la antártica chilena,12,tierra del fuego,123,timaukel,12303,23,9,8,1,0,0,0,9,8,1
35113,magallanes y de la antártica chilena,12,tierra del fuego,123,timaukel,12303,24,15,14,1,0,0,0,15,14,1
35114,magallanes y de la antártica chilena,12,tierra del fuego,123,timaukel,12303,25,8,8,0,0,0,0,8,8,0
35115,magallanes y de la antártica chilena,12,tierra del fuego,123,timaukel,12303,26,12,9,3,0,0,0,12,9,3
35116,magallanes y de la antártica chilena,12,tierra del fuego,123,timaukel,12303,27,11,11,0,0,0,0,11,11,0
35117,magallanes y de la antártica chilena,12,tierra del fuego,123,timaukel,12303,28,6,1,5,0,0,0,6,1,5
35118,magallanes y de la antártica chilena,12,tierra del fuego,123,timaukel,12303,29,13,12,1,0,0,0,13,12,1
35119,magallanes y de la antártica chilena,12,tierra del fuego,123,timaukel,12303,30,13,12,1,0,0,0,13,12,1
35120,magallanes y de la antártica chilena,12,tierra del fuego,123,timaukel,12303,31,10,9,1,0,0,0,10,9,1
35121,magallanes y de la antártica chilena,12,tierra del fuego,123,timaukel,12303,32,8,5,3,0,0,0,8,5,3
35122,magallanes y de la antártica chilena,12,tierra del fuego,123,timaukel,12303,33,12,8,4,0,0,0,12,8,4
35123,magallanes y de la antártica chilena,12,tierra del fuego,123,timaukel,12303,34,7,6,1,0,0,0,7,6,1
35124,magallanes y de la antártica chilena,12,tierra del fuego,123,timaukel,12303,35,5,4,1,0,0,0,5,4,1
35125,magallanes y de la antártica chilena,12,tierra del fuego,123,timaukel,12303,36,4,4,0,0,0,0,4,4,0
35126,magallanes y de la antártica chilena,12,tierra del fuego,123,timaukel,12303,37,2,2,0,0,0,0,2,2,0
35127,magallanes y de la antártica chilena,12,tierra del fuego,123,timaukel,12303,38,9,9,0,0,0,0,9,9,0
35128,magallanes y de la antártica chilena,12,tierra del fuego,123,timaukel,12303,39,10,8,2,0,0,0,10,8,2
35129,magallanes y de la antártica chilena,12,tierra del fuego,123,timaukel,12303,40,7,5,2,0,0,0,7,5,2
35130,magallanes y de la antártica chilena,12,tierra del fuego,123,timaukel,12303,41,7,4,3,0,0,0,7,4,3
35131,magallanes y de la antártica chilena,12,tierra del fuego,123,timaukel,12303,42,3,3,0,0,0,0,3,3,0
35132,magallanes y de la antártica chilena,12,tierra del fuego,123,timaukel,12303,43,9,9,0,0,0,0,9,9,0
35133,magallanes y de la antártica chilena,12,tierra del fuego,123,timaukel,12303,44,11,8,3,0,0,0,11,8,3
35134,magallanes y de la antártica chilena,12,tierra del fuego,123,timaukel,12303,45,9,8,1,0,0,0,9,8,1
35135,magallanes y de la antártica chilena,12,tierra del fuego,123,timaukel,12303,46,8,7,1,0,0,0,8,7,1
35136,magallanes y de la antártica chilena,12,tierra del fuego,123,timaukel,12303,47,10,9,1,0,0,0,10,9,1
35137,magallanes y de la antártica chilena,12,tierra del fuego,123,timaukel,12303,48,12,12,0,0,0,0,12,12,0
35138,magallanes y de la antártica chilena,12,tierra del fuego,123,timaukel,12303,49,10,10,0,0,0,0,10,10,0
35139,magallanes y de la antártica chilena,12,tierra del fuego,123,timaukel,12303,50,6,5,1,0,0,0,6,5,1
35140,magallanes y de la antártica chilena,12,tierra del fuego,123,timaukel,12303,51,10,10,0,0,0,0,10,10,0
35141,magallanes y de la antártica chilena,12,tierra del fuego,123,timaukel,12303,52,3,3,0,0,0,0,3,3,0
35142,magallanes y de la antártica chilena,12,tierra del fuego,123,timaukel,12303,53,12,11,1,0,0,0,12,11,1
35143,magallanes y de la antártica chilena,12,tierra del fuego,123,timaukel,12303,54,7,7,0,0,0,0,7,7,0
35144,magallanes y de la antártica chilena,12,tierra del fuego,123,timaukel,12303,55,9,7,2,0,0,0,9,7,2
35145,magallanes y de la antártica chilena,12,tierra del fuego,123,timaukel,12303,56,11,8,3,0,0,0,11,8,3
35146,magallanes y de la antártica chilena,12,tierra del fuego,123,timaukel,12303,57,6,4,2,0,0,0,6,4,2
35147,magallanes y de la antártica chilena,12,tierra del fuego,123,timaukel,12303,58,10,9,1,0,0,0,10,9,1
35148,magallanes y de la antártica chilena,12,tierra del fuego,123,timaukel,12303,59,3,3,0,0,0,0,3,3,0
35149,magallanes y de la antártica chilena,12,tierra del fuego,123,timaukel,12303,60,5,5,0,0,0,0,5,5,0
35150,magallanes y de la antártica chilena,12,tierra del fuego,123,timaukel,12303,61,5,5,0,0,0,0,5,5,0
35151,magallanes y de la antártica chilena,12,tierra del fuego,123,timaukel,12303,62,1,1,0,0,0,0,1,1,0
35152,magallanes y de la antártica chilena,12,tierra del fuego,123,timaukel,12303,63,3,3,0,0,0,0,3,3,0
35153,magallanes y de la antártica chilena,12,tierra del fuego,123,timaukel,12303,64,5,5,0,0,0,0,5,5,0
35154,magallanes y de la antártica chilena,12,tierra del fuego,123,timaukel,12303,65,4,4,0,0,0,0,4,4,0
35155,magallanes y de la antártica chilena,12,tierra del fuego,123,timaukel,12303,66,2,1,1,0,0,0,2,1,1
35156,magallanes y de la antártica chilena,12,tierra del fuego,123,timaukel,12303,67,6,6,0,0,0,0,6,6,0
35157,magallanes y de la antártica chilena,12,tierra del fuego,123,timaukel,12303,68,1,1,0,0,0,0,1,1,0
35158,magallanes y de la antártica chilena,12,tierra del fuego,123,timaukel,12303,69,2,1,1,0,0,0,2,1,1
35159,magallanes y de la antártica chilena,12,tierra del fuego,123,timaukel,12303,70,2,1,1,0,0,0,2,1,1
35160,magallanes y de la antártica chilena,12,tierra del fuego,123,timaukel,12303,71,1,1,0,0,0,0,1,1,0
35161,magallanes y de la antártica chilena,12,tierra del fuego,123,timaukel,12303,72,0,0,0,0,0,0,0,0,0
35162,magallanes y de la antártica chilena,12,tierra del fuego,123,timaukel,12303,73,1,1,0,0,0,0,1,1,0
35163,magallanes y de la antártica chilena,12,tierra del fuego,123,timaukel,12303,74,1,1,0,0,0,0,1,1,0
35164,magallanes y de la antártica chilena,12,tierra del fuego,123,timaukel,12303,75,0,0,0,0,0,0,0,0,0
35165,magallanes y de la antártica chilena,12,tierra del fuego,123,timaukel,12303,76,2,2,0,0,0,0,2,2,0
35166,magallanes y de la antártica chilena,12,tierra del fuego,123,timaukel,12303,77,0,0,0,0,0,0,0,0,0
35167,magallanes y de la antártica chilena,12,tierra del fuego,123,timaukel,12303,78,1,1,0,0,0,0,1,1,0
35168,magallanes y de la antártica chilena,12,tierra del fuego,123,timaukel,12303,79,0,0,0,0,0,0,0,0,0
35169,magallanes y de la antártica chilena,12,tierra del fuego,123,timaukel,12303,80,0,0,0,0,0,0,0,0,0
35170,magallanes y de la antártica chilena,12,tierra del fuego,123,timaukel,12303,81,1,0,1,0,0,0,1,0,1
35171,magallanes y de la antártica chilena,12,tierra del fuego,123,timaukel,12303,82,0,0,0,0,0,0,0,0,0
35172,magallanes y de la antártica chilena,12,tierra del fuego,123,timaukel,12303,83,0,0,0,0,0,0,0,0,0
35173,magallanes y de la antártica chilena,12,tierra del fuego,123,timaukel,12303,84,0,0,0,0,0,0,0,0,0
35174,magallanes y de la antártica chilena,12,tierra del fuego,123,timaukel,12303,85,0,0,0,0,0,0,0,0,0
35175,magallanes y de la antártica chilena,12,tierra del fuego,123,timaukel,12303,86,0,0,0,0,0,0,0,0,0
35176,magallanes y de la antártica chilena,12,tierra del fuego,123,timaukel,12303,87,0,0,0,0,0,0,0,0,0
35177,magallanes y de la antártica chilena,12,tierra del fuego,123,timaukel,12303,88,0,0,0,0,0,0,0,0,0
35178,magallanes y de la antártica chilena,12,tierra del fuego,123,timaukel,12303,89,0,0,0,0,0,0,0,0,0
35179,magallanes y de la antártica chilena,12,tierra del fuego,123,timaukel,12303,90,0,0,0,0,0,0,0,0,0
35180,magallanes y de la antártica chilena,12,tierra del fuego,123,timaukel,12303,91,0,0,0,0,0,0,0,0,0
35181,magallanes y de la antártica chilena,12,tierra del fuego,123,timaukel,12303,92,0,0,0,0,0,0,0,0,0
35182,magallanes y de la antártica chilena,12,tierra del fuego,123,timaukel,12303,93,0,0,0,0,0,0,0,0,0
35183,magallanes y de la antártica chilena,12,tierra del fuego,123,timaukel,12303,94,0,0,0,0,0,0,0,0,0
35184,magallanes y de la antártica chilena,12,tierra del fuego,123,timaukel,12303,95,0,0,0,0,0,0,0,0,0
35185,magallanes y de la antártica chilena,12,tierra del fuego,123,timaukel,12303,96,0,0,0,0,0,0,0,0,0
35186,magallanes y de la antártica chilena,12,tierra del fuego,123,timaukel,12303,97,0,0,0,0,0,0,0,0,0
35187,magallanes y de la antártica chilena,12,tierra del fuego,123,timaukel,12303,98,0,0,0,0,0,0,0,0,0
35188,magallanes y de la antártica chilena,12,tierra del fuego,123,timaukel,12303,99,0,0,0,0,0,0,0,0,0
35189,magallanes y de la antártica chilena,12,tierra del fuego,123,timaukel,12303,100 o más,1,1,0,0,0,0,1,1,0
35190,magallanes y de la antártica chilena,12,última esperanza,124,natales,12401,total comuna,21477,10992,10485,19180,9515,9665,2297,1477,820
35191,magallanes y de la antártica chilena,12,última esperanza,124,natales,12401,0,229,108,121,205,98,107,24,10,14
35192,magallanes y de la antártica chilena,12,última esperanza,124,natales,12401,1,278,143,135,256,133,123,22,10,12
35193,magallanes y de la antártica chilena,12,última esperanza,124,natales,12401,2,265,125,140,241,112,129,24,13,11
35194,magallanes y de la antártica chilena,12,última esperanza,124,natales,12401,3,264,124,140,238,111,127,26,13,13
35195,magallanes y de la antártica chilena,12,última esperanza,124,natales,12401,4,267,142,125,238,122,116,29,20,9
35196,magallanes y de la antártica chilena,12,última esperanza,124,natales,12401,5,279,138,141,262,126,136,17,12,5
35197,magallanes y de la antártica chilena,12,última esperanza,124,natales,12401,6,295,160,135,268,147,121,27,13,14
35198,magallanes y de la antártica chilena,12,última esperanza,124,natales,12401,7,270,150,120,249,137,112,21,13,8
35199,magallanes y de la antártica chilena,12,última esperanza,124,natales,12401,8,281,128,153,259,115,144,22,13,9
35200,magallanes y de la antártica chilena,12,última esperanza,124,natales,12401,9,286,151,135,270,145,125,16,6,10
35201,magallanes y de la antártica chilena,12,última esperanza,124,natales,12401,10,291,160,131,270,148,122,21,12,9
35202,magallanes y de la antártica chilena,12,última esperanza,124,natales,12401,11,280,161,119,262,151,111,18,10,8
35203,magallanes y de la antártica chilena,12,última esperanza,124,natales,12401,12,253,115,138,233,107,126,20,8,12
35204,magallanes y de la antártica chilena,12,última esperanza,124,natales,12401,13,270,138,132,247,127,120,23,11,12
35205,magallanes y de la antártica chilena,12,última esperanza,124,natales,12401,14,269,144,125,255,137,118,14,7,7
35206,magallanes y de la antártica chilena,12,última esperanza,124,natales,12401,15,296,139,157,279,131,148,17,8,9
35207,magallanes y de la antártica chilena,12,última esperanza,124,natales,12401,16,281,137,144,260,126,134,21,11,10
35208,magallanes y de la antártica chilena,12,última esperanza,124,natales,12401,17,323,184,139,273,142,131,50,42,8
35209,magallanes y de la antártica chilena,12,última esperanza,124,natales,12401,18,300,216,84,164,83,81,136,133,3
35210,magallanes y de la antártica chilena,12,última esperanza,124,natales,12401,19,213,137,76,137,69,68,76,68,8
35211,magallanes y de la antártica chilena,12,última esperanza,124,natales,12401,20,231,110,121,199,89,110,32,21,11
35212,magallanes y de la antártica chilena,12,última esperanza,124,natales,12401,21,226,121,105,212,110,102,14,11,3
35213,magallanes y de la antártica chilena,12,última esperanza,124,natales,12401,22,258,134,124,233,120,113,25,14,11
35214,magallanes y de la antártica chilena,12,última esperanza,124,natales,12401,23,268,135,133,244,121,123,24,14,10
35215,magallanes y de la antártica chilena,12,última esperanza,124,natales,12401,24,309,161,148,277,141,136,32,20,12
35216,magallanes y de la antártica chilena,12,última esperanza,124,natales,12401,25,354,209,145,327,192,135,27,17,10
35217,magallanes y de la antártica chilena,12,última esperanza,124,natales,12401,26,359,157,202,311,131,180,48,26,22
35218,magallanes y de la antártica chilena,12,última esperanza,124,natales,12401,27,374,173,201,351,162,189,23,11,12
35219,magallanes y de la antártica chilena,12,última esperanza,124,natales,12401,28,388,196,192,352,177,175,36,19,17
35220,magallanes y de la antártica chilena,12,última esperanza,124,natales,12401,29,404,195,209,367,175,192,37,20,17
35221,magallanes y de la antártica chilena,12,última esperanza,124,natales,12401,30,351,176,175,316,155,161,35,21,14
35222,magallanes y de la antártica chilena,12,última esperanza,124,natales,12401,31,365,196,169,334,178,156,31,18,13
35223,magallanes y de la antártica chilena,12,última esperanza,124,natales,12401,32,366,191,175,315,159,156,51,32,19
35224,magallanes y de la antártica chilena,12,última esperanza,124,natales,12401,33,329,177,152,296,160,136,33,17,16
35225,magallanes y de la antártica chilena,12,última esperanza,124,natales,12401,34,305,158,147,274,143,131,31,15,16
35226,magallanes y de la antártica chilena,12,última esperanza,124,natales,12401,35,387,206,181,332,165,167,55,41,14
35227,magallanes y de la antártica chilena,12,última esperanza,124,natales,12401,36,286,160,126,255,145,110,31,15,16
35228,magallanes y de la antártica chilena,12,última esperanza,124,natales,12401,37,327,168,159,296,145,151,31,23,8
35229,magallanes y de la antártica chilena,12,última esperanza,124,natales,12401,38,339,150,189,305,128,177,34,22,12
35230,magallanes y de la antártica chilena,12,última esperanza,124,natales,12401,39,334,180,154,281,145,136,53,35,18
35231,magallanes y de la antártica chilena,12,última esperanza,124,natales,12401,40,318,173,145,283,149,134,35,24,11
35232,magallanes y de la antártica chilena,12,última esperanza,124,natales,12401,41,327,171,156,294,148,146,33,23,10
35233,magallanes y de la antártica chilena,12,última esperanza,124,natales,12401,42,310,172,138,284,154,130,26,18,8
35234,magallanes y de la antártica chilena,12,última esperanza,124,natales,12401,43,326,167,159,285,145,140,41,22,19
35235,magallanes y de la antártica chilena,12,última esperanza,124,natales,12401,44,314,160,154,281,142,139,33,18,15
35236,magallanes y de la antártica chilena,12,última esperanza,124,natales,12401,45,289,146,143,244,114,130,45,32,13
35237,magallanes y de la antártica chilena,12,última esperanza,124,natales,12401,46,294,160,134,262,133,129,32,27,5
35238,magallanes y de la antártica chilena,12,última esperanza,124,natales,12401,47,246,136,110,215,120,95,31,16,15
35239,magallanes y de la antártica chilena,12,última esperanza,124,natales,12401,48,269,122,147,239,104,135,30,18,12
35240,magallanes y de la antártica chilena,12,última esperanza,124,natales,12401,49,274,142,132,247,122,125,27,20,7
35241,magallanes y de la antártica chilena,12,última esperanza,124,natales,12401,50,279,151,128,247,130,117,32,21,11
35242,magallanes y de la antártica chilena,12,última esperanza,124,natales,12401,51,270,131,139,238,108,130,32,23,9
35243,magallanes y de la antártica chilena,12,última esperanza,124,natales,12401,52,258,122,136,232,109,123,26,13,13
35244,magallanes y de la antártica chilena,12,última esperanza,124,natales,12401,53,269,141,128,231,114,117,38,27,11
35245,magallanes y de la antártica chilena,12,última esperanza,124,natales,12401,54,257,113,144,234,95,139,23,18,5
35246,magallanes y de la antártica chilena,12,última esperanza,124,natales,12401,55,247,116,131,220,98,122,27,18,9
35247,magallanes y de la antártica chilena,12,última esperanza,124,natales,12401,56,240,125,115,211,111,100,29,14,15
35248,magallanes y de la antártica chilena,12,última esperanza,124,natales,12401,57,251,131,120,222,113,109,29,18,11
35249,magallanes y de la antártica chilena,12,última esperanza,124,natales,12401,58,228,119,109,203,106,97,25,13,12
35250,magallanes y de la antártica chilena,12,última esperanza,124,natales,12401,59,252,136,116,223,116,107,29,20,9
35251,magallanes y de la antártica chilena,12,última esperanza,124,natales,12401,60,212,100,112,188,85,103,24,15,9
35252,magallanes y de la antártica chilena,12,última esperanza,124,natales,12401,61,257,130,127,227,110,117,30,20,10
35253,magallanes y de la antártica chilena,12,última esperanza,124,natales,12401,62,247,125,122,218,106,112,29,19,10
35254,magallanes y de la antártica chilena,12,última esperanza,124,natales,12401,63,214,109,105,194,92,102,20,17,3
35255,magallanes y de la antártica chilena,12,última esperanza,124,natales,12401,64,221,111,110,201,101,100,20,10,10
35256,magallanes y de la antártica chilena,12,última esperanza,124,natales,12401,65,207,106,101,183,87,96,24,19,5
35257,magallanes y de la antártica chilena,12,última esperanza,124,natales,12401,66,207,114,93,187,97,90,20,17,3
35258,magallanes y de la antártica chilena,12,última esperanza,124,natales,12401,67,186,104,82,172,96,76,14,8,6
35259,magallanes y de la antártica chilena,12,última esperanza,124,natales,12401,68,163,82,81,146,69,77,17,13,4
35260,magallanes y de la antártica chilena,12,última esperanza,124,natales,12401,69,152,77,75,141,70,71,11,7,4
35261,magallanes y de la antártica chilena,12,última esperanza,124,natales,12401,70,173,88,85,153,79,74,20,9,11
35262,magallanes y de la antártica chilena,12,última esperanza,124,natales,12401,71,147,75,72,126,61,65,21,14,7
35263,magallanes y de la antártica chilena,12,última esperanza,124,natales,12401,72,152,67,85,135,59,76,17,8,9
35264,magallanes y de la antártica chilena,12,última esperanza,124,natales,12401,73,123,57,66,112,50,62,11,7,4
35265,magallanes y de la antártica chilena,12,última esperanza,124,natales,12401,74,111,56,55,101,48,53,10,8,2
35266,magallanes y de la antártica chilena,12,última esperanza,124,natales,12401,75,114,59,55,101,53,48,13,6,7
35267,magallanes y de la antártica chilena,12,última esperanza,124,natales,12401,76,101,52,49,95,49,46,6,3,3
35268,magallanes y de la antártica chilena,12,última esperanza,124,natales,12401,77,114,43,71,106,41,65,8,2,6
35269,magallanes y de la antártica chilena,12,última esperanza,124,natales,12401,78,92,48,44,89,45,44,3,3,0
35270,magallanes y de la antártica chilena,12,última esperanza,124,natales,12401,79,97,46,51,91,43,48,6,3,3
35271,magallanes y de la antártica chilena,12,última esperanza,124,natales,12401,80,89,43,46,84,41,43,5,2,3
35272,magallanes y de la antártica chilena,12,última esperanza,124,natales,12401,81,50,22,28,48,20,28,2,2,0
35273,magallanes y de la antártica chilena,12,última esperanza,124,natales,12401,82,70,34,36,60,30,30,10,4,6
35274,magallanes y de la antártica chilena,12,última esperanza,124,natales,12401,83,70,31,39,67,30,37,3,1,2
35275,magallanes y de la antártica chilena,12,última esperanza,124,natales,12401,84,54,16,38,49,15,34,5,1,4
35276,magallanes y de la antártica chilena,12,última esperanza,124,natales,12401,85,55,28,27,50,24,26,5,4,1
35277,magallanes y de la antártica chilena,12,última esperanza,124,natales,12401,86,34,13,21,32,12,20,2,1,1
35278,magallanes y de la antártica chilena,12,última esperanza,124,natales,12401,87,40,13,27,37,10,27,3,3,0
35279,magallanes y de la antártica chilena,12,última esperanza,124,natales,12401,88,30,10,20,29,9,20,1,1,0
35280,magallanes y de la antártica chilena,12,última esperanza,124,natales,12401,89,23,8,15,22,8,14,1,0,1
35281,magallanes y de la antártica chilena,12,última esperanza,124,natales,12401,90,26,9,17,26,9,17,0,0,0
35282,magallanes y de la antártica chilena,12,última esperanza,124,natales,12401,91,11,2,9,10,1,9,1,1,0
35283,magallanes y de la antártica chilena,12,última esperanza,124,natales,12401,92,14,5,9,13,5,8,1,0,1
35284,magallanes y de la antártica chilena,12,última esperanza,124,natales,12401,93,12,3,9,11,2,9,1,1,0
35285,magallanes y de la antártica chilena,12,última esperanza,124,natales,12401,94,15,10,5,14,10,4,1,0,1
35286,magallanes y de la antártica chilena,12,última esperanza,124,natales,12401,95,5,2,3,5,2,3,0,0,0
35287,magallanes y de la antártica chilena,12,última esperanza,124,natales,12401,96,9,4,5,9,4,5,0,0,0
35288,magallanes y de la antártica chilena,12,última esperanza,124,natales,12401,97,6,2,4,6,2,4,0,0,0
35289,magallanes y de la antártica chilena,12,última esperanza,124,natales,12401,98,2,0,2,1,0,1,1,0,1
35290,magallanes y de la antártica chilena,12,última esperanza,124,natales,12401,99,1,0,1,1,0,1,0,0,0
35291,magallanes y de la antártica chilena,12,última esperanza,124,natales,12401,100 o más,3,1,2,2,1,1,1,0,1
35292,magallanes y de la antártica chilena,12,última esperanza,124,torres del paine,12402,total comuna,1209,800,409,0,0,0,1209,800,409
35293,magallanes y de la antártica chilena,12,última esperanza,124,torres del paine,12402,0,1,0,1,0,0,0,1,0,1
35294,magallanes y de la antártica chilena,12,última esperanza,124,torres del paine,12402,1,4,1,3,0,0,0,4,1,3
35295,magallanes y de la antártica chilena,12,última esperanza,124,torres del paine,12402,2,5,2,3,0,0,0,5,2,3
35296,magallanes y de la antártica chilena,12,última esperanza,124,torres del paine,12402,3,0,0,0,0,0,0,0,0,0
35297,magallanes y de la antártica chilena,12,última esperanza,124,torres del paine,12402,4,5,3,2,0,0,0,5,3,2
35298,magallanes y de la antártica chilena,12,última esperanza,124,torres del paine,12402,5,5,2,3,0,0,0,5,2,3
35299,magallanes y de la antártica chilena,12,última esperanza,124,torres del paine,12402,6,1,1,0,0,0,0,1,1,0
35300,magallanes y de la antártica chilena,12,última esperanza,124,torres del paine,12402,7,2,1,1,0,0,0,2,1,1
35301,magallanes y de la antártica chilena,12,última esperanza,124,torres del paine,12402,8,4,1,3,0,0,0,4,1,3
35302,magallanes y de la antártica chilena,12,última esperanza,124,torres del paine,12402,9,3,2,1,0,0,0,3,2,1
35303,magallanes y de la antártica chilena,12,última esperanza,124,torres del paine,12402,10,5,2,3,0,0,0,5,2,3
35304,magallanes y de la antártica chilena,12,última esperanza,124,torres del paine,12402,11,2,1,1,0,0,0,2,1,1
35305,magallanes y de la antártica chilena,12,última esperanza,124,torres del paine,12402,12,4,2,2,0,0,0,4,2,2
35306,magallanes y de la antártica chilena,12,última esperanza,124,torres del paine,12402,13,5,2,3,0,0,0,5,2,3
35307,magallanes y de la antártica chilena,12,última esperanza,124,torres del paine,12402,14,2,1,1,0,0,0,2,1,1
35308,magallanes y de la antártica chilena,12,última esperanza,124,torres del paine,12402,15,3,3,0,0,0,0,3,3,0
35309,magallanes y de la antártica chilena,12,última esperanza,124,torres del paine,12402,16,4,4,0,0,0,0,4,4,0
35310,magallanes y de la antártica chilena,12,última esperanza,124,torres del paine,12402,17,2,1,1,0,0,0,2,1,1
35311,magallanes y de la antártica chilena,12,última esperanza,124,torres del paine,12402,18,2,2,0,0,0,0,2,2,0
35312,magallanes y de la antártica chilena,12,última esperanza,124,torres del paine,12402,19,12,9,3,0,0,0,12,9,3
35313,magallanes y de la antártica chilena,12,última esperanza,124,torres del paine,12402,20,23,14,9,0,0,0,23,14,9
35314,magallanes y de la antártica chilena,12,última esperanza,124,torres del paine,12402,21,15,10,5,0,0,0,15,10,5
35315,magallanes y de la antártica chilena,12,última esperanza,124,torres del paine,12402,22,26,13,13,0,0,0,26,13,13
35316,magallanes y de la antártica chilena,12,última esperanza,124,torres del paine,12402,23,47,32,15,0,0,0,47,32,15
35317,magallanes y de la antártica chilena,12,última esperanza,124,torres del paine,12402,24,54,20,34,0,0,0,54,20,34
35318,magallanes y de la antártica chilena,12,última esperanza,124,torres del paine,12402,25,48,25,23,0,0,0,48,25,23
35319,magallanes y de la antártica chilena,12,última esperanza,124,torres del paine,12402,26,60,38,22,0,0,0,60,38,22
35320,magallanes y de la antártica chilena,12,última esperanza,124,torres del paine,12402,27,62,38,24,0,0,0,62,38,24
35321,magallanes y de la antártica chilena,12,última esperanza,124,torres del paine,12402,28,51,35,16,0,0,0,51,35,16
35322,magallanes y de la antártica chilena,12,última esperanza,124,torres del paine,12402,29,44,25,19,0,0,0,44,25,19
35323,magallanes y de la antártica chilena,12,última esperanza,124,torres del paine,12402,30,43,28,15,0,0,0,43,28,15
35324,magallanes y de la antártica chilena,12,última esperanza,124,torres del paine,12402,31,41,30,11,0,0,0,41,30,11
35325,magallanes y de la antártica chilena,12,última esperanza,124,torres del paine,12402,32,40,27,13,0,0,0,40,27,13
35326,magallanes y de la antártica chilena,12,última esperanza,124,torres del paine,12402,33,32,20,12,0,0,0,32,20,12
35327,magallanes y de la antártica chilena,12,última esperanza,124,torres del paine,12402,34,32,15,17,0,0,0,32,15,17
35328,magallanes y de la antártica chilena,12,última esperanza,124,torres del paine,12402,35,32,23,9,0,0,0,32,23,9
35329,magallanes y de la antártica chilena,12,última esperanza,124,torres del paine,12402,36,25,16,9,0,0,0,25,16,9
35330,magallanes y de la antártica chilena,12,última esperanza,124,torres del paine,12402,37,15,12,3,0,0,0,15,12,3
35331,magallanes y de la antártica chilena,12,última esperanza,124,torres del paine,12402,38,20,13,7,0,0,0,20,13,7
35332,magallanes y de la antártica chilena,12,última esperanza,124,torres del paine,12402,39,17,16,1,0,0,0,17,16,1
35333,magallanes y de la antártica chilena,12,última esperanza,124,torres del paine,12402,40,18,11,7,0,0,0,18,11,7
35334,magallanes y de la antártica chilena,12,última esperanza,124,torres del paine,12402,41,17,9,8,0,0,0,17,9,8
35335,magallanes y de la antártica chilena,12,última esperanza,124,torres del paine,12402,42,15,10,5,0,0,0,15,10,5
35336,magallanes y de la antártica chilena,12,última esperanza,124,torres del paine,12402,43,18,16,2,0,0,0,18,16,2
35337,magallanes y de la antártica chilena,12,última esperanza,124,torres del paine,12402,44,8,7,1,0,0,0,8,7,1
35338,magallanes y de la antártica chilena,12,última esperanza,124,torres del paine,12402,45,13,8,5,0,0,0,13,8,5
35339,magallanes y de la antártica chilena,12,última esperanza,124,torres del paine,12402,46,14,13,1,0,0,0,14,13,1
35340,magallanes y de la antártica chilena,12,última esperanza,124,torres del paine,12402,47,19,18,1,0,0,0,19,18,1
35341,magallanes y de la antártica chilena,12,última esperanza,124,torres del paine,12402,48,13,7,6,0,0,0,13,7,6
35342,magallanes y de la antártica chilena,12,última esperanza,124,torres del paine,12402,49,17,13,4,0,0,0,17,13,4
35343,magallanes y de la antártica chilena,12,última esperanza,124,torres del paine,12402,50,12,10,2,0,0,0,12,10,2
35344,magallanes y de la antártica chilena,12,última esperanza,124,torres del paine,12402,51,15,13,2,0,0,0,15,13,2
35345,magallanes y de la antártica chilena,12,última esperanza,124,torres del paine,12402,52,13,9,4,0,0,0,13,9,4
35346,magallanes y de la antártica chilena,12,última esperanza,124,torres del paine,12402,53,13,10,3,0,0,0,13,10,3
35347,magallanes y de la antártica chilena,12,última esperanza,124,torres del paine,12402,54,17,11,6,0,0,0,17,11,6
35348,magallanes y de la antártica chilena,12,última esperanza,124,torres del paine,12402,55,15,12,3,0,0,0,15,12,3
35349,magallanes y de la antártica chilena,12,última esperanza,124,torres del paine,12402,56,12,10,2,0,0,0,12,10,2
35350,magallanes y de la antártica chilena,12,última esperanza,124,torres del paine,12402,57,15,10,5,0,0,0,15,10,5
35351,magallanes y de la antártica chilena,12,última esperanza,124,torres del paine,12402,58,13,13,0,0,0,0,13,13,0
35352,magallanes y de la antártica chilena,12,última esperanza,124,torres del paine,12402,59,8,2,6,0,0,0,8,2,6
35353,magallanes y de la antártica chilena,12,última esperanza,124,torres del paine,12402,60,11,9,2,0,0,0,11,9,2
35354,magallanes y de la antártica chilena,12,última esperanza,124,torres del paine,12402,61,11,10,1,0,0,0,11,10,1
35355,magallanes y de la antártica chilena,12,última esperanza,124,torres del paine,12402,62,8,7,1,0,0,0,8,7,1
35356,magallanes y de la antártica chilena,12,última esperanza,124,torres del paine,12402,63,11,8,3,0,0,0,11,8,3
35357,magallanes y de la antártica chilena,12,última esperanza,124,torres del paine,12402,64,5,5,0,0,0,0,5,5,0
35358,magallanes y de la antártica chilena,12,última esperanza,124,torres del paine,12402,65,4,4,0,0,0,0,4,4,0
35359,magallanes y de la antártica chilena,12,última esperanza,124,torres del paine,12402,66,7,6,1,0,0,0,7,6,1
35360,magallanes y de la antártica chilena,12,última esperanza,124,torres del paine,12402,67,9,6,3,0,0,0,9,6,3
35361,magallanes y de la antártica chilena,12,última esperanza,124,torres del paine,12402,68,6,2,4,0,0,0,6,2,4
35362,magallanes y de la antártica chilena,12,última esperanza,124,torres del paine,12402,69,9,9,0,0,0,0,9,9,0
35363,magallanes y de la antártica chilena,12,última esperanza,124,torres del paine,12402,70,11,7,4,0,0,0,11,7,4
35364,magallanes y de la antártica chilena,12,última esperanza,124,torres del paine,12402,71,5,3,2,0,0,0,5,3,2
35365,magallanes y de la antártica chilena,12,última esperanza,124,torres del paine,12402,72,4,3,1,0,0,0,4,3,1
35366,magallanes y de la antártica chilena,12,última esperanza,124,torres del paine,12402,73,5,4,1,0,0,0,5,4,1
35367,magallanes y de la antártica chilena,12,última esperanza,124,torres del paine,12402,74,1,1,0,0,0,0,1,1,0
35368,magallanes y de la antártica chilena,12,última esperanza,124,torres del paine,12402,75,5,4,1,0,0,0,5,4,1
35369,magallanes y de la antártica chilena,12,última esperanza,124,torres del paine,12402,76,2,2,0,0,0,0,2,2,0
35370,magallanes y de la antártica chilena,12,última esperanza,124,torres del paine,12402,77,2,2,0,0,0,0,2,2,0
35371,magallanes y de la antártica chilena,12,última esperanza,124,torres del paine,12402,78,2,2,0,0,0,0,2,2,0
35372,magallanes y de la antártica chilena,12,última esperanza,124,torres del paine,12402,79,3,2,1,0,0,0,3,2,1
35373,magallanes y de la antártica chilena,12,última esperanza,124,torres del paine,12402,80,1,0,1,0,0,0,1,0,1
35374,magallanes y de la antártica chilena,12,última esperanza,124,torres del paine,12402,81,2,1,1,0,0,0,2,1,1
35375,magallanes y de la antártica chilena,12,última esperanza,124,torres del paine,12402,82,0,0,0,0,0,0,0,0,0
35376,magallanes y de la antártica chilena,12,última esperanza,124,torres del paine,12402,83,1,1,0,0,0,0,1,1,0
35377,magallanes y de la antártica chilena,12,última esperanza,124,torres del paine,12402,84,0,0,0,0,0,0,0,0,0
35378,magallanes y de la antártica chilena,12,última esperanza,124,torres del paine,12402,85,0,0,0,0,0,0,0,0,0
35379,magallanes y de la antártica chilena,12,última esperanza,124,torres del paine,12402,86,1,0,1,0,0,0,1,0,1
35380,magallanes y de la antártica chilena,12,última esperanza,124,torres del paine,12402,87,0,0,0,0,0,0,0,0,0
35381,magallanes y de la antártica chilena,12,última esperanza,124,torres del paine,12402,88,0,0,0,0,0,0,0,0,0
35382,magallanes y de la antártica chilena,12,última esperanza,124,torres del paine,12402,89,0,0,0,0,0,0,0,0,0
35383,magallanes y de la antártica chilena,12,última esperanza,124,torres del paine,12402,90,0,0,0,0,0,0,0,0,0
35384,magallanes y de la antártica chilena,12,última esperanza,124,torres del paine,12402,91,0,0,0,0,0,0,0,0,0
35385,magallanes y de la antártica chilena,12,última esperanza,124,torres del paine,12402,92,0,0,0,0,0,0,0,0,0
35386,magallanes y de la antártica chilena,12,última esperanza,124,torres del paine,12402,93,0,0,0,0,0,0,0,0,0
35387,magallanes y de la antártica chilena,12,última esperanza,124,torres del paine,12402,94,0,0,0,0,0,0,0,0,0
35388,magallanes y de la antártica chilena,12,última esperanza,124,torres del paine,12402,95,0,0,0,0,0,0,0,0,0
35389,magallanes y de la antártica chilena,12,última esperanza,124,torres del paine,12402,96,0,0,0,0,0,0,0,0,0
35390,magallanes y de la antártica chilena,12,última esperanza,124,torres del paine,12402,97,0,0,0,0,0,0,0,0,0
35391,magallanes y de la antártica chilena,12,última esperanza,124,torres del paine,12402,98,0,0,0,0,0,0,0,0,0
35392,magallanes y de la antártica chilena,12,última esperanza,124,torres del paine,12402,99,0,0,0,0,0,0,0,0,0
35393,magallanes y de la antártica chilena,12,última esperanza,124,torres del paine,12402,100 o más,0,0,0,0,0,0,0,0,0